NODE	9	10	11	12	13	14	15	16	17	18	19	20	21	22	23	24	25	26	27	28	29	30	31	32	33	34	35	36	37	38	39	40	41	42	
N1	0.10362	0.100945	0.0960785	0.0896353	0.0821799	0.0741936	0.0660632	0.0580845	0.0504745	0.043388	0.0369336	0.0311914	0.0262317	0.0220917	0.0186324	0.0157389	0.0133156	0.0112831	0.00957536	0.00813773	0.00692481	0.0058991	0.00502968	0.00429114	0.0036626	0.00312695	0.00267011	0.00228048	0.00194854	0.00166649	0.00142835	0.00123059	0.00107444	0.000972728	
N2	0.362676	0.153442	0.0811249	0.0564069	0.0474465	0.0433565	0.0406857	0.038463	0.0364228	0.0344138	0.0229979	0.0185969	0.0133643	0.010963	0.00833247	0.00679367	0.00516179	0.00409621	0.00305864	0.00238418	0.00178134	0.00140822	0.0010925	0.00091044	0.000755892	0.000672552	0.000590594	0.000541493	0.000477858	0.000427359	0.000365373	0.000310043	0.000255186	0.00022357	
N3	0.376052	0.158129	0.0821239	0.0556206	0.0456636	0.0410827	0.038413	0.0367188	0.0357264	0.0351045	0.0226663	0.0183008	0.0124523	0.00998499	0.0071259	0.00564079	0.00403829	0.00314182	0.0022497	0.0017648	0.00130519	0.00107746	0.000856847	0.000765368	0.000656951	0.000618167	0.000542726	0.000502464	0.000420575	0.000362444	0.000290228	0.000238634	0.000191726	0.000171649	
N4	0.387962	0.160189	0.0798117	0.0516648	0.0416736	0.0383073	0.037758	0.0385142	0.0395233	0.0397647	0.0240594	0.018219	0.0109647	0.00807918	0.00515255	0.0038722	0.00260175	0.00204072	0.00146662	0.00124991	0.000994724	0.000944516	0.000823403	0.000826453	0.00072322	0.000695324	0.000557635	0.000480861	0.000340813	0.000263049	0.000182287	0.000132899	9.04272e-005	7.00168e-005	
N5	0.378864	0.154351	0.0764279	0.051109	0.0446173	0.0449694	0.0470416	0.0478389	0.0458028	0.0409104	0.0209713	0.0133691	0.00668011	0.00438031	0.00263955	0.00219519	0.00181228	0.00197192	0.00195987	0.00226346	0.00215174	0.00220631	0.00176182	0.00148207	0.000946166	0.000639866	0.000325973	0.000179626	7.51517e-005	3.44524e-005	1.32843e-005	5.16948e-006	1.76128e-006	7.03246e-007	
N6	0.371947	0.151945	0.07651	0.0529151	0.0478763	0.0489248	0.0501625	0.0487329	0.0442731	0.0378918	0.0173278	0.0107393	0.00514944	0.00381232	0.0026119	0.00277846	0.0026236	0.0033137	0.00327374	0.00389782	0.00333709	0.00336842	0.00230639	0.00193445	0.00103538	0.000735022	0.00030251	0.000181274	5.08155e-005	2.49994e-005	8.19934e-006	4.67841e-006	2.14978e-006	1.38013e-006	
N7	0.325594	0.143975	0.0824729	0.0617056	0.0531748	0.0452039	0.0352705	0.0256739	0.0189213	0.0161411	0.0104357	0.0122346	0.0129006	0.0187022	0.0206883	0.0262783	0.0242371	0.0239572	0.0169157	0.0126212	0.00667386	0.00377924	0.00150274	0.000654941	0.000197536	6.7342e-005	1.56291e-005	4.28788e-006	7.93899e-007	1.82898e-007	3.42107e-008	6.96126e-009	1.19845e-009	2.51157e-010	
N8	0.222333	0.104823	0.0524267	0.0253034	0.0117916	0.00551097	0.00330608	0.00413513	0.0110071	0.0367352	0.0628571	0.108093	0.109786	0.10703	0.0677591	0.0408195	0.0168277	0.00680054	0.00193225	0.000571284	0.000119226	2.73413e-005	4.35694e-006	7.86039e-007	9.67778e-008	1.37657e-008	1.3288e-009	1.51972e-010	1.18971e-011	1.12488e-012	8.55402e-014	6.90228e-015	4.64743e-016	3.66257e-017	
Acanthoxyla_geisovii	0	0	0	0	0	0	0	0	0	0	1	0	0	0	0	0	0	0	0	0	0	0	0	0	0	0	0	0	0	0	0	0	0	0	
N9	0.0332908	0.00424218	0.000236237	1.02119e-005	4.83577e-007	4.7763e-007	3.30135e-005	0.00196283	0.0545612	0.475553	0.332288	0.0877919	0.00937129	0.000633983	2.43296e-005	7.11149e-007	1.35621e-008	2.34037e-010	2.83504e-012	3.84967e-014	3.63335e-016	4.31018e-018	3.26175e-020	3.07487e-022	1.78132e-024	1.26661e-026	5.59592e-029	3.06516e-031	1.08367e-033	4.82113e-036	1.62374e-038	6.01337e-041	1.75505e-043	5.39387e-046	
Acanthoxyla_inermis	0	0	0	0	0	0	0	0	0	1	0	0	0	0	0	0	0	0	0	0	0	0	0	0	0	0	0	0	0	0	0	0	0	0	
Clitarchus_hookeri	0	0	0	0	0	0	0	0	0	1	0	0	0	0	0	0	0	0	0	0	0	0	0	0	0	0	0	0	0	0	0	0	0	0	
N10	0.33419	0.146345	0.0752791	0.0442655	0.0277602	0.0183336	0.0139674	0.0137158	0.0179087	0.0291294	0.0309961	0.0432207	0.0444906	0.0493181	0.0407334	0.0325182	0.0194566	0.0109685	0.00465424	0.00191172	0.000588729	0.000188392	4.43894e-005	1.21424e-005	2.33694e-006	5.83594e-007	9.4836e-008	2.18042e-008	3.14098e-009	6.90506e-010	1.21721e-010	2.43294e-011	3.93671e-012	7.53227e-013	
Ctenomorpha_sp	0	0	0	0	0	0	0	1	0	0	0	0	0	0	0	0	0	0	0	0	0	0	0	0	0	0	0	0	0	0	0	0	0	0	
Extatosoma_tiaratum	0	0	0	0	0	0	0	0	0	1	0	0	0	0	0	0	0	0	0	0	0	0	0	0	0	0	0	0	0	0	0	0	0	0	
N11	0.368053	0.152048	0.0777595	0.0544694	0.0489581	0.0486286	0.0481313	0.0455205	0.0412113	0.0368748	0.0173081	0.0117706	0.00574105	0.00483855	0.00332963	0.00378238	0.0034467	0.00427575	0.00401489	0.0045709	0.00375774	0.00370384	0.00248822	0.00216692	0.0011613	0.000960334	0.000404286	0.00034572	9.34456e-005	7.36102e-005	2.34361e-005	2.72945e-005	2.3376e-005	3.75329e-005	
Acrophylla_titan	0	0	0	0	0	0	0	0	0	1	0	0	0	0	0	0	0	0	0	0	0	0	0	0	0	0	0	0	0	0	0	0	0	0	
N12	0.0158636	0.0230801	0.0378591	0.0514663	0.0499197	0.0351724	0.0782657	0.1551	0.187803	0.125657	0.0256957	0.00586231	0.00792884	0.022984	0.0412544	0.0583529	0.0467422	0.0244737	0.00559497	0.000843124	7.52919e-005	5.41821e-006	2.64122e-007	1.13485e-008	3.54112e-010	1.02142e-011	2.23782e-013	4.65667e-015	7.61091e-017	1.19989e-018	1.59451e-020	1.99441e-022	2.15423e-024	2.34419e-026	
Phobaeticus_sp	0	0	0	0	0	0	0	0	0	0	0	0	0	0	0	0	0	1	0	0	0	0	0	0	0	0	0	0	0	0	0	0	0	0	
Podacanthus_wilkinsoni	0	0	0	0	0	0	0	0	0	1	0	0	0	0	0	0	0	0	0	0	0	0	0	0	0	0	0	0	0	0	0	0	0	0	
N13	0.330846	0.141908	0.0772592	0.056344	0.0505586	0.0486711	0.0462949	0.0426991	0.0389478	0.0364407	0.0214864	0.0185129	0.0136959	0.0141348	0.0122665	0.0127089	0.0104408	0.00940544	0.00658186	0.00492486	0.00281453	0.00170845	0.000773051	0.000373924	0.000132018	5.09518e-005	1.42144e-005	4.47076e-006	1.02071e-006	2.67514e-007	5.81074e-008	1.30085e-008	2.50797e-009	5.67718e-010	
N14	0.315424	0.141635	0.0781042	0.0549319	0.0466636	0.0423131	0.0384739	0.0369073	0.0401101	0.048411	0.0348233	0.0328607	0.0234171	0.0203524	0.0143708	0.0114202	0.00772635	0.00559937	0.00328135	0.0018889	0.000810385	0.000336671	9.99238e-005	3.05227e-005	6.39994e-006	1.5424e-006	2.36202e-007	4.76364e-008	5.35761e-009	1.00403e-009	1.5276e-010	3.10862e-011	5.00177e-012	9.15888e-013	
N15	0.181002	0.0753587	0.0403871	0.0319196	0.0311501	0.0295175	0.0288208	0.0396848	0.0736449	0.131277	0.0946799	0.083671	0.0424799	0.0303501	0.0174921	0.0182081	0.0142049	0.0148798	0.00883917	0.00697007	0.00289753	0.00172756	0.000521658	0.000238925	5.39647e-005	1.90276e-005	3.10968e-006	8.15768e-007	7.84408e-008	1.50492e-008	1.71547e-009	3.37119e-010	4.62669e-011	9.28188e-012	
N16	0.0706589	0.0291747	0.0098333	0.0028003	0.000807201	0.000624772	0.00282191	0.019015	0.0858185	0.222924	0.239715	0.188062	0.0825554	0.0337895	0.00888876	0.0021377	0.000325233	4.30503e-005	3.71319e-006	2.82216e-007	1.449e-008	6.76841e-010	2.18034e-011	6.65138e-013	1.40321e-014	2.96738e-016	4.31708e-018	7.02599e-020	8.29076e-022	1.30925e-023	1.85137e-025	2.9194e-027	3.85598e-029	5.08006e-031	
Bacillus_atticus	0	0	0	0	0	0	0	0	1	0	0	0	0	0	0	0	0	0	0	0	0	0	0	0	0	0	0	0	0	0	0	0	0	0	
N17	0.0632239	0.0235582	0.00710495	0.00178597	0.000528749	0.000558651	0.00296051	0.0211319	0.0969405	0.238245	0.254715	0.181915	0.0747879	0.0255974	0.00570593	0.00109425	0.000131361	1.42819e-005	9.05633e-007	8.00191e-008	2.86727e-009	6.19033e-010	1.57927e-011	5.7208e-012	1.02648e-013	3.03042e-014	3.75583e-016	8.42731e-017	6.19724e-019	1.00725e-019	6.19436e-022	8.51534e-023	8.30564e-025	1.3904e-025	
Bacillus_grandii_benazzii	0	0	0	0	0	0	0	0	1	0	0	0	0	0	0	0	0	0	0	0	0	0	0	0	0	0	0	0	0	0	0	0	0	0	
Bacillus_grandii_grandii	0	0	0	0	0	0	0	0	1	0	0	0	0	0	0	0	0	0	0	0	0	0	0	0	0	0	0	0	0	0	0	0	0	0	
Bacillus_lynceorum	0	0	0	0	0	0	0	0	0	0	0	0	0	0	0	0	0	1	0	0	0	0	0	0	0	0	0	0	0	0	0	0	0	0	
N18	0.371093	0.195434	0.116239	0.0653678	0.0322564	0.0190208	0.0260822	0.0449847	0.0567007	0.0470246	0.0185905	0.00583538	0.0011543	0.000191847	2.24652e-005	2.30111e-006	1.74432e-007	1.22166e-008	6.49002e-010	3.42035e-011	1.3799e-012	5.88731e-014	1.91509e-015	6.8205e-017	1.85392e-018	5.57101e-020	1.30216e-021	3.31733e-023	6.72967e-025	1.43557e-026	2.58453e-028	4.5919e-030	7.05036e-032	1.14692e-033	
N19	0.000949217	8.30764e-006	1.248e-006	1.45991e-007	1.59408e-008	5.67468e-007	6.61662e-005	0.00366276	0.0979477	0.889135	0.00819274	3.64233e-005	6.95518e-008	6.16835e-009	5.8667e-010	1.35373e-010	7.45432e-011	5.57026e-011	1.15042e-011	1.01874e-013	2.50962e-016	9.78231e-019	2.10079e-020	1.1358e-021	2.33865e-023	5.3555e-025	3.77387e-027	2.32715e-029	9.27555e-033	4.82231e-036	1.15202e-039	3.79032e-043	7.09119e-047	1.27893e-050	
Clonopsis_felicitatis	0	0	0	0	0	0	0	0	0	1	0	0	0	0	0	0	0	0	0	0	0	0	0	0	0	0	0	0	0	0	0	0	0	0	
N20	2.07165e-005	7.64543e-006	1.65849e-006	2.02569e-007	1.9119e-008	1.98156e-006	0.000186648	0.00799623	0.150538	0.840554	0.000577784	2.71059e-007	3.07938e-008	7.84692e-009	8.69051e-010	2.4376e-010	1.15006e-010	2.65985e-009	3.748e-009	3.40431e-008	2.18327e-009	1.46456e-008	1.50126e-008	1.51427e-006	1.01827e-006	4.14098e-005	6.69226e-006	6.40474e-005	5.1621e-009	1.23779e-010	2.62425e-015	2.45296e-017	2.68988e-022	1.97145e-024	
Clonopsis_gallica	0	0	0	0	0	0	0	0	0	0	0	0	0	0	0	0	0	0	1	0	0	0	0	0	0	0	0	0	0	0	0	0	0	0	
Clonopsis_soumiae	0	0	0	0	0	0	0	0	0	0	0	0	0	0	0	0	0	0	0	0	0	0	0	0	0	0	0	1	0	0	0	0	0	0	
Clonopsis_maroccana	0	0	1	0	0	0	0	0	0	0	0	0	0	0	0	0	0	0	0	0	0	0	0	0	0	0	0	0	0	0	0	0	0	0	
N21	0.00383357	0.00489523	0.000473491	2.08896e-005	7.0153e-007	6.09758e-008	3.1209e-007	1.45061e-005	0.00126662	0.050432	0.316695	0.474663	0.1292	0.0174192	0.00103838	4.54061e-005	1.14685e-006	2.41919e-008	3.2865e-010	3.98172e-012	3.29325e-014	2.54165e-016	1.39207e-018	7.37087e-021	2.85347e-023	1.09816e-025	3.16943e-028	9.27211e-031	2.082e-033	4.78414e-036	9.21453e-039	1.72475e-041	2.76383e-044	4.35119e-047	
N22	0.00137162	0.000955332	6.36966e-005	1.47505e-006	2.13327e-008	1.59851e-009	3.64698e-008	1.03458e-005	0.001731	0.0841876	0.482048	0.370841	0.0554094	0.00329648	8.22211e-005	1.23712e-006	1.03469e-008	6.45111e-011	2.3698e-013	9.84575e-016	1.78366e-018	2.30507e-020	8.79747e-023	5.03568e-024	2.17843e-026	9.16807e-028	2.58813e-030	7.52763e-032	1.09485e-034	2.30732e-036	2.23213e-039	3.50976e-041	2.51825e-044	3.38893e-046	
Leptynia_attenuata	0	0	0	0	0	0	0	0	0	1	0	0	0	0	0	0	0	0	0	0	0	0	0	0	0	0	0	0	0	0	0	0	0	0	
Leptynia_montana	0	0	0	0	0	0	0	0	0	0	1	0	0	0	0	0	0	0	0	0	0	0	0	0	0	0	0	0	0	0	0	0	0	0	
Leptynia_caprai	0	0	0	0	0	0	0	0	0	0	0	1	0	0	0	0	0	0	0	0	0	0	0	0	0	0	0	0	0	0	0	0	0	0	
N23	0.380139	0.156578	0.0773238	0.0496551	0.0402507	0.0376099	0.0377491	0.0391686	0.0414064	0.0444706	0.0250488	0.0196597	0.0109046	0.00855876	0.00510214	0.00432656	0.00274851	0.00262376	0.00176293	0.00194593	0.00137749	0.00171278	0.00123679	0.00160847	0.00111249	0.00142928	0.000888614	0.00110682	0.000514312	0.000542728	0.000279296	0.000341138	0.000291556	0.000525791	
N24	0.227268	0.097834	0.0526928	0.0382049	0.0354305	0.0368943	0.0394107	0.0419696	0.0449347	0.0493617	0.0335397	0.0311891	0.0231145	0.0227918	0.0190137	0.020269	0.0183738	0.0201804	0.018447	0.0197294	0.0172317	0.0173959	0.0141883	0.0134374	0.0102346	0.00919691	0.00663963	0.00576197	0.00401878	0.00339849	0.00258374	0.00216091	0.00166325	0.00143838	
Carausius_morosus	0	0	0	0	0	0	0	0	0	0	0	0	0	0	0	0	0	0	0	0	0	0	0	0	1	0	0	0	0	0	0	0	0	0	
N25	0.0944178	0.052568	0.043444	0.0456944	0.0525674	0.0587751	0.0613651	0.0611502	0.0617452	0.0678462	0.0586	0.0683215	0.0670695	0.0659256	0.0511623	0.0383871	0.0235997	0.0140756	0.00712448	0.00355371	0.0015431	0.000665972	0.000253835	9.62026e-005	3.25079e-005	1.09165e-005	3.30925e-006	1.00543e-006	2.83273e-007	8.2177e-008	2.32376e-008	6.70911e-009	1.83993e-009	5.10316e-010	
N26	0.0588636	0.0848206	0.127502	0.125085	0.0722932	0.0299251	0.0253939	0.058824	0.114814	0.145602	0.10094	0.0427779	0.0109437	0.00194556	0.000243818	2.35133e-005	1.7491e-006	1.06863e-007	5.3195e-009	2.26734e-010	8.1581e-012	2.58702e-013	7.11838e-015	1.76869e-016	3.90721e-018	7.93028e-020	1.44804e-021	2.4223e-023	3.61095e-025	4.84575e-027	5.73709e-029	6.1027e-031	5.83341e-033	5.57408e-035	
Orxines_sp	0	0	0	0	0	0	0	0	0	0	1	0	0	0	0	0	0	0	0	0	0	0	0	0	0	0	0	0	0	0	0	0	0	0	
Pseudophasma_sp	0	0	0	1	0	0	0	0	0	0	0	0	0	0	0	0	0	0	0	0	0	0	0	0	0	0	0	0	0	0	0	0	0	0	
Sipyloidea_sipylus	0	0	0	0	0	0	0	0	0	0	0	0	0	0	0	0	0	0	0	0	0	0	0	0	0	0	0	0	0	0	0	1	0	0	
Phalces_sp	0	0	0	0	0	0	0	0	0	1	0	0	0	0	0	0	0	0	0	0	0	0	0	0	0	0	0	0	0	0	0	0	0	0	
N27	4.58544e-005	1.13422e-008	1.69665e-012	1.9683e-016	2.14684e-020	1.38802e-017	6.37977e-013	1.7067e-008	0.000226704	0.998447	0.00127989	6.70038e-007	1.53153e-010	2.41395e-014	2.20704e-018	2.87001e-022	1.00958e-024	6.09382e-027	2.72975e-029	9.84385e-032	2.3449e-034	2.10043e-036	1.76246e-024	4.60343e-022	8.8628e-020	1.33262e-017	1.27621e-015	6.42957e-014	3.99475e-015	1.29997e-016	2.762e-018	4.46729e-020	5.49413e-022	5.49645e-024	
Bacillus_rossius	0	0	0	0	0	0	0	0	0	1	0	0	0	0	0	0	0	0	0	0	0	0	0	0	0	0	0	0	0	0	0	0	0	0	
Baculum_sp	0	0	0	0	0	0	0	0	0	0	0	0	0	0	0	0	0	0	0	0	0	0	0	0	0	0	0	1	0	0	0	0	0	0	
Phyllium_bioculatum	0	0	0	0	0	0	0	0	1	0	0	0	0	0	0	0	0	0	0	0	0	0	0	0	0	0	0	0	0	0	0	0	0	0	
N28	0.0957901	0.0410505	0.0269475	0.0306635	0.0484615	0.0802866	0.118896	0.147812	0.151566	0.128224	0.0688072	0.0367095	0.0155088	0.00627393	0.0021132	0.00066106	0.000175559	4.29938e-005	9.07045e-006	1.7708e-006	3.01685e-007	4.78548e-008	6.70019e-009	8.78735e-010	1.02748e-010	1.13128e-011	1.12036e-012	1.04936e-013	8.91053e-015	7.18262e-016	5.321e-017	3.74297e-018	2.45776e-019	1.80284e-020	
Timema_poppensis	0	0	0	1	0	0	0	0	0	0	0	0	0	0	0	0	0	0	0	0	0	0	0	0	0	0	0	0	0	0	0	0	0	0	
Timema_shepardi	0	0	0	1	0	0	0	0	0	0	0	0	0	0	0	0	0	0	0	0	0	0	0	0	0	0	0	0	0	0	0	0	0	0	
