NODE	13	14	15	16	17	18	19	20	21	22	23	24	25	26	27	28	29	30	31	32	33	34	35	36	37	38	39	40	41	42	43	44	45	46	47	48	49	50	51	
N1	2.30869e-013	3.35563e-012	2.08902e-009	9.32282e-007	0.000162691	0.00918606	0.13837	0.460266	0.321473	0.0644916	0.00582347	0.000223321	2.72985e-006	1.14456e-008	2.01691e-011	2.75879e-017	6.12923e-019	1.06635e-020	1.49737e-022	1.73414e-024	1.68325e-026	1.38682e-028	9.80074e-031	5.99558e-033	3.20091e-035	1.50239e-037	6.24126e-040	2.30888e-042	7.64885e-045	2.28075e-047	6.15003e-050	1.5061e-052	3.36294e-055	6.87161e-058	1.28935e-060	2.22905e-063	3.56334e-066	5.2908e-069	7.77333e-072	
N2	1.32562e-010	2.39603e-009	2.72397e-007	2.32478e-005	0.00105954	0.0223052	0.180837	0.444438	0.282782	0.060925	0.00721455	0.000407378	7.86612e-006	6.05991e-008	2.77397e-010	9.69959e-013	8.90603e-015	6.54694e-015	2.93404e-016	1.71831e-016	5.69295e-018	2.15448e-018	4.91408e-020	1.25161e-020	1.65808e-022	2.99069e-023	1.8743e-025	2.40955e-026	6.95733e-029	5.70705e-030	9.8673e-033	5.09679e-034	8.24848e-037	4.41065e-038	8.70689e-041	3.1443e-042	3.73433e-045	1.26032e-046	9.57413e-048	
N3	1.90232e-009	4.7772e-009	5.90521e-007	4.90401e-005	0.00193501	0.0334633	0.223981	0.474591	0.242434	0.0215557	0.00187945	0.000108995	2.12849e-006	1.49631e-008	4.55133e-011	7.16093e-014	1.33727e-016	4.32414e-018	8.92459e-020	2.68898e-021	3.15704e-023	5.38857e-025	3.5152e-027	3.59784e-029	1.19407e-031	7.65894e-034	1.12461e-036	4.58628e-039	2.92574e-042	7.01214e-045	2.50913e-048	3.63645e-051	1.08399e-054	1.48892e-057	3.98316e-061	4.08243e-064	9.10338e-068	1.47517e-070	2.80065e-073	
N4	1.34131e-015	4.47782e-015	5.60675e-012	7.16956e-009	3.85713e-006	0.00073395	0.0393422	0.436391	0.508131	0.0152489	0.000147956	7.43249e-007	1.56529e-009	2.0763e-012	2.40727e-015	3.29072e-017	4.33098e-020	3.98648e-022	2.6e-025	1.36734e-027	4.52831e-031	1.45165e-033	2.52242e-037	5.05398e-040	4.81999e-044	5.95805e-047	3.33006e-051	2.44847e-054	8.83432e-059	3.94903e-062	1.0437e-066	3.54086e-070	8.39058e-075	2.9769e-078	6.47822e-083	2.03959e-086	6.4129e-091	4.91726e-094	4.25538e-097	
N5	4.72253e-020	1.95341e-020	6.82695e-017	5.82918e-013	2.38818e-009	3.86145e-006	0.00180808	0.145292	0.837917	0.0149372	4.16229e-005	3.5945e-008	1.31611e-011	2.46459e-015	3.06128e-019	1.18123e-021	1.37347e-024	1.60787e-026	1.14736e-029	7.1539e-032	3.18178e-035	1.11935e-037	2.89099e-041	6.07109e-044	7.69353e-048	1.00988e-050	5.28017e-055	4.12361e-058	8.90066e-063	3.04153e-066	3.8502e-071	5.90603e-075	4.85763e-080	4.86858e-084	2.7279e-089	2.08661e-093	6.28133e-098	4.52153e-101	2.61713e-104	
N6	5.02125e-023	4.82607e-024	1.80136e-020	4.8625e-016	6.86869e-012	4.2878e-008	9.02304e-005	0.0379643	0.947532	0.0143875	2.58065e-005	1.25356e-008	2.3813e-012	2.17678e-016	1.09562e-020	1.59182e-024	1.4552e-027	3.88237e-029	2.73965e-032	3.94458e-034	1.82841e-037	1.48004e-039	4.44739e-043	2.09808e-045	3.48621e-049	1.01236e-051	6.27504e-056	1.18112e-058	2.01419e-063	2.30894e-065	1.7025e-068	7.47404e-070	2.65637e-072	2.64797e-073	1.34315e-076	1.55002e-078	2.02345e-081	4.12156e-082	7.93295e-083	
N7	6.5382e-030	3.3657e-032	8.94454e-028	3.73511e-022	8.08427e-017	7.82936e-012	2.65473e-007	0.00197413	0.99434	0.00368486	9.53702e-007	5.37653e-011	1.04935e-015	9.08527e-021	4.056e-026	1.15674e-031	1.15886e-036	1.73292e-039	7.38821e-044	2.01863e-045	1.58192e-045	5.35165e-045	3.30596e-047	2.89155e-048	1.2673e-050	2.84874e-051	1.6987e-051	2.47391e-050	6.0544e-048	9.26527e-044	7.78709e-042	8.275e-039	1.12091e-037	6.20062e-036	2.91381e-037	2.86522e-037	3.26197e-038	4.81679e-037	7.54428e-036	
N8	5.65283e-030	8.00138e-031	1.88327e-026	3.77392e-021	4.08789e-016	2.09139e-011	4.07158e-007	0.00202431	0.993072	0.00490159	2.13683e-006	2.25172e-010	8.73063e-015	1.56448e-019	1.49051e-024	8.34993e-030	6.3121e-035	1.30157e-036	3.8508e-040	1.22238e-041	1.00685e-041	3.8054e-040	1.15965e-041	1.67468e-041	3.91767e-043	3.87615e-043	7.50036e-045	4.97003e-045	5.05998e-047	2.41629e-047	9.79623e-051	3.19026e-052	9.57731e-056	1.53252e-057	3.20539e-061	4.25995e-063	3.7247e-066	2.1804e-066	1.12146e-066	
N9	5.99661e-027	1.3634e-028	2.12192e-024	1.53478e-019	6.3433e-015	1.32752e-010	1.16204e-006	0.00300277	0.991517	0.00547511	3.79136e-006	7.64142e-010	6.37282e-014	2.66901e-018	6.34165e-023	9.72919e-028	2.32381e-032	7.52105e-035	1.49248e-038	4.32657e-041	5.62423e-045	9.31881e-048	8.27273e-052	7.8645e-055	4.88248e-059	2.60906e-062	1.87412e-066	1.20186e-067	1.3028e-066	8.58997e-065	8.33151e-065	3.49101e-064	5.04558e-065	1.90947e-065	6.44415e-069	2.94139e-071	3.51002e-074	1.48525e-075	5.54778e-077	
N10	8.33803e-030	5.45536e-031	2.6053e-026	3.92085e-021	3.38591e-016	1.48457e-011	2.72434e-007	0.00147125	0.995962	0.0025658	8.12342e-007	7.46627e-011	2.84407e-015	5.46033e-020	5.97815e-025	4.1222e-030	3.74839e-035	2.28213e-037	4.62515e-041	3.12824e-043	4.31942e-047	1.73572e-049	1.71478e-053	4.14394e-056	3.01685e-060	4.33525e-063	2.28858e-067	1.89852e-070	5.74455e-075	2.71751e-078	4.58908e-084	2.05191e-088	2.06239e-094	4.84242e-099	2.90044e-105	4.96592e-110	8.49008e-116	2.53979e-119	6.41714e-123	
Amitermes_darwini	0	0	0	0	0	0	0	0	1	0	0	0	0	0	0	0	0	0	0	0	0	0	0	0	0	0	0	0	0	0	0	0	0	0	0	0	0	0	0	
Amitermes_germanus	0	0	0	0	0	0	0	0	1	0	0	0	0	0	0	0	0	0	0	0	0	0	0	0	0	0	0	0	0	0	0	0	0	0	0	0	0	0	0	
N11	2.19691e-029	3.05109e-030	1.15991e-025	1.39061e-020	9.49336e-016	3.26504e-011	4.65995e-007	0.00193618	0.994551	0.00351072	1.48171e-006	1.78412e-010	8.79812e-015	2.16625e-019	3.01532e-024	2.60698e-029	2.74713e-034	3.27185e-036	1.0671e-039	1.51515e-041	3.36595e-045	2.81459e-047	4.46865e-051	2.23054e-053	2.5908e-057	7.66119e-060	6.22881e-064	1.07625e-066	4.46364e-071	4.62847e-074	9.32156e-080	8.36026e-084	1.0492e-089	4.32708e-094	3.30647e-100	9.38293e-105	1.74325e-110	1.07901e-113	5.90803e-117	
Amitermes_parvus	0	0	0	0	0	0	0	0	1	0	0	0	0	0	0	0	0	0	0	0	0	0	0	0	0	0	0	0	0	0	0	0	0	0	0	0	0	0	0	
Drepanotermes_septentrionalis	0	0	0	0	0	0	0	0	1	0	0	0	0	0	0	0	0	0	0	0	0	0	0	0	0	0	0	0	0	0	0	0	0	0	0	0	0	0	0	
N12	4.76612e-028	6.84916e-028	1.13503e-023	6.45827e-019	2.05997e-014	3.26682e-010	2.13629e-006	0.00406907	0.987941	0.00798053	7.73058e-006	2.11235e-009	2.33834e-013	1.27501e-017	3.85887e-022	7.03852e-027	1.37486e-031	1.56193e-032	2.39193e-035	3.64013e-036	3.86747e-039	3.43495e-040	2.67168e-043	1.42461e-044	8.32145e-048	2.69006e-049	1.11134e-052	2.20957e-054	4.37814e-058	5.75993e-060	3.02738e-065	2.12255e-068	8.79946e-074	4.83692e-076	7.64637e-080	8.78443e-082	3.85917e-085	2.4139e-085	1.36083e-085	
N13	7.03166e-032	6.59562e-032	2.72833e-029	1.14309e-023	9.30529e-018	1.60964e-012	6.10604e-008	0.00069142	0.997919	0.00138937	2.34463e-007	1.13767e-011	1.65134e-016	5.93532e-022	7.1187e-028	4.26745e-032	9.52441e-035	4.88346e-035	1.5612e-036	9.98691e-037	2.66686e-038	1.23175e-038	2.82436e-040	9.37584e-041	1.88199e-042	4.39091e-043	7.68658e-045	1.20232e-045	1.58961e-047	1.52936e-048	2.20441e-051	3.51246e-053	3.23579e-056	3.7867e-058	2.39173e-061	2.54079e-063	5.36171e-066	6.48563e-067	7.27333e-068	
N14	1.30884e-037	1.26066e-039	1.01946e-033	4.51717e-027	9.01048e-021	7.61849e-015	2.31005e-009	0.000166373	0.9993	0.000533332	2.02756e-008	1.6697e-013	4.67892e-019	5.55668e-025	3.09458e-031	8.75691e-038	1.72125e-043	4.26496e-047	1.39097e-051	2.34431e-052	2.05455e-051	7.91636e-049	3.98265e-051	4.36509e-051	1.35157e-053	1.25743e-053	9.76243e-055	3.40199e-052	4.85656e-050	8.79444e-045	4.12895e-044	2.66828e-040	2.88156e-040	6.86833e-038	3.16855e-040	7.0755e-040	2.74899e-042	1.29972e-040	2.53065e-038	
N15	3.41331e-037	3.19365e-038	3.17795e-033	1.23029e-026	2.19417e-020	1.57782e-014	3.86055e-009	0.000219414	0.999181	0.000599874	2.6111e-008	2.48875e-013	7.97877e-019	1.05392e-024	6.43823e-031	2.20671e-037	4.41939e-042	1.16507e-041	2.99766e-043	1.22055e-042	2.61478e-044	7.29083e-044	1.33684e-045	2.57721e-045	4.12417e-047	5.43943e-047	7.60472e-049	6.64498e-049	6.68411e-051	3.83454e-051	5.98946e-055	1.0781e-056	1.21181e-060	1.25839e-062	9.69718e-067	8.8168e-069	6.84149e-072	5.31325e-072	3.18627e-072	
N16	8.47256e-032	3.61506e-034	1.98367e-031	2.1121e-025	2.68311e-019	1.13962e-013	1.29094e-008	0.000343604	0.998873	0.000783771	5.93533e-008	1.09349e-012	6.09534e-018	1.20513e-023	3.54795e-029	3.28076e-032	3.21951e-035	2.4949e-038	1.5644e-041	8.32803e-045	3.60647e-048	8.50946e-050	2.35421e-053	9.62352e-054	1.82977e-057	3.30713e-058	3.89049e-062	2.98769e-063	1.32872e-067	5.83929e-069	1.47103e-075	9.02027e-079	1.52649e-085	2.99821e-089	2.7099e-096	3.16809e-100	1.51692e-107	1.28776e-111	3.0278e-109	
Ephelotermes_melachoma	0	0	0	0	0	0	0	0	1	0	0	0	0	0	0	0	0	0	0	0	0	0	0	0	0	0	0	0	0	0	0	0	0	0	0	0	0	0	0	
Ephelotermes_taylori	0	0	0	0	0	0	0	0	1	0	0	0	0	0	0	0	0	0	0	0	0	0	0	0	0	0	0	0	0	0	0	0	0	0	0	0	0	0	0	
Macrognathotermes_sunteri	0	0	0	0	0	0	0	0	1	0	0	0	0	0	0	0	0	0	0	0	0	0	0	0	0	0	0	0	0	0	0	0	0	0	0	0	0	0	0	
N17	3.28354e-030	8.97291e-031	3.89941e-026	5.41037e-021	4.31086e-016	1.75097e-011	3.00049e-007	0.00153114	0.995977	0.00249095	7.91738e-007	7.47359e-011	2.96992e-015	6.007e-020	6.96106e-025	5.05601e-030	5.65704e-035	1.62405e-036	6.90271e-040	1.9327e-041	5.59354e-045	9.27404e-047	1.92003e-050	1.91475e-052	2.93371e-056	1.74297e-058	2.02252e-062	8.13138e-065	1.21073e-067	2.37274e-068	5.72624e-072	5.13639e-074	7.66452e-078	5.30084e-080	5.2274e-084	3.19747e-086	3.34943e-089	8.14681e-090	1.50734e-090	
N18	5.59814e-042	2.05699e-040	6.75086e-039	1.8948e-037	4.42444e-036	1.54963e-018	5.88356e-012	6.83175e-006	0.999982	1.09726e-005	1.5144e-011	6.37986e-018	8.61365e-037	2.43997e-038	5.74293e-040	1.18579e-041	5.17688e-043	1.17274e-041	1.19197e-041	3.86356e-040	3.93703e-040	1.09032e-038	1.11438e-038	2.56534e-037	2.63035e-037	4.83754e-036	4.92144e-036	6.80114e-035	6.03712e-035	5.68117e-034	4.02024e-035	4.56196e-035	2.23862e-036	2.16686e-036	7.95727e-038	7.69258e-038	1.54e-038	2.71507e-037	4.23823e-036	
Microtermes_sp	0	0	0	0	0	0	0	0	1	0	0	0	0	0	0	0	0	0	0	0	0	0	0	0	0	0	0	0	0	0	0	0	0	0	0	0	0	0	0	
Protermes_sp	0	0	0	0	0	0	0	0	1	0	0	0	0	0	0	0	0	0	0	0	0	0	0	0	0	0	0	0	0	0	0	0	0	0	0	0	0	0	0	
Odontotermes_sp	0	0	0	0	0	0	0	0	1	0	0	0	0	0	0	0	0	0	0	0	0	0	0	0	0	0	0	0	0	0	0	0	0	0	0	0	0	0	0	
Lophotermes_septentrionalis	0	0	0	0	0	0	0	0	1	0	0	0	0	0	0	0	0	0	0	0	0	0	0	0	0	0	0	0	0	0	0	0	0	0	0	0	0	0	0	
N19	1.15336e-028	7.79998e-031	3.565e-026	4.99493e-021	3.99397e-016	1.62534e-011	2.79858e-007	0.00145035	0.996243	0.00230577	7.06712e-007	6.51394e-011	2.53835e-015	5.03043e-020	5.68544e-025	4.24153e-030	4.90554e-035	3.68344e-038	2.35297e-042	1.46407e-045	5.78186e-050	1.91093e-053	4.71652e-058	8.03018e-062	1.21599e-066	9.90299e-071	8.57113e-076	2.88297e-080	1.10519e-085	1.1003e-090	3.30413e-097	2.51205e-103	6.37297e-111	3.80398e-035	3.53063e-036	3.28669e-036	1.02322e-036	6.98671e-036	4.63821e-035	
Tuberculitermes_bycanistes	0	0	0	0	0	0	0	0	1	0	0	0	0	0	0	0	0	0	0	0	0	0	0	0	0	0	0	0	0	0	0	0	0	0	0	0	0	0	0	
Unguitermes_sp	0	0	0	0	0	0	0	0	1	0	0	0	0	0	0	0	0	0	0	0	0	0	0	0	0	0	0	0	0	0	0	0	0	0	0	0	0	0	0	
N20	1.62212e-030	1.16939e-030	5.00138e-026	9.08858e-021	8.79163e-016	3.94026e-011	6.56063e-007	0.00267831	0.992192	0.00512645	2.34857e-006	2.59487e-010	1.0526e-014	1.96377e-019	1.93144e-024	1.09861e-029	7.37898e-035	5.506e-036	3.34528e-039	2.68744e-040	1.0743e-043	4.75722e-045	1.31702e-048	3.29137e-050	6.36953e-054	5.67695e-054	1.50481e-055	1.5688e-054	7.8451e-054	4.86615e-051	3.7227e-052	4.0179e-051	5.63591e-053	5.18111e-053	3.44799e-055	3.89468e-055	1.14046e-056	1.04938e-054	9.17577e-053	
N21	2.78831e-027	4.90989e-027	1.03518e-022	4.40101e-018	1.04234e-013	1.20267e-009	5.50093e-006	0.00687339	0.983982	0.00912855	1.03201e-005	3.29302e-009	4.2497e-013	2.70862e-017	9.67447e-022	2.12351e-026	5.58563e-031	4.27493e-032	5.66287e-035	5.28457e-036	4.78171e-039	2.64245e-040	1.72381e-043	5.7458e-045	2.78861e-048	5.58407e-050	1.95138e-053	2.32332e-055	4.19772e-059	3.10931e-061	1.72655e-066	7.50902e-070	3.85181e-075	3.9948e-077	6.60367e-081	5.63755e-083	2.75593e-086	9.52036e-087	2.86329e-087	
N22	3.71867e-025	3.26705e-024	4.69306e-020	9.37035e-016	1.00374e-011	4.90203e-008	8.33064e-005	0.0291301	0.959417	0.0113517	1.78505e-005	8.37332e-009	1.65195e-012	1.65883e-016	9.57091e-021	3.53587e-025	1.82452e-029	2.81957e-031	2.0743e-034	3.37845e-036	1.71252e-039	1.68104e-041	6.18609e-045	3.71865e-047	1.02911e-050	3.75833e-053	7.83661e-057	1.68042e-059	2.23645e-063	2.6714e-066	2.89528e-071	4.46544e-075	2.8275e-080	2.66612e-084	1.03238e-089	7.70018e-094	8.71344e-099	7.92718e-102	6.34491e-105	
Crenetermes_albotarsalis	0	0	0	0	0	0	0	0	1	0	0	0	0	0	0	0	0	0	0	0	0	0	0	0	0	0	0	0	0	0	0	0	0	0	0	0	0	0	0	
N23	3.90528e-028	7.78599e-027	6.05072e-022	8.13282e-017	5.42548e-012	1.48498e-007	0.00111216	0.091133	0.90695	0.000804405	1.21951e-007	6.12429e-012	1.35994e-016	1.56603e-021	1.03258e-026	4.23378e-032	2.05922e-037	3.69253e-040	2.92254e-044	4.21063e-046	2.22389e-045	8.24426e-044	1.02576e-045	2.49455e-046	2.61399e-048	4.40606e-049	3.74006e-051	4.23675e-052	2.14128e-054	1.63175e-055	7.92115e-059	9.68486e-061	3.21488e-064	2.11874e-066	4.80115e-070	2.47148e-072	1.1315e-075	7.78342e-077	5.61591e-078	
N24	6.38322e-029	1.03651e-029	9.25107e-025	2.3991e-019	3.20688e-014	1.83325e-009	3.02742e-005	0.0208684	0.978165	0.000936483	1.14696e-007	4.13824e-012	6.20694e-017	4.65633e-022	1.96463e-027	5.11085e-031	1.78027e-034	5.20804e-036	1.15596e-039	1.79532e-041	2.69413e-045	2.29882e-047	2.35214e-051	1.11444e-053	6.43819e-058	1.72819e-060	5.99158e-066	8.91981e-069	1.10989e-074	7.08084e-078	4.24222e-084	2.23102e-088	8.34072e-095	2.30484e-099	5.28298e-106	1.03552e-110	5.8665e-116	6.8893e-119	5.45423e-122	
Cubitermes_sp	0	0	0	0	0	0	0	0	1	0	0	0	0	0	0	0	0	0	0	0	0	0	0	0	0	0	0	0	0	0	0	0	0	0	0	0	0	0	0	
Thoracotermes_macrothorax	0	0	0	0	0	0	0	0	1	0	0	0	0	0	0	0	0	0	0	0	0	0	0	0	0	0	0	0	0	0	0	0	0	0	0	0	0	0	0	
Procubitermes_sp	0	0	0	0	0	0	1	0	0	0	0	0	0	0	0	0	0	0	0	0	0	0	0	0	0	0	0	0	0	0	0	0	0	0	0	0	0	0	0	
N25	1.70621e-031	2.74128e-034	3.23229e-029	1.92026e-023	5.4463e-018	6.9296e-013	3.45967e-008	0.000515215	0.998589	0.00089527	1.02962e-007	3.4926e-012	4.69209e-017	2.86303e-022	8.52118e-028	1.32825e-033	5.13702e-038	3.81779e-039	2.71878e-041	2.19782e-042	1.24153e-044	6.81498e-046	3.08108e-048	1.14573e-049	3.05712e-051	2.01842e-050	2.10307e-050	1.20599e-049	1.07406e-049	4.96852e-048	1.17889e-044	9.50386e-041	3.96614e-038	3.15599e-035	2.83991e-036	2.64717e-036	7.90908e-037	5.59087e-036	3.85023e-035	
N26	8.53901e-038	1.20257e-039	1.28622e-033	3.67077e-027	5.45038e-021	3.857e-015	1.11145e-009	9.45587e-005	0.999745	0.000160721	3.17031e-009	1.82902e-014	4.26744e-020	4.72165e-026	2.70802e-032	8.46083e-039	3.0497e-045	2.67562e-048	2.40385e-053	9.06727e-057	1.1508e-062	9.69689e-041	9.77666e-041	6.07864e-039	6.12432e-039	3.02397e-037	2.96786e-037	1.10625e-035	8.50692e-036	2.3278e-034	5.58729e-036	8.25051e-036	1.51291e-037	1.57672e-037	2.19815e-039	2.17979e-039	2.36761e-040	1.2106e-038	5.1854e-037	
Nasutitermes_graveolus	0	0	0	0	0	0	0	0	1	0	0	0	0	0	0	0	0	0	0	0	0	0	0	0	0	0	0	0	0	0	0	0	0	0	0	0	0	0	0	
Nasutitermes_triodiae	0	0	0	0	0	0	0	0	1	0	0	0	0	0	0	0	0	0	0	0	0	0	0	0	0	0	0	0	0	0	0	0	0	0	0	0	0	0	0	
N27	1.01271e-036	6.27001e-038	4.17381e-032	7.28073e-026	6.40636e-020	2.61294e-014	4.22846e-009	0.000192001	0.999434	0.000374379	1.51309e-008	1.66379e-013	7.19475e-019	1.45312e-024	1.50337e-030	8.76005e-037	5.27088e-042	4.57512e-045	3.45205e-049	4.3674e-051	2.0235e-055	1.28611e-057	3.67152e-062	1.06973e-064	1.78056e-069	2.32488e-072	1.84855e-077	1.03965e-080	2.16969e-086	4.75536e-090	9.36137e-098	2.80262e-103	6.22557e-112	4.76349e-038	3.4538e-040	3.85981e-040	8.70226e-042	9.9911e-040	1.00603e-037	
Nasutitermes_longipennis	0	0	0	0	0	0	0	0	1	0	0	0	0	0	0	0	0	0	0	0	0	0	0	0	0	0	0	0	0	0	0	0	0	0	0	0	0	0	0	
Tumulitermes_pastinator	0	0	0	0	0	0	0	0	1	0	0	0	0	0	0	0	0	0	0	0	0	0	0	0	0	0	0	0	0	0	0	0	0	0	0	0	0	0	0	
N28	4.44967e-027	4.31568e-029	1.09952e-024	8.64327e-020	3.88143e-015	8.88143e-011	8.61466e-007	0.00252472	0.993505	0.00396739	2.12666e-006	3.44338e-010	2.36273e-014	8.25877e-019	1.64865e-023	2.20407e-028	4.71551e-033	5.26815e-036	5.42624e-040	4.87016e-043	3.10481e-047	1.48175e-050	5.91061e-055	1.45519e-058	3.56685e-063	4.20944e-067	5.91594e-072	2.88956e-076	1.8082e-081	2.59087e-086	1.40727e-092	1.66485e-098	7.54581e-106	5.3231e-035	5.46056e-036	5.06508e-036	1.75816e-036	1.08897e-035	6.5381e-035	
Microcerotermes_boreus	0	0	0	0	0	0	0	0	1	0	0	0	0	0	0	0	0	0	0	0	0	0	0	0	0	0	0	0	0	0	0	0	0	0	0	0	0	0	0	
Microcerotermes_nervosus	0	0	0	0	0	0	0	0	1	0	0	0	0	0	0	0	0	0	0	0	0	0	0	0	0	0	0	0	0	0	0	0	0	0	0	0	0	0	0	
N29	2.51223e-021	6.45742e-022	1.04838e-018	9.36298e-015	4.69799e-011	1.14945e-007	0.00011146	0.0296046	0.93076	0.0393112	0.000211995	3.25295e-007	2.02212e-010	6.21455e-014	1.07289e-017	1.29312e-021	5.59744e-025	2.9242e-026	5.59229e-029	1.90735e-030	2.4775e-033	4.96298e-035	4.63657e-038	5.54499e-040	3.82691e-043	2.70961e-045	1.28461e-048	5.28846e-051	1.03491e-054	2.63913e-057	7.98036e-062	3.08212e-065	5.47683e-070	1.32969e-073	1.46668e-078	2.8709e-082	1.00479e-086	2.29125e-089	4.61937e-092	
Macrotermes_bellicosus	0	0	0	0	0	0	0	0	1	0	0	0	0	0	0	0	0	0	0	0	0	0	0	0	0	0	0	0	0	0	0	0	0	0	0	0	0	0	0	
N30	7.50264e-022	2.95302e-022	7.68986e-019	6.73582e-015	3.36312e-011	8.381e-008	8.54882e-005	0.0250451	0.933952	0.0406907	0.000225862	3.59789e-007	2.3429e-010	7.60443e-014	1.39627e-017	1.63289e-021	2.8277e-025	1.20758e-026	2.55272e-029	1.07524e-030	1.57805e-033	3.98548e-035	4.25734e-038	6.56364e-040	5.12266e-043	4.84512e-045	2.48951e-048	1.4638e-050	3.34534e-054	1.27062e-056	4.36565e-061	3.49745e-064	7.71604e-069	2.9576e-072	4.31742e-077	1.16252e-080	2.38201e-085	5.72479e-088	1.75871e-090	
Pericapritermes_sp	0	0	0	0	0	0	0	0	1	0	0	0	0	0	0	0	0	0	0	0	0	0	0	0	0	0	0	0	0	0	0	0	0	0	0	0	0	0	0	
Pseudacanthotermes_militaris	0	0	0	0	0	0	0	0	1	0	0	0	0	0	0	0	0	0	0	0	0	0	0	0	0	0	0	0	0	0	0	0	0	0	0	0	0	0	0	
N31	2.11023e-020	1.11795e-019	2.47773e-016	1.98421e-012	7.72982e-009	1.18994e-005	0.0049441	0.197456	0.782145	0.0153995	4.43048e-005	3.8344e-008	1.38223e-011	2.50052e-015	2.56268e-019	2.10231e-023	7.5648e-027	1.4252e-028	1.25967e-031	1.44654e-033	8.62097e-037	5.72797e-039	2.41519e-042	9.3986e-045	2.8069e-048	2.37647e-049	7.31723e-051	3.9826e-051	8.59849e-051	2.6661e-049	1.1933e-049	3.22141e-049	2.55285e-050	6.83782e-051	1.47126e-053	3.68059e-055	1.92286e-057	4.7691e-058	1.14455e-058	
N32	1.8908e-020	2.04569e-020	5.27425e-017	4.5504e-013	2.01771e-009	3.76484e-006	0.00209809	0.147088	0.828503	0.0222234	8.33832e-005	9.17401e-008	4.14173e-011	9.29751e-015	1.17917e-018	2.00231e-021	9.76737e-024	2.06127e-024	6.49185e-027	7.65566e-028	1.50596e-030	1.05914e-031	1.18833e-034	5.31194e-036	2.62144e-039	7.92962e-041	8.551e-045	1.68051e-046	6.21078e-051	6.19935e-053	1.06521e-057	1.99482e-060	2.46249e-065	2.12113e-068	1.90347e-073	1.03529e-076	2.47092e-081	3.7516e-083	5.55772e-085	
Coptotermes_acinaciformis	0	0	0	0	0	0	0	0	1	0	0	0	0	0	0	0	0	0	0	0	0	0	0	0	0	0	0	0	0	0	0	0	0	0	0	0	0	0	0	
N33	4.36581e-027	1.72728e-029	3.94796e-025	5.37773e-020	3.62949e-015	1.0933e-010	1.2245e-006	0.00346948	0.992915	0.00361264	1.52973e-006	1.77923e-010	8.15854e-015	1.75901e-019	1.97216e-024	2.17796e-029	2.65666e-033	5.1352e-034	1.10111e-035	2.26387e-036	4.02954e-038	5.76961e-039	8.6714e-041	8.52635e-042	1.0516e-043	6.88285e-045	5.84993e-047	2.51962e-048	9.53776e-051	2.60798e-052	3.78249e-055	3.47172e-057	3.14727e-060	2.05051e-062	1.24119e-065	7.06807e-068	1.27738e-070	5.03728e-072	1.81504e-073	
Reticulitermes_flavipes	0	0	0	0	0	0	0	0	1	0	0	0	0	0	0	0	0	0	0	0	0	0	0	0	0	0	0	0	0	0	0	0	0	0	0	0	0	0	0	
N34	1.47165e-031	2.73282e-032	2.92098e-027	9.05975e-022	1.47361e-016	1.10285e-011	3.01898e-007	0.00194773	0.995458	0.00259351	6.14115e-007	3.5895e-011	7.83147e-016	7.95225e-021	4.27783e-026	1.33878e-031	8.87866e-037	2.99835e-038	9.59021e-042	4.09281e-043	8.4262e-047	2.0297e-048	2.61013e-052	3.78417e-054	2.68344e-058	2.51133e-060	7.47467e-065	4.82601e-067	3.33885e-072	1.52461e-074	7.06014e-081	2.71247e-084	8.82762e-091	9.63537e-095	2.22099e-101	1.11442e-105	2.25249e-112	2.12778e-115	5.07857e-118	
Reticulitermes_lucifugus	0	0	0	0	0	0	0	0	1	0	0	0	0	0	0	0	0	0	0	0	0	0	0	0	0	0	0	0	0	0	0	0	0	0	0	0	0	0	0	
Reticulitermes_urbis	0	0	0	0	0	0	0	0	1	0	0	0	0	0	0	0	0	0	0	0	0	0	0	0	0	0	0	0	0	0	0	0	0	0	0	0	0	0	0	
Schedorhinotermes_lamanianus	0	0	0	0	0	0	1	0	0	0	0	0	0	0	0	0	0	0	0	0	0	0	0	0	0	0	0	0	0	0	0	0	0	0	0	0	0	0	0	
N35	5.00221e-017	2.64835e-015	3.16453e-012	6.27784e-009	4.91881e-006	0.00100557	0.0468739	0.49002	0.448608	0.0134096	7.74723e-005	1.51696e-007	1.31771e-010	5.94602e-014	1.55978e-017	6.90462e-021	1.9069e-023	2.52826e-024	2.89975e-026	4.11846e-027	2.89406e-029	1.87118e-030	6.47396e-033	1.99629e-034	3.16495e-037	5.16013e-039	3.31983e-042	3.08772e-044	7.19966e-048	3.61292e-050	2.82548e-054	3.58989e-057	1.69851e-061	1.22495e-064	3.83088e-069	1.93514e-072	9.89729e-077	3.61192e-079	1.50845e-081	
N36	2.4465e-017	6.05244e-014	2.60907e-010	5.35456e-007	0.000361617	0.0164713	0.171387	0.628659	0.18121	0.00190708	4.20528e-006	3.29144e-009	1.54694e-012	1.35014e-014	2.77321e-016	3.88982e-018	1.26223e-019	4.03146e-019	5.72691e-020	9.67378e-020	5.79632e-021	2.61395e-021	2.34671e-023	1.32983e-024	3.61379e-027	7.34281e-029	7.83799e-032	7.47674e-034	2.43028e-037	1.19885e-039	8.86223e-044	1.11845e-046	4.58482e-051	2.57957e-054	8.5951e-059	1.00703e-061	1.76336e-065	2.24949e-067	3.64655e-069	
N37	1.52513e-016	9.60775e-014	3.72366e-010	5.11468e-007	0.000194712	0.0121127	0.119887	0.654491	0.210121	0.00318462	9.59004e-006	8.6988e-009	2.81304e-012	3.95143e-016	1.26501e-019	3.34609e-021	3.55669e-024	4.34548e-026	7.07457e-029	2.55702e-031	3.39709e-034	3.83125e-037	5.47127e-041	1.81547e-044	6.30801e-049	1.64875e-051	4.22433e-053	4.69904e-051	1.9412e-050	1.07066e-048	4.5011e-049	1.67999e-048	2.31394e-050	4.61104e-052	1.66122e-055	2.77353e-057	2.86715e-058	6.40996e-059	9.46668e-060	
N38	1.18283e-007	1.00377e-005	0.000394008	0.00730724	0.0583848	0.151178	0.0506345	0.348255	0.306637	0.0706009	0.00634002	0.000253913	4.5376e-006	3.02112e-008	2.05829e-011	1.7429e-013	1.2377e-015	1.44081e-016	5.40706e-019	3.04411e-020	7.08894e-023	2.14244e-024	3.37888e-027	5.69973e-029	5.94788e-032	5.68949e-034	2.88293e-037	1.63397e-039	1.10768e-043	1.47484e-046	5.9278e-051	2.98392e-054	7.06267e-059	2.71868e-062	4.11613e-067	1.41476e-070	6.10285e-074	2.93011e-076	1.0463e-078	
Bifiditermes_improbus	0	0	0	0	0	1	0	0	0	0	0	0	0	0	0	0	0	0	0	0	0	0	0	0	0	0	0	0	0	0	0	0	0	0	0	0	0	0	0	
Neotermes_insularis	0	0	0	0	0	0	0	0	0	0	0	0	0	1	0	0	0	0	0	0	0	0	0	0	0	0	0	0	0	0	0	0	0	0	0	0	0	0	0	
N39	2.77106e-023	1.05784e-019	7.99547e-015	2.21142e-010	1.39656e-006	0.00101722	0.0640613	0.741258	0.192874	0.000788211	3.20784e-007	2.75435e-011	7.42197e-016	1.35031e-020	1.30322e-024	9.64107e-027	8.57097e-031	2.99982e-033	1.45624e-037	2.60455e-037	2.43392e-039	9.38505e-040	4.57778e-043	6.16772e-044	1.20349e-047	7.63765e-047	3.47201e-047	9.98792e-045	1.9737e-043	1.70708e-039	1.58328e-038	4.9263e-036	1.22801e-036	6.10238e-036	1.29738e-037	2.84112e-037	1.09039e-038	3.48409e-037	1.56824e-035	
N40	7.44884e-020	1.73009e-017	1.11278e-013	7.26074e-010	1.65052e-006	0.000904743	0.0630292	0.735667	0.199396	0.0010002	7.76439e-007	1.82946e-010	1.80011e-014	8.87414e-019	2.65084e-023	9.68451e-025	2.8274e-027	6.85171e-028	1.25647e-030	1.60298e-031	1.69601e-034	1.23253e-035	4.52189e-039	2.18555e-040	1.61171e-044	5.44729e-046	1.75963e-050	4.20381e-052	3.31662e-057	2.61007e-059	1.21167e-064	1.52676e-067	5.24586e-073	2.3398e-076	5.60928e-082	1.56156e-085	3.73814e-090	8.8462e-092	1.57988e-093	
N41	3.09398e-014	2.89934e-012	1.87585e-008	5.60633e-006	0.000542285	0.0197236	0.244485	0.687831	0.0473599	5.30009e-005	1.42865e-008	1.54104e-012	8.37996e-017	2.62472e-021	5.18023e-026	2.42294e-030	6.20211e-034	3.31191e-036	7.87954e-040	2.49501e-042	4.19899e-046	7.86805e-049	9.51548e-053	1.03969e-055	8.54531e-060	5.56364e-063	5.04601e-066	1.8538e-064	6.67084e-064	2.89003e-062	1.91255e-062	6.80699e-062	5.08141e-063	1.24224e-064	6.92125e-068	6.20353e-070	2.09688e-072	2.27595e-073	2.07974e-074	
N42	3.47243e-019	7.93062e-018	7.36926e-014	3.66308e-010	5.72411e-007	0.000285352	0.0381861	0.843067	0.118318	0.000142757	3.77428e-008	3.66016e-012	1.69625e-015	9.67524e-017	1.14085e-019	2.91113e-021	1.72546e-024	2.01626e-026	2.06291e-030	1.37817e-032	5.14182e-037	2.03317e-039	3.55974e-044	8.2083e-047	7.69647e-052	9.68545e-055	5.28916e-060	3.09765e-063	1.04747e-068	1.90769e-072	4.22426e-078	3.33214e-082	4.50657e-088	2.43328e-092	2.09616e-098	2.34738e-102	2.79397e-105	3.65973e-108	3.21936e-111	
Cryptotermes_austrinus	0	0	0	0	0	0	0	1	0	0	0	0	0	0	0	0	0	0	0	0	0	0	0	0	0	0	0	0	0	0	0	0	0	0	0	0	0	0	0	
Cryptotermes_queenslandis	0	0	0	0	0	0	0	0	1	0	0	0	0	0	0	0	0	0	0	0	0	0	0	0	0	0	0	0	0	0	0	0	0	0	0	0	0	0	0	
Cryptotermes_primus	0	0	1	0	0	0	0	0	0	0	0	0	0	0	0	0	0	0	0	0	0	0	0	0	0	0	0	0	0	0	0	0	0	0	0	0	0	0	0	
Incisitermes_sp	0	0	0	0	0	0	0	0	1	0	0	0	0	0	0	0	0	0	0	0	0	0	0	0	0	0	0	0	0	0	0	0	0	0	0	0	0	0	0	
N43	3.16517e-021	1.49592e-018	1.13516e-015	1.25535e-011	1.08856e-007	0.000325615	0.0463658	0.78778	0.164588	0.000939739	2.71816e-007	1.89489e-011	4.97201e-016	6.16828e-021	4.61776e-026	8.0629e-029	1.99897e-032	8.55388e-034	3.12771e-035	3.8883e-035	1.39009e-036	1.15777e-036	2.5231e-038	1.50595e-038	1.03409e-040	4.79552e-041	1.6436e-043	5.83032e-044	9.26655e-047	1.95579e-047	1.59883e-050	5.76822e-052	3.45201e-055	7.27933e-057	3.08306e-060	5.64664e-062	2.92449e-064	1.80857e-064	8.81904e-065	
Cryptotermes_brevis	0	0	0	0	0	1	0	0	0	0	0	0	0	0	0	0	0	0	0	0	0	0	0	0	0	0	0	0	0	0	0	0	0	0	0	0	0	0	0	
N44	1.47983e-019	3.06527e-017	4.85796e-015	1.52381e-011	4.24894e-008	0.000109613	0.0290699	0.790976	0.178145	0.00169882	7.76349e-007	8.37343e-011	3.30557e-015	6.33912e-020	1.29852e-023	5.96609e-024	8.71282e-027	1.93718e-027	1.40549e-030	1.67984e-031	5.26583e-035	3.83015e-036	3.46781e-040	1.69475e-041	1.18865e-046	3.61499e-048	1.02089e-052	1.46218e-052	2.5762e-056	1.3305e-056	3.07904e-060	1.90241e-060	1.70814e-063	7.98427e-065	7.27992e-069	1.9407e-070	1.80987e-072	9.67773e-072	3.35365e-071	
Cryptotermes_cynocephalus	0	0	0	0	0	0	0	0	0	1	0	0	0	0	0	0	0	0	0	0	0	0	0	0	0	0	0	0	0	0	0	0	0	0	0	0	0	0	0	
N45	7.18864e-016	4.68563e-013	3.87665e-010	5.32247e-008	2.37007e-006	8.99687e-005	0.0193585	0.862044	0.117556	0.000947683	1.32548e-006	4.32565e-010	2.80504e-014	6.59496e-019	7.34233e-024	4.48646e-028	1.14193e-031	8.71492e-034	1.36423e-037	5.03065e-040	4.81184e-044	8.84088e-047	5.25205e-051	4.75142e-054	1.23612e-058	3.25034e-047	1.4193e-045	1.81925e-041	1.05065e-039	3.29405e-036	3.77101e-035	8.41427e-033	9.25975e-033	1.05863e-032	3.12513e-034	3.05916e-034	4.99977e-035	1.28334e-033	2.88951e-032	
N46	1.6003e-007	7.61047e-006	0.000131453	9.26057e-005	3.96107e-005	0.00160675	0.0623861	0.77888	0.150964	0.0058173	7.393e-005	2.91858e-007	4.65625e-011	2.7493e-015	8.26248e-020	2.40092e-023	3.17025e-026	2.2308e-027	1.95668e-030	7.64025e-032	4.61903e-035	1.05049e-036	4.62171e-040	6.1955e-042	1.93563e-045	1.5289e-047	2.36056e-051	1.1721e-053	8.99593e-059	7.61003e-062	3.81864e-067	7.88921e-071	2.53261e-076	3.426e-080	7.11699e-086	8.01238e-090	8.04764e-094	3.39829e-096	1.03413e-098	
Cryptotermes_domesticus	0	0	1	0	0	0	0	0	0	0	0	0	0	0	0	0	0	0	0	0	0	0	0	0	0	0	0	0	0	0	0	0	0	0	0	0	0	0	0	
Procryptotermes_australiensis	0	0	0	0	0	0	0	0	0	0	0	1	0	0	0	0	0	0	0	0	0	0	0	0	0	0	0	0	0	0	0	0	0	0	0	0	0	0	0	
N47	4.1434e-021	1.08991e-017	6.22925e-014	8.18437e-011	3.44565e-008	1.57898e-005	0.0105001	0.927032	0.0622352	0.000216519	1.49563e-007	3.45515e-011	3.51503e-015	7.42065e-019	6.96896e-022	2.38547e-023	1.09017e-026	2.09585e-028	2.1582e-032	2.3476e-034	9.96685e-039	6.26665e-041	2.51849e-045	1.53689e-047	1.83863e-051	1.09416e-053	5.75804e-058	2.42135e-060	3.29627e-065	7.06903e-068	4.34116e-073	2.36444e-076	1.01797e-081	2.1919e-085	6.65611e-091	8.35523e-095	4.69767e-100	1.22294e-102	3.48869e-105	
Cryptotermes_dudleyi	0	0	0	0	0	0	0	1	0	0	0	0	0	0	0	0	0	0	0	0	0	0	0	0	0	0	0	0	0	0	0	0	0	0	0	0	0	0	0	
Cryptotermes_secundus	0	0	0	0	0	0	0	1	0	0	0	0	0	0	0	0	0	0	0	0	0	0	0	0	0	0	0	0	0	0	0	0	0	0	0	0	0	0	0	
Kalotermes_flavicollis	0	0	0	0	0	0	0	0	0	0	0	0	0	0	0	0	0	0	0	0	0	1	0	0	0	0	0	0	0	0	0	0	0	0	0	0	0	0	0	
N48	3.66438e-016	6.50556e-017	3.31895e-014	5.62702e-011	5.21153e-008	2.26459e-005	0.00370457	0.156309	0.782917	0.0563188	0.00072426	3.07406e-006	5.76293e-009	5.72264e-012	3.80119e-015	3.74667e-017	1.89499e-019	6.56769e-021	2.20546e-023	4.29224e-025	9.91284e-028	1.12399e-029	1.78233e-032	1.20234e-034	1.18276e-037	4.89981e-040	2.52649e-043	6.42823e-046	1.38958e-049	1.75053e-052	2.11749e-056	1.31225e-059	9.71029e-064	4.49431e-067	2.19899e-071	9.31797e-075	3.28886e-078	8.90276e-081	1.97738e-083	
Glyptotermes_brevicornis	0	0	0	0	0	0	0	0	1	0	0	0	0	0	0	0	0	0	0	0	0	0	0	0	0	0	0	0	0	0	0	0	0	0	0	0	0	0	0	
Glyptotermes_iridipennis	0	0	0	0	0	0	0	0	1	0	0	0	0	0	0	0	0	0	0	0	0	0	0	0	0	0	0	0	0	0	0	0	0	0	0	0	0	0	0	
N49	0.0173396	0.117185	0.364725	0.402915	0.0708395	0.00461254	0.000334955	0.00160265	0.00566743	0.00804314	0.00505229	0.00147856	0.000195295	9.52583e-006	3.95037e-008	7.02382e-011	1.04249e-013	1.64455e-015	6.98896e-018	1.15243e-019	3.10304e-022	2.8736e-024	5.2995e-027	2.91223e-029	3.80101e-032	1.26675e-034	1.12858e-037	2.27785e-040	1.22424e-043	1.48648e-046	4.06222e-050	2.82026e-053	4.68129e-057	2.16311e-060	2.3537e-064	8.30903e-068	9.77287e-072	7.55728e-075	7.2697e-078	
Stolotermes_sp	0	0	0	1	0	0	0	0	0	0	0	0	0	0	0	0	0	0	0	0	0	0	0	0	0	0	0	0	0	0	0	0	0	0	0	0	0	0	0	
N50	0.0582767	0.0113576	0.000673468	1.47861e-005	1.12092e-007	3.37374e-010	1.39975e-012	1.06046e-010	2.02255e-008	1.81794e-006	7.55549e-005	0.00135623	0.0115808	0.817356	0.0790052	0.0200546	0.000234528	1.21182e-005	4.17008e-008	7.52542e-010	7.16544e-013	5.86165e-015	2.18584e-018	9.10281e-021	1.66195e-024	3.71988e-027	3.81931e-031	4.70577e-034	2.96797e-038	2.05295e-041	8.3787e-046	3.45627e-049	9.33603e-054	2.62947e-057	4.95046e-062	1.65513e-065	1.84988e-068	3.99072e-071	6.31388e-074	
Zootermopsis_angusticollis	0	0	0	0	0	0	0	0	0	0	0	0	0	1	0	0	0	0	0	0	0	0	0	0	0	0	0	0	0	0	0	0	0	0	0	0	0	0	0	
Zootermopsis_nevadensis	0	0	0	0	0	0	0	0	0	0	0	0	0	1	0	0	0	0	0	0	0	0	0	0	0	0	0	0	0	0	0	0	0	0	0	0	0	0	0	
Mastotermes_darwiniensis	0	0	0	0	0	0	0	0	0	0	0	0	0	0	0	0	0	0	0	0	0	0	0	0	0	0	0	0	0	0	0	0	0	0	0	0	1	0	0	
Porotermes_adamsoni	0	0	0	0	0	0	0	1	0	0	0	0	0	0	0	0	0	0	0	0	0	0	0	0	0	0	0	0	0	0	0	0	0	0	0	0	0	0	0	
