NODE	13	14	15	16	17	18	19	20	21	22	23	24	25	26	27	28	29	30	31	32	33	34	35	36	37	38	39	40	41	42	43	44	45	46	47	48	49	50	51	
N1	3.57098e-017	3.15284e-018	3.91291e-013	2.19419e-009	3.2211e-006	0.000990957	0.0511111	0.338932	0.442303	0.139149	0.0263834	0.00112397	3.53815e-006	1.30297e-009	1.54241e-013	6.25652e-019	3.68025e-021	1.703e-023	6.27301e-026	1.86447e-028	4.54068e-031	9.19771e-034	1.5707e-036	2.2881e-039	2.87245e-042	3.13518e-045	2.99808e-048	2.52883e-051	1.8942e-054	1.35319e-057	4.48327e-060	1.09267e-061	2.0978e-063	2.64901e-065	2.87703e-067	3.12086e-069	2.98617e-071	2.07413e-073	1.21553e-075	
N2	4.40519e-013	1.55538e-012	9.14329e-010	4.27023e-007	7.14909e-005	0.00426279	0.0798565	0.350235	0.43527	0.114057	0.0157839	0.000460297	2.0591e-006	2.55809e-009	1.10909e-012	2.09601e-016	2.09996e-020	8.81534e-023	2.28838e-025	1.25257e-026	1.95849e-029	5.46256e-031	5.22874e-034	7.8857e-036	3.88888e-039	3.46452e-041	5.87806e-045	3.39364e-047	1.87243e-051	6.67399e-054	1.97538e-058	4.55463e-061	1.03417e-065	1.84991e-068	2.21555e-073	1.96553e-076	1.35502e-081	3.32245e-085	6.29984e-089	
N3	3.57332e-018	1.78603e-017	3.45625e-014	1.46746e-010	2.3776e-007	0.000117455	0.013366	0.258447	0.68297	0.044248	0.000848022	3.18279e-006	2.6712e-009	8.10178e-013	1.17062e-016	1.01082e-019	1.15553e-022	1.51255e-024	1.06517e-027	2.09976e-028	1.0431e-029	5.43007e-030	3.55105e-032	3.33358e-033	4.71329e-036	1.70774e-037	8.10587e-041	1.25561e-042	3.2441e-046	2.90233e-048	7.81029e-052	7.58822e-054	1.65592e-057	1.2355e-059	1.29495e-063	4.73562e-066	2.90537e-070	5.15194e-073	1.46996e-075	
N4	1.32829e-021	1.75546e-022	6.0505e-019	1.06312e-014	9.23416e-011	3.27147e-007	0.000346947	0.063838	0.920796	0.0149798	3.86298e-005	2.86162e-008	8.27134e-012	1.13586e-015	8.58439e-020	3.22886e-023	2.65617e-026	2.74959e-028	1.5925e-031	8.93529e-034	3.41877e-037	1.07217e-039	2.61261e-043	4.71035e-046	6.01527e-050	6.58589e-053	3.24247e-057	2.18323e-060	4.44924e-065	1.01087e-067	1.01613e-070	2.93874e-072	1.56629e-074	1.83427e-075	1.35746e-078	1.19065e-080	1.47762e-083	9.08493e-085	5.94599e-086	
N5	3.56537e-028	2.16164e-030	4.50725e-027	1.435e-021	2.36965e-016	1.75117e-011	4.53526e-007	0.00257406	0.993416	0.00400805	1.30681e-006	1.00185e-010	2.78263e-015	3.52932e-020	2.35466e-025	2.13037e-030	1.63953e-034	4.17472e-037	3.01406e-041	6.56039e-044	3.67316e-044	1.83649e-043	1.46326e-045	1.36805e-046	6.68202e-049	3.84508e-050	1.8422e-052	8.67035e-052	1.83065e-052	2.56482e-048	2.48292e-045	3.83597e-041	6.45316e-039	5.63969e-036	2.26383e-037	2.28822e-037	3.474e-038	5.61561e-037	8.58863e-036	
N6	7.61141e-035	4.78244e-037	4.40122e-032	7.33466e-026	6.56804e-020	2.81047e-014	4.71139e-009	0.000211308	0.99936	0.00042867	1.97447e-008	2.44242e-013	1.18294e-018	2.73634e-024	3.40245e-030	2.55071e-036	5.88675e-042	1.03344e-044	2.64352e-049	1.30612e-049	4.86336e-049	1.00699e-047	5.25157e-050	8.59978e-051	3.49398e-053	5.73173e-054	2.10814e-054	4.47032e-053	2.66007e-053	1.69614e-050	3.39283e-047	1.64719e-042	3.96996e-040	6.76944e-037	1.38088e-038	1.36222e-038	1.60093e-039	4.93516e-038	1.32272e-036	
N7	4.2059e-036	1.0209e-036	2.61783e-031	4.2403e-025	3.53194e-019	1.31863e-013	1.7364e-008	0.000500702	0.999034	0.000464783	2.2532e-008	2.8655e-013	1.39985e-018	3.208e-024	3.87901e-030	2.68248e-036	4.16556e-042	9.39023e-044	8.85729e-048	9.1553e-047	1.04711e-046	3.13858e-045	4.66156e-047	8.11164e-047	9.9695e-049	1.16912e-048	1.20568e-050	9.3026e-051	6.19602e-053	3.19867e-053	2.46621e-057	3.62197e-059	2.02026e-063	1.5653e-065	5.98836e-070	3.75138e-072	2.28648e-075	1.46438e-075	6.88787e-076	
N8	2.05046e-027	1.24654e-028	5.25733e-025	4.66732e-020	2.40388e-015	6.33497e-011	7.05235e-007	0.00233887	0.993159	0.00449868	2.60562e-006	4.49052e-010	3.26568e-014	1.21403e-018	2.60405e-023	3.85441e-028	2.88615e-032	6.22651e-034	2.88453e-037	4.03257e-039	1.28318e-042	1.08252e-044	2.49513e-048	1.29164e-050	2.23974e-054	7.05846e-057	9.42449e-061	1.73833e-063	1.67114e-067	1.63109e-070	6.97551e-076	5.2099e-080	1.19561e-085	6.88504e-090	9.60838e-096	4.60177e-100	7.48535e-105	6.44106e-108	4.08244e-111	
N9	1.91714e-031	2.89933e-033	6.44056e-029	2.65783e-023	6.25889e-018	7.45913e-013	3.71699e-008	0.00054509	0.99828	0.00117452	1.69073e-007	7.05996e-012	1.21982e-016	1.05834e-021	5.20401e-027	1.65203e-032	1.5892e-037	7.45544e-040	7.4872e-044	2.40133e-046	1.5699e-050	2.84101e-053	1.25023e-057	1.27623e-060	9.11783e-065	8.82762e-066	5.86698e-068	6.4153e-069	2.83208e-071	8.38891e-072	2.96987e-071	2.43457e-069	1.85334e-069	1.01558e-068	1.09512e-072	4.16544e-075	2.46901e-078	1.99007e-079	1.30301e-080	
N10	2.35397e-037	1.46902e-039	3.57861e-034	1.26622e-027	2.32998e-021	2.04208e-015	7.28205e-010	7.65862e-005	0.999758	0.000165499	3.3202e-009	1.93211e-014	4.52133e-020	4.9975e-026	2.85517e-032	8.99789e-039	6.87666e-045	8.4918e-048	8.06487e-053	2.91002e-056	3.90047e-062	1.50057e-040	1.51183e-040	8.50107e-039	8.55586e-039	3.81995e-037	3.73707e-037	1.25991e-035	9.53848e-036	2.37065e-034	5.26057e-036	8.47425e-036	1.46571e-037	1.55846e-037	2.05878e-039	2.0461e-039	2.92674e-040	1.3999e-038	5.4415e-037	
Amitermes_darwini	0	0	0	0	0	0	0	0	1	0	0	0	0	0	0	0	0	0	0	0	0	0	0	0	0	0	0	0	0	0	0	0	0	0	0	0	0	0	0	
Amitermes_germanus	0	0	0	0	0	0	0	0	1	0	0	0	0	0	0	0	0	0	0	0	0	0	0	0	0	0	0	0	0	0	0	0	0	0	0	0	0	0	0	
Amitermes_parvus	0	0	0	0	0	0	0	0	1	0	0	0	0	0	0	0	0	0	0	0	0	0	0	0	0	0	0	0	0	0	0	0	0	0	0	0	0	0	0	
Drepanotermes_septentrionalis	0	0	0	0	0	0	0	0	1	0	0	0	0	0	0	0	0	0	0	0	0	0	0	0	0	0	0	0	0	0	0	0	0	0	0	0	0	0	0	
N11	5.72421e-033	1.73093e-031	1.58178e-026	5.14657e-021	8.51317e-016	6.05303e-011	1.34892e-006	0.00405095	0.994909	0.00103834	1.4016e-007	5.57407e-012	9.18578e-017	7.52581e-022	3.42447e-027	9.38139e-033	6.78237e-038	5.76251e-039	2.31272e-042	1.37268e-043	3.74909e-047	1.26333e-048	2.4696e-052	4.85931e-054	7.03571e-058	8.09912e-060	8.77478e-064	5.77499e-066	3.99347e-070	1.47799e-072	1.07308e-078	9.63509e-083	4.28242e-089	2.0889e-093	5.56291e-100	2.04657e-104	1.02473e-109	2.96051e-112	5.87037e-115	
N12	4.90166e-030	6.04284e-032	6.95127e-028	2.03199e-022	3.2781e-017	2.61161e-012	8.58523e-008	0.000828067	0.99768	0.001492	2.80501e-007	1.55466e-011	3.58022e-016	4.10564e-021	2.61582e-026	1.21229e-031	4.04848e-036	1.70747e-038	1.55056e-042	8.20666e-045	2.09615e-043	4.93537e-041	8.04321e-043	2.59855e-043	3.60975e-045	8.00358e-046	9.34182e-048	1.35742e-048	1.03201e-050	9.62848e-052	5.01605e-055	4.52878e-057	1.40855e-060	1.02775e-062	2.11231e-066	1.38372e-068	3.07461e-071	3.57035e-072	3.17915e-073	
N13	6.87504e-036	1.49273e-037	7.39712e-033	1.88578e-026	2.31873e-020	1.27033e-014	2.67432e-009	0.0001546	0.999389	0.00045621	2.072e-008	2.429e-013	1.07422e-018	2.12933e-024	2.07524e-030	1.06315e-036	5.64741e-042	9.37578e-042	1.66447e-043	3.05006e-043	4.46823e-045	5.59776e-045	6.91062e-047	5.92673e-047	6.13517e-049	3.57197e-049	2.81042e-051	1.11685e-051	4.34453e-054	1.25755e-054	1.29973e-058	2.31766e-060	1.79715e-064	1.3967e-066	7.71382e-071	4.27609e-073	1.14799e-076	3.63722e-077	9.37574e-078	
Ephelotermes_melachoma	0	0	0	0	0	0	0	0	1	0	0	0	0	0	0	0	0	0	0	0	0	0	0	0	0	0	0	0	0	0	0	0	0	0	0	0	0	0	0	
N14	2.08257e-034	1.51557e-036	1.50181e-031	2.15614e-025	1.51293e-019	4.81864e-014	6.0568e-009	0.000222092	0.999241	0.000537153	3.3177e-008	5.75469e-013	3.95793e-018	1.25683e-023	2.00499e-029	5.14379e-035	1.27973e-038	5.27805e-042	1.2075e-045	2.9926e-047	4.65934e-051	1.62725e-052	1.80939e-056	3.23416e-058	2.64095e-062	2.5151e-064	1.46657e-068	7.7168e-071	2.33227e-075	7.45065e-078	1.96253e-084	1.4603e-088	2.53708e-095	7.69799e-100	8.01731e-107	1.64e-111	1.9025e-117	4.93004e-120	7.84326e-123	
Ephelotermes_taylori	0	0	0	0	0	0	0	0	1	0	0	0	0	0	0	0	0	0	0	0	0	0	0	0	0	0	0	0	0	0	0	0	0	0	0	0	0	0	0	
Macrognathotermes_sunteri	0	0	0	0	0	0	0	0	1	0	0	0	0	0	0	0	0	0	0	0	0	0	0	0	0	0	0	0	0	0	0	0	0	0	0	0	0	0	0	
Lophotermes_septentrionalis	0	0	0	0	0	0	0	0	1	0	0	0	0	0	0	0	0	0	0	0	0	0	0	0	0	0	0	0	0	0	0	0	0	0	0	0	0	0	0	
N15	3.38395e-026	2.20406e-024	3.78851e-020	2.10621e-015	6.10341e-011	7.5628e-007	0.00266626	0.133999	0.861911	0.00142183	4.45304e-007	4.96832e-011	2.5957e-015	7.41677e-020	1.28138e-024	1.55042e-029	8.12104e-034	1.46669e-035	5.88841e-039	7.27592e-041	2.0403e-044	1.53787e-046	3.14106e-050	1.45436e-052	2.22761e-056	6.23672e-059	7.29758e-063	1.57222e-065	3.73578e-068	3.62585e-069	1.63293e-072	1.442e-074	3.92247e-078	2.74806e-080	4.93641e-084	3.08516e-086	5.9886e-089	7.23633e-090	6.67331e-091	
Procubitermes_sp	0	0	0	0	0	0	1	0	0	0	0	0	0	0	0	0	0	0	0	0	0	0	0	0	0	0	0	0	0	0	0	0	0	0	0	0	0	0	0	
N16	9.31054e-032	1.72283e-034	1.36735e-029	1.50059e-023	7.91367e-018	1.73656e-012	1.19096e-007	0.00119449	0.998517	0.000288298	1.10057e-008	1.26567e-013	5.99587e-019	1.36753e-024	1.68819e-030	7.44679e-035	1.94438e-039	9.18743e-043	8.37504e-048	8.80557e-052	1.13408e-057	2.37982e-036	2.41485e-036	3.68274e-035	3.3946e-035	3.64463e-034	9.45397e-035	8.15696e-034	9.26812e-035	5.43599e-034	2.97451e-035	3.26808e-035	1.25119e-036	1.21121e-036	3.4981e-038	3.47068e-038	2.91417e-038	6.01597e-037	9.76301e-036	
Tuberculitermes_bycanistes	0	0	0	0	0	0	0	0	1	0	0	0	0	0	0	0	0	0	0	0	0	0	0	0	0	0	0	0	0	0	0	0	0	0	0	0	0	0	0	
Unguitermes_sp	0	0	0	0	0	0	0	0	1	0	0	0	0	0	0	0	0	0	0	0	0	0	0	0	0	0	0	0	0	0	0	0	0	0	0	0	0	0	0	
N17	4.53857e-038	1.81131e-038	1.56601e-035	1.45594e-029	1.10668e-022	3.08631e-016	2.68511e-010	5.52126e-005	0.999677	0.000267308	5.0144e-009	2.03561e-014	2.69891e-020	1.40446e-026	3.27068e-033	5.6715e-039	3.06002e-042	3.30635e-042	3.90226e-044	3.337e-044	3.12597e-046	1.81724e-046	1.37833e-048	5.38807e-049	3.3406e-051	9.9236e-052	1.47349e-052	5.81404e-051	1.55543e-048	4.96865e-044	9.82863e-043	5.70143e-040	2.03781e-039	1.14415e-037	1.49063e-039	1.47276e-039	3.71286e-040	1.75549e-038	6.51679e-037	
N18	5.5171e-034	3.76095e-037	4.18758e-035	6.06858e-029	4.06529e-022	8.94595e-016	5.21965e-010	7.09649e-005	0.999625	0.000303757	7.6208e-009	4.41351e-014	7.8635e-020	5.01443e-026	2.10513e-031	1.01882e-034	3.92495e-038	1.1634e-041	2.71394e-045	5.09478e-049	7.72256e-053	1.49511e-055	1.34261e-059	2.15026e-060	1.19504e-064	8.16241e-066	9.2887e-070	4.98738e-069	6.14591e-069	9.23165e-065	2.24738e-066	1.76142e-064	8.06016e-067	2.11456e-066	1.11128e-071	1.21757e-073	3.85893e-079	3.04451e-081	1.12717e-076	
N19	4.35743e-031	2.82461e-032	2.69029e-028	8.74505e-023	1.62248e-017	1.52023e-012	5.95263e-008	0.00068682	0.997738	0.0015748	3.0283e-007	1.67858e-011	3.82973e-016	4.36656e-021	2.80732e-026	1.14651e-031	1.99965e-036	4.61862e-038	1.14351e-041	1.69163e-043	2.76343e-047	2.34124e-049	2.63876e-053	1.29309e-055	1.03269e-059	7.06686e-062	7.50034e-064	4.3362e-064	3.51612e-063	3.9428e-060	3.35946e-060	6.26402e-059	8.23136e-060	1.42201e-059	2.33698e-063	2.63812e-065	8.93791e-068	3.93173e-068	1.31015e-068	
Crenetermes_albotarsalis	0	0	0	0	0	0	0	0	1	0	0	0	0	0	0	0	0	0	0	0	0	0	0	0	0	0	0	0	0	0	0	0	0	0	0	0	0	0	0	
N20	7.8942e-032	6.15869e-033	8.62635e-029	3.47488e-023	7.93166e-018	9.07336e-013	4.29237e-008	0.000589791	0.997936	0.00147395	2.54531e-007	1.23351e-011	2.41445e-016	2.32966e-021	1.25476e-026	4.1776e-032	3.78915e-037	9.27005e-039	2.20481e-042	3.81661e-044	5.93954e-048	5.81093e-050	6.16089e-054	3.42093e-056	2.51458e-060	8.32387e-063	7.54539e-066	4.00142e-066	2.23911e-065	2.13122e-062	7.94235e-063	1.51539e-061	1.0054e-062	1.16774e-062	1.11797e-066	8.3591e-069	6.49531e-072	2.35582e-072	6.60455e-073	
Cubitermes_sp	0	0	0	0	0	0	0	0	1	0	0	0	0	0	0	0	0	0	0	0	0	0	0	0	0	0	0	0	0	0	0	0	0	0	0	0	0	0	0	
N21	4.25493e-031	3.44338e-032	5.6238e-028	1.59934e-022	2.60872e-017	2.16145e-012	7.5165e-008	0.000772495	0.997579	0.00164774	3.35303e-007	1.98789e-011	4.89563e-016	6.07874e-021	4.29578e-026	1.92183e-031	2.59261e-036	6.37409e-038	1.80171e-041	3.16735e-043	6.09307e-047	6.33514e-049	8.71259e-053	5.43749e-055	5.52153e-059	2.04814e-061	1.53896e-065	3.28e-068	1.51725e-072	1.81264e-075	1.9552e-081	1.18859e-085	7.68567e-092	2.51539e-096	9.66581e-103	2.34679e-107	8.16772e-113	7.0073e-116	4.29852e-119	
Odontotermes_sp	0	0	0	0	0	0	0	0	1	0	0	0	0	0	0	0	0	0	0	0	0	0	0	0	0	0	0	0	0	0	0	0	0	0	0	0	0	0	0	
Thoracotermes_macrothorax	0	0	0	0	0	0	0	0	1	0	0	0	0	0	0	0	0	0	0	0	0	0	0	0	0	0	0	0	0	0	0	0	0	0	0	0	0	0	0	
N22	3.55524e-027	2.1167e-028	9.52136e-025	7.65573e-020	3.56763e-015	8.50986e-011	8.58105e-007	0.00257965	0.992548	0.00486801	3.05552e-006	5.7172e-010	4.52192e-014	1.83056e-018	4.27827e-023	6.8871e-028	5.17813e-032	1.04492e-033	4.8693e-037	6.39484e-039	2.03052e-042	1.59373e-044	3.6234e-048	1.72218e-050	2.90149e-054	8.25471e-057	1.05409e-060	1.71848e-063	1.59222e-067	1.31148e-070	5.52164e-076	3.60044e-080	7.79458e-086	3.83059e-090	4.84464e-096	1.90169e-100	2.57978e-105	1.59387e-108	7.05449e-112	
Microcerotermes_boreus	0	0	0	0	0	0	0	0	1	0	0	0	0	0	0	0	0	0	0	0	0	0	0	0	0	0	0	0	0	0	0	0	0	0	0	0	0	0	0	
Microcerotermes_nervosus	0	0	0	0	0	0	0	0	1	0	0	0	0	0	0	0	0	0	0	0	0	0	0	0	0	0	0	0	0	0	0	0	0	0	0	0	0	0	0	
N23	7.514e-029	1.33203e-029	8.63098e-026	1.04048e-020	7.24575e-016	2.57448e-011	3.86337e-007	0.0017301	0.994933	0.00333516	1.43467e-006	1.84041e-010	9.96624e-015	2.75296e-019	4.36594e-024	4.4868e-029	2.11549e-033	1.25172e-034	8.13077e-038	3.16804e-039	1.41387e-042	3.29646e-044	1.06512e-047	1.51449e-049	3.67708e-053	3.16967e-055	5.95063e-059	3.69305e-061	1.13435e-063	3.37217e-064	1.2949e-067	1.85984e-069	4.40957e-073	5.41529e-075	8.78639e-079	9.99657e-081	3.60576e-083	1.56978e-083	5.17e-084	
N24	5.73619e-035	1.00562e-037	6.97168e-033	1.44932e-026	1.60563e-020	8.61544e-015	1.89671e-009	0.00012316	0.999594	0.00028274	9.79805e-009	9.85062e-014	4.02831e-019	7.95535e-025	8.37972e-031	5.37754e-037	1.09519e-042	5.41857e-046	5.62629e-051	4.18874e-052	1.56169e-045	1.12946e-038	1.16589e-038	2.69791e-037	2.75224e-037	5.0872e-036	5.11524e-036	7.11645e-035	6.04078e-035	5.82705e-034	3.39426e-035	4.17305e-035	1.73704e-036	1.70433e-036	5.32195e-038	5.15945e-038	1.30547e-038	2.4604e-037	3.90185e-036	
N25	1.65708e-037	7.85898e-039	1.30344e-033	3.43478e-027	4.96376e-021	3.54591e-015	1.05053e-009	9.1846e-005	0.999713	0.000194705	4.63642e-009	3.21489e-014	9.18323e-020	1.2938e-025	9.9979e-032	4.57241e-038	5.7748e-044	7.79944e-046	4.74569e-050	4.03481e-052	1.50869e-056	6.46497e-059	1.50206e-063	3.18596e-066	4.50742e-071	4.43928e-074	3.54355e-079	1.42769e-082	4.64777e-088	6.23311e-092	1.06267e-099	1.20588e-105	2.05246e-114	1.95501e-038	1.25366e-040	1.25213e-040	1.87429e-041	1.865e-039	1.42433e-037	
Nasutitermes_graveolus	0	0	0	0	0	0	0	0	1	0	0	0	0	0	0	0	0	0	0	0	0	0	0	0	0	0	0	0	0	0	0	0	0	0	0	0	0	0	0	
Nasutitermes_triodiae	0	0	0	0	0	0	0	0	1	0	0	0	0	0	0	0	0	0	0	0	0	0	0	0	0	0	0	0	0	0	0	0	0	0	0	0	0	0	0	
N26	1.73909e-037	7.17239e-039	1.20684e-033	3.21971e-027	4.70851e-021	3.40356e-015	1.02087e-009	9.04774e-005	0.99972	0.000189484	4.4112e-009	3.00005e-014	8.41992e-020	1.1664e-025	8.86323e-032	3.98818e-038	5.14444e-044	6.11157e-046	3.44347e-050	2.54298e-052	8.80465e-057	3.27397e-059	7.0434e-064	1.29572e-066	1.69795e-071	1.4499e-074	1.076e-079	3.75176e-083	1.16172e-088	1.33402e-092	2.27414e-100	2.28031e-106	3.83054e-115	2.27653e-038	1.55145e-040	1.54628e-040	2.53025e-041	2.33405e-039	1.65158e-037	
Nasutitermes_longipennis	0	0	0	0	0	0	0	0	1	0	0	0	0	0	0	0	0	0	0	0	0	0	0	0	0	0	0	0	0	0	0	0	0	0	0	0	0	0	0	
Tumulitermes_pastinator	0	0	0	0	0	0	0	0	1	0	0	0	0	0	0	0	0	0	0	0	0	0	0	0	0	0	0	0	0	0	0	0	0	0	0	0	0	0	0	
Pericapritermes_sp	0	0	0	0	0	0	0	0	1	0	0	0	0	0	0	0	0	0	0	0	0	0	0	0	0	0	0	0	0	0	0	0	0	0	0	0	0	0	0	
N27	1.07773e-028	4.16696e-029	9.16071e-026	1.43562e-020	1.22236e-015	4.87268e-011	7.32422e-007	0.0027636	0.990485	0.00674669	4.309e-006	6.78932e-010	3.97055e-014	1.07416e-018	1.53727e-023	1.30653e-028	5.56957e-033	8.04381e-034	6.78047e-037	5.77268e-038	3.20255e-041	1.5026e-042	5.77808e-046	1.53058e-047	4.10706e-051	1.87277e-052	3.18842e-054	5.60237e-054	4.46076e-054	2.04138e-051	1.684e-052	1.54307e-051	2.56144e-053	1.36253e-053	3.04313e-057	6.79936e-059	8.21709e-062	1.30955e-061	1.70305e-061	
N28	3.97793e-025	2.18868e-025	3.47899e-022	1.04951e-017	1.84443e-013	1.64155e-009	6.11234e-006	0.00674344	0.978775	0.0144483	2.73076e-005	1.50373e-008	3.42612e-012	3.92329e-016	2.55337e-020	1.05809e-024	1.35197e-028	2.24132e-029	5.05437e-032	6.02362e-033	9.4202e-036	6.75665e-037	7.73887e-040	3.40606e-041	2.95698e-044	7.95775e-046	5.12821e-049	8.31071e-051	2.93791e-054	2.96929e-056	3.58554e-061	2.91885e-064	1.47436e-068	2.59512e-070	7.61491e-074	1.29633e-075	2.53438e-078	1.54076e-078	7.68144e-079	
Macrotermes_bellicosus	0	0	0	0	0	0	0	0	1	0	0	0	0	0	0	0	0	0	0	0	0	0	0	0	0	0	0	0	0	0	0	0	0	0	0	0	0	0	0	
N29	4.30725e-039	6.62948e-038	9.41859e-037	1.14648e-035	1.16296e-034	1.74126e-017	2.89482e-011	1.4902e-005	0.999955	2.97243e-005	1.14596e-010	1.36203e-016	1.19409e-035	6.60052e-037	3.03301e-038	1.41292e-039	2.69685e-040	3.64911e-039	3.76036e-039	5.2339e-038	5.41656e-038	6.45498e-037	6.71267e-037	6.66774e-036	6.95915e-036	5.5461e-035	5.67963e-035	3.41765e-034	2.93701e-034	1.18193e-033	1.73703e-034	1.92882e-034	1.93328e-035	1.79148e-035	1.34047e-036	1.25675e-036	4.37555e-037	3.46018e-036	2.48909e-035	
Microtermes_sp	0	0	0	0	0	0	0	0	1	0	0	0	0	0	0	0	0	0	0	0	0	0	0	0	0	0	0	0	0	0	0	0	0	0	0	0	0	0	0	
Protermes_sp	0	0	0	0	0	0	0	0	1	0	0	0	0	0	0	0	0	0	0	0	0	0	0	0	0	0	0	0	0	0	0	0	0	0	0	0	0	0	0	
Pseudacanthotermes_militaris	0	0	0	0	0	0	0	0	1	0	0	0	0	0	0	0	0	0	0	0	0	0	0	0	0	0	0	0	0	0	0	0	0	0	0	0	0	0	0	
N30	1.71544e-023	1.19858e-022	2.2494e-019	7.03659e-015	1.07115e-010	6.45063e-007	0.00102657	0.0961167	0.895841	0.00700774	7.51893e-006	2.38177e-009	3.11351e-013	2.02832e-017	7.42393e-022	2.05961e-026	3.25473e-030	4.57694e-032	2.05765e-035	1.80999e-037	5.09457e-038	8.61122e-037	3.76839e-038	2.07164e-038	6.69743e-040	2.56513e-040	6.20128e-042	1.6647e-042	1.89353e-044	3.71575e-045	6.66136e-048	2.67683e-049	3.36998e-052	8.1439e-054	7.38182e-057	1.47416e-058	4.42999e-061	1.19033e-061	3.00191e-062	
N31	3.95252e-023	1.78249e-023	2.87531e-020	9.77624e-016	1.73231e-011	1.30048e-007	0.000288217	0.0614172	0.928413	0.00986802	1.32849e-005	5.09777e-009	7.924e-013	6.0665e-017	2.59326e-021	2.60042e-024	7.30512e-027	1.29537e-027	2.34863e-030	2.26999e-031	2.69381e-034	1.50363e-035	1.09487e-038	3.73595e-040	1.26875e-043	2.84248e-045	1.45358e-049	2.19833e-051	3.38547e-056	2.81309e-058	1.65903e-063	1.69897e-066	7.22525e-072	3.28853e-075	1.00782e-080	2.9128e-084	5.12958e-089	6.75523e-091	7.10699e-093	
Coptotermes_acinaciformis	0	0	0	0	0	0	0	0	1	0	0	0	0	0	0	0	0	0	0	0	0	0	0	0	0	0	0	0	0	0	0	0	0	0	0	0	0	0	0	
N32	1.63449e-025	2.67907e-027	8.95747e-024	5.88389e-019	2.14891e-014	3.81828e-010	2.67418e-006	0.00500905	0.989698	0.00528698	3.68108e-006	7.61795e-010	6.61603e-014	2.91399e-018	7.34252e-023	2.84352e-027	7.50094e-031	4.76978e-033	1.27015e-036	4.45292e-039	7.75405e-043	1.5075e-045	1.77247e-049	1.89022e-052	1.47592e-056	8.29192e-060	4.15192e-064	4.13487e-066	4.3844e-068	1.53317e-065	9.07501e-065	3.52672e-063	3.26999e-063	9.95912e-063	3.46363e-066	2.07096e-068	4.27734e-071	2.77384e-072	1.4592e-073	
Reticulitermes_flavipes	0	0	0	0	0	0	0	0	1	0	0	0	0	0	0	0	0	0	0	0	0	0	0	0	0	0	0	0	0	0	0	0	0	0	0	0	0	0	0	
N33	1.92018e-032	2.35468e-034	8.90159e-030	5.52119e-024	1.90664e-018	3.25055e-013	2.25008e-008	0.000439571	0.99873	0.000830444	8.12965e-008	2.25812e-012	2.55321e-017	1.42716e-022	4.44293e-028	8.88935e-034	7.33204e-039	2.84779e-041	1.91458e-045	4.44537e-048	1.83817e-052	2.21816e-055	5.68992e-060	3.45567e-063	5.28784e-068	1.50645e-071	1.16355e-076	1.40156e-080	3.04653e-086	1.35707e-090	8.70269e-098	1.40293e-103	9.20536e-112	1.05725e-036	2.45074e-038	2.46955e-038	2.5771e-039	6.99346e-038	1.72686e-036	
Reticulitermes_lucifugus	0	0	0	0	0	0	0	0	1	0	0	0	0	0	0	0	0	0	0	0	0	0	0	0	0	0	0	0	0	0	0	0	0	0	0	0	0	0	0	
Reticulitermes_urbis	0	0	0	0	0	0	0	0	1	0	0	0	0	0	0	0	0	0	0	0	0	0	0	0	0	0	0	0	0	0	0	0	0	0	0	0	0	0	0	
Schedorhinotermes_lamanianus	0	0	0	0	0	0	1	0	0	0	0	0	0	0	0	0	0	0	0	0	0	0	0	0	0	0	0	0	0	0	0	0	0	0	0	0	0	0	0	
N34	2.65676e-019	4.64404e-019	6.0392e-015	1.23032e-010	7.78976e-007	0.000280924	0.0184678	0.308488	0.662724	0.0100186	1.96331e-005	8.33932e-009	1.20682e-012	8.74736e-016	4.44832e-018	1.42409e-020	1.17595e-022	2.03673e-022	9.65156e-022	1.12955e-019	4.93051e-019	1.83885e-017	1.30761e-017	6.87733e-017	1.50224e-017	3.4009e-017	2.67991e-018	3.50486e-018	1.05481e-019	8.52301e-020	7.85204e-022	2.52831e-022	1.53036e-024	2.88889e-025	1.21287e-027	1.13057e-028	4.08883e-031	1.00503e-031	6.46108e-032	
N35	2.64755e-020	4.19209e-019	2.86878e-015	6.71504e-011	4.66015e-007	0.000219448	0.0158881	0.296079	0.677042	0.0107502	2.09782e-005	8.9621e-009	1.26059e-012	3.49461e-016	9.59579e-019	3.275e-021	2.93352e-023	5.08052e-024	1.21273e-025	9.03482e-027	5.98725e-029	1.5127e-030	9.14845e-034	3.12717e-036	4.22157e-040	4.7778e-043	1.80824e-047	9.79217e-051	1.11341e-055	5.6617e-059	1.29051e-064	1.34073e-067	1.04781e-073	1.60795e-076	8.95257e-083	6.84434e-086	8.09184e-090	2.88051e-091	6.42361e-093	
N36	3.77575e-017	9.66847e-016	3.88496e-012	6.6351e-009	3.96852e-006	0.00063797	0.0174121	0.254361	0.70155	0.0258687	0.000166062	3.03915e-007	1.88469e-010	4.00709e-014	2.62494e-018	2.90131e-021	2.82212e-024	4.87886e-026	2.32549e-029	1.75625e-031	4.73104e-035	1.70782e-037	2.60915e-041	4.77046e-044	3.39761e-048	3.42562e-051	2.07827e-055	1.99253e-053	7.16509e-053	7.06233e-051	2.58634e-051	1.04912e-050	3.9376e-052	8.66513e-054	2.45756e-057	1.96779e-059	5.38124e-062	8.05035e-063	9.38793e-064	
N37	1.40367e-009	2.26195e-007	1.69004e-005	0.00060455	0.00949834	0.0496599	0.025793	0.165516	0.596817	0.14078	0.0109519	0.000357316	5.04415e-006	2.6084e-008	1.40615e-011	1.33447e-014	9.63077e-017	2.28095e-017	1.09016e-019	1.26845e-020	3.76927e-023	2.39207e-024	4.87991e-027	1.75979e-028	2.55245e-031	5.23979e-033	4.60037e-036	5.39914e-038	6.14832e-042	3.91965e-044	1.35758e-048	1.13501e-051	2.38113e-056	1.29238e-059	1.72024e-064	7.78235e-068	1.36382e-071	1.2559e-073	8.81206e-076	
Bifiditermes_improbus	0	0	0	0	0	1	0	0	0	0	0	0	0	0	0	0	0	0	0	0	0	0	0	0	0	0	0	0	0	0	0	0	0	0	0	0	0	0	0	
Neotermes_insularis	0	0	0	0	0	0	0	0	0	0	0	0	0	1	0	0	0	0	0	0	0	0	0	0	0	0	0	0	0	0	0	0	0	0	0	0	0	0	0	
N38	1.61895e-023	7.89028e-022	3.83035e-017	9.17111e-013	7.09849e-009	1.23065e-005	0.00313593	0.305744	0.684819	0.00628312	5.61768e-006	1.11079e-009	7.25233e-014	1.99449e-018	3.12278e-023	5.29125e-026	1.37369e-029	7.45037e-032	8.71468e-036	2.46271e-038	1.12904e-042	1.79871e-045	2.59157e-050	2.3715e-053	1.62489e-058	6.07131e-057	9.89144e-059	2.31027e-054	6.9181e-050	4.42219e-044	1.4819e-041	1.3097e-037	1.92501e-036	3.30065e-035	1.05637e-036	2.07008e-036	6.30491e-038	4.17779e-037	9.64322e-036	
N39	2.3936e-023	1.72253e-021	9.29035e-018	1.46662e-013	1.0727e-009	2.92641e-006	0.0022015	0.29	0.701857	0.00593179	6.68097e-006	2.17761e-009	2.90717e-013	1.93325e-017	7.29406e-022	4.3413e-025	6.4525e-028	3.00939e-029	2.95264e-032	7.45295e-034	4.88623e-037	6.92432e-039	2.78636e-042	2.35507e-044	4.28214e-048	2.48885e-050	2.57402e-054	1.01872e-056	1.88368e-061	4.00208e-064	2.49075e-069	8.75647e-073	3.58007e-078	5.40225e-082	1.3996e-087	1.48455e-091	2.33575e-096	6.30063e-099	1.32723e-101	
N40	2.22866e-020	1.62882e-018	8.77958e-015	5.715e-011	1.17299e-007	7.76643e-005	0.0140854	0.444101	0.540628	0.00110697	3.78579e-007	4.2185e-011	2.06391e-015	5.25503e-020	7.76968e-025	1.01042e-029	1.21912e-033	1.21674e-035	3.09111e-039	1.78172e-041	3.02281e-045	9.89805e-048	1.15536e-051	2.13223e-054	1.68625e-058	1.15951e-048	2.98627e-048	2.44636e-046	1.10783e-047	6.30627e-048	1.19923e-050	4.19365e-052	2.59948e-055	3.34431e-057	1.28281e-060	1.37331e-062	2.32e-065	4.33625e-066	7.06444e-067	
N41	4.74901e-018	6.23994e-014	1.72509e-009	8.03016e-007	0.000122095	0.00719165	0.151939	0.803087	0.0376485	1.12793e-005	8.79359e-010	2.83426e-014	4.68275e-019	4.49721e-024	2.72584e-029	1.14728e-034	1.81761e-039	3.07111e-041	7.56268e-045	9.39933e-047	1.68366e-050	1.29099e-052	1.72442e-056	8.10993e-059	8.02675e-063	2.27595e-065	1.47799e-069	2.52673e-072	6.20924e-077	6.94122e-080	8.89322e-086	9.33261e-090	7.68214e-096	3.18161e-100	1.61717e-106	4.22485e-111	6.34919e-117	4.32463e-120	2.4147e-123	
Cryptotermes_austrinus	0	0	0	0	0	0	0	1	0	0	0	0	0	0	0	0	0	0	0	0	0	0	0	0	0	0	0	0	0	0	0	0	0	0	0	0	0	0	0	
Cryptotermes_primus	0	0	1	0	0	0	0	0	0	0	0	0	0	0	0	0	0	0	0	0	0	0	0	0	0	0	0	0	0	0	0	0	0	0	0	0	0	0	0	
Cryptotermes_queenslandis	0	0	0	0	0	0	0	0	1	0	0	0	0	0	0	0	0	0	0	0	0	0	0	0	0	0	0	0	0	0	0	0	0	0	0	0	0	0	0	
Incisitermes_sp	0	0	0	0	0	0	0	0	1	0	0	0	0	0	0	0	0	0	0	0	0	0	0	0	0	0	0	0	0	0	0	0	0	0	0	0	0	0	0	
N42	6.60419e-020	3.91582e-019	2.00699e-015	2.28014e-011	5.76882e-008	3.10688e-005	0.0044421	0.43502	0.556473	0.00403336	7.46556e-007	2.00448e-011	1.12325e-016	2.02372e-022	1.45552e-028	2.03054e-034	3.66402e-037	1.19978e-037	3.76809e-038	1.37318e-036	1.37464e-036	4.06722e-035	3.76259e-035	8.89694e-034	5.90681e-034	1.21459e-032	5.61059e-033	1.01251e-031	2.19137e-032	3.41086e-031	1.17536e-032	3.12043e-032	8.75096e-034	1.0953e-033	2.41068e-035	2.45749e-035	1.90092e-036	5.41419e-035	1.48156e-033	
N43	3.38457e-016	5.18744e-015	1.04466e-012	3.68159e-009	2.51397e-006	0.000310484	0.0110402	0.444127	0.540533	0.00398533	1.32406e-006	9.33397e-011	1.32697e-015	4.90988e-021	8.60978e-027	5.61321e-030	8.78085e-033	1.05649e-035	1.00775e-038	1.92135e-041	1.17522e-044	8.29076e-045	3.26863e-048	1.51597e-048	3.76815e-052	6.55623e-053	7.63842e-057	5.91442e-058	2.50496e-063	1.39693e-064	4.33461e-071	2.46224e-073	5.40736e-080	2.01429e-083	2.48619e-090	4.01497e-094	2.28593e-101	2.42522e-105	7.66101e-104	
Cryptotermes_brevis	0	0	0	0	0	1	0	0	0	0	0	0	0	0	0	0	0	0	0	0	0	0	0	0	0	0	0	0	0	0	0	0	0	0	0	0	0	0	0	
N44	4.62466e-006	0.000144616	0.00167733	0.000717235	0.000130262	0.00155908	0.0435822	0.427708	0.4868	0.0368289	0.000841204	5.81794e-006	1.44639e-009	1.32708e-013	6.21898e-018	1.60347e-021	2.1699e-024	9.04109e-026	8.54471e-029	1.99645e-030	1.30187e-033	1.78846e-035	8.52369e-039	6.96078e-041	2.3951e-044	1.159e-046	2.28375e-050	6.69825e-053	1.85271e-057	2.93587e-060	2.60964e-065	5.04065e-069	2.62718e-074	3.61708e-078	1.18515e-083	1.40476e-087	8.75031e-092	2.11949e-094	3.80124e-097	
Cryptotermes_domesticus	0	0	1	0	0	0	0	0	0	0	0	0	0	0	0	0	0	0	0	0	0	0	0	0	0	0	0	0	0	0	0	0	0	0	0	0	0	0	0	
Procryptotermes_australiensis	0	0	0	0	0	0	0	0	0	0	0	1	0	0	0	0	0	0	0	0	0	0	0	0	0	0	0	0	0	0	0	0	0	0	0	0	0	0	0	
N45	6.1816e-021	2.3566e-019	4.31191e-017	2.25096e-013	1.97687e-009	3.93177e-006	0.00186979	0.430202	0.559097	0.00882263	4.35415e-006	5.13345e-010	2.25471e-014	7.30996e-019	9.24157e-022	2.21774e-022	3.40676e-025	3.73586e-026	2.01109e-029	1.26858e-030	1.95764e-034	8.05383e-036	3.23582e-040	8.935e-042	1.31877e-046	2.41623e-048	3.48729e-053	5.22765e-055	2.2199e-060	1.68688e-062	2.79534e-068	1.21269e-071	1.38894e-077	2.44588e-081	1.7728e-087	2.13466e-091	4.62937e-096	6.5619e-098	5.76039e-100	
Cryptotermes_cynocephalus	0	0	0	0	0	0	0	0	0	1	0	0	0	0	0	0	0	0	0	0	0	0	0	0	0	0	0	0	0	0	0	0	0	0	0	0	0	0	0	
N46	6.47473e-027	1.57326e-023	6.93684e-019	1.79589e-014	2.42943e-010	1.44471e-006	0.00277593	0.851262	0.145409	0.000550759	3.63998e-007	8.09037e-011	8.10806e-015	4.32907e-019	1.37135e-023	3.59854e-028	7.43499e-032	1.35213e-033	7.67114e-037	8.60125e-039	3.40877e-042	2.29941e-044	6.511e-048	2.67896e-050	5.294e-054	1.34338e-056	1.75408e-060	2.6492e-063	1.24438e-067	1.18562e-070	8.06576e-076	1.72407e-079	6.86083e-085	4.78725e-089	1.06883e-094	5.42827e-099	2.82139e-104	1.76862e-107	9.78054e-111	
Cryptotermes_dudleyi	0	0	0	0	0	0	0	1	0	0	0	0	0	0	0	0	0	0	0	0	0	0	0	0	0	0	0	0	0	0	0	0	0	0	0	0	0	0	0	
Cryptotermes_secundus	0	0	0	0	0	0	0	1	0	0	0	0	0	0	0	0	0	0	0	0	0	0	0	0	0	0	0	0	0	0	0	0	0	0	0	0	0	0	0	
N47	5.11807e-019	1.68068e-020	6.66706e-018	4.68422e-014	1.80521e-010	3.29041e-007	0.00022949	0.0425374	0.930999	0.0261222	0.000111341	1.48386e-007	8.52201e-011	2.55699e-014	5.20633e-018	2.18358e-020	4.02845e-023	5.32772e-025	6.44711e-028	4.78462e-030	3.99196e-033	1.72387e-035	9.97807e-039	2.55078e-041	9.26631e-045	1.4636e-047	2.91562e-051	2.89498e-054	2.46096e-058	1.38442e-061	5.26016e-066	1.10866e-069	2.4244e-074	3.79718e-078	5.31018e-083	7.68913e-087	9.90597e-091	9.05096e-094	6.50268e-097	
Glyptotermes_brevicornis	0	0	0	0	0	0	0	0	1	0	0	0	0	0	0	0	0	0	0	0	0	0	0	0	0	0	0	0	0	0	0	0	0	0	0	0	0	0	0	
Glyptotermes_iridipennis	0	0	0	0	0	0	0	0	1	0	0	0	0	0	0	0	0	0	0	0	0	0	0	0	0	0	0	0	0	0	0	0	0	0	0	0	0	0	0	
Kalotermes_flavicollis	0	0	0	0	0	0	0	0	0	0	0	0	0	0	0	0	0	0	0	0	0	1	0	0	0	0	0	0	0	0	0	0	0	0	0	0	0	0	0	
N48	0.000200164	0.00506224	0.0586295	0.247747	0.21232	0.0681181	0.0119207	0.0338699	0.168147	0.143093	0.0446641	0.00588914	0.000332804	6.95273e-006	2.23635e-008	3.07337e-011	4.28083e-014	3.68037e-015	3.25211e-017	2.72112e-018	1.52613e-020	7.19809e-022	2.81382e-024	7.83713e-026	2.23425e-028	3.71312e-030	7.38633e-033	7.23294e-035	7.42969e-038	4.39367e-040	1.11222e-043	2.60789e-046	4.0269e-050	5.5272e-053	5.67717e-057	5.10756e-060	6.00504e-064	2.06023e-066	9.86904e-069	
Stolotermes_sp	0	0	0	1	0	0	0	0	0	0	0	0	0	0	0	0	0	0	0	0	0	0	0	0	0	0	0	0	0	0	0	0	0	0	0	0	0	0	0	
N49	0.0121044	0.000856085	2.18305e-005	2.45091e-007	1.301e-009	3.35781e-012	6.39286e-015	5.03905e-013	4.98979e-010	2.02346e-007	3.50849e-005	0.00251955	0.0642683	0.888003	0.0296105	0.00256419	1.63223e-005	3.07811e-007	6.70008e-010	4.53324e-012	4.24968e-015	1.32084e-017	5.76355e-021	9.48366e-024	2.0219e-027	1.89188e-030	2.04319e-034	1.10093e-037	6.20304e-042	1.83514e-045	5.6095e-050	8.53914e-054	1.50459e-058	1.54801e-062	1.70968e-067	1.75001e-071	2.97811e-075	1.33109e-078	4.36091e-082	
Zootermopsis_angusticollis	0	0	0	0	0	0	0	0	0	0	0	0	0	1	0	0	0	0	0	0	0	0	0	0	0	0	0	0	0	0	0	0	0	0	0	0	0	0	0	
Zootermopsis_nevadensis	0	0	0	0	0	0	0	0	0	0	0	0	0	1	0	0	0	0	0	0	0	0	0	0	0	0	0	0	0	0	0	0	0	0	0	0	0	0	0	
N50	2.14027e-013	1.16903e-011	2.65148e-009	4.67896e-007	5.05673e-005	0.00282896	0.0628693	0.342243	0.402951	0.147809	0.0376558	0.00352583	6.57778e-005	3.31354e-007	1.09465e-009	3.54566e-012	1.26407e-013	6.77593e-013	8.64741e-014	3.32703e-013	3.55959e-014	9.29432e-014	7.71415e-015	1.37951e-014	6.34888e-016	8.43389e-016	1.27358e-017	1.31003e-017	8.0571e-020	5.80017e-020	1.63361e-022	5.54148e-023	1.41078e-025	5.1067e-026	2.50741e-028	6.08206e-029	1.76456e-031	5.21149e-032	3.83371e-032	
Mastotermes_darwiniensis	0	0	0	0	0	0	0	0	0	0	0	0	0	0	0	0	0	0	0	0	0	0	0	0	0	0	0	0	0	0	0	0	0	0	0	0	1	0	0	
Porotermes_adamsoni	0	0	0	0	0	0	0	1	0	0	0	0	0	0	0	0	0	0	0	0	0	0	0	0	0	0	0	0	0	0	0	0	0	0	0	0	0	0	0	
