NODE	13	14	15	16	17	18	19	20	21	22	23	24	25	26	27	28	29	30	31	32	33	34	35	36	37	38	39	40	41	42	43	44	45	46	47	48	49	50	51	
N1	3.69167e-017	5.05031e-012	6.66969e-009	3.93218e-006	0.000731417	0.0347273	0.334996	0.522063	0.101843	0.00554557	8.99302e-005	3.38526e-007	1.91898e-010	3.22009e-017	2.64675e-019	1.71212e-021	9.17072e-024	4.08088e-026	1.50274e-028	4.59123e-031	1.17319e-033	2.53265e-036	4.666e-039	7.40528e-042	1.02098e-044	1.23204e-047	1.3099e-050	1.23433e-053	1.03643e-056	7.79791e-060	5.30373e-063	3.34057e-066	2.09172e-069	1.48323e-072	1.24356e-075	1.04971e-078	7.45447e-082	4.09771e-085	1.82964e-088	
N2	4.93296e-012	1.06493e-009	3.3143e-007	4.70821e-005	0.0027791	0.0602174	0.383536	0.490294	0.0619071	0.00120315	1.59687e-005	1.07141e-007	2.86188e-010	3.28393e-013	1.80655e-016	6.6327e-020	8.26466e-023	6.20242e-024	1.81821e-026	7.32777e-028	1.2333e-030	2.60258e-032	2.32812e-035	2.80399e-037	1.10352e-040	8.10744e-043	1.24729e-046	5.36316e-049	3.72549e-053	8.03905e-056	3.48887e-060	4.20951e-063	1.21012e-067	7.39614e-071	1.45213e-075	4.33392e-079	6.31852e-084	3.89148e-087	8.74684e-090	
N3	2.69264e-015	4.33634e-013	7.0371e-010	5.21018e-007	0.000138012	0.0105641	0.194116	0.648398	0.145242	0.00153708	4.40897e-006	5.49552e-009	3.4533e-012	8.76438e-015	1.77181e-017	5.86013e-019	6.34581e-022	1.12799e-023	5.63647e-027	5.88913e-029	1.37518e-032	8.85631e-035	9.94324e-039	3.89419e-041	2.22246e-045	4.81301e-048	1.5607e-052	1.58287e-055	3.37177e-060	1.59286e-063	2.41804e-068	7.6373e-072	8.92804e-077	2.44714e-080	2.37504e-085	5.2332e-089	4.77469e-093	1.32339e-095	2.93359e-098	
N4	9.42819e-021	1.61917e-019	1.43169e-015	7.72243e-012	1.95248e-008	1.87849e-005	0.0049441	0.213816	0.775269	0.00594421	8.2513e-006	3.85205e-009	8.03516e-013	9.50482e-017	1.2802e-020	6.47032e-023	3.95807e-026	1.78095e-028	6.77796e-032	1.6249e-034	3.90854e-038	5.22073e-041	7.23237e-045	5.62412e-048	3.79394e-052	1.72955e-055	5.31758e-060	1.23489e-063	1.96416e-068	1.78601e-072	1.69455e-077	9.65593e-082	5.69578e-087	6.91653e-091	5.17727e-094	5.12055e-096	6.91091e-098	6.15867e-099	4.38222e-100	
N5	5.62587e-026	5.731e-026	3.72809e-021	1.72161e-016	3.91144e-012	3.61906e-008	9.90157e-005	0.0429077	0.952665	0.0043258	2.21505e-006	3.03604e-010	1.62091e-014	4.15643e-019	5.86604e-024	3.7625e-028	9.77335e-032	7.26126e-034	1.2851e-037	4.96973e-040	5.40281e-044	1.14018e-046	7.05704e-051	8.53294e-054	2.3807e-058	5.75854e-060	1.2315e-062	8.61217e-062	3.78264e-061	4.62824e-058	3.97649e-057	1.00432e-054	1.15431e-053	7.88398e-052	3.82832e-053	3.92905e-053	4.79799e-054	1.19084e-052	2.96623e-051	
N6	7.94623e-036	1.23119e-035	1.70974e-030	4.90052e-024	4.15661e-018	9.43752e-013	6.79343e-008	0.001053	0.998571	0.000375526	1.33086e-008	1.21979e-013	4.01886e-019	4.00684e-025	1.24613e-031	2.79888e-037	1.22321e-040	2.20792e-041	1.44291e-043	2.69338e-044	1.39298e-046	1.71192e-047	7.04921e-050	5.51484e-051	1.74117e-053	8.2213e-055	1.60664e-057	3.57717e-054	2.17822e-050	2.55299e-045	1.2709e-042	4.1766e-039	1.00436e-037	3.653e-036	1.58407e-037	1.54063e-037	1.53965e-038	2.69728e-037	5.31289e-036	
N7	1.50008e-038	1.1454e-036	3.93831e-030	7.21208e-024	5.95512e-018	2.02411e-012	2.00238e-007	0.00219097	0.997581	0.000227994	4.76982e-009	2.49683e-014	4.85034e-020	4.0051e-026	1.49529e-032	2.51532e-038	3.12696e-042	7.26899e-043	8.62243e-045	8.88663e-045	8.68173e-047	6.29789e-047	5.1997e-049	2.64142e-049	1.87536e-051	6.51078e-052	3.94509e-054	8.94516e-055	3.57691e-057	5.29328e-058	7.84308e-062	4.07122e-064	4.33215e-068	2.20193e-068	4.40083e-070	4.45763e-070	3.44535e-071	1.769e-069	8.22999e-068	
N8	1.24288e-032	1.03908e-032	3.50251e-027	8.94184e-022	1.24525e-016	8.30754e-012	2.14818e-007	0.00145425	0.997115	0.00143026	2.08842e-007	8.05002e-012	1.21217e-016	8.80573e-022	3.51127e-027	8.39903e-033	1.61883e-038	2.05666e-041	1.43701e-045	9.47263e-045	1.42146e-044	2.48239e-043	3.46184e-045	1.69062e-045	1.94444e-047	6.50114e-048	6.40826e-050	1.40786e-050	2.01978e-052	1.9476e-051	1.06946e-052	2.00218e-052	4.39432e-053	2.55399e-052	7.74069e-054	7.68194e-054	8.14529e-055	2.45601e-053	6.95072e-052	
N9	1.91991e-033	6.04748e-034	2.57897e-028	8.38374e-023	1.55048e-017	1.4541e-012	5.73689e-008	0.000672658	0.998601	0.000726587	6.69393e-008	1.83285e-012	2.11127e-017	1.23331e-022	4.09868e-028	8.38919e-034	1.24723e-039	2.61594e-043	9.30726e-048	9.06211e-051	1.99345e-055	1.02735e-058	1.40875e-063	3.72327e-067	3.12534e-072	3.92452e-076	1.89199e-081	9.73878e-086	2.13631e-091	3.3653e-096	2.77157e-103	1.26025e-109	8.95829e-118	4.38426e-036	2.01553e-037	1.94959e-037	2.29444e-038	3.62553e-037	6.16722e-036	
Amitermes_darwini	0	0	0	0	0	0	0	0	1	0	0	0	0	0	0	0	0	0	0	0	0	0	0	0	0	0	0	0	0	0	0	0	0	0	0	0	0	0	0	
Amitermes_germanus	0	0	0	0	0	0	0	0	1	0	0	0	0	0	0	0	0	0	0	0	0	0	0	0	0	0	0	0	0	0	0	0	0	0	0	0	0	0	0	
N10	1.69127e-032	3.85209e-031	7.18109e-026	1.00635e-020	7.82671e-016	2.99386e-011	4.62297e-007	0.00199564	0.995908	0.00209499	5.14627e-007	3.55161e-011	9.92186e-016	1.36546e-020	1.0437e-025	4.79899e-031	1.59064e-036	2.87217e-038	1.43494e-041	1.19494e-042	4.1308e-046	2.00754e-047	5.03423e-051	1.46823e-052	2.67304e-056	4.76971e-058	5.57808e-062	6.33232e-064	2.94688e-068	2.32807e-070	2.93117e-076	6.54165e-080	5.83208e-086	5.52964e-090	3.30768e-096	2.19263e-100	2.63786e-106	1.4477e-108	8.24194e-111	
Amitermes_parvus	0	0	0	0	0	0	0	0	1	0	0	0	0	0	0	0	0	0	0	0	0	0	0	0	0	0	0	0	0	0	0	0	0	0	0	0	0	0	0	
Drepanotermes_septentrionalis	0	0	0	0	0	0	0	0	1	0	0	0	0	0	0	0	0	0	0	0	0	0	0	0	0	0	0	0	0	0	0	0	0	0	0	0	0	0	0	
N11	5.52467e-034	1.37943e-032	1.63114e-028	2.29053e-022	1.29815e-016	2.19303e-011	9.71634e-007	0.00389097	0.9958	0.00030765	1.04948e-008	9.74002e-014	3.28261e-019	3.90201e-025	2.21988e-031	1.93288e-035	6.33411e-039	1.61803e-042	3.28687e-046	7.48591e-050	1.00514e-053	3.92929e-055	3.53347e-059	1.97403e-060	1.17189e-064	3.30728e-061	1.9277e-062	6.91986e-059	2.17395e-058	4.79667e-055	8.47988e-056	2.49505e-053	4.06635e-055	1.1601e-054	2.64971e-057	2.98604e-057	3.95923e-060	1.31893e-056	5.48769e-054	
N12	4.51418e-029	2.37898e-026	2.46759e-021	1.66253e-016	5.7959e-012	8.62656e-008	0.000369337	0.0521109	0.946775	0.000744303	1.10397e-007	5.82271e-012	1.43553e-016	1.92997e-021	1.56187e-026	8.15326e-032	3.21823e-037	1.82528e-039	6.1289e-043	1.94199e-044	4.6071e-048	8.93767e-050	1.56631e-053	1.88341e-055	2.5178e-059	1.85654e-061	1.92349e-065	8.36679e-068	5.98835e-072	1.46013e-074	2.67579e-080	1.82557e-084	1.91254e-090	9.17771e-095	5.88631e-101	2.29923e-105	6.27571e-111	1.19354e-113	1.84706e-116	
N13	3.53495e-033	2.24137e-033	4.59717e-028	2.59113e-022	6.54498e-017	6.67651e-012	2.2262e-007	0.00155698	0.998014	0.000428814	2.33194e-008	3.7405e-013	2.36295e-018	6.75031e-024	9.33699e-030	2.57148e-035	9.01217e-038	6.51826e-038	1.04626e-039	5.42436e-040	7.20397e-042	2.53541e-042	2.84296e-044	6.60903e-045	5.96303e-047	8.74234e-048	3.21291e-050	3.39873e-051	4.72999e-054	3.32997e-055	1.364e-058	8.7288e-061	2.15399e-064	1.10547e-066	1.81299e-070	8.23431e-073	4.9966e-076	5.11954e-077	4.59956e-078	
N14	1.12141e-038	8.10713e-039	2.9543e-032	7.05166e-026	8.28639e-020	4.31567e-014	7.9983e-009	0.000334504	0.999517	0.000148279	2.31038e-009	9.61852e-015	1.5449e-020	1.13103e-026	4.11394e-033	8.99435e-040	6.29313e-045	2.62056e-048	6.65076e-053	4.28214e-053	1.14294e-052	1.45973e-050	6.18088e-053	4.05904e-053	1.09528e-055	2.37513e-055	7.58035e-056	8.82576e-054	4.15589e-053	2.8014e-047	9.6382e-046	7.51585e-042	5.73542e-041	2.21001e-038	1.34817e-040	1.51203e-040	1.75162e-042	2.71481e-040	4.66023e-038	
N15	2.31989e-036	2.071e-036	2.02532e-030	1.49631e-024	6.24715e-019	1.31664e-013	1.16381e-008	0.000304706	0.999377	0.00031866	1.27541e-008	1.51481e-013	7.55674e-019	1.90504e-024	2.71593e-030	2.36055e-036	1.5132e-042	1.06108e-045	4.10783e-050	1.119e-052	2.66554e-057	3.81174e-060	5.64832e-065	4.1187e-068	3.72642e-073	1.28638e-076	6.67741e-082	9.43581e-086	2.202e-091	9.81022e-096	3.43547e-103	1.6829e-109	5.11023e-118	2.69031e-037	4.80049e-039	4.73536e-039	4.40224e-040	2.05044e-038	8.48198e-037	
Cubitermes_sp	0	0	0	0	0	0	0	0	1	0	0	0	0	0	0	0	0	0	0	0	0	0	0	0	0	0	0	0	0	0	0	0	0	0	0	0	0	0	0	
Ephelotermes_melachoma	0	0	0	0	0	0	0	0	1	0	0	0	0	0	0	0	0	0	0	0	0	0	0	0	0	0	0	0	0	0	0	0	0	0	0	0	0	0	0	
N16	3.39337e-036	1.26489e-035	1.03611e-029	6.15017e-024	1.99749e-018	3.20102e-013	2.12213e-008	0.000413447	0.999175	0.000411381	2.12568e-008	3.25811e-013	2.07519e-018	6.53168e-024	1.12473e-029	1.1274e-035	8.17618e-042	3.04454e-044	2.55534e-048	2.77296e-050	1.43243e-054	7.82003e-057	2.51419e-061	6.78154e-064	1.33091e-068	1.66304e-071	1.84932e-076	9.40762e-080	4.07967e-085	7.00778e-089	3.05602e-096	3.56756e-102	1.41037e-110	6.36853e-038	6.65449e-040	6.6026e-040	4.86926e-041	4.17405e-039	2.98423e-037	
Ephelotermes_taylori	0	0	0	0	0	0	0	0	1	0	0	0	0	0	0	0	0	0	0	0	0	0	0	0	0	0	0	0	0	0	0	0	0	0	0	0	0	0	0	
Macrognathotermes_sunteri	0	0	0	0	0	0	0	0	1	0	0	0	0	0	0	0	0	0	0	0	0	0	0	0	0	0	0	0	0	0	0	0	0	0	0	0	0	0	0	
Lophotermes_septentrionalis	0	0	0	0	0	0	0	0	1	0	0	0	0	0	0	0	0	0	0	0	0	0	0	0	0	0	0	0	0	0	0	0	0	0	0	0	0	0	0	
Procubitermes_sp	0	0	0	0	0	0	1	0	0	0	0	0	0	0	0	0	0	0	0	0	0	0	0	0	0	0	0	0	0	0	0	0	0	0	0	0	0	0	0	
N17	8.799e-034	5.89232e-035	4.24632e-029	2.08017e-023	5.35263e-018	6.61992e-013	3.36306e-008	0.000510931	0.998959	0.000530064	3.62468e-008	7.42223e-013	6.25077e-018	2.53309e-023	5.39784e-029	6.3527e-035	4.81576e-041	1.94609e-045	1.24566e-050	7.80484e-055	7.13159e-061	1.08776e-037	1.13852e-037	1.71591e-036	1.80918e-036	2.17693e-035	2.28915e-035	2.06399e-034	1.9138e-034	1.14502e-033	1.76366e-034	1.76123e-034	1.74916e-035	1.6396e-035	1.22029e-036	1.16006e-036	1.88435e-037	1.73693e-036	1.82815e-035	
Tuberculitermes_bycanistes	0	0	0	0	0	0	0	0	1	0	0	0	0	0	0	0	0	0	0	0	0	0	0	0	0	0	0	0	0	0	0	0	0	0	0	0	0	0	0	
Unguitermes_sp	0	0	0	0	0	0	0	0	1	0	0	0	0	0	0	0	0	0	0	0	0	0	0	0	0	0	0	0	0	0	0	0	0	0	0	0	0	0	0	
N18	2.12779e-036	3.26017e-038	1.2482e-031	4.67785e-025	5.79071e-019	2.38995e-013	3.12854e-008	0.000791403	0.998752	0.000456976	1.47543e-008	1.0273e-013	2.17354e-019	1.37061e-025	2.93791e-032	6.14484e-038	5.08711e-042	4.93489e-045	5.63524e-047	3.59769e-047	3.38068e-049	1.6523e-048	1.21177e-050	2.70176e-050	1.42586e-052	4.56105e-052	1.82654e-052	2.13048e-048	1.21181e-046	5.31358e-042	5.64291e-042	1.7415e-039	4.22345e-040	7.62164e-039	3.08416e-041	3.38986e-041	6.94565e-044	1.20314e-040	2.89121e-038	
N19	1.61779e-027	2.58771e-026	8.51881e-022	2.19707e-017	3.25999e-013	2.47194e-009	7.93768e-006	0.00766537	0.984217	0.00810127	8.8786e-006	2.93009e-009	4.09922e-013	2.93296e-017	1.20746e-021	3.10399e-026	6.01287e-031	8.34889e-033	8.72173e-036	5.52792e-037	4.00901e-040	1.5353e-041	8.16311e-045	1.92937e-046	7.82974e-050	1.13788e-051	3.61613e-055	3.12003e-057	7.12072e-061	3.41989e-063	3.0662e-068	6.02314e-072	3.02277e-077	4.62144e-081	1.45675e-086	1.8854e-090	2.21453e-095	9.14186e-098	3.2706e-100	
Crenetermes_albotarsalis	0	0	0	0	0	0	0	0	1	0	0	0	0	0	0	0	0	0	0	0	0	0	0	0	0	0	0	0	0	0	0	0	0	0	0	0	0	0	0	
Thoracotermes_macrothorax	0	0	0	0	0	0	0	0	1	0	0	0	0	0	0	0	0	0	0	0	0	0	0	0	0	0	0	0	0	0	0	0	0	0	0	0	0	0	0	
N20	9.38435e-031	1.23352e-030	2.56645e-025	3.41875e-020	2.18907e-015	6.30474e-011	7.17199e-007	0.00238174	0.995331	0.00228586	6.81879e-007	6.06365e-011	2.11274e-015	3.29559e-020	2.44316e-025	1.1025e-030	4.93846e-034	7.90912e-037	7.00629e-040	7.62812e-041	4.68768e-044	6.85124e-045	3.08354e-048	2.32515e-049	7.95525e-053	3.25462e-054	8.37248e-058	1.94271e-059	2.54218e-063	3.89193e-065	3.45127e-070	4.94775e-070	9.78587e-071	1.58413e-069	1.47653e-071	1.54901e-071	7.59736e-073	1.23613e-070	1.45856e-068	
N21	7.34722e-034	8.93609e-035	3.51996e-029	2.06472e-023	5.80815e-018	7.34728e-013	3.64915e-008	0.00053606	0.998877	0.000587051	4.3673e-008	9.59433e-013	8.29136e-018	3.22984e-023	6.05809e-029	1.01543e-034	2.1455e-038	5.82844e-040	4.83032e-042	7.62779e-043	5.02434e-045	5.34446e-046	2.79126e-048	1.94078e-049	7.9722e-052	3.41929e-053	1.06645e-055	2.53912e-057	5.09194e-060	5.37806e-062	1.05482e-065	9.78855e-069	4.52403e-073	1.69365e-035	1.25408e-036	1.19224e-036	1.81484e-037	1.66129e-036	1.78839e-035	
N22	1.96836e-038	4.4528e-039	1.36861e-032	2.90841e-026	3.16083e-020	1.60204e-014	3.1893e-009	0.000172398	0.999633	0.000194488	4.01058e-009	2.23296e-014	4.8726e-020	4.96276e-026	2.59098e-032	7.6765e-039	2.66062e-044	3.50889e-048	1.36993e-052	8.13096e-055	1.94146e-059	8.34188e-062	1.20979e-066	2.44003e-069	1.97885e-074	1.84742e-077	6.53273e-083	2.73653e-086	2.18493e-092	3.6896e-096	3.53722e-104	5.864e-110	6.41879e-119	3.5485e-038	2.47792e-040	2.80876e-040	3.20887e-042	3.86203e-040	5.82685e-038	
Microcerotermes_boreus	0	0	0	0	0	0	0	0	1	0	0	0	0	0	0	0	0	0	0	0	0	0	0	0	0	0	0	0	0	0	0	0	0	0	0	0	0	0	0	
Pericapritermes_sp	0	0	0	0	0	0	0	0	1	0	0	0	0	0	0	0	0	0	0	0	0	0	0	0	0	0	0	0	0	0	0	0	0	0	0	0	0	0	0	
Microcerotermes_nervosus	0	0	0	0	0	0	0	0	1	0	0	0	0	0	0	0	0	0	0	0	0	0	0	0	0	0	0	0	0	0	0	0	0	0	0	0	0	0	0	
N23	2.49323e-034	1.49194e-035	1.25948e-029	8.80078e-024	2.94249e-018	4.41672e-013	2.59902e-008	0.000452718	0.999051	0.000496079	3.11472e-008	5.78008e-013	4.21336e-018	1.38216e-023	2.17832e-029	1.98525e-035	1.39335e-039	2.82628e-041	1.70954e-043	2.0289e-044	9.77917e-047	7.84899e-048	3.01676e-050	1.9238e-051	3.53626e-052	4.49921e-051	4.73065e-051	4.57688e-050	4.33401e-050	1.79143e-048	3.82528e-045	3.75472e-041	1.51759e-038	1.50871e-035	1.08801e-036	1.03558e-036	1.54878e-037	1.46199e-036	1.61653e-035	
N24	4.154e-038	1.10699e-038	3.0652e-032	5.65487e-026	5.24107e-020	2.24572e-014	3.81607e-009	0.00018223	0.999614	0.00020365	4.72483e-009	3.06649e-014	7.88676e-020	9.39292e-026	5.63598e-032	1.85471e-038	7.21902e-044	1.11209e-047	4.92995e-052	3.42484e-054	9.32971e-059	4.46246e-061	7.50168e-066	1.63606e-068	1.61237e-073	1.56565e-076	7.46077e-082	3.09641e-085	3.91684e-091	6.29589e-095	8.17461e-103	1.09561e-108	1.56441e-117	3.51314e-038	2.68093e-040	2.81864e-040	5.10851e-042	6.70628e-040	8.46068e-038	
Nasutitermes_graveolus	0	0	0	0	0	0	0	0	1	0	0	0	0	0	0	0	0	0	0	0	0	0	0	0	0	0	0	0	0	0	0	0	0	0	0	0	0	0	0	
Nasutitermes_triodiae	0	0	0	0	0	0	0	0	1	0	0	0	0	0	0	0	0	0	0	0	0	0	0	0	0	0	0	0	0	0	0	0	0	0	0	0	0	0	0	
N25	1.44783e-040	2.75546e-041	1.64688e-034	6.61019e-028	1.38045e-021	1.37468e-015	5.57881e-010	6.6926e-005	0.99986	7.30917e-005	6.6472e-010	1.78549e-015	1.95323e-021	1.01839e-027	2.7617e-034	4.06217e-041	3.63728e-048	2.86267e-052	1.02572e-057	1.78093e-061	8.9716e-068	5.07061e-041	5.123e-041	3.68876e-039	3.72968e-039	2.13284e-037	2.12032e-037	9.12011e-036	7.39813e-036	2.29579e-034	6.86278e-036	8.5799e-036	1.86101e-037	1.87409e-037	3.0587e-039	3.02453e-039	2.0546e-040	1.08018e-038	5.26732e-037	
Nasutitermes_longipennis	0	0	0	0	0	0	0	0	1	0	0	0	0	0	0	0	0	0	0	0	0	0	0	0	0	0	0	0	0	0	0	0	0	0	0	0	0	0	0	
Tumulitermes_pastinator	0	0	0	0	0	0	0	0	1	0	0	0	0	0	0	0	0	0	0	0	0	0	0	0	0	0	0	0	0	0	0	0	0	0	0	0	0	0	0	
N26	2.75028e-025	4.86036e-024	1.00956e-019	1.60029e-015	1.38853e-011	5.71752e-008	8.86738e-005	0.0334364	0.955496	0.0109624	1.68801e-005	7.71027e-009	1.46991e-012	1.41476e-016	7.7571e-021	2.73572e-025	2.87698e-029	3.00615e-030	4.25543e-033	3.13428e-034	3.06659e-037	1.31945e-038	9.30501e-042	2.37573e-043	1.15784e-046	1.78509e-048	4.43905e-052	4.43841e-054	2.41961e-058	1.56861e-060	1.59385e-065	6.46221e-069	4.25709e-074	9.72375e-078	4.15065e-083	7.47741e-087	7.35709e-092	4.39732e-094	2.64127e-096	
Macrotermes_bellicosus	0	0	0	0	0	0	0	0	1	0	0	0	0	0	0	0	0	0	0	0	0	0	0	0	0	0	0	0	0	0	0	0	0	0	0	0	0	0	0	
N27	2.32532e-026	3.19834e-026	1.11725e-021	3.02341e-017	4.61982e-013	3.50703e-009	1.08122e-005	0.00941227	0.982709	0.00785964	8.1368e-006	2.48687e-009	3.17569e-013	2.05414e-017	7.60701e-022	1.77579e-026	3.66745e-031	9.26088e-034	2.80104e-037	1.49674e-039	3.11895e-043	9.87849e-046	1.49138e-049	2.83705e-052	3.18163e-056	3.59936e-059	2.8225e-063	1.87455e-066	1.23663e-070	2.02305e-072	1.30057e-075	7.79601e-078	3.211e-081	1.33584e-083	3.69099e-087	1.32616e-089	5.60577e-093	1.77095e-094	6.96175e-096	
N28	3.53614e-039	1.08671e-039	2.55293e-034	2.18276e-027	5.38775e-021	4.5261e-015	1.22321e-009	9.84559e-005	0.999798	0.000103618	1.36063e-009	5.33857e-015	6.75571e-021	2.91543e-027	3.63809e-034	5.58271e-040	1.92208e-041	7.36786e-041	7.53978e-041	1.94582e-039	2.01118e-039	4.41476e-038	4.58478e-038	8.31624e-037	8.64578e-037	1.24508e-035	1.24585e-035	1.35006e-034	1.02868e-034	7.99432e-034	9.53122e-035	1.18978e-034	1.00467e-035	9.89945e-036	6.28444e-037	6.03222e-037	6.72276e-038	6.93568e-037	9.29719e-036	
Microtermes_sp	0	0	0	0	0	0	0	0	1	0	0	0	0	0	0	0	0	0	0	0	0	0	0	0	0	0	0	0	0	0	0	0	0	0	0	0	0	0	0	
Protermes_sp	0	0	0	0	0	0	0	0	1	0	0	0	0	0	0	0	0	0	0	0	0	0	0	0	0	0	0	0	0	0	0	0	0	0	0	0	0	0	0	
N29	6.23004e-030	1.29408e-029	1.40018e-024	1.16246e-019	5.4475e-015	1.2687e-010	1.20016e-006	0.00319531	0.993594	0.00320781	1.24032e-006	1.36753e-010	6.17258e-015	1.39185e-019	1.77786e-024	1.40596e-029	8.4491e-035	1.56446e-037	3.12008e-041	2.33551e-043	3.1776e-047	1.3958e-049	1.35187e-053	3.52391e-056	2.43815e-060	3.76269e-063	1.6734e-067	1.54258e-070	2.88377e-075	1.65964e-078	3.03918e-084	1.6862e-088	1.92308e-094	4.88666e-099	3.40166e-105	5.89127e-110	4.57186e-116	1.01709e-119	3.21397e-123	
Odontotermes_sp	0	0	0	0	0	0	0	0	1	0	0	0	0	0	0	0	0	0	0	0	0	0	0	0	0	0	0	0	0	0	0	0	0	0	0	0	0	0	0	
Pseudacanthotermes_militaris	0	0	0	0	0	0	0	0	1	0	0	0	0	0	0	0	0	0	0	0	0	0	0	0	0	0	0	0	0	0	0	0	0	0	0	0	0	0	0	
N30	1.50787e-022	4.46493e-021	8.36361e-017	9.85249e-013	5.59772e-009	1.23717e-005	0.00703399	0.238633	0.750545	0.00377228	3.11625e-006	8.33923e-010	9.78516e-014	5.98505e-018	2.13437e-022	5.34135e-027	3.42795e-031	2.37309e-033	7.47732e-037	3.65214e-039	7.82458e-043	2.19591e-045	3.29615e-049	5.34778e-052	5.38645e-056	4.8261e-056	8.95572e-058	1.11096e-056	3.51725e-056	1.34637e-054	6.48992e-055	1.70062e-054	1.38051e-055	3.42853e-056	3.98961e-059	6.14477e-061	1.31208e-063	2.2136e-064	4.2683e-065	
N31	6.65927e-024	7.21713e-023	1.97267e-018	3.86114e-014	3.78623e-010	1.51938e-006	0.0016955	0.147097	0.845534	0.00566596	5.20018e-006	1.413e-009	1.59449e-013	9.04197e-018	2.92169e-022	1.75279e-025	2.42104e-028	1.88258e-029	1.64905e-032	7.11976e-034	3.8532e-037	9.86904e-039	2.9685e-042	4.8132e-044	5.96177e-048	6.48984e-050	1.26597e-054	7.51645e-057	5.93049e-062	1.32775e-064	6.26028e-070	2.34591e-073	7.8005e-079	1.45983e-082	3.39094e-088	4.35596e-092	3.62965e-097	2.16139e-099	1.1315e-101	
Coptotermes_acinaciformis	0	0	0	0	0	0	0	0	1	0	0	0	0	0	0	0	0	0	0	0	0	0	0	0	0	0	0	0	0	0	0	0	0	0	0	0	0	0	0	
N32	3.51594e-029	8.32369e-030	1.63494e-024	2.19151e-019	1.433e-014	4.02555e-010	3.85663e-006	0.00772619	0.990177	0.00209225	5.00558e-007	3.27066e-011	8.41619e-016	1.01829e-020	6.39692e-026	2.81433e-031	2.40254e-035	1.03916e-035	2.10305e-037	8.47212e-038	1.42116e-039	3.91144e-040	5.52438e-042	1.01585e-042	1.14154e-044	1.35554e-045	7.9267e-048	6.44001e-049	1.2e-051	5.39705e-053	4.47314e-056	4.07909e-058	2.15368e-061	1.39565e-063	4.93412e-067	2.76539e-069	2.35344e-072	1.71137e-073	1.23153e-074	
Reticulitermes_flavipes	0	0	0	0	0	0	0	0	1	0	0	0	0	0	0	0	0	0	0	0	0	0	0	0	0	0	0	0	0	0	0	0	0	0	0	0	0	0	0	
N33	3.01248e-032	3.80387e-031	1.03649e-025	1.96848e-020	1.93579e-015	8.65715e-011	1.38158e-006	0.0048464	0.993332	0.00181998	3.41103e-007	1.68437e-011	3.2305e-016	2.92532e-021	1.39424e-026	3.78972e-032	3.1273e-037	1.07061e-038	3.1963e-042	1.45481e-043	2.84494e-047	7.11458e-049	8.88298e-053	1.29972e-054	8.9822e-059	8.3011e-061	2.233e-065	1.409e-067	6.52518e-073	2.76174e-075	1.48214e-081	2.95159e-085	1.11579e-091	6.99516e-096	1.77629e-102	5.9305e-107	1.4331e-113	2.00051e-116	4.83529e-119	
Reticulitermes_lucifugus	0	0	0	0	0	0	0	0	1	0	0	0	0	0	0	0	0	0	0	0	0	0	0	0	0	0	0	0	0	0	0	0	0	0	0	0	0	0	0	
Reticulitermes_urbis	0	0	0	0	0	0	0	0	1	0	0	0	0	0	0	0	0	0	0	0	0	0	0	0	0	0	0	0	0	0	0	0	0	0	0	0	0	0	0	
Schedorhinotermes_lamanianus	0	0	0	0	0	0	1	0	0	0	0	0	0	0	0	0	0	0	0	0	0	0	0	0	0	0	0	0	0	0	0	0	0	0	0	0	0	0	0	
N34	7.0735e-017	2.2995e-014	1.21105e-010	3.00106e-007	0.00020986	0.0115989	0.168077	0.69488	0.124327	0.000905185	1.23116e-006	5.40405e-010	1.03332e-013	1.45502e-017	6.26131e-021	6.04805e-023	5.92144e-025	6.60458e-026	2.93616e-028	1.20042e-029	2.24156e-032	3.42949e-034	2.4772e-037	1.56454e-039	4.12379e-043	5.52928e-044	7.47672e-045	5.73918e-044	8.21276e-045	7.68937e-045	3.34858e-047	1.08408e-048	1.89102e-051	3.30067e-053	3.50825e-056	5.23891e-058	1.84523e-060	3.67579e-061	6.91158e-062	
N35	7.69706e-017	5.73659e-013	2.39561e-009	3.78233e-006	0.00139294	0.0288538	0.212578	0.685682	0.07117	0.00031911	2.85714e-007	8.86636e-011	8.66829e-014	7.54997e-016	4.17023e-018	1.66752e-020	5.03318e-022	2.97113e-021	2.2311e-022	5.40503e-022	1.53965e-023	9.82464e-024	3.90677e-026	3.62745e-027	3.03476e-030	1.82973e-025	4.56065e-025	5.47656e-023	8.03647e-024	1.02038e-022	1.05824e-024	8.36816e-025	8.07915e-027	1.30388e-027	2.23909e-030	1.58078e-031	2.57537e-034	2.14591e-034	4.44145e-034	
N36	2.03253e-014	5.72365e-011	6.20223e-008	2.21671e-005	0.00203431	0.0283787	0.159106	0.720904	0.0884048	0.00114679	3.54062e-006	3.51247e-009	1.24987e-012	1.63358e-016	1.50859e-020	3.20038e-022	2.26868e-025	3.3049e-027	2.87585e-030	1.17621e-032	1.11989e-035	4.79319e-038	3.93079e-040	2.81055e-041	7.35658e-044	2.80227e-045	2.71528e-048	8.84998e-050	3.99453e-053	9.43727e-055	2.7537e-058	2.43348e-060	4.88625e-064	2.9969e-066	4.19253e-070	2.38312e-072	5.18148e-074	8.21404e-075	8.69079e-076	
N37	5.16936e-010	1.16364e-007	1.12823e-005	0.000477472	0.00778567	0.0367078	0.137133	0.672239	0.138478	0.00703052	0.000136539	1.17357e-006	4.50698e-009	6.72457e-012	2.39096e-015	6.73821e-016	8.93061e-018	7.63559e-018	5.17056e-020	2.02132e-020	7.77551e-023	1.57789e-023	2.83053e-026	3.42005e-027	1.78537e-030	1.43324e-031	1.27828e-035	5.44115e-037	1.52862e-041	6.52191e-044	1.29298e-048	1.69775e-051	2.22303e-056	1.87563e-059	1.61373e-064	1.10002e-067	7.07222e-071	3.8191e-072	1.50437e-073	
Bifiditermes_improbus	0	0	0	0	0	1	0	0	0	0	0	0	0	0	0	0	0	0	0	0	0	0	0	0	0	0	0	0	0	0	0	0	0	0	0	0	0	0	0	
Neotermes_insularis	0	0	0	0	0	0	0	0	0	0	0	0	0	1	0	0	0	0	0	0	0	0	0	0	0	0	0	0	0	0	0	0	0	0	0	0	0	0	0	
N38	9.4656e-020	1.24704e-016	2.43006e-012	2.04893e-008	4.11469e-005	0.00997165	0.183321	0.764907	0.0416722	8.63196e-005	1.89573e-008	1.15436e-012	2.79786e-017	3.63165e-022	7.94139e-027	1.34845e-029	1.09679e-033	1.13153e-036	1.42069e-040	9.96739e-040	8.28512e-041	1.68731e-041	3.09155e-044	2.07994e-045	2.75046e-048	1.52039e-049	2.59389e-052	1.53815e-053	1.16896e-056	3.30486e-058	1.61004e-061	1.77655e-063	6.38267e-067	4.01543e-069	1.05784e-072	4.8746e-075	2.38346e-078	1.45217e-079	1.01019e-080	
N39	1.29679e-016	7.91786e-013	2.58235e-009	3.1609e-006	0.0012287	0.110798	0.532394	0.349839	0.00572809	8.70404e-006	3.82103e-009	7.01729e-013	6.55624e-017	3.5221e-021	1.18349e-025	4.12559e-030	1.44838e-033	4.32404e-035	2.80166e-038	5.10264e-040	2.3668e-043	2.61658e-045	8.62139e-049	5.93458e-051	1.31438e-054	5.73542e-057	7.33121e-061	1.98222e-063	3.08768e-068	2.82794e-071	2.31795e-076	4.00089e-080	2.04816e-085	2.04427e-089	6.45915e-095	5.11947e-099	5.52152e-104	9.64679e-107	1.44695e-109	
N40	1.90211e-013	3.04789e-010	1.79049e-006	0.000277401	0.0123605	0.170143	0.53881	0.275819	0.00258663	1.0062e-006	1.15244e-010	5.77916e-015	1.53709e-019	2.4502e-024	3.0718e-029	4.021e-032	8.1718e-036	2.95715e-038	4.07155e-042	8.21804e-045	7.79946e-049	8.66766e-052	5.14877e-056	3.06866e-059	6.03426e-064	2.05736e-067	4.75721e-072	4.82561e-070	1.08369e-069	2.46108e-068	1.5668e-068	6.22976e-068	4.64769e-069	6.12258e-071	1.85604e-074	1.14437e-076	8.735e-079	9.92226e-080	8.68945e-081	
N41	1.01272e-020	1.72778e-018	6.07242e-014	4.26986e-010	8.25761e-007	0.000432802	0.0485722	0.893691	0.0572887	1.48895e-005	9.61199e-010	2.8163e-014	1.12107e-016	1.80196e-018	5.43308e-022	3.47316e-024	5.31383e-028	1.51781e-030	3.191e-035	4.6694e-038	3.6842e-043	2.71734e-046	1.06687e-051	3.61348e-055	8.21999e-061	1.04922e-064	1.55173e-070	7.64996e-075	7.34912e-081	1.75119e-085	1.01427e-091	1.72245e-096	6.16977e-103	8.10994e-108	3.0985e-114	8.08061e-118	3.66812e-121	1.20984e-124	2.68e-128	
Cryptotermes_austrinus	0	0	0	0	0	0	0	1	0	0	0	0	0	0	0	0	0	0	0	0	0	0	0	0	0	0	0	0	0	0	0	0	0	0	0	0	0	0	0	
Cryptotermes_queenslandis	0	0	0	0	0	0	0	0	1	0	0	0	0	0	0	0	0	0	0	0	0	0	0	0	0	0	0	0	0	0	0	0	0	0	0	0	0	0	0	
Cryptotermes_primus	0	0	1	0	0	0	0	0	0	0	0	0	0	0	0	0	0	0	0	0	0	0	0	0	0	0	0	0	0	0	0	0	0	0	0	0	0	0	0	
Cryptotermes_brevis	0	0	0	0	0	1	0	0	0	0	0	0	0	0	0	0	0	0	0	0	0	0	0	0	0	0	0	0	0	0	0	0	0	0	0	0	0	0	0	
N42	3.27184e-018	3.86486e-016	9.01385e-014	1.06881e-009	5.03105e-006	0.00320763	0.129136	0.807218	0.0601946	0.000238826	6.68224e-008	4.85286e-012	1.3679e-016	1.23108e-020	1.18068e-023	1.03576e-024	5.58893e-028	2.30669e-029	5.55876e-033	1.24116e-034	9.78947e-039	1.33107e-040	1.90552e-045	1.56349e-047	4.60847e-053	3.86389e-046	1.54065e-049	5.4878e-050	1.56518e-053	5.37641e-054	3.31287e-056	1.7425e-056	2.55716e-059	1.5741e-060	2.92679e-064	4.26588e-066	1.60945e-067	2.6965e-067	3.27518e-067	
N43	5.91772e-013	9.0207e-013	4.76866e-012	2.87585e-009	3.96173e-006	0.00164059	0.0899642	0.720037	0.183506	0.00484041	7.22796e-006	2.7829e-009	4.16983e-013	3.08062e-017	3.72436e-021	4.39309e-022	8.0885e-025	6.47833e-026	7.14257e-029	2.86794e-030	1.94623e-033	4.10654e-035	1.25577e-038	1.5526e-040	8.60915e-045	6.40209e-047	1.25403e-051	4.80462e-054	3.68797e-059	1.34454e-062	6.60862e-068	1.16422e-071	3.545e-077	4.61628e-081	9.03373e-087	1.00022e-090	3.26204e-094	1.6531e-096	5.90636e-099	
Cryptotermes_cynocephalus	0	0	0	0	0	0	0	0	0	1	0	0	0	0	0	0	0	0	0	0	0	0	0	0	0	0	0	0	0	0	0	0	0	0	0	0	0	0	0	
N44	4.53264e-009	2.81893e-008	7.42685e-008	2.768e-006	0.000288554	0.0115996	0.16722	0.635102	0.181479	0.00429093	1.77216e-005	1.62112e-008	2.25854e-012	1.21547e-016	3.33765e-021	7.54334e-026	9.90766e-030	9.14979e-032	2.44567e-035	1.29248e-037	2.31977e-041	6.82695e-044	8.3922e-048	1.37294e-050	1.00501e-054	1.04514e-057	5.88513e-061	5.78586e-062	7.21801e-065	3.17657e-066	2.56125e-067	3.50421e-066	9.58486e-067	1.48896e-066	2.67718e-069	3.61841e-071	3.6004e-074	3.89449e-075	4.72611e-076	
Cryptotermes_domesticus	0	0	1	0	0	0	0	0	0	0	0	0	0	0	0	0	0	0	0	0	0	0	0	0	0	0	0	0	0	0	0	0	0	0	0	0	0	0	0	
N45	5.96905e-012	1.02852e-012	1.53866e-011	6.85257e-011	9.78252e-010	1.09636e-006	0.000450281	0.0474929	0.80305	0.143013	0.00592948	6.27007e-005	3.20602e-008	2.16368e-009	3.11367e-012	8.00709e-014	4.66742e-017	4.53939e-019	4.73257e-023	2.32042e-025	8.37512e-030	2.20918e-032	3.60697e-037	5.07272e-040	4.35609e-045	3.01934e-048	1.51158e-053	4.28584e-057	1.3459e-062	1.0813e-066	2.06561e-072	9.70948e-077	1.12585e-082	3.8824e-087	2.87096e-093	1.60006e-097	9.86003e-101	8.15541e-104	4.56747e-107	
Incisitermes_sp	0	0	0	0	0	0	0	0	1	0	0	0	0	0	0	0	0	0	0	0	0	0	0	0	0	0	0	0	0	0	0	0	0	0	0	0	0	0	0	
Procryptotermes_australiensis	0	0	0	0	0	0	0	0	0	0	0	1	0	0	0	0	0	0	0	0	0	0	0	0	0	0	0	0	0	0	0	0	0	0	0	0	0	0	0	
N46	9.49405e-026	2.85877e-021	7.08143e-017	9.67373e-013	6.35878e-009	1.62672e-005	0.0112341	0.980201	0.00853881	9.62733e-006	3.12703e-009	4.16344e-013	2.76949e-017	1.04618e-021	2.52334e-026	4.73366e-030	1.09156e-033	2.75929e-036	4.56055e-040	6.48355e-043	7.50077e-047	6.03908e-050	4.81319e-054	2.15928e-057	9.23867e-062	2.44004e-065	4.77746e-070	7.15305e-074	5.33581e-079	2.71689e-083	1.1589e-088	2.83765e-093	6.95022e-099	1.22318e-103	1.82604e-109	2.6067e-114	2.15548e-119	2.55648e-123	2.33155e-127	
Cryptotermes_dudleyi	0	0	0	0	0	0	0	1	0	0	0	0	0	0	0	0	0	0	0	0	0	0	0	0	0	0	0	0	0	0	0	0	0	0	0	0	0	0	0	
Cryptotermes_secundus	0	0	0	0	0	0	0	1	0	0	0	0	0	0	0	0	0	0	0	0	0	0	0	0	0	0	0	0	0	0	0	0	0	0	0	0	0	0	0	
Kalotermes_flavicollis	0	0	0	0	0	0	0	0	0	0	0	0	0	0	0	0	0	0	0	0	0	1	0	0	0	0	0	0	0	0	0	0	0	0	0	0	0	0	0	
N47	2.96633e-016	1.41975e-015	2.25643e-012	2.51338e-009	1.34978e-006	0.000288168	0.0200417	0.341716	0.613352	0.0244094	0.000191697	5.22931e-007	6.50094e-010	4.68317e-013	4.37417e-016	1.98458e-017	8.70227e-020	3.23282e-021	9.10609e-024	1.79517e-025	3.29476e-028	3.51444e-030	3.27301e-033	2.0864e-035	9.58727e-039	3.75127e-041	9.19012e-045	2.09223e-047	2.5113e-051	1.94643e-054	1.41923e-058	6.97254e-062	3.22111e-066	1.28008e-069	4.02015e-074	1.52145e-077	8.22937e-081	3.01509e-083	8.67346e-086	
Glyptotermes_brevicornis	0	0	0	0	0	0	0	0	1	0	0	0	0	0	0	0	0	0	0	0	0	0	0	0	0	0	0	0	0	0	0	0	0	0	0	0	0	0	0	
Glyptotermes_iridipennis	0	0	0	0	0	0	0	0	1	0	0	0	0	0	0	0	0	0	0	0	0	0	0	0	0	0	0	0	0	0	0	0	0	0	0	0	0	0	0	
N48	0.0188207	0.129601	0.391707	0.402368	0.0463593	0.00188256	0.000452622	0.00198848	0.00351563	0.00242825	0.000756022	0.000112803	7.81661e-006	2.04282e-007	3.58688e-010	3.00751e-013	2.9319e-016	3.9201e-018	8.5679e-021	8.50198e-023	1.18316e-025	6.51957e-028	6.2799e-031	2.00924e-033	1.3594e-036	2.5373e-039	1.09594e-042	1.16667e-045	2.46395e-049	1.40284e-052	1.62847e-056	4.93391e-060	3.46321e-064	7.55892e-068	3.47937e-072	6.38969e-076	4.34983e-080	2.7735e-083	2.02745e-086	
Stolotermes_sp	0	0	0	1	0	0	0	0	0	0	0	0	0	0	0	0	0	0	0	0	0	0	0	0	0	0	0	0	0	0	0	0	0	0	0	0	0	0	0	
N49	0.0254621	0.00177145	3.79925e-005	2.82602e-007	6.03381e-010	4.72746e-013	1.39581e-014	6.02225e-012	1.54228e-009	1.91888e-007	1.14348e-005	0.000302875	0.00464949	0.936353	0.0287794	0.00262274	9.23037e-006	1.67352e-007	1.69288e-010	1.04343e-012	2.49053e-016	6.3077e-019	5.9375e-023	6.85161e-026	3.25042e-030	1.80441e-033	4.90183e-038	1.35702e-041	2.24769e-046	3.31464e-050	3.40573e-055	3.1299e-059	2.01117e-064	1.31395e-068	5.66035e-074	5.64214e-078	2.44968e-081	1.45751e-084	6.08572e-088	
Zootermopsis_angusticollis	0	0	0	0	0	0	0	0	0	0	0	0	0	1	0	0	0	0	0	0	0	0	0	0	0	0	0	0	0	0	0	0	0	0	0	0	0	0	0	
Zootermopsis_nevadensis	0	0	0	0	0	0	0	0	0	0	0	0	0	1	0	0	0	0	0	0	0	0	0	0	0	0	0	0	0	0	0	0	0	0	0	0	0	0	0	
N50	8.3728e-011	8.19082e-009	8.32958e-007	5.79041e-005	0.00232694	0.04456	0.298267	0.460108	0.161365	0.0302838	0.00291136	0.000117137	1.34523e-006	6.7646e-009	3.37384e-011	3.23929e-011	4.63388e-012	1.5883e-011	1.89017e-012	4.37216e-012	4.03318e-013	6.35154e-013	3.68183e-014	4.14786e-014	1.05373e-015	8.65471e-016	8.05803e-018	3.72608e-018	1.82917e-020	2.6318e-021	1.01099e-023	9.01518e-025	4.43419e-027	5.79634e-028	2.84966e-030	2.62077e-031	1.09829e-032	1.06505e-032	6.88261e-033	
Mastotermes_darwiniensis	0	0	0	0	0	0	0	0	0	0	0	0	0	0	0	0	0	0	0	0	0	0	0	0	0	0	0	0	0	0	0	0	0	0	0	0	1	0	0	
Porotermes_adamsoni	0	0	0	0	0	0	0	1	0	0	0	0	0	0	0	0	0	0	0	0	0	0	0	0	0	0	0	0	0	0	0	0	0	0	0	0	0	0	0	
