NODE	13	14	15	16	17	18	19	20	21	22	23	24	25	26	27	28	29	30	31	32	33	34	35	36	37	38	39	40	41	42	43	44	45	46	47	48	49	50	51	
N1	4.43386e-013	4.31549e-012	1.46066e-009	7.10534e-007	0.000127919	0.00679095	0.0917127	0.314647	0.385818	0.175539	0.0245376	0.000820103	5.44371e-006	9.44773e-009	5.84816e-012	8.83929e-018	1.08251e-019	1.03237e-021	7.98713e-024	5.14242e-026	2.79856e-028	1.30089e-030	5.20853e-033	1.80997e-035	5.49884e-038	1.47072e-040	3.4857e-043	7.36507e-046	1.3951e-048	2.38116e-051	3.67922e-054	5.16948e-057	6.63697e-060	7.84262e-063	8.6556e-066	9.20393e-069	9.91973e-072	1.13168e-074	1.45982e-077	
N2	1.98896e-011	6.36845e-010	1.62598e-007	1.94896e-005	0.00100403	0.0208011	0.154908	0.373947	0.342983	0.0977422	0.0084013	0.000192194	1.39232e-006	3.86934e-009	4.76011e-012	2.94556e-015	1.04799e-018	2.54945e-021	8.23722e-024	2.50999e-025	5.24746e-028	8.43828e-030	1.05754e-032	9.59503e-035	6.62095e-038	3.65331e-040	1.29014e-043	4.57916e-046	9.0635e-050	2.13009e-052	2.50278e-056	3.85712e-059	2.6119e-063	2.35122e-066	9.5892e-071	4.31481e-074	1.15743e-078	3.13834e-082	8.25837e-086	
N3	7.12102e-016	3.48121e-014	5.39535e-011	4.63579e-008	1.58565e-005	0.00184528	0.0599183	0.43532	0.460252	0.0418038	0.000841347	4.16579e-006	6.71458e-009	4.54308e-012	1.62403e-015	5.28103e-018	6.89302e-021	1.29002e-022	8.17219e-026	9.07776e-028	2.73743e-031	1.88824e-033	2.88154e-037	1.24185e-039	1.04551e-043	2.74878e-046	1.46722e-050	2.43729e-053	1.11769e-057	1.71911e-060	8.23773e-065	1.32616e-067	1.79189e-071	2.81657e-072	4.92702e-075	1.92828e-076	2.03167e-079	5.40194e-081	1.80295e-082	
N4	5.31525e-024	3.65226e-024	1.17762e-019	3.26472e-015	4.25832e-011	2.1423e-007	0.000300552	0.0661509	0.926243	0.00729764	7.77498e-006	2.27834e-009	2.56703e-013	1.36024e-017	3.9536e-022	3.96881e-026	6.49079e-030	8.45646e-033	9.3779e-037	6.15402e-040	4.05753e-044	1.38e-047	5.32543e-052	1.55572e-055	1.80125e-059	2.75872e-062	1.04956e-063	5.90884e-060	1.38044e-054	1.15122e-048	2.83067e-044	1.14328e-039	4.03076e-037	5.77721e-035	8.23641e-036	8.16047e-036	1.82716e-036	1.06312e-035	7.6988e-035	
N5	1.13941e-027	4.2027e-028	3.49717e-023	3.74759e-018	1.8826e-013	3.80382e-009	2.32904e-005	0.0232856	0.970756	0.00593138	3.32224e-006	4.43944e-010	2.14093e-014	4.61865e-019	5.02222e-024	4.38646e-029	9.14716e-033	2.44817e-032	2.03596e-033	8.9656e-033	5.97012e-034	1.81144e-033	8.85476e-035	1.9093e-034	5.37024e-036	8.72314e-036	8.63919e-038	1.10126e-037	2.50157e-040	1.8142e-040	1.80974e-043	2.24342e-044	1.76821e-047	9.71841e-049	5.97843e-052	2.1864e-053	1.79294e-056	1.45632e-056	1.97846e-056	
N6	3.04308e-030	6.07764e-030	1.02231e-024	1.88982e-019	1.72594e-014	6.58893e-010	7.77864e-006	0.0153066	0.979358	0.00532585	2.25008e-006	2.09457e-010	6.72418e-015	9.47615e-020	6.74914e-025	2.72476e-030	5.08436e-035	3.79472e-036	1.39944e-039	6.86176e-041	1.54484e-044	4.1754e-046	5.37696e-050	8.73042e-052	5.22997e-056	5.96574e-058	1.19751e-061	1.36157e-061	5.32627e-065	4.30651e-065	4.76738e-069	4.70545e-070	4.19176e-074	1.26526e-075	9.14402e-080	1.40574e-081	9.04744e-086	1.91495e-086	1.92558e-086	
N7	1.97772e-033	7.53023e-035	4.53987e-029	3.37354e-023	1.26907e-017	2.10156e-012	1.19755e-007	0.00143467	0.996966	0.00159916	1.75728e-007	4.2419e-012	3.58205e-017	1.34434e-022	2.57451e-028	2.77729e-034	3.43794e-040	3.13293e-043	7.21432e-048	7.59854e-048	1.67873e-043	4.72827e-039	5.4628e-039	1.75207e-037	1.7643e-037	4.3326e-036	3.80664e-036	6.87984e-035	2.0764e-035	3.06506e-034	1.49788e-035	2.68114e-035	1.02792e-036	1.08883e-036	3.14053e-038	3.08509e-038	1.73776e-039	3.69096e-038	9.60166e-037	
N8	5.27962e-032	7.10004e-032	1.32568e-026	3.02905e-021	3.62291e-016	1.99793e-011	4.10328e-007	0.00209042	0.99462	0.00328778	9.90305e-007	7.29625e-011	1.98047e-015	2.45971e-020	1.59081e-025	5.82609e-031	1.73879e-036	3.21105e-038	9.44903e-042	5.44728e-043	2.83474e-043	1.09189e-041	3.11801e-043	6.83436e-043	1.48169e-044	2.18831e-044	3.88518e-046	3.83396e-046	3.32773e-048	2.41959e-048	6.41966e-052	1.71112e-053	3.32388e-057	4.81891e-059	6.48532e-063	8.01388e-065	3.51269e-068	2.98112e-068	4.20552e-068	
N9	3.78373e-028	2.99742e-029	2.13732e-024	1.82537e-019	8.56713e-015	1.94092e-010	1.71956e-006	0.00403928	0.989433	0.006522	4.26352e-006	7.2158e-010	4.7065e-014	1.46804e-018	2.50155e-023	2.57059e-028	2.17737e-033	1.82302e-036	2.11828e-040	3.28627e-041	5.43184e-041	3.70593e-040	6.78154e-042	1.47096e-042	2.16619e-044	3.25097e-045	4.16642e-047	4.11002e-048	4.20125e-050	5.08792e-051	4.07957e-052	8.83106e-052	5.73111e-052	3.22877e-051	2.63091e-052	2.53069e-052	3.75108e-053	3.19463e-052	3.09793e-051	
N10	5.04268e-031	6.74659e-032	1.19421e-026	2.05483e-021	2.00838e-016	9.93653e-012	2.06428e-007	0.00127279	0.996963	0.0017632	3.93473e-007	2.59208e-011	7.13958e-016	9.92031e-021	7.8076e-026	3.78314e-031	1.47253e-036	9.62979e-040	7.49953e-044	1.25109e-046	6.02138e-051	5.31273e-054	1.5951e-058	7.21203e-062	1.32472e-066	2.84475e-070	2.96064e-075	2.61352e-079	1.14491e-084	3.19552e-089	6.07238e-096	7.04054e-102	1.22267e-109	4.58273e-036	2.33289e-037	2.23667e-037	2.26182e-038	2.58552e-037	3.54574e-036	
Amitermes_darwini	0	0	0	0	0	0	0	0	1	0	0	0	0	0	0	0	0	0	0	0	0	0	0	0	0	0	0	0	0	0	0	0	0	0	0	0	0	0	0	
Amitermes_germanus	0	0	0	0	0	0	0	0	1	0	0	0	0	0	0	0	0	0	0	0	0	0	0	0	0	0	0	0	0	0	0	0	0	0	0	0	0	0	0	
N11	4.78696e-030	3.07882e-029	2.60212e-024	2.13221e-019	9.62657e-015	2.10328e-010	1.80282e-006	0.00411665	0.989294	0.00658269	4.37057e-006	7.54084e-010	5.02873e-014	1.60783e-018	2.81534e-023	2.95214e-028	2.23187e-033	4.49874e-035	3.80016e-038	3.62376e-039	2.09358e-042	1.17365e-043	4.7374e-047	1.62322e-048	4.34109e-052	9.48589e-054	1.38666e-057	2.05003e-059	9.78037e-064	1.04894e-065	2.3839e-071	1.90614e-074	3.19753e-080	8.22614e-084	1.00678e-089	1.43441e-093	1.6176e-099	4.29179e-102	3.30804e-104	
Amitermes_parvus	0	0	0	0	0	0	0	0	1	0	0	0	0	0	0	0	0	0	0	0	0	0	0	0	0	0	0	0	0	0	0	0	0	0	0	0	0	0	0	
Drepanotermes_septentrionalis	0	0	0	0	0	0	0	0	1	0	0	0	0	0	0	0	0	0	0	0	0	0	0	0	0	0	0	0	0	0	0	0	0	0	0	0	0	0	0	
N12	3.69449e-028	4.0395e-027	1.46536e-022	5.34633e-018	1.09029e-013	1.10999e-009	4.70178e-006	0.00590693	0.985661	0.00841824	9.42072e-006	3.09954e-009	4.22196e-013	2.86378e-017	1.08317e-021	2.46412e-026	4.36218e-031	2.69703e-032	4.73265e-035	8.44955e-036	1.02839e-038	1.06948e-039	9.53782e-043	5.95109e-044	4.02015e-047	1.51623e-048	7.53238e-052	1.71972e-053	4.5412e-057	6.62029e-059	4.75444e-064	2.69172e-067	1.36575e-072	3.57106e-075	6.34894e-079	7.74845e-081	3.28472e-084	2.05889e-084	1.2414e-084	
N13	1.95894e-028	2.53228e-029	1.87954e-024	1.42681e-019	6.02042e-015	1.26659e-010	1.11184e-006	0.00291038	0.992911	0.00417485	2.264e-006	3.63049e-010	2.41745e-014	8.0062e-019	1.47187e-023	1.62686e-028	1.42414e-033	1.18679e-036	1.35596e-040	2.19688e-042	6.11349e-041	5.97197e-039	1.31229e-040	3.76611e-041	7.18993e-043	1.44938e-043	2.41298e-045	3.25905e-046	4.09614e-048	3.38987e-049	5.84398e-052	8.40553e-054	9.08838e-057	9.93953e-059	7.37505e-062	7.33027e-064	9.37366e-067	7.59317e-068	7.3122e-069	
N14	6.7953e-036	7.43958e-037	8.41065e-031	1.07696e-024	6.8576e-019	1.94458e-013	1.99817e-008	0.000487642	0.998563	0.000949751	6.8297e-008	1.11067e-012	6.36716e-018	1.60773e-023	2.01872e-029	1.36067e-035	1.32804e-041	1.40782e-042	1.63454e-044	1.60218e-044	1.46533e-046	9.40959e-047	6.67607e-049	2.79004e-049	1.42157e-051	3.84782e-052	1.13736e-054	2.29813e-054	3.05321e-051	4.32976e-046	2.16854e-044	1.26281e-040	1.37546e-039	3.72121e-037	5.83951e-039	7.212e-039	1.21084e-040	2.45521e-039	1.4485e-037	
N15	6.63293e-033	2.44953e-033	6.87138e-028	1.89599e-022	2.98034e-017	2.37739e-012	7.97763e-008	0.000794686	0.998115	0.00108972	1.49524e-007	6.07323e-012	1.03537e-016	8.94237e-022	4.39452e-027	1.33178e-032	3.29762e-038	6.4157e-041	6.88246e-045	3.47203e-047	2.42227e-051	6.84791e-054	3.2089e-058	5.07227e-061	2.19417e-065	1.39209e-066	9.37724e-069	1.45419e-069	7.81706e-072	7.0557e-072	2.29387e-071	1.0686e-069	5.83091e-070	2.29461e-069	2.22423e-073	8.27085e-076	2.58644e-079	2.44334e-080	2.07599e-081	
N16	1.55272e-038	8.76434e-040	2.60018e-033	6.59e-027	8.69076e-021	5.46471e-015	1.40011e-009	0.000106013	0.999749	0.000145238	2.61456e-009	1.3855e-014	2.9827e-020	3.05489e-026	1.62547e-032	4.69496e-039	9.32101e-046	1.75845e-049	1.05362e-054	2.18096e-058	1.84209e-064	1.63502e-040	1.65434e-040	8.49337e-039	8.5977e-039	3.5055e-037	3.47386e-037	1.06651e-035	8.4644e-036	1.88171e-034	6.53413e-036	8.6946e-036	2.23122e-037	2.26381e-037	4.38219e-039	4.31676e-039	2.82527e-040	1.01727e-038	3.57867e-037	
Ephelotermes_melachoma	0	0	0	0	0	0	0	0	1	0	0	0	0	0	0	0	0	0	0	0	0	0	0	0	0	0	0	0	0	0	0	0	0	0	0	0	0	0	0	
Protermes_sp	0	0	0	0	0	0	0	0	1	0	0	0	0	0	0	0	0	0	0	0	0	0	0	0	0	0	0	0	0	0	0	0	0	0	0	0	0	0	0	
Microtermes_sp	0	0	0	0	0	0	0	0	1	0	0	0	0	0	0	0	0	0	0	0	0	0	0	0	0	0	0	0	0	0	0	0	0	0	0	0	0	0	0	
N17	1.09832e-032	1.39281e-033	5.14681e-028	1.8812e-022	3.41915e-017	2.85203e-012	9.44269e-008	0.000890041	0.997685	0.00142507	2.26332e-007	9.91367e-012	1.7148e-016	1.36989e-021	5.50844e-027	1.88128e-032	5.79433e-036	4.09539e-039	2.02436e-042	5.03784e-044	1.69653e-047	1.42506e-048	3.425e-052	1.50199e-053	2.62447e-057	6.24034e-059	7.34447e-063	1.00179e-064	4.98399e-069	4.38529e-071	2.79274e-077	5.36129e-081	2.311e-087	1.5991e-091	4.19202e-098	1.88357e-102	1.13572e-108	6.46243e-111	2.8618e-113	
Ephelotermes_taylori	0	0	0	0	0	0	0	0	1	0	0	0	0	0	0	0	0	0	0	0	0	0	0	0	0	0	0	0	0	0	0	0	0	0	0	0	0	0	0	
Macrognathotermes_sunteri	0	0	0	0	0	0	0	0	1	0	0	0	0	0	0	0	0	0	0	0	0	0	0	0	0	0	0	0	0	0	0	0	0	0	0	0	0	0	0	
Lophotermes_septentrionalis	0	0	0	0	0	0	0	0	1	0	0	0	0	0	0	0	0	0	0	0	0	0	0	0	0	0	0	0	0	0	0	0	0	0	0	0	0	0	0	
N18	5.25204e-030	1.5827e-031	2.41831e-026	3.59901e-021	3.05695e-016	1.32222e-011	2.42298e-007	0.00134116	0.996876	0.00178262	4.27893e-007	3.10116e-011	9.51891e-016	1.48734e-020	1.32598e-025	7.40421e-031	3.47823e-036	6.4222e-040	2.64472e-044	1.00568e-047	2.58268e-052	5.21367e-056	8.37587e-061	8.70256e-065	8.58601e-070	4.26383e-074	2.40406e-079	4.92754e-084	1.22987e-089	7.46396e-095	1.75508e-101	8.60516e-108	1.6989e-115	3.79457e-035	4.28477e-036	3.93757e-036	7.67957e-037	3.81298e-036	2.34144e-035	
Tuberculitermes_bycanistes	0	0	0	0	0	0	0	0	1	0	0	0	0	0	0	0	0	0	0	0	0	0	0	0	0	0	0	0	0	0	0	0	0	0	0	0	0	0	0	
Unguitermes_sp	0	0	0	0	0	0	0	0	1	0	0	0	0	0	0	0	0	0	0	0	0	0	0	0	0	0	0	0	0	0	0	0	0	0	0	0	0	0	0	
N19	6.01536e-033	1.14625e-032	4.82223e-027	1.7025e-021	2.97522e-016	2.22143e-011	5.5294e-007	0.00286387	0.993984	0.00315033	7.73202e-007	4.1846e-011	7.76554e-016	6.25508e-021	2.51822e-026	5.54442e-032	9.28335e-038	5.58547e-039	2.1375e-040	1.27808e-039	4.73416e-041	1.94004e-040	6.14446e-042	1.73373e-041	4.76497e-043	9.1405e-043	2.0803e-044	2.67151e-044	3.22245e-046	2.99831e-046	1.00479e-049	3.45752e-051	8.51587e-055	1.57708e-056	2.6975e-060	4.23946e-062	2.2944e-065	2.44534e-065	2.41856e-065	
N20	1.07091e-029	1.8404e-029	2.14433e-024	2.19065e-019	1.1228e-014	2.59007e-010	2.2193e-006	0.0047511	0.990723	0.00452098	2.24153e-006	2.95653e-010	1.51213e-014	3.61497e-019	4.48073e-024	5.0535e-029	4.92181e-032	1.07501e-034	1.64875e-037	1.21929e-038	1.28175e-041	3.40958e-042	2.55706e-045	3.83077e-046	2.00471e-049	1.79443e-050	5.54189e-054	3.22705e-055	3.44235e-059	1.45406e-060	2.64309e-066	3.0883e-069	5.00459e-075	4.73483e-077	2.98363e-081	3.85019e-083	2.97017e-087	4.42342e-087	7.91985e-087	
N21	5.74249e-025	6.98326e-023	1.14779e-018	1.43339e-014	9.55336e-011	2.87274e-007	0.000291417	0.0539666	0.932704	0.0130122	2.51753e-005	1.47997e-008	3.70249e-012	4.75612e-016	3.53579e-020	1.66492e-024	6.68374e-029	4.1648e-031	3.2208e-034	5.07631e-036	2.71347e-039	2.58555e-041	1.00467e-044	5.87869e-047	1.72405e-050	6.14225e-053	1.38273e-056	2.8838e-059	4.50241e-063	4.99142e-066	7.3963e-071	1.00028e-074	8.13486e-080	7.75154e-084	3.83615e-089	2.98264e-093	2.69986e-098	1.94996e-101	1.45871e-104	
Crenetermes_albotarsalis	0	0	0	0	0	0	0	0	1	0	0	0	0	0	0	0	0	0	0	0	0	0	0	0	0	0	0	0	0	0	0	0	0	0	0	0	0	0	0	
N22	5.34668e-027	3.97417e-025	3.41947e-020	2.20299e-015	7.23997e-011	9.95949e-007	0.00380047	0.160067	0.835109	0.00102273	2.26067e-007	1.71066e-011	5.8735e-016	1.07398e-020	1.15935e-025	7.97549e-031	4.44081e-036	4.2431e-039	5.39717e-043	1.58673e-045	1.35767e-049	2.29802e-052	1.35596e-056	1.31025e-059	5.327e-064	3.67417e-067	6.4626e-070	6.85719e-071	1.94025e-070	5.00432e-068	7.08483e-068	1.08799e-066	2.61365e-067	2.50372e-067	6.51496e-071	3.06412e-073	9.4013e-077	3.71193e-078	2.2482e-079	
N23	6.13741e-030	2.05715e-030	5.83573e-025	1.50349e-019	1.98726e-014	1.11956e-009	1.83838e-005	0.0158958	0.983363	0.000722959	7.06315e-008	2.06787e-012	2.54614e-017	1.58387e-022	5.5913e-028	3.47118e-032	5.32386e-036	4.22014e-038	3.94413e-042	1.56291e-044	8.96214e-049	1.7587e-051	6.08066e-056	5.62274e-059	9.55107e-064	3.87632e-067	4.10939e-073	6.04549e-077	1.71327e-083	5.83796e-088	4.37147e-095	6.80049e-101	5.00395e-109	2.05959e-037	3.76802e-039	3.74968e-039	9.79508e-040	4.67477e-038	1.78513e-036	
Cubitermes_sp	0	0	0	0	0	0	0	0	1	0	0	0	0	0	0	0	0	0	0	0	0	0	0	0	0	0	0	0	0	0	0	0	0	0	0	0	0	0	0	
Thoracotermes_macrothorax	0	0	0	0	0	0	0	0	1	0	0	0	0	0	0	0	0	0	0	0	0	0	0	0	0	0	0	0	0	0	0	0	0	0	0	0	0	0	0	
Procubitermes_sp	0	0	0	0	0	0	1	0	0	0	0	0	0	0	0	0	0	0	0	0	0	0	0	0	0	0	0	0	0	0	0	0	0	0	0	0	0	0	0	
N24	2.58432e-032	6.55944e-034	8.00765e-029	3.8765e-023	9.43068e-018	1.06232e-012	4.78043e-008	0.000619748	0.998468	0.000912038	1.00625e-007	3.15034e-012	3.93391e-017	2.28825e-022	6.75837e-028	1.48649e-033	2.93506e-037	1.06912e-038	8.83298e-041	8.05564e-042	5.31147e-044	3.28515e-045	1.73203e-047	7.0982e-049	4.87907e-051	1.42031e-050	1.5031e-050	8.39531e-050	7.83299e-050	4.52248e-048	1.22932e-044	8.95013e-041	4.10189e-038	3.03086e-035	3.21221e-036	2.96427e-036	5.74889e-037	3.08704e-036	1.99477e-035	
N25	3.18991e-036	4.99117e-037	6.27291e-031	7.13957e-025	4.21526e-019	1.16505e-013	1.24704e-008	0.00035133	0.999091	0.000557229	2.98762e-008	4.11813e-013	2.17071e-018	5.34429e-024	6.85823e-030	5.38682e-036	9.61666e-041	2.65253e-044	2.89309e-048	3.81936e-050	2.51366e-054	3.1183e-056	1.20944e-060	7.3064e-063	1.48589e-067	4.35249e-070	3.48968e-075	4.80621e-078	7.7922e-084	4.46526e-087	8.40962e-095	6.41174e-100	1.42663e-108	2.1871e-038	1.16002e-040	1.59333e-040	1.0124e-042	8.54453e-041	1.53792e-038	
Nasutitermes_graveolus	0	0	0	0	0	0	0	0	1	0	0	0	0	0	0	0	0	0	0	0	0	0	0	0	0	0	0	0	0	0	0	0	0	0	0	0	0	0	0	
Nasutitermes_triodiae	0	0	0	0	0	0	0	0	1	0	0	0	0	0	0	0	0	0	0	0	0	0	0	0	0	0	0	0	0	0	0	0	0	0	0	0	0	0	0	
N26	2.27767e-038	1.55557e-039	4.23927e-033	9.87701e-027	1.1983e-020	6.93843e-015	1.63906e-009	0.000114609	0.999728	0.000157602	3.083e-009	1.77763e-014	4.16817e-020	4.65323e-026	2.70022e-032	8.50762e-039	1.83427e-045	4.10974e-049	2.82684e-054	7.0915e-058	6.88421e-064	1.24713e-040	1.26118e-040	6.83651e-039	6.92024e-039	2.9807e-037	2.96929e-037	9.61553e-036	7.87783e-036	1.82735e-034	6.0775e-036	7.89851e-036	1.92809e-037	1.9459e-037	3.57594e-039	3.52258e-039	2.36337e-040	9.04396e-039	3.31069e-037	
Nasutitermes_longipennis	0	0	0	0	0	0	0	0	1	0	0	0	0	0	0	0	0	0	0	0	0	0	0	0	0	0	0	0	0	0	0	0	0	0	0	0	0	0	0	
Tumulitermes_pastinator	0	0	0	0	0	0	0	0	1	0	0	0	0	0	0	0	0	0	0	0	0	0	0	0	0	0	0	0	0	0	0	0	0	0	0	0	0	0	0	
N27	1.88096e-026	3.2196e-027	1.13026e-022	4.13953e-018	8.6886e-014	9.27728e-010	4.17052e-006	0.00559507	0.986704	0.00768847	7.82851e-006	2.36826e-009	3.00642e-013	1.93687e-017	7.13726e-022	1.65519e-026	3.33267e-031	4.50122e-034	1.04019e-037	2.94408e-040	4.49352e-044	7.27363e-047	7.59013e-051	7.03455e-054	5.12697e-058	2.65853e-061	2.4751e-065	2.27908e-065	6.6967e-064	6.21458e-062	1.40881e-061	9.4925e-061	3.10558e-061	1.92403e-061	1.23679e-064	7.87052e-067	8.7435e-070	3.47656e-071	1.52195e-072	
N28	4.76237e-031	3.06547e-031	4.63977e-026	6.85526e-021	5.69793e-016	2.34761e-011	3.91922e-007	0.00183515	0.995422	0.00274116	8.45548e-007	7.19143e-011	2.45264e-015	4.11765e-020	3.86955e-025	2.2261e-030	9.854e-036	2.54444e-038	5.05746e-042	4.62355e-044	6.25327e-048	3.34287e-050	3.20161e-054	1.01586e-056	6.84889e-061	1.29667e-063	5.45842e-068	6.28885e-071	1.07662e-075	7.95469e-079	9.79901e-085	7.49035e-089	5.97238e-095	1.78182e-099	8.99514e-106	1.65668e-110	8.06369e-117	1.76558e-120	6.82578e-124	
Microcerotermes_boreus	0	0	0	0	0	0	0	0	1	0	0	0	0	0	0	0	0	0	0	0	0	0	0	0	0	0	0	0	0	0	0	0	0	0	0	0	0	0	0	
Microcerotermes_nervosus	0	0	0	0	0	0	0	0	1	0	0	0	0	0	0	0	0	0	0	0	0	0	0	0	0	0	0	0	0	0	0	0	0	0	0	0	0	0	0	
Pericapritermes_sp	0	0	0	0	0	0	0	0	1	0	0	0	0	0	0	0	0	0	0	0	0	0	0	0	0	0	0	0	0	0	0	0	0	0	0	0	0	0	0	
N29	1.53239e-021	8.06154e-021	3.3353e-017	1.43511e-013	3.56172e-010	4.50636e-007	0.000240918	0.0390855	0.916015	0.0443382	0.000319393	7.13057e-007	6.83104e-010	3.37501e-013	9.67718e-017	1.77238e-020	3.54057e-024	2.19708e-025	8.23734e-028	7.34964e-029	1.92313e-031	1.0417e-032	2.01118e-035	6.73199e-037	9.97862e-040	2.04938e-041	2.32825e-044	2.82824e-046	1.82299e-049	1.32991e-051	8.69077e-056	6.64501e-059	2.49022e-063	1.40103e-066	3.3353e-071	1.60495e-074	8.56794e-079	5.22091e-081	3.25364e-083	
Macrotermes_bellicosus	0	0	0	0	0	0	0	0	1	0	0	0	0	0	0	0	0	0	0	0	0	0	0	0	0	0	0	0	0	0	0	0	0	0	0	0	0	0	0	
Pseudacanthotermes_militaris	0	0	0	0	0	0	0	0	1	0	0	0	0	0	0	0	0	0	0	0	0	0	0	0	0	0	0	0	0	0	0	0	0	0	0	0	0	0	0	
Odontotermes_sp	0	0	0	0	0	0	0	0	1	0	0	0	0	0	0	0	0	0	0	0	0	0	0	0	0	0	0	0	0	0	0	0	0	0	0	0	0	0	0	
N30	1.10209e-025	6.46162e-023	1.65504e-018	3.04088e-014	2.70196e-010	9.47001e-007	0.000912338	0.102379	0.885925	0.0107666	1.69926e-005	7.4433e-009	1.28081e-012	1.05618e-016	4.73999e-021	1.28588e-025	5.20097e-030	1.69857e-031	1.37717e-034	1.6629e-034	4.59015e-035	1.91059e-034	1.13958e-035	1.87477e-035	8.74079e-037	1.00014e-036	3.14706e-038	2.59784e-038	3.35377e-040	2.08912e-040	3.3515e-043	2.10448e-044	2.4491e-047	8.79078e-049	7.3624e-052	2.16493e-053	3.0461e-056	1.80523e-056	1.36903e-056	
Coptotermes_acinaciformis	0	0	0	0	0	0	0	0	1	0	0	0	0	0	0	0	0	0	0	0	0	0	0	0	0	0	0	0	0	0	0	0	0	0	0	0	0	0	0	
N31	3.7459e-023	1.10005e-020	1.16553e-016	9.09995e-013	3.54979e-009	5.71223e-006	0.00265587	0.141214	0.845178	0.0109229	2.29542e-005	1.54911e-008	4.55461e-012	6.93394e-016	6.09724e-020	3.3438e-024	1.6093e-028	1.52295e-029	4.66869e-032	9.88488e-033	2.13521e-035	2.71735e-036	4.17706e-039	3.30786e-040	3.3721e-043	1.73422e-044	9.4045e-048	3.33789e-049	5.64297e-053	1.44906e-054	2.26065e-059	6.17697e-062	7.03928e-067	6.91588e-070	5.75871e-075	3.32179e-078	2.54204e-083	1.80275e-085	3.78884e-087	
N32	9.39682e-026	4.9425e-027	1.93089e-022	8.27499e-018	1.90025e-013	2.0468e-009	8.34501e-006	0.00874062	0.983978	0.00726705	6.32951e-006	1.52631e-009	1.47094e-013	6.9279e-018	1.80693e-022	3.50748e-027	1.75257e-031	2.89655e-034	3.58676e-038	3.93063e-039	1.22313e-038	7.90811e-038	1.64868e-039	2.10578e-040	3.4927e-042	3.02274e-043	3.54777e-045	2.08224e-046	1.26342e-048	4.82983e-050	1.1326e-052	1.3445e-054	1.95112e-057	1.84486e-059	1.85085e-062	1.61353e-064	3.10449e-067	1.64431e-068	9.6083e-070	
Reticulitermes_flavipes	0	0	0	0	0	0	0	0	1	0	0	0	0	0	0	0	0	0	0	0	0	0	0	0	0	0	0	0	0	0	0	0	0	0	0	0	0	0	0	
N33	1.04865e-029	2.67163e-029	2.67019e-024	2.52658e-019	1.28204e-014	3.02434e-010	2.63199e-006	0.00551205	0.988912	0.00556989	3.03262e-006	4.19525e-010	2.20627e-014	5.49455e-019	7.42558e-024	5.99164e-029	4.96799e-034	1.4383e-035	7.11279e-039	2.9426e-040	9.36666e-044	2.26682e-045	4.50655e-049	6.71861e-051	7.40894e-055	7.18314e-057	3.41822e-061	2.27203e-063	2.79886e-068	1.27566e-070	1.62202e-076	7.55485e-080	6.62642e-086	9.36006e-090	5.71412e-096	3.91118e-100	1.84261e-106	9.57848e-110	2.29168e-112	
Reticulitermes_lucifugus	0	0	0	0	0	0	0	0	1	0	0	0	0	0	0	0	0	0	0	0	0	0	0	0	0	0	0	0	0	0	0	0	0	0	0	0	0	0	0	
Reticulitermes_urbis	0	0	0	0	0	0	0	0	1	0	0	0	0	0	0	0	0	0	0	0	0	0	0	0	0	0	0	0	0	0	0	0	0	0	0	0	0	0	0	
Schedorhinotermes_lamanianus	0	0	0	0	0	0	1	0	0	0	0	0	0	0	0	0	0	0	0	0	0	0	0	0	0	0	0	0	0	0	0	0	0	0	0	0	0	0	0	
N34	3.15809e-020	1.649e-017	2.38831e-013	2.07024e-009	5.24307e-006	0.00133172	0.0619791	0.60207	0.329916	0.00468921	8.67947e-006	3.94311e-009	1.1107e-012	2.6776e-015	6.51104e-018	9.05661e-021	1.91707e-023	1.99649e-024	1.35643e-026	6.76811e-028	1.72825e-030	6.76375e-032	1.6748e-033	5.3985e-034	1.25472e-035	3.01607e-036	4.18221e-038	7.60492e-039	6.80647e-041	9.17747e-042	3.99994e-044	2.75935e-045	8.30615e-048	3.22976e-049	7.23884e-052	1.7994e-053	3.31763e-056	1.52564e-057	2.04722e-058	
N35	1.75838e-020	1.94077e-017	3.32981e-013	2.80325e-009	6.78516e-006	0.0015254	0.0654746	0.610503	0.318444	0.00403996	6.42484e-006	2.4915e-009	9.78761e-013	4.15411e-015	1.28514e-017	2.22303e-020	3.55204e-023	6.53465e-023	2.28516e-024	5.15476e-023	5.58935e-025	4.28129e-024	6.43098e-027	1.09017e-026	3.17751e-030	2.44078e-030	1.74078e-034	7.62246e-035	1.41576e-039	4.99659e-040	4.81483e-045	1.56502e-045	1.84344e-050	2.00235e-051	1.78586e-056	6.84169e-058	4.73904e-063	8.21316e-065	2.12297e-066	
N36	4.75381e-019	3.75941e-016	2.4039e-012	7.58901e-009	7.04197e-006	0.00132543	0.0439339	0.626325	0.322908	0.00548645	1.36195e-005	8.75746e-009	1.99194e-012	1.96664e-016	9.96121e-021	6.40163e-024	5.34936e-027	1.43033e-028	6.2264e-030	1.02559e-029	1.31892e-030	1.07625e-030	7.67596e-032	4.27787e-032	9.78303e-034	4.64269e-034	4.62791e-036	1.78436e-036	8.42309e-039	1.95181e-039	5.18267e-042	3.28537e-043	6.28555e-046	2.39812e-047	3.26147e-050	1.05139e-051	5.65582e-054	3.40535e-054	1.86364e-054	
N37	4.81305e-019	3.96049e-015	1.87157e-011	3.22361e-008	1.68885e-005	0.00198922	0.0477831	0.636622	0.308117	0.00545623	1.55033e-005	1.16994e-008	2.91869e-012	2.63529e-016	9.01301e-021	2.31159e-025	7.44468e-029	7.2139e-030	4.19476e-033	2.17111e-034	6.10338e-038	1.74428e-039	2.17717e-043	3.85439e-045	1.75648e-049	2.0862e-051	2.68826e-056	2.16007e-058	6.62603e-064	2.81367e-066	3.07849e-072	2.30588e-075	2.88531e-081	7.00444e-084	6.20176e-089	8.22075e-092	3.88453e-097	1.95462e-099	6.32196e-101	
N38	5.52241e-008	3.90322e-006	0.000129776	0.00205108	0.0141199	0.0329971	0.0404086	0.407829	0.397389	0.0958124	0.00888569	0.000366549	6.79192e-006	4.84752e-008	5.76999e-011	1.48186e-013	1.37848e-015	2.53402e-016	1.50224e-018	1.34846e-019	4.99178e-022	2.40936e-023	6.11183e-026	1.64179e-027	2.8232e-030	4.22112e-032	3.32424e-035	2.95724e-037	3.99879e-041	9.69353e-044	7.69876e-048	6.48562e-051	3.04983e-055	1.9489e-058	5.89766e-063	3.25042e-066	7.84858e-070	6.0242e-072	3.72e-074	
Bifiditermes_improbus	0	0	0	0	0	1	0	0	0	0	0	0	0	0	0	0	0	0	0	0	0	0	0	0	0	0	0	0	0	0	0	0	0	0	0	0	0	0	0	
Neotermes_insularis	0	0	0	0	0	0	0	0	0	0	0	0	0	1	0	0	0	0	0	0	0	0	0	0	0	0	0	0	0	0	0	0	0	0	0	0	0	0	0	
N39	7.67531e-021	1.11238e-016	1.04507e-012	4.23784e-009	5.88142e-006	0.00197972	0.0852766	0.781614	0.130549	0.000574431	4.13661e-007	9.26843e-011	8.81184e-015	4.2573e-019	1.17516e-023	3.76841e-028	1.15556e-031	1.59168e-033	6.06397e-037	4.65694e-039	9.51368e-043	4.31197e-045	3.91277e-049	1.14563e-051	5.1068e-056	1.61202e-052	8.76757e-053	1.33583e-050	1.80406e-050	7.46724e-049	6.56544e-050	1.83288e-049	1.82561e-051	1.07606e-052	1.07067e-055	3.1311e-057	2.73251e-060	3.58359e-061	1.77993e-061	
N40	1.09688e-020	2.00889e-017	2.14268e-013	1.32543e-009	2.32453e-006	0.00101199	0.0708271	0.810222	0.117546	0.000389899	1.05601e-007	7.00005e-012	1.72438e-016	1.98024e-021	1.33059e-026	2.28885e-029	5.5779e-033	5.17209e-035	6.76376e-039	3.25183e-041	2.07584e-045	5.66679e-048	1.35652e-052	2.27122e-055	1.31347e-060	4.36964e-057	7.97014e-060	5.00651e-060	8.08207e-062	2.98888e-061	1.22111e-063	5.37828e-064	1.96085e-066	3.65404e-068	4.25139e-072	2.3846e-074	6.45703e-078	1.32118e-078	2.632e-079	
N41	9.94693e-015	5.13933e-012	1.29671e-008	4.04363e-006	0.000425233	0.0169382	0.229306	0.697399	0.0557859	0.000141458	8.70661e-008	2.13378e-011	2.62595e-015	1.85888e-019	8.2801e-024	4.03529e-028	2.24602e-031	9.99738e-033	9.79868e-036	2.71037e-037	1.96051e-040	3.35326e-042	1.83468e-045	1.94076e-047	7.52455e-051	4.97613e-053	1.05553e-056	4.46686e-059	1.30216e-063	2.38253e-066	3.26305e-071	1.05402e-074	9.35133e-080	1.77751e-083	1.01141e-088	1.60291e-092	3.12206e-097	1.03506e-099	3.0645e-102	
N42	1.13563e-019	5.48147e-018	3.37823e-014	1.3013e-010	2.18505e-007	0.000137032	0.0248777	0.760291	0.213808	0.000884674	8.39404e-007	2.98622e-010	5.12551e-014	2.98268e-017	4.26154e-020	7.28804e-022	7.25815e-025	6.11055e-027	3.12707e-030	1.48309e-032	3.77589e-036	1.10964e-038	1.42839e-042	2.70543e-045	1.79626e-049	2.14944e-052	7.41676e-057	4.9187e-060	8.83344e-065	1.86241e-068	2.08666e-073	2.58157e-077	1.81167e-082	1.7931e-086	8.43864e-092	8.40086e-096	2.22471e-099	2.65556e-102	2.33155e-105	
Cryptotermes_austrinus	0	0	0	0	0	0	0	1	0	0	0	0	0	0	0	0	0	0	0	0	0	0	0	0	0	0	0	0	0	0	0	0	0	0	0	0	0	0	0	
Cryptotermes_queenslandis	0	0	0	0	0	0	0	0	1	0	0	0	0	0	0	0	0	0	0	0	0	0	0	0	0	0	0	0	0	0	0	0	0	0	0	0	0	0	0	
Cryptotermes_primus	0	0	1	0	0	0	0	0	0	0	0	0	0	0	0	0	0	0	0	0	0	0	0	0	0	0	0	0	0	0	0	0	0	0	0	0	0	0	0	
N43	6.50073e-017	5.90086e-015	1.01157e-012	2.09968e-009	1.69298e-006	0.000377307	0.0308317	0.80017	0.1662	0.00241698	2.37452e-006	5.59971e-010	4.84107e-014	1.9745e-018	1.45203e-022	9.76772e-024	1.049e-026	4.3416e-028	2.59799e-031	5.27339e-033	1.64253e-036	1.79783e-038	2.14861e-042	1.40989e-044	3.78215e-049	2.59727e-040	1.30737e-041	1.21934e-040	8.93668e-043	4.6976e-043	8.49744e-046	8.00509e-047	1.70552e-049	5.20256e-051	1.90271e-054	4.42198e-056	1.01526e-057	1.27119e-057	1.19271e-057	
Cryptotermes_cynocephalus	0	0	0	0	0	0	0	0	0	1	0	0	0	0	0	0	0	0	0	0	0	0	0	0	0	0	0	0	0	0	0	0	0	0	0	0	0	0	0	
N44	3.75227e-016	5.69611e-013	5.5895e-010	1.83658e-007	2.20178e-005	0.000991782	0.0342855	0.821233	0.141703	0.00176129	2.96834e-006	1.29229e-009	1.85742e-013	1.11924e-017	3.35678e-022	1.00428e-026	4.6871e-030	2.95328e-031	2.08967e-034	6.93165e-036	3.10402e-039	5.52958e-041	1.50429e-044	1.52036e-046	1.81716e-050	1.16679e-052	3.95378e-057	1.69504e-059	1.06418e-064	1.94213e-067	5.94574e-073	2.89587e-076	6.00159e-082	7.09074e-086	9.62825e-092	6.74581e-096	1.02818e-101	1.48984e-104	3.4176e-107	
N45	0.000317624	0.00405822	0.0192961	0.00259736	0.000570927	0.0122998	0.144887	0.591075	0.204117	0.0200605	0.000712112	8.12304e-006	2.61705e-009	3.15301e-013	1.95916e-017	1.83232e-021	9.19339e-025	1.13908e-026	5.79383e-030	4.11419e-032	1.44782e-035	6.0708e-038	1.56983e-041	3.9289e-044	7.57589e-048	1.10537e-050	1.34881e-054	1.09757e-057	2.00134e-062	4.37004e-066	4.73677e-071	4.49169e-075	2.96474e-080	2.11199e-084	9.04947e-090	5.5631e-094	1.50303e-098	1.027e-101	5.65109e-105	
Cryptotermes_domesticus	0	0	1	0	0	0	0	0	0	0	0	0	0	0	0	0	0	0	0	0	0	0	0	0	0	0	0	0	0	0	0	0	0	0	0	0	0	0	0	
Procryptotermes_australiensis	0	0	0	0	0	0	0	0	0	0	0	1	0	0	0	0	0	0	0	0	0	0	0	0	0	0	0	0	0	0	0	0	0	0	0	0	0	0	0	
N46	5.41717e-020	2.12829e-016	7.75372e-013	1.23982e-009	7.75393e-007	0.000192345	0.0256699	0.886178	0.0873312	0.000627148	9.66851e-007	5.2642e-010	1.3113e-013	1.83138e-017	3.83468e-021	1.28296e-022	1.90224e-025	5.39631e-027	3.52088e-030	6.10948e-032	1.7752e-035	2.01628e-037	2.96733e-041	2.35678e-043	3.10271e-047	2.04293e-049	2.50261e-053	1.2799e-055	4.26431e-060	9.92916e-063	1.71307e-067	1.1686e-070	1.38247e-075	4.0245e-079	3.18371e-084	6.35665e-088	7.63e-093	2.23716e-095	8.0734e-098	
Cryptotermes_dudleyi	0	0	0	0	0	0	0	1	0	0	0	0	0	0	0	0	0	0	0	0	0	0	0	0	0	0	0	0	0	0	0	0	0	0	0	0	0	0	0	
Cryptotermes_secundus	0	0	0	0	0	0	0	1	0	0	0	0	0	0	0	0	0	0	0	0	0	0	0	0	0	0	0	0	0	0	0	0	0	0	0	0	0	0	0	
Cryptotermes_brevis	0	0	0	0	0	1	0	0	0	0	0	0	0	0	0	0	0	0	0	0	0	0	0	0	0	0	0	0	0	0	0	0	0	0	0	0	0	0	0	
Incisitermes_sp	0	0	0	0	0	0	0	0	1	0	0	0	0	0	0	0	0	0	0	0	0	0	0	0	0	0	0	0	0	0	0	0	0	0	0	0	0	0	0	
Kalotermes_flavicollis	0	0	0	0	0	0	0	0	0	0	0	0	0	0	0	0	0	0	0	0	0	1	0	0	0	0	0	0	0	0	0	0	0	0	0	0	0	0	0	
N47	6.71327e-017	8.67032e-017	1.26233e-013	1.80813e-010	1.39393e-007	4.9826e-005	0.00656935	0.21446	0.731946	0.0464255	0.000546868	2.16253e-006	3.81354e-009	3.56005e-012	2.06541e-015	9.92333e-018	4.69351e-020	1.78772e-021	5.83675e-024	1.24445e-025	2.81096e-028	3.46122e-030	5.39236e-033	3.90059e-035	3.71025e-038	1.63262e-040	7.90069e-044	2.08852e-046	3.99749e-050	4.42396e-053	4.96019e-057	2.85329e-060	1.95303e-064	8.7429e-068	3.96299e-072	1.58903e-075	3.67117e-079	1.03985e-081	2.51386e-084	
Glyptotermes_brevicornis	0	0	0	0	0	0	0	0	1	0	0	0	0	0	0	0	0	0	0	0	0	0	0	0	0	0	0	0	0	0	0	0	0	0	0	0	0	0	0	
Glyptotermes_iridipennis	0	0	0	0	0	0	0	0	1	0	0	0	0	0	0	0	0	0	0	0	0	0	0	0	0	0	0	0	0	0	0	0	0	0	0	0	0	0	0	
N48	0.0033213	0.0337868	0.158814	0.27887	0.115817	0.0189075	0.00875868	0.0522053	0.144439	0.129692	0.0470958	0.00770792	0.000568733	1.6205e-005	7.98227e-008	1.695e-010	2.48788e-013	5.5387e-015	4.08284e-017	1.72849e-018	8.23427e-021	1.95609e-022	6.46146e-025	9.0299e-027	2.13291e-029	1.77808e-031	2.83079e-034	1.39575e-036	1.20075e-039	3.493e-042	1.353e-045	1.92425e-048	4.46644e-052	3.90643e-055	5.83542e-059	3.86664e-062	5.2079e-066	7.62891e-069	1.78479e-071	
Stolotermes_sp	0	0	0	1	0	0	0	0	0	0	0	0	0	0	0	0	0	0	0	0	0	0	0	0	0	0	0	0	0	0	0	0	0	0	0	0	0	0	0	
N49	0.0145805	0.00166441	6.41687e-005	1.03467e-006	7.33728e-009	2.40505e-011	8.07593e-013	2.76072e-010	7.31758e-008	9.18514e-006	0.000537244	0.0136543	0.128106	0.790329	0.0447666	0.00622353	6.18464e-005	1.84891e-006	5.9717e-009	6.32621e-011	7.88863e-014	3.82827e-016	2.11021e-019	5.34737e-022	1.47352e-025	2.07116e-028	3.14352e-032	2.50209e-035	2.24925e-039	1.02738e-042	5.74675e-047	1.61769e-050	5.76879e-055	1.16491e-058	2.77561e-063	5.1454e-067	1.27314e-070	1.40584e-073	1.21183e-076	
Zootermopsis_angusticollis	0	0	0	0	0	0	0	0	0	0	0	0	0	1	0	0	0	0	0	0	0	0	0	0	0	0	0	0	0	0	0	0	0	0	0	0	0	0	0	
Zootermopsis_nevadensis	0	0	0	0	0	0	0	0	0	0	0	0	0	1	0	0	0	0	0	0	0	0	0	0	0	0	0	0	0	0	0	0	0	0	0	0	0	0	0	
N50	1.36817e-009	4.67471e-008	2.06392e-006	6.69688e-005	0.00139197	0.0164023	0.0944104	0.233587	0.285548	0.239735	0.10797	0.0198954	0.000972507	1.82257e-005	2.59914e-007	4.84361e-009	3.07189e-010	3.47414e-010	4.51196e-011	3.94309e-011	4.29757e-012	2.61273e-012	2.28898e-013	9.63217e-014	5.91421e-015	1.74948e-015	6.30488e-017	1.31109e-017	2.86529e-019	4.01255e-020	6.01912e-022	6.41412e-023	1.21234e-024	1.99727e-025	4.35867e-027	4.65722e-028	6.05246e-030	8.6638e-031	1.56117e-031	
Mastotermes_darwiniensis	0	0	0	0	0	0	0	0	0	0	0	0	0	0	0	0	0	0	0	0	0	0	0	0	0	0	0	0	0	0	0	0	0	0	0	0	1	0	0	
Porotermes_adamsoni	0	0	0	0	0	0	0	1	0	0	0	0	0	0	0	0	0	0	0	0	0	0	0	0	0	0	0	0	0	0	0	0	0	0	0	0	0	0	0	
