NODE	13	14	15	16	17	18	19	20	21	22	23	24	25	26	27	28	29	30	31	32	33	34	35	36	37	38	39	40	41	42	43	44	45	46	47	48	49	50	51	
N1	1.59246e-009	1.73696e-007	1.41157e-005	0.000648831	0.0138471	0.114358	0.324994	0.340564	0.159456	0.041188	0.00475281	0.00017677	1.58739e-006	5.6178e-009	1.33569e-011	3.62987e-017	1.37503e-018	4.61397e-020	1.37515e-021	3.66477e-023	8.80147e-025	1.91904e-026	3.82349e-028	7.0003e-030	1.18348e-031	1.85534e-033	2.70779e-035	3.69627e-037	4.76431e-039	5.9611e-041	7.78905e-043	1.1895e-044	2.15945e-046	4.01894e-048	6.51142e-050	8.3057e-052	7.9258e-054	5.72829e-056	3.64637e-058	
N2	2.47242e-010	4.47812e-008	6.89963e-006	0.000476633	0.0128753	0.121512	0.369605	0.363506	0.114768	0.0162064	0.00102226	2.00236e-005	1.1375e-007	2.43444e-010	2.40617e-013	1.31324e-016	6.0628e-020	1.02514e-021	1.54268e-024	3.45542e-026	2.6566e-029	3.53805e-031	1.41816e-034	1.17479e-036	2.62391e-040	1.39993e-042	2.02052e-046	7.48745e-049	8.03565e-053	2.26572e-055	1.83087e-059	3.92001e-062	2.10849e-066	3.00189e-069	1.01357e-073	7.73703e-077	1.75005e-081	6.34334e-085	7.40976e-089	
N3	7.51305e-014	2.06736e-011	1.36976e-008	4.28385e-006	0.000529308	0.0212823	0.231247	0.557666	0.18176	0.00741665	9.39082e-005	4.44831e-007	9.02695e-010	9.7031e-013	8.19558e-016	9.80723e-018	2.60081e-020	4.71268e-022	1.00272e-024	1.73803e-026	2.96831e-029	3.69451e-031	3.3426e-034	2.34382e-036	1.09385e-039	4.13757e-042	1.13079e-045	2.45304e-048	4.46251e-052	6.49594e-055	8.71922e-059	1.1163e-061	2.96281e-064	3.37325e-065	2.08285e-067	7.28393e-069	3.46456e-071	3.21567e-072	5.23554e-073	
N4	2.60439e-020	3.79007e-018	3.74256e-014	1.86097e-010	3.70037e-007	0.000228426	0.0296708	0.448856	0.511758	0.00946134	2.42372e-005	1.6632e-008	4.26561e-012	5.13805e-016	4.15019e-020	6.00579e-023	2.21737e-026	5.09895e-029	1.02012e-032	1.12309e-035	1.22485e-039	6.95287e-043	3.84668e-047	1.1887e-050	3.04336e-055	2.28277e-052	1.1688e-051	1.2236e-047	1.13562e-044	3.33448e-041	4.25441e-039	1.00434e-036	5.29964e-036	3.46263e-035	5.57186e-036	5.66328e-036	2.67976e-036	2.38626e-035	2.03399e-034	
N5	6.96498e-020	2.11055e-017	1.14593e-013	3.5114e-010	4.90861e-007	0.000247697	0.0302754	0.442069	0.518475	0.00890709	2.5406e-005	2.28763e-008	8.82226e-012	1.74128e-015	1.97719e-019	1.93327e-023	2.20653e-026	5.00898e-027	1.34035e-029	1.81026e-030	2.96532e-033	2.46399e-034	2.16394e-037	1.18984e-038	4.41374e-042	1.70507e-043	2.05868e-047	5.43285e-049	2.06984e-053	2.7201e-055	4.99739e-060	1.45476e-062	1.96117e-067	2.06369e-070	2.06695e-075	1.19036e-078	1.0094e-083	4.381e-086	1.2304e-087	
N6	4.81044e-026	3.42258e-026	2.83993e-021	1.4169e-016	3.39291e-012	3.24358e-008	9.04251e-005	0.0404062	0.952697	0.00680203	4.47465e-006	7.00256e-010	3.95099e-014	1.01243e-018	1.36177e-023	2.4596e-028	1.63664e-032	2.34817e-034	3.884e-036	7.3193e-037	1.07091e-038	1.36222e-039	1.61319e-041	1.36291e-042	1.13476e-044	6.31385e-046	2.49123e-048	9.41329e-050	1.39706e-051	2.79088e-051	4.91948e-052	1.22429e-051	1.11197e-051	6.67762e-051	7.24086e-052	6.971e-052	1.69367e-052	1.53532e-051	1.49369e-050	
N7	5.51767e-032	1.50266e-031	4.77006e-026	9.44855e-021	9.85228e-016	4.70919e-011	8.17442e-007	0.00329493	0.995411	0.00129283	1.89393e-007	7.59133e-012	1.20504e-016	9.23656e-022	3.85477e-027	9.57385e-033	2.13642e-038	1.28302e-041	4.79022e-046	3.52679e-046	2.23481e-046	7.56216e-046	4.42381e-048	4.71789e-049	2.08106e-051	1.34723e-052	3.80395e-055	2.13737e-054	8.88707e-051	6.3753e-046	2.30562e-043	6.77713e-040	3.31968e-038	4.44526e-036	2.18304e-037	2.12084e-037	1.55504e-038	1.95543e-037	3.66189e-036	
N8	1.25448e-032	3.14394e-030	5.89923e-025	6.88631e-020	4.299e-015	1.25874e-010	1.39051e-006	0.00384749	0.994408	0.00174315	3.7e-007	2.24791e-011	5.57797e-016	6.83579e-021	4.64353e-026	1.88718e-031	5.51748e-037	4.76133e-039	1.47873e-042	5.44342e-044	1.1496e-047	2.40489e-049	3.61507e-053	4.3875e-055	4.70926e-059	3.34121e-061	2.24244e-065	9.68442e-068	5.29538e-072	1.11786e-072	1.60042e-076	4.60014e-078	3.03993e-081	1.07782e-082	8.24318e-087	4.27651e-089	4.98731e-093	1.4554e-093	4.87585e-094	
N9	8.21721e-032	1.50476e-031	3.66295e-026	5.91083e-021	5.21916e-016	2.24034e-011	3.84469e-007	0.00182917	0.996396	0.0017737	3.62713e-007	2.06353e-011	4.70888e-016	5.23942e-021	3.19846e-026	1.15898e-031	2.83445e-037	6.65798e-041	3.60149e-045	2.15077e-046	2.06937e-046	1.40462e-045	9.9138e-048	1.47692e-048	8.15664e-051	7.77749e-052	5.02653e-054	6.70356e-051	1.04159e-047	1.41747e-043	1.09566e-041	5.60251e-039	7.38114e-038	3.83513e-036	1.84288e-037	1.7833e-037	1.57217e-038	2.17847e-037	3.81512e-036	
N10	6.17352e-032	2.19092e-030	3.40512e-025	3.55704e-020	2.06618e-015	5.95146e-011	7.03836e-007	0.00239788	0.995187	0.00241375	7.15281e-007	6.11683e-011	2.14979e-015	3.74859e-020	3.63531e-025	2.11332e-030	8.20742e-036	3.11203e-038	1.10607e-041	3.92719e-043	9.51146e-047	1.92865e-048	3.33546e-052	3.94708e-054	4.96485e-058	3.43881e-060	2.94337e-064	1.20099e-066	4.76164e-071	1.21278e-073	1.73688e-079	1.60448e-083	1.44439e-089	6.36825e-094	3.45941e-100	1.07861e-104	8.45739e-111	9.91556e-114	1.31042e-116	
Amitermes_darwini	0	0	0	0	0	0	0	0	1	0	0	0	0	0	0	0	0	0	0	0	0	0	0	0	0	0	0	0	0	0	0	0	0	0	0	0	0	0	0	
Amitermes_germanus	0	0	0	0	0	0	0	0	1	0	0	0	0	0	0	0	0	0	0	0	0	0	0	0	0	0	0	0	0	0	0	0	0	0	0	0	0	0	0	
N11	1.66789e-031	1.68206e-030	2.50373e-025	2.58814e-020	1.5295e-015	4.5855e-011	5.76055e-007	0.00213518	0.995699	0.00216487	5.92564e-007	4.7879e-011	1.62165e-015	2.78715e-020	2.73903e-025	1.6701e-030	7.08261e-036	7.34776e-039	1.44687e-042	1.48774e-044	2.00095e-048	1.21493e-050	1.16983e-054	4.25441e-057	3.02813e-061	6.5282e-064	3.42304e-068	4.23383e-071	1.32425e-075	9.23474e-079	1.46401e-084	5.24136e-089	4.72218e-095	1.03363e-099	5.4788e-106	9.15779e-111	7.7056e-117	2.64801e-120	9.75006e-124	
Amitermes_parvus	0	0	0	0	0	0	0	0	1	0	0	0	0	0	0	0	0	0	0	0	0	0	0	0	0	0	0	0	0	0	0	0	0	0	0	0	0	0	0	
Drepanotermes_septentrionalis	0	0	0	0	0	0	0	0	1	0	0	0	0	0	0	0	0	0	0	0	0	0	0	0	0	0	0	0	0	0	0	0	0	0	0	0	0	0	0	
N12	5.11835e-030	2.53328e-027	2.67535e-022	1.74324e-017	5.92522e-013	8.78359e-009	4.04849e-005	0.0221662	0.975747	0.00204601	5.73748e-007	4.84107e-011	1.72813e-015	3.1469e-020	3.28703e-025	2.13564e-030	9.70806e-036	4.58715e-039	5.92836e-043	2.46017e-045	2.09199e-049	4.92875e-052	2.84133e-056	3.78643e-059	1.50275e-063	1.09485e-066	2.95211e-071	2.39233e-072	7.9256e-071	2.2668e-068	2.64476e-068	2.17126e-067	3.7591e-068	2.64104e-068	4.78016e-072	1.85556e-074	5.67515e-078	3.1569e-079	2.07133e-080	
N13	5.43189e-033	1.26796e-032	5.32608e-027	1.43569e-021	2.04206e-016	1.34525e-011	3.29499e-007	0.00196659	0.99729	0.000742754	6.86882e-008	1.85138e-012	2.05345e-017	1.12409e-022	3.38797e-028	6.1489e-034	1.67876e-039	3.7216e-042	1.64673e-046	3.08372e-046	2.54708e-045	2.00983e-043	2.27497e-045	7.80476e-046	7.09393e-048	1.61051e-048	8.49479e-051	1.35916e-051	2.20871e-054	2.48415e-055	7.97504e-059	6.61353e-061	1.39847e-064	7.6322e-067	1.08187e-070	5.01447e-073	1.28151e-076	1.38894e-077	1.71151e-078	
N14	7.27631e-037	5.4899e-036	6.60235e-030	5.02597e-024	2.02069e-018	3.82973e-013	2.80716e-008	0.000538579	0.999113	0.000348038	1.42402e-008	1.65074e-013	7.70305e-019	1.73217e-024	2.08351e-030	1.42906e-036	7.23487e-043	1.69329e-045	7.55819e-050	2.00438e-050	1.33848e-049	2.62919e-047	2.30033e-049	1.85629e-049	1.30932e-051	7.1589e-052	3.37253e-054	1.2912e-054	2.01853e-057	5.95574e-058	5.19931e-062	4.98765e-064	3.17289e-068	1.538e-070	6.75066e-075	2.54544e-077	1.98935e-081	4.75642e-082	1.28753e-082	
Ephelotermes_melachoma	0	0	0	0	0	0	0	0	1	0	0	0	0	0	0	0	0	0	0	0	0	0	0	0	0	0	0	0	0	0	0	0	0	0	0	0	0	0	0	
N15	4.38275e-037	3.25055e-036	3.54034e-030	2.52034e-024	9.82822e-019	1.89079e-013	1.50197e-008	0.000349077	0.999318	0.000332994	1.38285e-008	1.69483e-013	8.61718e-019	2.16657e-024	2.98697e-030	2.40701e-036	1.27364e-042	1.19917e-045	6.48783e-050	3.93311e-052	1.30948e-056	4.00249e-059	8.29018e-064	1.25288e-066	1.58081e-071	1.10709e-074	7.78411e-080	2.23387e-083	5.78818e-089	5.72268e-093	1.89051e-100	1.57566e-106	4.89701e-115	8.278e-038	1.07036e-039	1.06161e-039	4.67052e-041	3.14107e-039	2.02681e-037	
Ephelotermes_taylori	0	0	0	0	0	0	0	0	1	0	0	0	0	0	0	0	0	0	0	0	0	0	0	0	0	0	0	0	0	0	0	0	0	0	0	0	0	0	0	
Macrognathotermes_sunteri	0	0	0	0	0	0	0	0	1	0	0	0	0	0	0	0	0	0	0	0	0	0	0	0	0	0	0	0	0	0	0	0	0	0	0	0	0	0	0	
Lophotermes_septentrionalis	0	0	0	0	0	0	0	0	1	0	0	0	0	0	0	0	0	0	0	0	0	0	0	0	0	0	0	0	0	0	0	0	0	0	0	0	0	0	0	
N16	9.20688e-029	5.44036e-026	8.22602e-021	7.6131e-016	3.62805e-011	7.32422e-007	0.00415682	0.165465	0.829927	0.000450387	4.59696e-008	1.66236e-012	2.7992e-017	2.55951e-022	1.40205e-027	4.92844e-033	1.23295e-038	4.08685e-042	3.53793e-046	1.18134e-048	6.84873e-053	1.31465e-055	5.20925e-060	5.68101e-063	2.16642e-067	1.04379e-068	5.98826e-071	6.57456e-072	2.71091e-074	8.35349e-074	2.53265e-073	7.34388e-072	3.50383e-072	8.09552e-072	1.03481e-075	3.32576e-078	6.85312e-082	3.63165e-083	2.32705e-084	
Procubitermes_sp	0	0	0	0	0	0	1	0	0	0	0	0	0	0	0	0	0	0	0	0	0	0	0	0	0	0	0	0	0	0	0	0	0	0	0	0	0	0	0	
N17	7.69631e-035	4.26006e-035	8.72284e-029	1.02023e-022	5.66099e-017	1.27341e-011	8.22751e-007	0.00333361	0.996527	0.000138314	2.55682e-009	1.42718e-014	3.28158e-020	3.62202e-026	2.09178e-032	4.44233e-038	6.01034e-043	3.72951e-046	2.03305e-051	2.78373e-055	2.1426e-061	4.47304e-037	4.51132e-037	1.46171e-035	1.30244e-035	2.97152e-034	3.37013e-035	4.98382e-034	3.05842e-035	2.28993e-034	9.7889e-036	1.0989e-035	3.32389e-037	3.2955e-037	7.53932e-039	7.43724e-039	1.56456e-039	6.72977e-038	2.39698e-036	
Tuberculitermes_bycanistes	0	0	0	0	0	0	0	0	1	0	0	0	0	0	0	0	0	0	0	0	0	0	0	0	0	0	0	0	0	0	0	0	0	0	0	0	0	0	0	
Unguitermes_sp	0	0	0	0	0	0	0	0	1	0	0	0	0	0	0	0	0	0	0	0	0	0	0	0	0	0	0	0	0	0	0	0	0	0	0	0	0	0	0	
N18	2.06691e-035	4.17112e-035	3.16616e-029	2.41925e-023	8.56216e-018	1.30609e-012	7.18702e-008	0.000933926	0.998265	0.000800932	5.52545e-008	9.25777e-013	5.70177e-018	1.53644e-023	1.94104e-029	2.06859e-035	2.73117e-039	5.4132e-040	1.0574e-041	1.2519e-041	2.02191e-043	1.67967e-043	2.29823e-045	1.32918e-045	1.55971e-047	6.11888e-048	5.8674e-050	1.51207e-050	7.77909e-053	1.38538e-053	4.87796e-057	4.62456e-059	1.05317e-062	6.93589e-065	1.05543e-068	6.04054e-071	1.79562e-074	2.79143e-075	4.7628e-076	
N19	1.76027e-033	4.66435e-034	1.03577e-028	6.61458e-023	1.84331e-017	2.14416e-012	9.28385e-008	0.00100881	0.99808	0.000911455	7.97462e-008	1.78742e-012	1.49812e-017	5.17773e-023	7.7964e-029	5.03732e-034	2.32789e-037	9.57079e-041	3.13151e-044	8.98755e-047	1.9042e-050	1.96651e-051	2.77352e-055	1.54689e-056	1.35344e-060	4.21847e-062	1.79274e-066	3.73934e-068	4.26455e-073	1.20446e-074	1.41787e-079	9.42309e-081	1.06407e-084	4.75798e-086	7.99998e-091	4.48097e-093	4.07539e-098	4.8326e-098	6.07373e-098	
N20	9.24437e-032	4.12722e-031	8.49538e-026	1.17746e-020	9.03018e-016	3.3912e-011	5.10488e-007	0.00212309	0.995705	0.00217107	5.32667e-007	3.60744e-011	9.7891e-016	1.30059e-020	9.5615e-026	4.22094e-031	1.25188e-036	5.50643e-040	5.41978e-044	7.94837e-044	1.72657e-043	3.92946e-042	6.85144e-044	3.8573e-044	5.68747e-046	2.24447e-046	2.92242e-048	7.69503e-049	7.97038e-051	1.29147e-051	8.74649e-055	9.37468e-057	3.9378e-060	3.45607e-062	9.9619e-066	8.02837e-068	4.78796e-071	7.72077e-072	1.38403e-072	
Crenetermes_albotarsalis	0	0	0	0	0	0	0	0	1	0	0	0	0	0	0	0	0	0	0	0	0	0	0	0	0	0	0	0	0	0	0	0	0	0	0	0	0	0	0	
N21	2.51523e-032	1.10941e-030	1.95381e-025	2.31491e-020	1.52066e-015	4.91403e-011	6.41813e-007	0.00234839	0.995244	0.00240637	6.72864e-007	5.26677e-011	1.66547e-015	2.59023e-020	2.23313e-025	1.15489e-030	3.99019e-036	1.73634e-038	6.47533e-042	2.87742e-043	7.3006e-047	1.85636e-048	3.33816e-052	4.96517e-054	6.29669e-058	5.54871e-060	4.38019e-064	2.3563e-066	7.25909e-071	2.56615e-073	2.92657e-079	3.93773e-083	2.98399e-089	1.58955e-093	7.54987e-100	2.58378e-104	1.38778e-110	1.77885e-113	3.25225e-116	
Cubitermes_sp	0	0	0	0	0	0	0	0	1	0	0	0	0	0	0	0	0	0	0	0	0	0	0	0	0	0	0	0	0	0	0	0	0	0	0	0	0	0	0	
Thoracotermes_macrothorax	0	0	0	0	0	0	0	0	1	0	0	0	0	0	0	0	0	0	0	0	0	0	0	0	0	0	0	0	0	0	0	0	0	0	0	0	0	0	0	
N22	7.99612e-032	1.11964e-031	2.45505e-026	3.71273e-021	3.20233e-016	1.40302e-011	2.58899e-007	0.00142234	0.997129	0.00144799	2.68322e-007	1.48031e-011	3.43973e-016	4.06004e-021	2.73328e-026	1.13618e-031	3.25237e-037	4.48977e-041	2.51503e-045	3.14827e-048	1.11272e-052	7.48659e-056	1.67939e-060	5.9362e-064	1.20958e-068	2.06091e-069	1.97108e-069	2.43021e-068	6.52707e-067	1.57749e-060	9.60901e-054	1.55258e-046	3.86478e-041	7.22838e-036	4.33994e-037	4.16486e-037	4.44425e-038	4.6786e-037	6.35602e-036	
N23	4.29016e-037	9.74154e-037	1.19228e-030	9.88556e-025	4.60245e-019	1.07191e-013	1.03394e-008	0.000290427	0.999413	0.000296988	1.08045e-008	1.14414e-013	5.01634e-019	1.09997e-024	1.35414e-030	1.01074e-036	5.0899e-043	1.03207e-046	2.99047e-051	5.78863e-054	1.03295e-058	1.04501e-061	1.15908e-066	5.94251e-070	3.9921e-075	9.64188e-079	3.5057e-084	3.53154e-088	4.48293e-094	1.58031e-098	4.14816e-106	2.23191e-112	5.79195e-121	3.36185e-037	7.00559e-039	6.96103e-039	2.77228e-040	9.67007e-039	4.25583e-037	
Nasutitermes_graveolus	0	0	0	0	0	0	0	0	1	0	0	0	0	0	0	0	0	0	0	0	0	0	0	0	0	0	0	0	0	0	0	0	0	0	0	0	0	0	0	
Nasutitermes_triodiae	0	0	0	0	0	0	0	0	1	0	0	0	0	0	0	0	0	0	0	0	0	0	0	0	0	0	0	0	0	0	0	0	0	0	0	0	0	0	0	
N24	1.60978e-038	1.10854e-038	3.09165e-032	5.21729e-026	4.57476e-020	1.90868e-014	3.23562e-009	0.0001615	0.999674	0.000164975	3.37513e-009	2.03249e-014	4.97208e-020	5.7866e-026	3.49888e-032	1.14661e-038	2.16948e-045	9.18069e-050	4.8452e-055	8.57295e-059	6.39871e-065	2.59534e-040	2.63558e-040	1.30949e-038	1.32899e-038	5.23373e-037	5.13551e-037	1.52751e-035	1.13551e-035	2.49741e-034	1.1159e-035	1.50606e-035	4.98158e-037	5.07863e-037	1.26894e-038	1.25062e-038	6.31736e-040	1.82715e-038	6.4235e-037	
Nasutitermes_longipennis	0	0	0	0	0	0	0	0	1	0	0	0	0	0	0	0	0	0	0	0	0	0	0	0	0	0	0	0	0	0	0	0	0	0	0	0	0	0	0	
Tumulitermes_pastinator	0	0	0	0	0	0	0	0	1	0	0	0	0	0	0	0	0	0	0	0	0	0	0	0	0	0	0	0	0	0	0	0	0	0	0	0	0	0	0	
N25	4.36906e-031	1.21422e-030	2.03591e-025	2.2916e-020	1.43544e-015	4.47026e-011	5.74731e-007	0.00215018	0.995656	0.00219269	5.97191e-007	4.7306e-011	1.5467e-015	2.51406e-020	2.27412e-025	1.23372e-030	4.45546e-036	1.16877e-039	9.43657e-044	1.02779e-044	3.62575e-044	9.22108e-043	1.21528e-044	3.63843e-045	4.07383e-047	8.41898e-048	8.21566e-050	1.11053e-050	8.74704e-053	6.89768e-054	4.82441e-057	3.41699e-059	1.39758e-062	8.11684e-065	2.1991e-068	1.13533e-070	5.35239e-074	3.48749e-075	2.61976e-076	
N26	1.82042e-033	2.98893e-032	8.76962e-027	1.72807e-021	1.88983e-016	1.01936e-011	2.23297e-007	0.00138076	0.997204	0.00141493	2.34131e-007	1.09274e-011	2.07029e-016	1.93414e-021	1.00271e-026	3.11817e-032	6.46996e-038	1.02066e-040	1.77639e-044	2.84989e-046	3.37687e-050	3.09722e-052	2.60888e-056	1.39771e-058	8.40247e-063	2.65243e-065	1.02499e-069	1.94788e-072	3.12765e-077	3.82343e-080	2.72406e-086	1.51898e-090	7.03986e-097	1.65399e-101	4.73783e-108	7.38536e-113	2.35865e-119	1.04608e-122	6.63033e-126	
Microcerotermes_boreus	0	0	0	0	0	0	0	0	1	0	0	0	0	0	0	0	0	0	0	0	0	0	0	0	0	0	0	0	0	0	0	0	0	0	0	0	0	0	0	
Pericapritermes_sp	0	0	0	0	0	0	0	0	1	0	0	0	0	0	0	0	0	0	0	0	0	0	0	0	0	0	0	0	0	0	0	0	0	0	0	0	0	0	0	
Microcerotermes_nervosus	0	0	0	0	0	0	0	0	1	0	0	0	0	0	0	0	0	0	0	0	0	0	0	0	0	0	0	0	0	0	0	0	0	0	0	0	0	0	0	
N27	5.1735e-028	5.17999e-026	3.59265e-021	1.54585e-016	3.28625e-012	2.9049e-008	7.9495e-005	0.038132	0.953511	0.00827024	7.00344e-006	1.44454e-009	1.08606e-013	3.706e-018	6.53685e-023	6.68933e-028	3.67355e-032	7.08248e-033	6.86857e-036	1.11282e-036	6.37991e-040	6.03861e-041	1.90424e-044	1.14582e-045	1.65048e-049	6.82035e-051	3.08905e-055	9.24859e-057	7.93478e-062	1.54109e-063	2.48761e-069	2.61197e-072	3.1637e-078	1.09348e-081	9.8196e-088	1.7643e-091	1.32186e-097	4.92543e-100	7.81242e-102	
Macrotermes_bellicosus	0	0	0	0	0	0	0	0	1	0	0	0	0	0	0	0	0	0	0	0	0	0	0	0	0	0	0	0	0	0	0	0	0	0	0	0	0	0	0	
N28	5.66457e-024	2.99616e-022	3.2139e-018	2.39377e-014	1.00227e-010	2.06665e-007	0.000170169	0.0381751	0.939358	0.0222234	7.28141e-005	7.17384e-008	2.97809e-011	6.29539e-015	7.64941e-019	5.84491e-023	3.92872e-027	1.14738e-028	2.15838e-031	1.42656e-032	1.86901e-035	7.3684e-037	7.08778e-040	1.68709e-041	1.21247e-044	1.72851e-046	8.18856e-050	7.04694e-052	1.10428e-055	6.17752e-058	1.5159e-062	1.26327e-065	2.13031e-068	1.31222e-069	1.11026e-072	1.98981e-074	2.03562e-077	5.79865e-078	2.29308e-078	
N29	1.2036e-032	3.74128e-033	1.00772e-027	3.38682e-022	5.51054e-017	4.03197e-012	1.15311e-007	0.000954325	0.998161	0.000884442	1.00859e-007	3.37325e-012	4.4565e-017	2.6695e-022	7.79421e-028	2.42989e-033	8.83157e-037	1.4154e-038	1.25659e-040	1.44282e-041	1.03693e-043	7.95231e-045	4.53695e-047	2.25095e-048	1.0001e-050	3.03032e-052	9.57626e-055	1.6118e-056	2.61993e-059	2.12644e-061	6.35039e-065	7.50352e-068	5.61585e-072	4.22897e-035	4.7538e-036	4.46312e-036	6.01705e-037	2.70169e-036	2.11384e-035	
N30	5.45503e-038	1.37005e-037	2.90174e-031	3.84414e-025	2.64354e-019	8.4786e-014	1.04072e-008	0.000328829	0.999354	0.000316859	9.8656e-009	7.98064e-014	2.48293e-019	3.61016e-025	2.72654e-031	1.15706e-037	1.92017e-043	5.14542e-047	2.51323e-051	2.03304e-053	5.95441e-058	2.90475e-060	4.9309e-065	1.18412e-067	1.02117e-072	1.20622e-075	3.9101e-081	2.19965e-084	1.36485e-090	3.18834e-094	3.71149e-102	1.12554e-107	1.53378e-116	4.43944e-038	3.20218e-040	4.16806e-040	3.14102e-042	1.74114e-040	2.8957e-038	
Microtermes_sp	0	0	0	0	0	0	0	0	1	0	0	0	0	0	0	0	0	0	0	0	0	0	0	0	0	0	0	0	0	0	0	0	0	0	0	0	0	0	0	
Protermes_sp	0	0	0	0	0	0	0	0	1	0	0	0	0	0	0	0	0	0	0	0	0	0	0	0	0	0	0	0	0	0	0	0	0	0	0	0	0	0	0	
Odontotermes_sp	0	0	0	0	0	0	0	0	1	0	0	0	0	0	0	0	0	0	0	0	0	0	0	0	0	0	0	0	0	0	0	0	0	0	0	0	0	0	0	
Pseudacanthotermes_militaris	0	0	0	0	0	0	0	0	1	0	0	0	0	0	0	0	0	0	0	0	0	0	0	0	0	0	0	0	0	0	0	0	0	0	0	0	0	0	0	
Schedorhinotermes_lamanianus	0	0	0	0	0	0	1	0	0	0	0	0	0	0	0	0	0	0	0	0	0	0	0	0	0	0	0	0	0	0	0	0	0	0	0	0	0	0	0	
N31	1.15303e-018	1.45353e-016	3.7512e-013	6.33013e-010	5.44132e-007	0.000197542	0.0219487	0.391117	0.561131	0.0253964	0.000208779	5.56293e-007	6.42038e-010	3.81352e-013	1.30754e-016	1.99687e-019	1.85518e-021	7.48804e-022	5.12934e-024	1.13874e-024	5.08561e-027	6.53145e-028	1.71284e-030	1.35731e-031	1.54733e-034	8.15504e-036	2.6187e-039	8.59763e-041	9.50553e-045	1.24034e-046	7.74355e-051	1.81093e-053	7.70191e-058	9.80644e-061	2.81577e-065	2.70181e-068	1.79109e-072	4.90614e-074	1.40887e-075	
Coptotermes_acinaciformis	0	0	0	0	0	0	0	0	1	0	0	0	0	0	0	0	0	0	0	0	0	0	0	0	0	0	0	0	0	0	0	0	0	0	0	0	0	0	0	
N32	2.86823e-026	7.41409e-027	4.77156e-022	1.86872e-017	3.67604e-013	3.2709e-009	1.09669e-005	0.00960545	0.985657	0.00472293	3.18544e-006	6.37391e-010	5.22436e-014	2.05259e-018	4.22936e-023	5.44721e-028	4.33522e-032	3.50956e-033	7.22584e-035	8.31422e-036	1.43609e-037	1.15195e-038	1.67746e-040	9.25986e-042	1.09535e-043	4.03239e-045	3.36884e-047	7.97057e-049	3.63062e-051	5.00699e-053	1.35232e-055	1.02187e-057	1.76753e-060	1.02434e-062	1.22072e-065	6.19328e-068	9.49983e-071	1.60629e-072	3.44146e-074	
Reticulitermes_flavipes	0	0	0	0	0	0	0	0	1	0	0	0	0	0	0	0	0	0	0	0	0	0	0	0	0	0	0	0	0	0	0	0	0	0	0	0	0	0	0	
N33	6.23574e-031	8.43192e-030	1.53071e-024	1.78017e-019	1.07329e-014	2.88979e-010	2.7228e-006	0.0057624	0.991062	0.00317226	1.00915e-006	8.09466e-011	2.43442e-015	3.41229e-020	2.54484e-025	1.1049e-030	4.39782e-036	7.01923e-038	1.6426e-041	4.66295e-043	6.38652e-047	1.09914e-048	8.32029e-053	9.28301e-055	3.42039e-059	2.61224e-061	3.74281e-066	2.02112e-068	7.67477e-074	2.77127e-076	1.54417e-082	5.1078e-086	2.01481e-092	2.10702e-096	5.97487e-103	2.89577e-107	5.97279e-114	9.4567e-118	1.69755e-120	
Reticulitermes_lucifugus	0	0	0	0	0	0	0	0	1	0	0	0	0	0	0	0	0	0	0	0	0	0	0	0	0	0	0	0	0	0	0	0	0	0	0	0	0	0	0	
Reticulitermes_urbis	0	0	0	0	0	0	0	0	1	0	0	0	0	0	0	0	0	0	0	0	0	0	0	0	0	0	0	0	0	0	0	0	0	0	0	0	0	0	0	
N34	4.16638e-015	2.0427e-012	2.99273e-009	2.25675e-006	0.000611492	0.0245626	0.255271	0.621047	0.0973625	0.00114006	3.41805e-006	4.68234e-009	3.68679e-011	9.68496e-013	1.62558e-014	3.18599e-016	1.82806e-017	1.46638e-017	8.78631e-019	3.10198e-019	7.86682e-021	8.35638e-022	4.75713e-024	1.08968e-025	1.77777e-028	1.57972e-030	9.53386e-034	3.93854e-036	1.00864e-039	1.9089e-042	2.39409e-046	1.82946e-049	1.31502e-053	5.69232e-057	2.49134e-061	7.31531e-065	3.09374e-069	3.32671e-072	5.79018e-075	
N35	3.89892e-018	1.16586e-014	5.42553e-011	8.8247e-008	3.54862e-005	0.00243723	0.08757	0.747541	0.16069	0.00172309	2.93349e-006	1.32809e-009	2.71846e-013	1.46412e-016	1.20975e-019	5.18184e-022	1.08702e-024	5.98442e-027	1.18272e-029	2.36803e-032	1.45822e-035	1.09472e-038	1.04894e-042	2.03749e-046	5.21449e-051	4.83397e-051	2.40195e-053	1.15875e-054	7.52766e-057	1.88167e-058	1.88234e-061	5.90442e-063	1.28267e-065	3.95443e-067	1.24186e-070	1.97783e-072	2.1768e-073	2.67211e-074	2.13896e-075	
N36	1.51501e-013	1.538e-011	7.80249e-009	1.63977e-006	0.000117012	0.00243171	0.0475191	0.585959	0.347847	0.0159581	0.000166239	5.5241e-007	6.69271e-010	3.02175e-013	5.65943e-017	2.19186e-018	6.7775e-021	5.90251e-022	8.83852e-025	3.32598e-026	2.68568e-029	4.90389e-031	1.72927e-034	1.76442e-036	1.97667e-040	1.34074e-037	1.33759e-039	8.32675e-040	1.47118e-042	9.23589e-044	9.2955e-047	2.57188e-048	1.91151e-051	4.42872e-053	2.52477e-056	5.22281e-058	7.49575e-060	5.63381e-060	3.21009e-060	
N37	1.02646e-009	1.16206e-007	6.07262e-006	0.000147757	0.00153086	0.00593353	0.0475662	0.504341	0.38555	0.0523586	0.00251389	5.17376e-005	4.72754e-007	1.72175e-009	1.59321e-012	2.33137e-015	2.74329e-017	1.54462e-017	1.29929e-019	3.50762e-020	1.79705e-022	2.56942e-023	8.05693e-026	6.54331e-027	1.01093e-029	5.08139e-031	2.2253e-034	7.09106e-036	6.70063e-040	5.6488e-042	3.29952e-046	6.4349e-049	2.51724e-053	2.76346e-056	7.19397e-061	5.99763e-064	4.68304e-068	1.15749e-069	2.71706e-071	
Bifiditermes_improbus	0	0	0	0	0	1	0	0	0	0	0	0	0	0	0	0	0	0	0	0	0	0	0	0	0	0	0	0	0	0	0	0	0	0	0	0	0	0	0	
Neotermes_insularis	0	0	0	0	0	0	0	0	0	0	0	0	0	1	0	0	0	0	0	0	0	0	0	0	0	0	0	0	0	0	0	0	0	0	0	0	0	0	0	
N38	4.17727e-018	2.18237e-017	4.51501e-014	6.03336e-011	4.34425e-008	1.62742e-005	0.00288106	0.15159	0.814314	0.0309864	0.000212458	4.8696e-007	4.96585e-010	2.68484e-013	9.20512e-017	2.04835e-019	4.06692e-022	4.5698e-024	5.89887e-027	3.64878e-029	2.77697e-032	1.033e-034	4.62622e-038	1.17567e-040	4.0123e-044	7.30455e-047	1.68451e-050	1.95521e-053	1.81988e-057	8.53776e-061	4.79393e-065	1.27039e-068	4.58392e-073	8.71757e-077	2.1024e-081	3.28269e-085	1.47322e-089	1.31967e-092	1.26988e-095	
Glyptotermes_brevicornis	0	0	0	0	0	0	0	0	1	0	0	0	0	0	0	0	0	0	0	0	0	0	0	0	0	0	0	0	0	0	0	0	0	0	0	0	0	0	0	
Glyptotermes_iridipennis	0	0	0	0	0	0	0	0	1	0	0	0	0	0	0	0	0	0	0	0	0	0	0	0	0	0	0	0	0	0	0	0	0	0	0	0	0	0	0	
N39	3.72993e-021	4.26098e-017	3.42794e-013	1.26254e-009	1.70696e-006	0.00064972	0.0689425	0.807102	0.122428	0.000875527	1.06741e-006	3.9466e-010	6.00986e-014	4.54303e-018	1.98526e-022	1.85522e-025	1.42225e-028	1.99532e-030	9.04692e-034	6.58866e-036	1.49931e-039	6.27768e-042	5.40852e-046	1.47016e-048	8.48731e-053	1.91e-055	1.11917e-059	5.74722e-062	3.89687e-066	1.373e-068	5.55006e-073	5.24301e-076	1.44377e-080	2.18897e-083	3.03013e-086	9.95239e-088	2.40577e-090	1.12429e-090	6.91498e-091	
N40	3.65209e-018	4.74775e-015	1.45235e-011	1.93328e-008	1.01195e-005	0.00184224	0.0926974	0.769423	0.134966	0.00105931	1.8187e-006	1.09603e-009	2.97352e-013	4.23778e-017	3.52806e-021	3.57584e-025	1.63856e-028	1.88427e-030	1.06796e-033	6.96332e-036	2.6465e-039	9.67368e-042	2.52541e-045	5.18734e-048	8.70955e-052	7.62108e-054	2.86554e-054	2.1565e-051	8.98801e-050	2.80544e-047	4.37432e-046	5.26795e-044	3.59914e-043	2.01692e-042	2.11765e-043	2.11271e-043	5.87433e-044	6.46904e-043	7.0069e-042	
N41	4.41582e-020	1.83811e-017	1.10251e-013	3.64711e-010	5.41243e-007	0.000291169	0.0404887	0.761968	0.195802	0.00144716	2.26285e-006	1.24871e-009	3.14219e-013	4.24477e-017	4.51936e-021	1.04706e-022	1.95794e-025	8.91601e-027	9.34945e-030	2.4578e-031	1.3519e-034	2.2395e-036	5.86186e-040	6.47064e-042	7.29715e-046	5.33774e-048	2.41427e-052	9.94502e-055	1.9508e-059	2.1326e-062	2.86516e-067	1.23436e-070	1.16349e-075	2.93684e-079	1.92183e-084	3.55469e-088	1.03598e-092	5.32115e-095	2.31727e-097	
Cryptotermes_austrinus	0	0	0	0	0	0	0	1	0	0	0	0	0	0	0	0	0	0	0	0	0	0	0	0	0	0	0	0	0	0	0	0	0	0	0	0	0	0	0	
Cryptotermes_queenslandis	0	0	0	0	0	0	0	0	1	0	0	0	0	0	0	0	0	0	0	0	0	0	0	0	0	0	0	0	0	0	0	0	0	0	0	0	0	0	0	
N42	5.79773e-012	4.30725e-010	8.82557e-006	0.000593095	0.0132168	0.118199	0.405366	0.411608	0.0509984	1.01512e-005	5.29573e-010	1.13738e-014	1.23722e-019	7.6757e-025	2.93066e-030	8.34608e-036	4.78504e-041	1.24476e-044	2.41869e-049	4.2858e-053	4.99473e-058	4.27679e-062	2.81108e-067	1.0193e-071	3.11783e-077	3.46094e-082	2.32606e-088	5.08056e-050	2.45481e-053	6.96039e-056	1.39102e-059	1.01959e-062	5.2302e-067	1.26581e-026	1.40547e-027	1.32178e-027	3.06458e-028	2.13258e-027	1.72153e-026	
Cryptotermes_primus	0	0	1	0	0	0	0	0	0	0	0	0	0	0	0	0	0	0	0	0	0	0	0	0	0	0	0	0	0	0	0	0	0	0	0	0	0	0	0	
Incisitermes_sp	0	0	0	0	0	0	0	0	1	0	0	0	0	0	0	0	0	0	0	0	0	0	0	0	0	0	0	0	0	0	0	0	0	0	0	0	0	0	0	
N43	2.38829e-018	2.86646e-016	1.66655e-013	2.38822e-010	3.90809e-007	0.00047698	0.0709008	0.81153	0.115871	0.001219	1.26486e-006	3.43725e-010	3.60012e-014	1.78991e-018	4.8138e-023	4.10556e-027	1.84058e-030	3.01022e-031	4.35837e-031	3.72862e-030	3.4751e-031	4.43611e-031	1.74169e-032	1.56277e-032	3.74406e-034	2.48773e-034	2.53102e-036	1.21262e-036	3.54864e-039	5.88638e-040	1.14993e-042	5.4802e-044	7.7892e-047	2.35238e-048	2.40927e-051	6.11532e-053	1.67145e-055	9.66587e-056	5.7029e-056	
N44	1.33637e-018	3.90816e-015	8.43085e-012	3.33396e-009	1.43959e-006	0.00121753	0.103448	0.819842	0.0750897	0.000401022	2.26449e-007	3.27719e-011	1.74638e-015	4.23179e-020	5.35291e-025	3.93263e-030	2.788e-035	3.81926e-037	1.19983e-040	2.90381e-042	5.50782e-046	7.52879e-048	8.04966e-052	6.57295e-054	3.34098e-058	1.13842e-043	2.54756e-045	5.97664e-045	5.77699e-048	3.73506e-048	1.97618e-051	4.5215e-052	1.27853e-055	5.66653e-057	1.24539e-060	2.69805e-062	4.87453e-066	2.84001e-067	2.11191e-067	
N45	5.40126e-012	1.79501e-009	2.14244e-007	4.53422e-006	0.00014287	0.0176564	0.259443	0.670513	0.0518669	0.00037215	6.02851e-007	2.6395e-010	2.41081e-014	8.4108e-019	1.4423e-023	1.49032e-028	6.2691e-033	2.20273e-034	1.5168e-036	3.93115e-036	1.48561e-037	2.85979e-037	9.3311e-039	1.25617e-038	3.22121e-040	3.03085e-040	3.98918e-042	2.78541e-042	3.63294e-045	9.34241e-046	7.4641e-049	3.90967e-050	2.43634e-053	5.71402e-055	2.56269e-058	4.80403e-060	3.87098e-063	2.37483e-063	1.78987e-063	
Cryptotermes_brevis	0	0	0	0	0	1	0	0	0	0	0	0	0	0	0	0	0	0	0	0	0	0	0	0	0	0	0	0	0	0	0	0	0	0	0	0	0	0	0	
N46	1.11206e-008	5.92396e-007	1.1543e-005	3.22729e-005	0.000409484	0.0221971	0.267379	0.645712	0.0630944	0.00115688	6.89617e-006	1.32781e-008	3.64257e-012	3.85394e-016	2.10112e-020	2.91895e-022	1.13852e-024	3.91568e-025	9.25133e-028	1.70149e-028	2.43247e-031	2.59396e-032	1.82042e-035	1.22728e-036	1.89e-040	8.88075e-042	3.87848e-046	1.14989e-047	1.3188e-052	5.19148e-055	4.31893e-060	3.76804e-063	2.21751e-068	1.06472e-071	4.31402e-077	1.5514e-080	9.11439e-085	3.18372e-086	8.37802e-088	
Cryptotermes_domesticus	0	0	1	0	0	0	0	0	0	0	0	0	0	0	0	0	0	0	0	0	0	0	0	0	0	0	0	0	0	0	0	0	0	0	0	0	0	0	0	
Procryptotermes_australiensis	0	0	0	0	0	0	0	0	0	0	0	1	0	0	0	0	0	0	0	0	0	0	0	0	0	0	0	0	0	0	0	0	0	0	0	0	0	0	0	
N47	9.3072e-022	7.43718e-018	4.62064e-014	1.61704e-010	2.7947e-007	0.000194391	0.0379082	0.928293	0.033449	0.000155257	2.06173e-007	1.11768e-010	3.02108e-014	4.62776e-018	4.41179e-022	8.98261e-026	6.54163e-029	7.71714e-031	5.33396e-034	3.71535e-036	1.8399e-039	7.57805e-042	2.74192e-045	6.61425e-048	1.53119e-051	2.18605e-054	2.25352e-058	1.88812e-061	6.98813e-066	1.99548e-069	4.46575e-074	6.13352e-078	8.43083e-083	8.74008e-087	7.86826e-092	7.00089e-096	2.11805e-100	1.72063e-103	1.25553e-106	
Cryptotermes_dudleyi	0	0	0	0	0	0	0	1	0	0	0	0	0	0	0	0	0	0	0	0	0	0	0	0	0	0	0	0	0	0	0	0	0	0	0	0	0	0	0	
Cryptotermes_secundus	0	0	0	0	0	0	0	1	0	0	0	0	0	0	0	0	0	0	0	0	0	0	0	0	0	0	0	0	0	0	0	0	0	0	0	0	0	0	0	
Cryptotermes_cynocephalus	0	0	0	0	0	0	0	0	0	1	0	0	0	0	0	0	0	0	0	0	0	0	0	0	0	0	0	0	0	0	0	0	0	0	0	0	0	0	0	
Kalotermes_flavicollis	0	0	0	0	0	0	0	0	0	0	0	0	0	0	0	0	0	0	0	0	0	1	0	0	0	0	0	0	0	0	0	0	0	0	0	0	0	0	0	
N48	4.19041e-007	1.94608e-005	0.000628658	0.0102233	0.0787936	0.269614	0.372428	0.196478	0.0566451	0.0135677	0.00153164	6.89351e-005	1.3513e-006	1.27166e-008	6.26083e-011	1.82353e-013	5.63119e-016	1.02445e-016	2.04689e-018	4.04205e-019	4.93266e-021	5.43067e-022	3.96133e-024	2.60388e-025	1.04914e-027	4.35089e-029	8.9678e-032	2.36425e-033	2.36363e-036	3.59225e-038	2.03327e-041	1.60534e-043	5.97806e-047	2.51139e-049	6.48913e-053	1.60738e-055	3.07596e-059	1.09046e-061	1.29417e-063	
Porotermes_adamsoni	0	0	0	0	0	0	0	1	0	0	0	0	0	0	0	0	0	0	0	0	0	0	0	0	0	0	0	0	0	0	0	0	0	0	0	0	0	0	0	
N49	0.0367398	0.173579	0.370733	0.287645	0.0482511	0.00340681	0.00373239	0.0151652	0.0276378	0.0225802	0.00874062	0.00164145	0.000143297	4.80842e-006	2.25087e-008	4.7524e-011	8.39296e-014	1.40509e-015	6.53345e-018	1.12455e-019	3.28519e-022	3.11424e-024	5.99213e-027	3.30623e-029	4.16408e-032	1.37862e-034	1.06938e-037	2.15236e-040	9.67487e-044	1.16193e-046	3.18762e-050	2.33641e-053	4.15266e-057	2.08473e-060	2.49422e-064	9.69333e-068	1.0703e-071	8.36088e-075	1.01034e-077	
Stolotermes_sp	0	0	0	1	0	0	0	0	0	0	0	0	0	0	0	0	0	0	0	0	0	0	0	0	0	0	0	0	0	0	0	0	0	0	0	0	0	0	0	
N50	0.0420932	0.00705289	0.000367406	7.24711e-006	5.23484e-008	1.63728e-010	6.16125e-011	9.97749e-009	9.14113e-007	4.224e-005	0.000956927	0.00978786	0.044069	0.806474	0.0732076	0.0157528	0.000179582	8.05556e-006	2.6858e-008	4.26025e-010	4.48093e-013	3.08245e-015	1.37073e-018	4.54113e-021	1.04318e-024	1.77363e-027	2.37912e-031	2.1947e-034	1.84457e-038	1.00005e-041	5.45258e-046	1.95103e-049	7.04898e-054	1.85335e-057	4.63258e-062	1.26191e-065	8.99563e-069	1.8515e-071	2.87755e-074	
Zootermopsis_angusticollis	0	0	0	0	0	0	0	0	0	0	0	0	0	1	0	0	0	0	0	0	0	0	0	0	0	0	0	0	0	0	0	0	0	0	0	0	0	0	0	
Zootermopsis_nevadensis	0	0	0	0	0	0	0	0	0	0	0	0	0	1	0	0	0	0	0	0	0	0	0	0	0	0	0	0	0	0	0	0	0	0	0	0	0	0	0	
Mastotermes_darwiniensis	0	0	0	0	0	0	0	0	0	0	0	0	0	0	0	0	0	0	0	0	0	0	0	0	0	0	0	0	0	0	0	0	0	0	0	0	1	0	0	
