NODE	7	8	9	10	11	12	13	14	15	16	17	18	19	20	21	22	23	24	25	26	27	28	29	30	31	32	33	34	35	36	37	38	39	40	41	42	43	44	45	46	47	48	49	50	51	
N1	0.0120875	0.0251791	0.0633175	0.131279	0.202108	0.234144	0.193911	0.101804	0.0306699	0.00503774	0.000442108	2.05975e-005	5.09772e-007	6.74646e-009	4.83591e-011	1.91291e-013	5.88799e-018	2.11979e-019	5.89439e-021	1.28395e-022	2.22139e-024	3.09324e-026	3.51007e-028	3.28379e-030	2.56012e-032	1.67987e-034	9.36247e-037	4.46938e-039	1.84162e-041	6.59676e-044	2.06767e-046	5.70512e-049	1.39347e-051	3.02837e-054	5.88388e-057	1.02654e-059	1.61478e-062	2.29896e-065	2.97276e-068	3.50293e-071	3.7729e-074	3.72509e-077	3.38054e-080	2.82828e-083	2.40451e-086	
N2	0.0127233	0.0274085	0.0666881	0.131877	0.19631	0.225322	0.190417	0.105876	0.0355161	0.00698832	0.000802465	6.60588e-005	3.12698e-006	2.06863e-006	8.79745e-008	1.23815e-007	3.11995e-009	2.61185e-009	3.90178e-011	1.91007e-011	1.73919e-013	4.8873e-014	2.82848e-016	4.48953e-017	1.73162e-019	1.56102e-020	4.16739e-023	2.18457e-024	4.19711e-027	1.54627e-028	2.06814e-031	4.75072e-033	1.20776e-035	2.17979e-036	1.69615e-039	3.80201e-041	2.10751e-043	3.74811e-044	2.07221e-047	3.00757e-049	1.09953e-051	1.42658e-052	6.13418e-056	1.07502e-057	7.75181e-059	
N3	0.0140072	0.0347873	0.0786208	0.121752	0.138865	0.153947	0.166111	0.142474	0.0890215	0.0408808	0.0137346	0.00404566	0.000978387	0.000527368	0.00014387	8.44503e-005	1.458e-005	5.02686e-006	5.0171e-007	9.97531e-008	5.86241e-009	6.96217e-010	2.48006e-011	1.84627e-012	4.12155e-014	2.05885e-015	2.96481e-017	1.05466e-018	1.05666e-020	3.32964e-022	2.48148e-024	6.8111e-026	6.47147e-028	3.0636e-029	1.96164e-031	4.8955e-033	4.33881e-035	1.60829e-036	7.25202e-039	1.19083e-040	7.04079e-043	1.8121e-044	7.04877e-047	1.26743e-048	3.21114e-050	
N4	0.000265524	0.00099945	0.0033321	0.00708258	0.00941515	0.0142894	0.0312501	0.0639562	0.105035	0.142256	0.152929	0.148792	0.111505	0.100207	0.0555068	0.0372412	0.0112775	0.00394047	0.000598754	0.000110726	9.22448e-006	1.01075e-006	5.06481e-008	3.5989e-009	1.16796e-010	5.85979e-012	1.2914e-013	4.80032e-015	7.82027e-017	2.50189e-018	3.17229e-020	8.55573e-022	1.05353e-023	3.20139e-025	3.30746e-027	7.64609e-029	8.32165e-031	2.16886e-032	1.80446e-034	3.24367e-036	2.74626e-038	5.58321e-040	4.4926e-042	9.27474e-044	2.5628e-045	
N5	6.25385e-005	0.000236977	0.000853411	0.00199067	0.00354131	0.00822172	0.0215649	0.0471805	0.0819887	0.119205	0.147532	0.161216	0.145681	0.122078	0.0763557	0.0430266	0.0141315	0.00431808	0.00065628	0.000143749	1.13679e-005	2.94476e-006	1.43835e-007	4.32223e-008	1.52786e-009	3.98091e-010	1.08089e-011	2.20389e-012	4.91085e-014	8.47029e-015	1.62149e-016	2.46775e-017	4.77385e-019	8.17043e-020	1.54171e-021	2.39055e-022	4.53051e-024	7.25989e-025	1.06125e-026	1.15501e-027	1.48124e-029	1.6148e-030	1.58396e-032	1.38891e-033	1.20248e-034	
N6	1.24558e-005	7.8537e-005	0.000467974	0.00131122	0.00167276	0.00259214	0.0089236	0.0268155	0.0566395	0.0937904	0.13977	0.187154	0.199081	0.156148	0.0849652	0.0316381	0.00758143	0.0012196	0.000127227	9.85943e-006	5.36625e-007	2.60347e-008	9.23901e-010	3.2668e-011	7.98885e-013	1.99561e-014	3.29168e-016	5.75831e-018	6.60421e-020	8.68007e-022	7.35135e-024	7.88908e-026	5.52384e-028	5.3826e-030	3.28101e-032	2.74077e-034	1.47734e-036	1.02619e-038	4.32906e-041	2.19325e-043	7.4074e-046	3.13233e-048	9.85239e-051	4.8903e-053	3.08886e-055	
N7	1.53213e-007	2.40917e-006	2.25852e-005	4.48028e-005	1.78656e-005	9.17048e-006	3.82698e-005	0.000459634	0.00441421	0.0269263	0.102741	0.239475	0.316578	0.219301	0.0753936	0.0132702	0.00123527	6.80407e-005	2.23372e-006	5.50737e-008	8.83225e-010	1.67139e-011	1.87988e-013	3.71759e-015	3.16726e-017	5.17697e-019	3.19977e-021	3.9463e-023	1.83072e-025	1.73341e-027	6.20956e-030	4.5377e-032	1.26338e-034	7.12767e-037	1.53626e-039	6.67433e-042	1.11706e-044	3.77217e-047	4.87376e-050	1.27546e-052	1.28874e-055	2.72428e-058	2.34234e-061	5.27247e-064	1.41146e-066	
N8	6.38157e-012	5.57854e-010	2.70298e-008	2.63146e-007	8.96059e-008	5.59864e-009	1.07404e-009	2.25533e-008	2.17375e-006	0.000123663	0.00362689	0.0490552	0.263184	0.45843	0.203443	0.0213832	0.000740503	1.07541e-005	7.70301e-008	3.32454e-010	1.00509e-012	5.37227e-015	1.98417e-017	1.32554e-019	3.2252e-022	1.2824e-024	1.91542e-027	4.68032e-030	4.51494e-033	7.15339e-036	4.62263e-039	4.94055e-042	2.19378e-045	1.63587e-048	5.0914e-052	2.74198e-055	6.09174e-059	2.46222e-062	3.97503e-066	1.25317e-069	1.50267e-073	3.93288e-077	4.98251e-081	2.46889e-084	1.68688e-087	
N9	1.22384e-014	2.0348e-012	1.77088e-010	2.96833e-009	8.79591e-010	4.97861e-011	6.14138e-012	4.6709e-011	1.3696e-008	2.61261e-006	0.000244027	0.00966062	0.133606	0.493968	0.330681	0.0310815	0.000750194	6.54559e-006	2.55671e-008	5.18423e-011	6.1741e-014	1.50351e-016	5.46537e-019	1.45472e-020	3.96627e-023	6.12112e-025	9.64465e-028	8.88051e-030	8.18487e-033	4.65211e-035	2.53461e-038	8.89884e-041	2.95266e-044	6.22988e-047	1.33011e-050	1.65631e-053	2.40166e-057	1.84655e-060	1.87223e-064	9.79213e-068	7.04952e-072	2.76548e-075	1.65574e-079	1.30979e-082	2.5829e-085	
N10	3.59858e-022	1.40521e-018	2.94479e-015	7.84204e-013	1.29383e-013	8.69881e-016	6.98146e-018	5.0484e-017	2.50082e-013	7.00659e-010	8.16382e-007	0.000319356	0.0306596	0.449271	0.498709	0.0209345	0.000105877	1.24107e-007	4.87829e-011	8.09424e-015	6.62079e-019	3.27271e-023	1.75317e-027	1.81357e-030	3.14177e-034	1.81926e-035	1.1315e-036	1.81837e-037	2.33326e-039	1.47982e-040	1.15191e-042	4.98472e-044	2.44629e-046	6.95631e-048	2.19411e-050	3.76824e-052	8.23344e-055	8.55397e-057	1.34467e-059	9.75329e-062	1.11558e-064	6.44172e-067	6.00527e-070	5.94623e-072	1.44762e-073	
N11	4.8751e-022	9.21503e-019	7.67162e-016	8.2961e-014	1.56555e-014	1.61579e-016	2.13857e-018	1.5346e-016	5.17375e-013	1.08546e-009	1.01782e-006	0.000345383	0.0309383	0.445879	0.499789	0.0229046	0.000142236	2.27206e-007	1.3246e-010	3.48899e-014	4.78022e-018	3.91473e-022	8.4226e-026	2.6598e-026	5.9676e-029	1.36921e-029	1.55419e-032	2.22899e-033	1.16914e-036	1.12517e-037	2.35079e-041	1.57568e-042	1.10232e-046	4.88522e-048	1.12269e-052	2.32256e-054	2.68857e-059	1.2028e-061	1.03179e-066	1.49531e-069	9.83128e-075	6.77669e-078	3.40262e-083	2.9603e-086	5.12848e-088	
N12	7.19424e-021	1.43319e-018	1.49656e-016	2.85764e-015	1.77335e-015	2.33602e-015	5.16021e-015	2.85412e-013	1.57203e-010	6.45822e-008	1.40117e-005	0.00137594	0.0487433	0.429317	0.477217	0.0424844	0.000842897	5.84919e-006	1.82233e-008	2.98174e-011	2.85126e-014	1.73028e-017	7.84484e-021	1.66069e-022	1.04685e-024	1.08866e-025	4.84959e-028	2.95683e-029	9.4385e-032	3.42461e-033	7.28994e-036	1.60368e-037	1.74924e-040	2.39027e-042	9.36593e-046	6.2499e-048	1.22169e-051	2.29068e-054	2.90643e-058	3.07294e-061	2.55061e-065	2.08692e-068	1.32381e-072	2.87425e-075	2.32485e-077	
N13	6.01987e-026	6.76436e-022	5.40972e-018	1.77489e-014	8.31663e-014	1.49808e-015	1.16287e-017	2.19307e-019	3.80002e-016	1.6347e-012	3.62349e-009	3.54753e-006	0.00121897	0.0995567	0.871041	0.0280649	0.000114795	1.27826e-007	5.50829e-011	1.12584e-014	1.2452e-018	8.23467e-023	3.63919e-027	4.9794e-031	8.32757e-035	6.17839e-036	2.08362e-036	9.55371e-037	2.31358e-038	1.68804e-039	2.96599e-041	1.47682e-042	1.8984e-044	6.29223e-046	5.13951e-048	1.04994e-049	5.67958e-052	7.24941e-054	2.70207e-056	2.67049e-058	7.23584e-061	6.2395e-063	1.43687e-065	1.94405e-067	4.66951e-069	
N14	7.86219e-027	2.6568e-023	4.74723e-020	2.62595e-017	4.84152e-017	1.28523e-018	9.9278e-020	8.08294e-021	4.96608e-018	3.38644e-014	1.30634e-010	2.473e-007	0.000186745	0.0387811	0.943092	0.0178942	4.5949e-005	3.506e-008	1.11854e-011	1.80736e-015	1.67222e-019	9.65583e-024	3.76545e-028	1.14721e-031	5.60653e-035	4.696e-037	1.74192e-040	8.67583e-043	2.34339e-046	7.02397e-049	1.36627e-052	2.47508e-055	3.01801e-059	3.34232e-062	1.76691e-066	1.13812e-069	2.07085e-074	2.93429e-078	3.31575e-083	2.68553e-087	1.94291e-092	1.21506e-096	6.43528e-102	8.20996e-106	3.68642e-109	
Amitermes_darwini	0	0	0	0	0	0	0	0	0	0	0	0	0	0	1	0	0	0	0	0	0	0	0	0	0	0	0	0	0	0	0	0	0	0	0	0	0	0	0	0	0	0	0	0	0	
Amitermes_germanus	0	0	0	0	0	0	0	0	0	0	0	0	0	0	1	0	0	0	0	0	0	0	0	0	0	0	0	0	0	0	0	0	0	0	0	0	0	0	0	0	0	0	0	0	0	
N15	1.94575e-025	6.79456e-022	1.66977e-018	1.04076e-015	4.15202e-015	8.97108e-017	6.18748e-019	7.13103e-020	1.52107e-016	7.78467e-013	2.07331e-009	2.43513e-006	0.000993822	0.0936077	0.876534	0.02875	0.000112214	1.15657e-007	4.54569e-011	8.4144e-015	8.40456e-019	4.98894e-023	2.11349e-027	4.98192e-029	6.93196e-032	8.55493e-033	6.71606e-036	5.36795e-037	2.26639e-040	1.24673e-041	2.57137e-045	1.01439e-046	8.77282e-051	2.48672e-052	7.44709e-057	1.31703e-058	1.26272e-063	3.61822e-066	2.59201e-071	2.72462e-074	1.52167e-079	8.21219e-083	3.58955e-088	1.76686e-091	1.13794e-093	
Amitermes_parvus	0	0	0	0	0	0	0	0	0	0	0	0	0	0	1	0	0	0	0	0	0	0	0	0	0	0	0	0	0	0	0	0	0	0	0	0	0	0	0	0	0	0	0	0	0	
Drepanotermes_septentrionalis	0	0	0	0	0	0	0	0	0	0	0	0	0	0	1	0	0	0	0	0	0	0	0	0	0	0	0	0	0	0	0	0	0	0	0	0	0	0	0	0	0	0	0	0	0	
N16	3.35321e-021	4.78797e-018	3.97065e-015	3.36157e-013	4.18027e-013	4.20262e-014	2.45044e-014	1.32468e-013	5.9026e-011	4.2394e-008	1.5618e-005	0.00243779	0.113248	0.502256	0.372108	0.00986853	6.66763e-005	1.75136e-007	2.22508e-010	1.56685e-013	6.71371e-017	1.87844e-020	3.66196e-024	1.1051e-027	6.65856e-031	2.90047e-033	2.07733e-036	5.95789e-039	3.17917e-042	5.65171e-045	2.23895e-048	2.45723e-051	6.73843e-055	4.46579e-058	7.26389e-062	2.77226e-065	2.62561e-069	5.40929e-073	3.20052e-077	4.57683e-081	1.80612e-085	2.06449e-089	6.2043e-094	9.12454e-098	2.18861e-101	
Procubitermes_sp	0	0	0	0	0	0	0	0	0	0	0	0	1	0	0	0	0	0	0	0	0	0	0	0	0	0	0	0	0	0	0	0	0	0	0	0	0	0	0	0	0	0	0	0	0	
N17	4.73764e-025	1.1805e-021	1.55594e-018	8.57304e-016	7.2752e-015	1.17825e-015	8.88624e-017	6.65324e-018	3.08801e-015	1.20621e-011	2.42582e-008	2.06265e-005	0.00530799	0.187519	0.796686	0.010442	2.39852e-005	1.8149e-008	6.04016e-012	1.04706e-015	1.0605e-019	1.85256e-023	1.15156e-026	1.43551e-028	8.42836e-032	5.98463e-034	2.21634e-037	9.24745e-040	2.02535e-043	5.16392e-046	5.59244e-050	8.65745e-053	3.26504e-057	2.10629e-060	4.73568e-065	1.36788e-068	2.08403e-073	3.19541e-077	3.36468e-082	3.38773e-086	2.47982e-091	1.89218e-095	1.47805e-100	7.21499e-104	6.39383e-107	
Tuberculitermes_bycanistes	0	0	0	0	0	0	0	0	0	0	0	0	0	0	1	0	0	0	0	0	0	0	0	0	0	0	0	0	0	0	0	0	0	0	0	0	0	0	0	0	0	0	0	0	0	
Unguitermes_sp	0	0	0	0	0	0	0	0	0	0	0	0	0	0	1	0	0	0	0	0	0	0	0	0	0	0	0	0	0	0	0	0	0	0	0	0	0	0	0	0	0	0	0	0	0	
N18	2.07728e-023	6.74727e-020	1.47345e-016	1.28507e-013	5.57476e-013	3.48089e-014	9.34579e-016	4.42777e-017	1.77677e-014	3.11788e-011	3.01946e-008	1.40187e-005	0.00254028	0.126494	0.831553	0.0390909	0.000306577	7.5896e-007	8.02819e-010	4.33545e-013	1.3437e-016	2.61075e-020	3.47379e-024	9.77233e-028	4.34561e-031	1.0372e-033	4.33458e-037	6.33383e-040	1.91279e-043	1.67035e-046	3.65451e-050	1.8928e-053	2.78465e-057	8.44468e-061	7.87959e-065	2.24919e-068	4.16606e-072	2.24168e-075	4.30289e-079	1.89582e-082	2.49677e-086	9.17799e-090	9.82492e-094	5.3914e-097	4.9146e-100	
N19	6.59063e-028	8.79134e-024	7.69778e-020	2.37357e-016	5.95408e-016	1.99543e-018	4.36446e-021	4.37084e-022	3.49327e-018	4.94332e-014	3.28402e-010	8.48987e-007	0.000647556	0.0906429	0.883511	0.0251392	5.85228e-005	2.83142e-008	4.41594e-012	2.85923e-016	9.04252e-021	1.56528e-025	1.72487e-030	3.82391e-033	1.05432e-034	1.50401e-034	4.08544e-036	4.39e-036	7.93942e-038	6.61739e-038	7.24256e-040	4.75327e-040	2.76988e-042	1.39213e-042	3.84076e-045	1.24849e-045	1.73594e-048	1.9435e-049	2.09654e-052	1.10202e-053	9.76626e-057	3.07816e-058	2.25927e-061	6.08398e-063	6.77455e-064	
N20	8.00219e-026	1.73063e-023	4.12252e-020	2.99433e-017	7.56989e-017	5.51272e-019	1.60357e-021	1.23855e-021	6.5692e-018	7.10852e-014	3.86501e-010	8.78088e-007	0.000632729	0.0888223	0.884694	0.0257837	6.6335e-005	3.89636e-008	8.05403e-012	7.45719e-016	3.58547e-020	9.84665e-025	1.89527e-029	1.19143e-030	1.7991e-033	5.83794e-034	4.80466e-037	1.00228e-037	4.14445e-041	5.97475e-042	1.06948e-045	1.12344e-046	6.83637e-051	5.29625e-052	7.95063e-057	3.8027e-058	1.65835e-063	1.08711e-065	3.59184e-071	6.11987e-074	1.60824e-079	1.15975e-082	2.39851e-088	1.53128e-091	2.95047e-093	
Ephelotermes_melachoma	0	0	0	0	0	0	0	0	0	0	0	0	0	0	1	0	0	0	0	0	0	0	0	0	0	0	0	0	0	0	0	0	0	0	0	0	0	0	0	0	0	0	0	0	0	
Ephelotermes_taylori	0	0	0	0	0	0	0	0	0	0	0	0	0	0	1	0	0	0	0	0	0	0	0	0	0	0	0	0	0	0	0	0	0	0	0	0	0	0	0	0	0	0	0	0	0	
Macrognathotermes_sunteri	0	0	0	0	0	0	0	0	0	0	0	0	0	0	1	0	0	0	0	0	0	0	0	0	0	0	0	0	0	0	0	0	0	0	0	0	0	0	0	0	0	0	0	0	0	
Lophotermes_septentrionalis	0	0	0	0	0	0	0	0	0	0	0	0	0	0	1	0	0	0	0	0	0	0	0	0	0	0	0	0	0	0	0	0	0	0	0	0	0	0	0	0	0	0	0	0	0	
N21	2.84567e-022	3.04479e-019	1.53134e-016	1.36125e-014	2.98259e-015	1.12573e-016	5.09849e-017	5.40929e-016	9.82833e-013	1.36108e-009	9.33481e-007	0.000265042	0.0235177	0.395758	0.546182	0.0339388	0.000336494	9.61845e-007	1.08825e-009	5.91235e-013	1.75432e-016	3.20717e-020	7.31004e-024	3.82359e-025	9.46917e-028	5.08078e-029	8.16537e-032	2.4448e-033	2.46334e-036	4.32561e-038	2.28537e-041	2.49684e-043	5.11976e-047	3.43017e-049	2.53115e-053	7.22469e-056	2.95541e-060	2.36056e-063	6.52356e-068	2.52476e-071	4.62213e-076	1.2663e-079	1.75571e-084	1.75766e-087	7.48188e-090	
N22	4.91206e-024	1.11197e-020	2.05353e-017	1.38729e-014	9.95346e-014	1.46961e-014	9.18545e-016	8.27199e-016	9.15743e-013	9.47907e-010	5.14957e-007	0.000125991	0.0111094	0.243721	0.671332	0.0724871	0.00121806	5.86938e-006	1.1179e-008	1.02201e-011	5.10229e-015	1.53065e-018	3.048e-022	2.18126e-025	2.16951e-028	1.52675e-030	1.19007e-033	5.00347e-036	1.49061e-037	6.29612e-038	3.18968e-039	5.9726e-040	2.21017e-041	2.71174e-042	6.21796e-044	1.6349e-044	3.46914e-045	1.62631e-045	9.14774e-047	7.03097e-048	5.10609e-050	1.30065e-051	6.82786e-054	3.00918e-055	2.78547e-056	
N23	1.52597e-023	1.52004e-020	8.8241e-018	1.41163e-015	6.89408e-015	1.15782e-015	1.50474e-016	5.7337e-016	5.28799e-013	5.95855e-010	3.5611e-007	9.63007e-005	0.00941505	0.22861	0.686216	0.0744302	0.00122724	5.74392e-006	1.05797e-008	9.33796e-012	4.49938e-015	1.30103e-018	2.59188e-022	4.43746e-024	1.53974e-026	2.09475e-027	4.26103e-030	3.71019e-031	4.22465e-034	2.48641e-035	1.45618e-038	5.97736e-040	1.58457e-043	4.43668e-045	4.77355e-049	7.47311e-051	3.95822e-055	2.08841e-057	7.89242e-062	1.74934e-064	5.04934e-069	6.03031e-072	1.3476e-076	1.22855e-079	4.6341e-082	
Crenetermes_albotarsalis	0	0	0	0	0	0	0	0	0	0	0	0	0	0	1	0	0	0	0	0	0	0	0	0	0	0	0	0	0	0	0	0	0	0	0	0	0	0	0	0	0	0	0	0	0	
Thoracotermes_macrothorax	0	0	0	0	0	0	0	0	0	0	0	0	0	0	1	0	0	0	0	0	0	0	0	0	0	0	0	0	0	0	0	0	0	0	0	0	0	0	0	0	0	0	0	0	0	
Cubitermes_sp	0	0	0	0	0	0	0	0	0	0	0	0	0	0	1	0	0	0	0	0	0	0	0	0	0	0	0	0	0	0	0	0	0	0	0	0	0	0	0	0	0	0	0	0	0	
N24	1.23814e-022	3.66235e-020	6.30984e-018	3.9976e-016	3.58479e-015	4.6906e-015	2.78978e-015	1.34379e-014	8.47546e-012	5.45557e-009	1.91608e-006	0.000316312	0.0197009	0.315626	0.600468	0.0626347	0.00124458	8.02793e-006	2.22811e-008	3.15972e-011	2.56845e-014	1.30808e-017	4.97019e-021	6.61765e-023	2.8531e-025	1.66024e-026	4.99415e-029	1.68957e-030	3.56798e-033	7.16815e-035	9.89056e-038	1.20463e-039	8.59967e-043	6.41197e-045	1.76063e-048	6.19953e-051	9.15597e-055	1.09653e-057	1.0526e-061	7.35694e-065	4.67596e-069	2.48923e-072	1.20264e-076	1.43666e-079	5.9958e-082	
N25	2.11694e-024	5.19222e-021	8.64318e-018	5.49215e-015	4.7146e-014	1.02746e-014	9.31241e-016	2.7604e-016	1.96751e-013	2.33247e-010	1.51173e-007	4.64519e-005	0.00549426	0.175619	0.755214	0.0627712	0.000850497	3.51243e-006	6.02469e-009	5.15728e-012	2.48686e-015	7.3787e-019	1.46867e-022	9.54648e-026	1.04614e-028	9.54473e-031	8.69213e-034	4.66198e-036	2.9991e-039	9.49334e-042	4.24308e-045	7.96477e-048	2.21777e-051	2.44554e-054	3.42795e-058	2.01686e-061	1.51721e-065	4.00794e-069	1.85566e-073	3.09178e-077	9.24988e-082	1.17084e-085	2.54706e-090	4.39404e-094	1.6347e-097	
N26	5.47747e-025	7.58791e-022	6.01088e-019	1.47113e-016	5.70096e-016	8.10101e-017	1.8052e-017	1.32232e-017	1.14141e-014	2.26687e-011	2.47497e-008	1.27928e-005	0.00252425	0.130718	0.812696	0.0535471	0.0005002	1.3525e-006	1.48308e-009	8.01646e-013	2.42434e-016	4.48764e-020	5.58135e-024	1.10784e-026	1.99629e-029	6.85118e-031	8.49905e-034	1.75412e-035	1.42066e-038	1.84496e-040	8.99762e-044	7.64739e-046	1.9197e-049	1.07798e-051	1.1447e-055	3.69643e-058	1.78097e-062	1.85783e-065	6.11974e-070	2.98089e-073	6.98563e-078	2.14128e-081	3.65295e-086	1.23856e-089	1.84479e-092	
Microcerotermes_boreus	0	0	0	0	0	0	0	0	0	0	0	0	0	0	1	0	0	0	0	0	0	0	0	0	0	0	0	0	0	0	0	0	0	0	0	0	0	0	0	0	0	0	0	0	0	
Microcerotermes_nervosus	0	0	0	0	0	0	0	0	0	0	0	0	0	0	1	0	0	0	0	0	0	0	0	0	0	0	0	0	0	0	0	0	0	0	0	0	0	0	0	0	0	0	0	0	0	
Pericapritermes_sp	0	0	0	0	0	0	0	0	0	0	0	0	0	0	1	0	0	0	0	0	0	0	0	0	0	0	0	0	0	0	0	0	0	0	0	0	0	0	0	0	0	0	0	0	0	
N27	1.07005e-026	1.33347e-022	1.0199e-018	3.24469e-015	1.72184e-014	4.00392e-016	4.02505e-018	3.45379e-020	1.48037e-017	8.7985e-014	2.85636e-010	4.4122e-007	0.000264301	0.0433467	0.939542	0.0168012	4.55651e-005	3.73339e-008	1.26906e-011	2.15314e-015	2.05813e-019	1.21035e-023	4.73524e-028	3.11361e-032	3.93883e-036	3.48544e-039	4.58703e-043	2.47952e-046	2.30547e-050	7.32111e-054	4.80077e-058	8.92663e-062	3.82699e-066	4.0721e-070	9.64382e-075	5.55001e-079	7.19631e-084	2.07301e-088	1.58206e-093	2.97295e-098	1.4192e-103	2.00168e-108	6.80824e-114	1.18192e-118	3.29165e-123	
N28	1.01334e-027	6.50028e-024	2.10393e-020	1.947e-017	5.53021e-017	2.75028e-019	1.72778e-021	3.11255e-022	4.29181e-019	4.70952e-015	2.87637e-011	8.44644e-008	9.63097e-005	0.0290669	0.95738	0.0134329	2.33916e-005	1.15967e-008	2.33834e-012	2.34056e-016	1.32068e-020	4.58977e-025	1.06817e-029	8.67373e-033	5.49625e-036	1.21334e-037	5.32874e-041	6.99051e-043	2.10741e-046	1.70393e-048	3.29295e-052	1.70826e-054	1.76261e-058	6.10962e-061	2.38493e-065	5.32126e-068	4.78703e-073	1.39431e-076	8.60839e-082	1.14071e-085	4.83918e-091	4.27166e-095	1.3107e-100	2.70925e-104	3.9226e-107	
Nasutitermes_graveolus	0	0	0	0	0	0	0	0	0	0	0	0	0	0	1	0	0	0	0	0	0	0	0	0	0	0	0	0	0	0	0	0	0	0	0	0	0	0	0	0	0	0	0	0	0	
Nasutitermes_triodiae	0	0	0	0	0	0	0	0	0	0	0	0	0	0	1	0	0	0	0	0	0	0	0	0	0	0	0	0	0	0	0	0	0	0	0	0	0	0	0	0	0	0	0	0	0	
N29	5.61262e-028	3.61148e-024	1.17609e-020	1.12525e-017	2.82545e-017	1.09545e-019	1.50862e-021	2.08214e-022	2.28075e-019	2.69175e-015	1.78318e-011	5.74281e-008	7.28949e-005	0.0250066	0.962781	0.0121202	1.92593e-005	8.83108e-009	1.66355e-012	1.56754e-016	8.37701e-021	2.77059e-025	6.1382e-030	2.88886e-033	1.47999e-036	2.28053e-038	8.3011e-042	7.58939e-044	1.95276e-047	1.08807e-049	1.89109e-053	6.60948e-056	6.5563e-060	1.49126e-062	5.88522e-067	8.50123e-070	7.80125e-075	1.52786e-078	9.34903e-084	8.98491e-088	3.67933e-093	2.49916e-097	7.42326e-103	1.26933e-106	1.22437e-109	
Nasutitermes_longipennis	0	0	0	0	0	0	0	0	0	0	0	0	0	0	1	0	0	0	0	0	0	0	0	0	0	0	0	0	0	0	0	0	0	0	0	0	0	0	0	0	0	0	0	0	0	
Tumulitermes_pastinator	0	0	0	0	0	0	0	0	0	0	0	0	0	0	1	0	0	0	0	0	0	0	0	0	0	0	0	0	0	0	0	0	0	0	0	0	0	0	0	0	0	0	0	0	0	
N30	1.47693e-016	1.86599e-014	1.40749e-012	2.3651e-011	1.7022e-011	4.66616e-012	1.42077e-012	1.56355e-011	4.33405e-009	8.43064e-007	8.68859e-005	0.00412935	0.0750743	0.399566	0.439049	0.0784862	0.00354949	5.68809e-005	4.02791e-007	1.46368e-009	3.03595e-012	4.0908e-015	5.16196e-018	1.02785e-019	5.64798e-022	1.60861e-023	5.88714e-026	9.55612e-028	2.30435e-030	2.20425e-032	3.33149e-035	1.91563e-037	1.67335e-040	5.67448e-043	2.77787e-046	5.05007e-049	1.51267e-052	1.49939e-055	2.87606e-059	1.96188e-062	2.51334e-066	1.35426e-069	1.38882e-073	1.35511e-076	2.93902e-079	
Macrotermes_bellicosus	0	0	0	0	0	0	0	0	0	0	0	0	0	0	1	0	0	0	0	0	0	0	0	0	0	0	0	0	0	0	0	0	0	0	0	0	0	0	0	0	0	0	0	0	0	
N31	1.16189e-017	1.12967e-015	6.6768e-014	9.90014e-013	1.31093e-012	8.55815e-013	6.09465e-013	5.34734e-012	1.42969e-009	3.2994e-007	4.10264e-005	0.0023867	0.0538706	0.359258	0.487839	0.0923203	0.00421702	6.69883e-005	4.66189e-007	1.65774e-009	3.35641e-012	4.27494e-015	4.47208e-018	1.47962e-019	1.07267e-021	8.61423e-023	3.87948e-025	1.91276e-026	5.16466e-029	1.63467e-030	2.51026e-033	5.19015e-035	4.30048e-038	5.58936e-040	2.54374e-043	1.83674e-045	5.24903e-049	1.93788e-051	3.88214e-055	8.13851e-058	1.18443e-061	1.62937e-064	1.77563e-068	2.39701e-071	8.95871e-074	
N32	1.4276e-021	9.99194e-019	6.85336e-016	2.21142e-013	1.53171e-012	3.27525e-013	3.05414e-014	6.58224e-015	1.88339e-012	1.26775e-009	4.82498e-007	9.10308e-005	0.00711237	0.172288	0.747247	0.0719051	0.00134676	8.4926e-006	2.365e-008	3.42666e-011	2.88353e-014	1.53329e-017	5.63727e-021	5.49346e-024	8.19249e-027	7.1009e-029	9.32408e-032	4.93669e-034	4.5631e-037	1.473e-039	9.31553e-043	1.86016e-045	7.49338e-049	9.23792e-052	2.2284e-055	1.62378e-058	2.43827e-062	1.0367e-065	1.02521e-069	2.92458e-073	1.9688e-077	4.29656e-081	2.16036e-085	5.60353e-089	2.48435e-092	
N33	2.22498e-026	9.25826e-023	2.16312e-019	1.8776e-016	5.77138e-016	2.08729e-017	6.51414e-019	1.78695e-020	5.34317e-018	3.54329e-014	1.31766e-010	2.38787e-007	0.000172553	0.0351201	0.947732	0.0169316	4.34895e-005	3.34816e-008	1.07456e-011	1.73618e-015	1.59563e-019	9.10058e-024	3.49579e-028	5.65508e-032	1.65502e-035	5.36779e-038	1.25865e-041	2.44909e-044	3.97571e-048	4.74317e-051	5.10507e-055	3.82531e-058	2.4506e-062	1.15961e-065	3.8215e-070	1.04852e-073	1.69626e-078	1.83067e-082	1.91108e-087	1.15688e-091	8.1199e-097	3.46273e-101	1.73266e-106	8.557e-111	1.06249e-114	
Microtermes_sp	0	0	0	0	0	0	0	0	0	0	0	0	0	0	1	0	0	0	0	0	0	0	0	0	0	0	0	0	0	0	0	0	0	0	0	0	0	0	0	0	0	0	0	0	0	
Protermes_sp	0	0	0	0	0	0	0	0	0	0	0	0	0	0	1	0	0	0	0	0	0	0	0	0	0	0	0	0	0	0	0	0	0	0	0	0	0	0	0	0	0	0	0	0	0	
Odontotermes_sp	0	0	0	0	0	0	0	0	0	0	0	0	0	0	1	0	0	0	0	0	0	0	0	0	0	0	0	0	0	0	0	0	0	0	0	0	0	0	0	0	0	0	0	0	0	
Pseudacanthotermes_militaris	0	0	0	0	0	0	0	0	0	0	0	0	0	0	1	0	0	0	0	0	0	0	0	0	0	0	0	0	0	0	0	0	0	0	0	0	0	0	0	0	0	0	0	0	0	
N34	3.9194e-013	2.48895e-011	9.06601e-010	5.96733e-009	2.48947e-009	2.93759e-010	1.79903e-010	1.02679e-008	1.25981e-006	8.79142e-005	0.00303272	0.0456148	0.25661	0.452641	0.213996	0.0268878	0.00110973	1.84805e-005	1.45494e-007	6.09825e-010	1.4909e-012	2.88493e-015	9.54771e-018	5.73067e-019	3.90759e-021	1.72323e-022	7.0484e-025	1.85824e-026	4.55952e-029	7.48326e-031	1.08602e-033	1.12229e-035	9.50269e-039	5.97926e-041	3.0006e-044	1.05123e-046	3.37777e-050	6.42562e-053	1.40095e-056	1.69229e-059	2.5649e-063	2.25239e-066	2.60698e-070	3.41291e-073	1.28905e-075	
N35	2.00102e-013	6.6452e-012	1.37067e-010	6.52195e-010	3.82037e-010	1.67193e-010	3.13491e-010	8.06731e-009	8.05572e-007	5.55848e-005	0.0020012	0.0328545	0.210471	0.442097	0.264981	0.0448505	0.00262317	6.44764e-005	7.74562e-007	5.09853e-009	2.02794e-011	2.40221e-013	4.70992e-015	1.41769e-015	1.90994e-017	3.49773e-018	2.62826e-020	3.04127e-021	1.26061e-023	9.42435e-025	2.14781e-027	1.01366e-028	1.31785e-031	3.6345e-033	2.95109e-036	4.34609e-038	2.43696e-041	1.94481e-043	7.92701e-047	3.87094e-049	1.16557e-052	3.93963e-055	9.53188e-059	6.05803e-061	1.64639e-062	
Coptotermes_acinaciformis	0	0	0	0	0	0	0	0	0	0	0	0	0	0	1	0	0	0	0	0	0	0	0	0	0	0	0	0	0	0	0	0	0	0	0	0	0	0	0	0	0	0	0	0	0	
N36	2.76021e-018	1.16825e-015	4.63245e-013	7.8291e-011	2.7867e-010	3.46419e-011	1.81961e-012	3.33064e-013	7.02552e-011	2.4014e-008	4.6056e-006	0.000439494	0.0177966	0.239085	0.666194	0.0746001	0.00186341	1.68419e-005	7.01865e-008	1.56472e-010	2.0655e-013	1.8196e-016	1.2817e-019	3.12426e-022	5.79318e-025	2.82356e-027	3.90683e-030	1.14925e-032	1.08185e-035	1.9491e-038	1.23211e-041	1.38831e-044	5.77014e-048	4.12978e-051	1.12649e-054	5.25675e-058	9.58573e-062	3.10381e-065	3.87835e-069	9.42022e-073	8.31575e-077	1.63227e-080	1.20844e-084	3.31233e-088	1.35496e-091	
Reticulitermes_flavipes	0	0	0	0	0	0	0	0	0	0	0	0	0	0	1	0	0	0	0	0	0	0	0	0	0	0	0	0	0	0	0	0	0	0	0	0	0	0	0	0	0	0	0	0	0	
N37	6.53761e-021	6.45484e-018	3.64315e-015	6.15583e-013	1.13306e-012	3.01316e-014	8.23427e-016	1.85711e-016	8.79245e-014	1.16031e-010	8.37509e-008	2.86677e-005	0.003824	0.143809	0.798767	0.053007	0.000562076	1.82398e-006	2.47227e-009	1.68053e-012	6.46139e-016	1.5427e-019	2.67831e-023	8.56019e-026	1.21664e-028	1.93389e-030	1.78328e-033	1.74638e-035	1.00376e-038	6.34237e-041	2.17802e-044	9.11862e-047	1.76877e-050	4.83878e-053	5.09031e-057	8.19962e-060	4.76943e-064	3.31787e-067	1.32106e-071	5.07004e-075	1.4464e-079	3.69128e-083	7.80618e-088	1.98567e-091	1.33382e-094	
Reticulitermes_lucifugus	0	0	0	0	0	0	0	0	0	0	0	0	0	0	1	0	0	0	0	0	0	0	0	0	0	0	0	0	0	0	0	0	0	0	0	0	0	0	0	0	0	0	0	0	0	
Reticulitermes_urbis	0	0	0	0	0	0	0	0	0	0	0	0	0	0	1	0	0	0	0	0	0	0	0	0	0	0	0	0	0	0	0	0	0	0	0	0	0	0	0	0	0	0	0	0	0	
Schedorhinotermes_lamanianus	0	0	0	0	0	0	0	0	0	0	0	0	1	0	0	0	0	0	0	0	0	0	0	0	0	0	0	0	0	0	0	0	0	0	0	0	0	0	0	0	0	0	0	0	0	
N38	1.58654e-009	4.54822e-008	4.63701e-007	4.81938e-007	1.17895e-007	1.40659e-007	1.16985e-006	3.05948e-005	0.000737496	0.0104571	0.0771919	0.264957	0.379382	0.213733	0.0483596	0.00485556	0.000277918	1.45722e-005	7.44314e-007	2.65754e-008	5.87464e-010	1.32152e-011	2.68516e-013	1.89759e-014	3.34594e-016	1.54332e-017	1.50974e-019	3.89097e-021	2.21915e-023	3.37609e-025	1.17662e-027	1.10087e-029	2.42549e-032	1.43527e-034	2.05245e-037	7.8566e-040	7.49775e-043	1.91905e-045	1.25359e-048	2.23076e-051	1.02136e-054	1.33184e-057	4.65924e-061	6.45765e-064	1.35709e-066	
N39	1.42155e-010	3.12948e-009	2.82897e-008	6.37845e-008	3.8542e-008	3.78981e-008	6.9796e-007	2.78259e-005	0.000752307	0.0113978	0.0883071	0.299178	0.388176	0.179364	0.0302938	0.00229905	0.000177826	2.30964e-005	2.23141e-006	1.28193e-007	4.49291e-009	1.40416e-010	5.14868e-012	3.45898e-012	1.60467e-013	8.17511e-014	1.87846e-015	4.96118e-016	5.47253e-018	7.43065e-019	4.05834e-021	2.93828e-022	8.55696e-025	3.42432e-026	5.77232e-029	1.30285e-030	1.37483e-033	1.78792e-035	1.25964e-038	9.80006e-041	4.82545e-044	2.37619e-046	8.51867e-050	3.24138e-052	1.69137e-054	
N40	6.90717e-012	1.14855e-010	1.5253e-009	5.53945e-009	8.25709e-009	2.56696e-008	1.02847e-006	4.32044e-005	0.000845309	0.00790866	0.048115	0.214989	0.417296	0.255768	0.0509557	0.00392264	0.00015117	4.41625e-006	1.13023e-007	1.92744e-009	1.91241e-011	1.519e-013	1.75167e-015	4.612e-017	6.26941e-019	9.14736e-021	5.27749e-023	3.74167e-025	9.13205e-028	3.08765e-030	3.65753e-033	5.91564e-036	3.82625e-039	3.48858e-042	1.27509e-045	9.34965e-049	2.00959e-052	1.60325e-055	2.40706e-059	2.24245e-062	3.15224e-066	3.84587e-069	1.73e-072	6.32598e-075	1.98172e-077	
N41	1.12199e-011	9.46225e-011	1.27287e-009	1.63731e-008	2.6262e-007	7.68869e-006	0.000182886	0.0017823	0.00774419	0.0169915	0.0271827	0.0904141	0.262307	0.334636	0.193581	0.0558062	0.00859143	0.000735844	3.56894e-005	1.03223e-006	2.28948e-008	4.86869e-009	3.22581e-010	8.90584e-011	3.27563e-012	4.55964e-013	9.37248e-015	7.11622e-016	8.01298e-018	3.43994e-019	2.13549e-021	5.09478e-023	1.87424e-025	2.47238e-027	5.79407e-030	4.69226e-032	7.25891e-035	4.15811e-037	4.38319e-040	1.97115e-042	1.46949e-045	5.63856e-048	8.5508e-051	1.82891e-052	4.75828e-054	
Bifiditermes_improbus	0	0	0	0	0	0	0	0	0	0	0	1	0	0	0	0	0	0	0	0	0	0	0	0	0	0	0	0	0	0	0	0	0	0	0	0	0	0	0	0	0	0	0	0	0	
Neotermes_insularis	0	0	0	0	0	0	0	0	0	0	0	0	0	0	0	0	0	0	0	1	0	0	0	0	0	0	0	0	0	0	0	0	0	0	0	0	0	0	0	0	0	0	0	0	0	
N42	7.04432e-014	5.79237e-012	3.16882e-010	3.30854e-009	4.06657e-009	3.3627e-009	2.49461e-008	1.74619e-006	8.82343e-005	0.00239727	0.0340789	0.218576	0.465081	0.247037	0.031483	0.00123769	1.91242e-005	1.41589e-007	5.88524e-010	1.56116e-012	2.8682e-015	1.01068e-017	2.80595e-020	4.3572e-022	8.87399e-025	9.24164e-027	1.25128e-029	9.00044e-032	8.80056e-035	4.48911e-037	2.9287e-040	9.91152e-043	4.1649e-046	8.88432e-049	2.49319e-052	3.35212e-055	6.56435e-059	5.84474e-062	8.26281e-066	5.31966e-069	5.63831e-073	2.9077e-076	2.66108e-080	1.96563e-083	2.92707e-086	
N43	4.09583e-013	1.24225e-011	2.59788e-010	1.605e-008	1.63955e-007	4.73699e-007	7.20326e-007	7.40108e-006	0.000431505	0.00958314	0.0848683	0.304377	0.409098	0.17404	0.0172216	0.000367805	2.96335e-006	1.15334e-008	2.50178e-011	3.33268e-014	2.94457e-017	2.85816e-020	4.78335e-023	5.23212e-025	1.27971e-027	9.94978e-030	1.70754e-032	8.23572e-035	9.72796e-038	2.94005e-040	2.26555e-043	4.2652e-046	2.04765e-049	2.33603e-052	7.18334e-056	5.10888e-059	1.04195e-062	5.21197e-066	7.2837e-070	2.84775e-073	2.82561e-077	9.33346e-081	9.6049e-085	7.85492e-088	1.01588e-090	
N44	2.45992e-016	1.83045e-013	1.04227e-010	1.85569e-008	4.257e-008	6.92512e-009	5.70681e-010	6.35434e-010	1.31845e-007	2.13385e-005	0.00139445	0.0341021	0.273805	0.552111	0.136111	0.00244322	1.20599e-005	2.79496e-008	6.09445e-011	2.02349e-012	7.62243e-015	1.7842e-016	3.0261e-019	3.54678e-021	2.72515e-024	1.68541e-026	6.71649e-030	2.26077e-032	5.27683e-036	9.8878e-039	1.47075e-042	1.57702e-045	1.57382e-049	1.02072e-052	7.00634e-057	3.023e-060	1.44512e-064	4.5826e-068	1.54762e-072	3.89295e-076	9.68317e-081	2.76368e-084	1.51718e-087	3.89128e-090	7.80904e-093	
Cryptotermes_austrinus	0	0	0	0	0	0	0	0	0	0	0	0	0	1	0	0	0	0	0	0	0	0	0	0	0	0	0	0	0	0	0	0	0	0	0	0	0	0	0	0	0	0	0	0	0	
N45	2.08053e-018	1.87578e-015	9.44652e-013	1.36277e-010	2.30771e-010	1.15729e-011	7.29028e-013	1.63138e-013	4.97351e-011	3.35999e-008	1.04591e-005	0.00125845	0.0474619	0.418352	0.51955	0.0132991	6.84838e-005	1.23816e-007	1.02684e-010	5.59333e-014	5.20119e-017	1.70892e-018	4.02724e-021	9.11763e-023	1.14028e-025	1.45455e-027	9.33532e-031	7.15045e-033	2.34512e-036	1.08701e-038	1.90128e-042	5.02201e-045	5.09133e-049	6.74377e-052	4.33534e-056	2.48668e-059	1.06486e-063	3.78605e-067	1.09912e-071	2.93666e-075	5.93435e-080	1.32247e-083	8.96571e-088	2.64167e-090	7.26438e-093	
Cryptotermes_queenslandis	0	0	0	0	0	0	0	0	0	0	0	0	0	0	1	0	0	0	0	0	0	0	0	0	0	0	0	0	0	0	0	0	0	0	0	0	0	0	0	0	0	0	0	0	0	
Incisitermes_sp	0	0	0	0	0	0	0	0	0	0	0	0	0	0	1	0	0	0	0	0	0	0	0	0	0	0	0	0	0	0	0	0	0	0	0	0	0	0	0	0	0	0	0	0	0	
Cryptotermes_primus	0	0	0	0	0	0	0	0	1	0	0	0	0	0	0	0	0	0	0	0	0	0	0	0	0	0	0	0	0	0	0	0	0	0	0	0	0	0	0	0	0	0	0	0	0	
N46	4.95681e-016	4.52229e-014	6.57961e-012	2.24513e-010	1.54582e-009	4.47308e-009	1.50726e-008	2.36607e-007	7.72313e-006	0.000296326	0.00880002	0.13218	0.486287	0.332478	0.0389546	0.00098881	6.77809e-006	1.61514e-008	1.63514e-011	8.88001e-015	4.04185e-018	2.27731e-020	2.38591e-023	1.3603e-025	1.20965e-028	3.91541e-029	2.1523e-030	6.27586e-031	1.71675e-032	3.25224e-033	6.0022e-035	7.83913e-036	1.01501e-037	8.63402e-039	8.24908e-041	4.60549e-042	3.34703e-044	1.33335e-045	7.44368e-048	2.34102e-049	1.01221e-051	2.73771e-053	1.52281e-055	2.05721e-056	4.47404e-057	
N47	8.57806e-016	5.13223e-014	4.84233e-012	1.77202e-010	1.50894e-009	5.1159e-009	3.22627e-008	4.26765e-007	1.06622e-005	0.00033086	0.00870485	0.130688	0.482869	0.334752	0.0414795	0.00115528	8.68848e-006	2.24483e-008	2.42567e-011	1.29586e-014	4.41128e-018	2.72291e-019	5.92234e-022	1.63026e-022	1.56151e-025	2.60592e-026	1.11585e-029	1.19263e-030	2.27251e-034	1.5659e-035	1.33234e-039	5.48549e-041	2.29996e-045	4.67201e-047	1.17418e-051	9.36167e-054	1.68867e-058	5.72583e-061	7.90715e-066	1.33406e-068	1.43819e-073	1.39302e-076	1.23894e-081	3.40696e-084	8.399e-086	
N48	9.57401e-015	1.61122e-013	9.25758e-012	1.66064e-010	8.7327e-010	1.09163e-008	6.85359e-007	2.56689e-005	0.000393706	0.00281815	0.0254936	0.208728	0.483762	0.250008	0.0278991	0.000862756	9.25193e-006	3.9975e-008	7.79426e-011	7.74001e-014	4.34359e-017	2.03827e-020	3.19341e-023	2.19575e-024	7.11491e-027	2.99082e-028	5.96652e-031	1.45544e-032	1.6436e-035	2.46029e-037	1.35817e-040	1.27019e-042	3.14755e-046	1.64739e-048	2.12095e-052	4.93047e-055	4.13206e-059	4.3933e-062	2.55424e-066	1.53659e-069	6.16599e-074	2.63397e-077	8.43314e-082	1.11811e-084	5.2233e-087	
Cryptotermes_brevis	0	0	0	0	0	0	0	0	0	0	0	1	0	0	0	0	0	0	0	0	0	0	0	0	0	0	0	0	0	0	0	0	0	0	0	0	0	0	0	0	0	0	0	0	0	
N49	9.4249e-015	1.88736e-013	2.7202e-012	2.6403e-010	6.65177e-008	7.85227e-006	0.000170595	0.00130217	0.0038646	0.00575523	0.0368011	0.215652	0.431244	0.253849	0.0477338	0.00350828	0.000109986	1.43331e-006	6.73846e-009	1.49094e-011	1.9462e-014	3.66475e-016	4.04824e-018	5.27862e-019	3.55659e-021	2.56398e-022	1.00251e-024	4.28992e-026	8.74185e-029	2.30971e-030	2.1537e-033	3.30678e-035	1.54599e-038	1.14203e-040	3.3005e-044	1.0742e-046	2.12466e-050	3.86235e-053	5.28068e-057	6.73654e-060	6.44027e-064	6.60155e-067	9.77259e-071	9.87271e-073	1.34561e-074	
Cryptotermes_domesticus	0	0	0	0	0	0	0	0	1	0	0	0	0	0	0	0	0	0	0	0	0	0	0	0	0	0	0	0	0	0	0	0	0	0	0	0	0	0	0	0	0	0	0	0	0	
Procryptotermes_australiensis	0	0	0	0	0	0	0	0	0	0	0	0	0	0	0	0	0	1	0	0	0	0	0	0	0	0	0	0	0	0	0	0	0	0	0	0	0	0	0	0	0	0	0	0	0	
Cryptotermes_cynocephalus	0	0	0	0	0	0	0	0	0	0	0	0	0	0	0	1	0	0	0	0	0	0	0	0	0	0	0	0	0	0	0	0	0	0	0	0	0	0	0	0	0	0	0	0	0	
N50	1.79872e-015	2.39341e-013	2.26254e-011	6.11519e-010	4.98959e-010	1.38421e-010	3.85647e-011	9.30956e-010	1.8352e-007	2.29129e-005	0.00144324	0.0379773	0.31612	0.550672	0.0901735	0.0035397	5.07716e-005	3.3622e-007	1.19188e-009	2.52479e-012	3.57901e-015	1.27246e-017	6.2612e-020	1.5233e-021	6.39222e-024	9.64867e-026	2.78291e-028	2.55674e-030	4.91348e-033	2.7355e-035	3.15915e-038	1.04264e-040	7.07432e-044	1.31955e-046	5.64199e-050	6.39693e-053	1.78917e-056	1.44183e-059	2.73142e-063	1.76069e-066	2.35602e-070	1.31611e-073	2.47681e-077	5.3129e-080	1.50527e-082	
Cryptotermes_dudleyi	0	0	0	0	0	0	0	0	0	0	0	0	0	1	0	0	0	0	0	0	0	0	0	0	0	0	0	0	0	0	0	0	0	0	0	0	0	0	0	0	0	0	0	0	0	
Cryptotermes_secundus	0	0	0	0	0	0	0	0	0	0	0	0	0	1	0	0	0	0	0	0	0	0	0	0	0	0	0	0	0	0	0	0	0	0	0	0	0	0	0	0	0	0	0	0	0	
Kalotermes_flavicollis	0	0	0	0	0	0	0	0	0	0	0	0	0	0	0	0	0	0	0	0	0	0	0	0	0	0	0	1	0	0	0	0	0	0	0	0	0	0	0	0	0	0	0	0	0	
N51	3.35675e-011	5.20079e-010	9.72844e-009	1.07905e-007	2.95652e-007	1.98782e-007	1.00972e-007	5.58123e-007	1.7065e-005	0.000417543	0.00610858	0.049101	0.199354	0.370949	0.282725	0.0808758	0.00984174	0.000588313	1.93946e-005	3.97886e-007	5.76081e-009	1.38711e-010	3.43255e-012	1.84989e-013	3.78537e-015	1.27684e-016	1.70948e-018	3.54086e-020	3.13082e-022	4.12719e-024	2.42872e-026	2.10664e-028	8.35987e-031	4.97648e-033	1.35831e-035	5.86837e-038	1.12928e-040	3.75969e-043	5.24199e-046	1.4183e-048	1.48295e-051	3.54105e-054	4.79252e-057	2.60942e-059	1.92166e-061	
Glyptotermes_brevicornis	0	0	0	0	0	0	0	0	0	0	0	0	0	0	1	0	0	0	0	0	0	0	0	0	0	0	0	0	0	0	0	0	0	0	0	0	0	0	0	0	0	0	0	0	0	
Glyptotermes_iridipennis	0	0	0	0	0	0	0	0	0	0	0	0	0	0	1	0	0	0	0	0	0	0	0	0	0	0	0	0	0	0	0	0	0	0	0	0	0	0	0	0	0	0	0	0	0	
N52	2.85246e-006	9.46666e-006	5.27151e-005	0.000357358	0.00245019	0.0129722	0.040293	0.0637963	0.0556306	0.0372175	0.0470165	0.0998484	0.169191	0.196617	0.154613	0.0821613	0.0294058	0.00708266	0.00114287	0.00012795	1.01151e-005	8.26481e-007	5.99699e-008	7.54783e-009	4.96331e-010	4.66899e-011	2.0209e-012	1.22771e-013	3.55652e-015	1.4578e-016	2.9368e-018	8.48857e-020	1.22738e-021	2.59558e-023	2.76022e-025	4.4017e-027	3.50747e-029	4.33208e-031	2.62372e-033	2.57233e-035	1.20384e-037	9.82147e-040	4.3937e-042	5.05692e-044	9.12491e-046	
Stolotermes_sp	0	0	0	0	0	0	0	0	0	1	0	0	0	0	0	0	0	0	0	0	0	0	0	0	0	0	0	0	0	0	0	0	0	0	0	0	0	0	0	0	0	0	0	0	0	
N53	9.50117e-010	2.70996e-009	8.47236e-008	2.8315e-006	6.19925e-005	0.000707906	0.00243947	0.00107517	0.000157975	1.24557e-005	8.36447e-007	1.045e-006	1.94473e-005	0.000320655	0.00352088	0.0246232	0.103638	0.250274	0.310052	0.219047	0.0647649	0.0172197	0.00185306	0.000198748	8.74532e-006	4.18475e-007	9.13486e-009	2.31733e-010	2.86958e-012	4.34302e-014	3.32741e-016	3.26508e-018	1.64416e-020	1.11464e-022	3.8578e-025	1.90178e-027	4.68642e-030	1.75582e-032	3.17003e-035	9.38912e-038	1.31055e-040	3.54593e-043	7.48384e-046	4.14305e-048	2.72276e-050	
Zootermopsis_angusticollis	0	0	0	0	0	0	0	0	0	0	0	0	0	0	0	0	0	0	0	1	0	0	0	0	0	0	0	0	0	0	0	0	0	0	0	0	0	0	0	0	0	0	0	0	0	
Zootermopsis_nevadensis	0	0	0	0	0	0	0	0	0	0	0	0	0	0	0	0	0	0	0	1	0	0	0	0	0	0	0	0	0	0	0	0	0	0	0	0	0	0	0	0	0	0	0	0	0	
Mastotermes_darwiniensis	0	0	0	0	0	0	0	0	0	0	0	0	0	0	0	0	0	0	0	0	0	0	0	0	0	0	0	0	0	0	0	0	0	0	0	0	0	0	0	0	0	0	1	0	0	
Porotermes_adamsoni	0	0	0	0	0	0	0	0	0	0	0	0	0	1	0	0	0	0	0	0	0	0	0	0	0	0	0	0	0	0	0	0	0	0	0	0	0	0	0	0	0	0	0	0	0	
N54	0.0342217	0.0605046	0.107856	0.160563	0.18376	0.159743	0.112463	0.073823	0.0493247	0.0311256	0.0164807	0.00697514	0.00233489	0.000641343	0.000146981	3.0523e-005	5.45161e-006	9.50284e-007	1.32673e-007	1.99993e-008	2.20748e-009	2.97943e-010	2.62253e-011	2.92297e-012	1.95337e-013	1.66363e-014	8.24188e-016	5.32208e-017	1.97531e-018	9.94955e-020	2.84186e-021	1.16089e-022	2.6741e-024	9.32213e-026	1.82305e-027	5.55525e-029	9.6603e-031	2.63418e-032	4.04164e-034	9.53635e-036	1.3263e-037	3.06143e-039	5.36766e-041	1.87121e-042	9.6122e-044	
N55	0.0831735	0.156313	0.252688	0.263797	0.163986	0.0620977	0.0151239	0.00250086	0.000292616	2.50655e-005	1.60445e-006	7.82852e-008	2.94958e-009	8.73377e-011	2.05582e-012	3.92069e-014	6.1147e-016	7.97257e-018	8.72193e-020	8.2521e-022	6.69278e-024	4.91519e-026	3.14835e-028	1.97705e-030	1.09148e-032	6.61842e-035	3.40431e-037	2.0641e-039	9.7717e-042	5.47642e-044	2.26044e-046	1.09796e-048	3.8496e-051	1.59344e-053	4.73202e-056	1.67605e-058	4.24712e-061	1.30275e-063	2.84988e-066	7.70746e-069	1.51764e-071	3.93183e-074	8.80288e-077	2.91621e-079	1.15486e-081	
Cryptocercus_primarius	0	0	0	1	0	0	0	0	0	0	0	0	0	0	0	0	0	0	0	0	0	0	0	0	0	0	0	0	0	0	0	0	0	0	0	0	0	0	0	0	0	0	0	0	0	
Cryptocercus_relictus	0	0	1	0	0	0	0	0	0	0	0	0	0	0	0	0	0	0	0	0	0	0	0	0	0	0	0	0	0	0	0	0	0	0	0	0	0	0	0	0	0	0	0	0	0	
Cryptocercus_punctulatus	0	0	0	0	0	0	0	0	0	0	0	0	0	0	0	0	0	1	0	0	0	0	0	0	0	0	0	0	0	0	0	0	0	0	0	0	0	0	0	0	0	0	0	0	0	
N56	0.0174047	0.0300583	0.064495	0.130306	0.203494	0.228736	0.1798	0.0976512	0.0364626	0.00954459	0.00177492	0.000244635	2.53076e-005	2.12382e-006	1.43581e-007	9.28667e-009	5.16559e-010	3.16355e-011	1.53019e-012	7.93361e-014	2.95267e-015	1.15421e-016	3.16061e-018	9.20804e-020	1.86814e-021	4.14888e-023	6.34462e-025	1.10408e-026	1.30075e-028	1.83425e-030	1.70079e-032	2.00207e-034	1.5123e-036	1.56162e-038	9.9867e-041	9.32129e-043	5.46864e-045	4.97639e-047	2.78357e-049	2.41207e-051	1.48479e-053	1.45804e-055	1.25232e-057	1.48819e-059	2.07321e-061	
N57	0.000182877	0.000252403	0.00113985	0.00655741	0.0383382	0.153195	0.315014	0.303018	0.138334	0.0362378	0.0064105	0.00114176	0.000154244	2.22144e-005	1.64948e-006	1.37269e-007	4.78059e-009	1.93894e-010	3.23277e-012	6.688e-014	5.87544e-016	6.87063e-018	3.46267e-020	2.47941e-022	7.78826e-025	3.77046e-027	7.7463e-030	2.62816e-032	3.87606e-035	1.08683e-037	1.17154e-040	2.53202e-043	2.40727e-046	5.49142e-049	4.02331e-052	6.50667e-055	4.65278e-058	8.22636e-061	4.22611e-064	4.78098e-067	2.4208e-070	3.11329e-073	1.48848e-076	1.92364e-079	2.88655e-082	
N58	5.20305e-005	0.000129971	0.000690688	0.00462222	0.0323506	0.148502	0.326741	0.311734	0.135139	0.0327958	0.00592762	0.0011254	0.0001675	2.13462e-005	1.5512e-006	1.14348e-007	3.38333e-009	3.38901e-010	3.34667e-012	8.14101e-013	3.73025e-015	7.08969e-016	1.83275e-018	2.02251e-019	3.25313e-022	2.19834e-023	2.30402e-026	9.58183e-028	7.18607e-031	2.12531e-032	1.14764e-035	2.24063e-037	9.81685e-041	1.74222e-042	5.77599e-046	6.66254e-048	1.94275e-051	2.5078e-053	5.2994e-057	3.67065e-059	8.82336e-063	1.44879e-064	1.82542e-068	1.36931e-070	3.27337e-072	
N59	4.20669e-006	9.0925e-006	0.000111773	0.00221335	0.0304219	0.192435	0.410402	0.272778	0.0699276	0.0140725	0.00515773	0.00190331	0.000476333	7.84007e-005	8.30501e-006	8.84989e-007	6.93856e-008	2.37168e-008	1.36874e-009	2.90237e-010	7.50133e-012	7.32568e-013	9.18194e-015	4.51193e-016	3.08132e-018	8.35071e-020	3.38264e-022	5.39205e-024	1.39382e-026	1.42853e-028	2.47562e-031	1.7095e-033	2.07302e-036	1.06529e-038	9.39876e-042	3.65272e-044	2.59937e-047	1.20317e-049	6.74593e-053	2.71217e-055	3.34888e-058	3.71095e-060	3.35032e-063	3.46419e-065	4.16002e-067	
N60	1.37594e-007	5.42168e-007	5.99902e-006	0.000209271	0.00807633	0.1183	0.418185	0.356415	0.0855863	0.0105538	0.00206265	0.000521548	7.70225e-005	5.52016e-006	1.99005e-007	4.35024e-009	7.02516e-011	1.05591e-012	9.37017e-015	6.14088e-017	1.99686e-019	4.74523e-022	6.30745e-025	6.57955e-028	4.09274e-031	2.7924e-034	1.074e-037	1.16767e-040	4.41504e-044	6.30608e-047	1.88109e-050	1.98726e-053	4.23932e-057	3.15332e-060	4.88074e-064	2.65962e-067	3.25534e-071	1.50991e-074	1.58804e-078	7.02811e-082	8.42641e-086	4.12966e-089	4.54249e-093	2.18815e-096	8.65278e-100	
N61	3.68591e-008	1.60242e-007	3.87498e-006	0.000287188	0.012321	0.170188	0.465089	0.293752	0.0485852	0.00641844	0.00241911	0.000779279	0.000142373	1.41379e-005	7.68908e-007	4.7084e-008	2.36777e-009	1.49703e-009	3.30588e-011	7.93619e-012	5.472e-014	5.20733e-015	1.5084e-017	6.31198e-019	9.82446e-022	2.07461e-023	2.0594e-026	2.71656e-028	1.87853e-031	1.68349e-033	8.32881e-037	4.83125e-039	1.72806e-042	6.5194e-045	1.70042e-048	4.45151e-051	9.19641e-055	3.39277e-057	5.32865e-061	2.1975e-063	2.0488e-066	3.40003e-068	6.90708e-072	7.24641e-074	9.97298e-076	
Blatta_orientalis	0	0	0	0	0	0	0	0	0	0	0	0	0	0	0	0	0	1	0	0	0	0	0	0	0	0	0	0	0	0	0	0	0	0	0	0	0	0	0	0	0	0	0	0	0	
N62	2.836e-007	1.72545e-007	3.05265e-007	2.06832e-005	0.00136404	0.0370544	0.310511	0.557742	0.0891731	0.00402362	0.000108433	2.53919e-006	4.12093e-008	3.96467e-010	2.32086e-012	1.08637e-014	5.47266e-017	3.32703e-019	1.1799e-021	3.70937e-024	6.06511e-027	8.48696e-030	6.90804e-033	6.30036e-036	3.0099e-039	3.03802e-042	1.31186e-045	2.19523e-048	1.12283e-051	1.99929e-054	8.86195e-058	1.21366e-060	4.07932e-064	4.09116e-067	1.03426e-070	7.88166e-074	1.64221e-077	1.1871e-080	2.44357e-084	2.11217e-087	5.97368e-091	5.57213e-094	1.18196e-097	9.08963e-101	6.22329e-104	
Periplaneta_australasiae	0	0	0	0	0	0	0	1	0	0	0	0	0	0	0	0	0	0	0	0	0	0	0	0	0	0	0	0	0	0	0	0	0	0	0	0	0	0	0	0	0	0	0	0	0	
Periplaneta_fuliginosa	0	0	0	0	0	0	0	1	0	0	0	0	0	0	0	0	0	0	0	0	0	0	0	0	0	0	0	0	0	0	0	0	0	0	0	0	0	0	0	0	0	0	0	0	0	
N63	3.8873e-007	3.02433e-006	2.174e-005	0.000139771	0.00161226	0.028084	0.198003	0.427801	0.27449	0.0631027	0.00634056	0.000383461	1.81671e-005	6.82787e-007	1.42721e-008	9.56375e-010	1.34825e-011	9.10368e-013	5.67414e-015	1.82481e-016	5.69771e-019	8.47419e-021	1.5395e-023	1.23385e-025	1.41589e-028	7.69696e-031	6.32386e-034	3.07995e-036	2.39314e-039	1.32189e-041	1.04574e-044	5.1556e-047	3.43853e-050	1.37236e-052	6.66056e-056	2.03615e-058	1.36099e-061	1.04067e-063	3.15147e-067	1.11348e-069	1.049e-072	8.48566e-075	2.19643e-078	7.10559e-081	3.57241e-083	
Periplaneta_americana	0	0	0	0	0	0	0	0	0	0	1	0	0	0	0	0	0	0	0	0	0	0	0	0	0	0	0	0	0	0	0	0	0	0	0	0	0	0	0	0	0	0	0	0	0	
Periplaneta_brunnea	0	0	0	0	0	0	0	1	0	0	0	0	0	0	0	0	0	0	0	0	0	0	0	0	0	0	0	0	0	0	0	0	0	0	0	0	0	0	0	0	0	0	0	0	0	
Deropeltis_erythrocephala	0	0	0	0	0	0	0	0	0	0	0	0	0	0	0	0	0	0	1	0	0	0	0	0	0	0	0	0	0	0	0	0	0	0	0	0	0	0	0	0	0	0	0	0	0	
N64	1.7688e-005	5.07434e-005	0.000146968	0.000985162	0.00163954	0.00137052	0.00622342	0.109934	0.319709	0.348573	0.170061	0.0379352	0.00330243	5.10388e-005	3.73232e-007	2.51911e-009	1.18702e-011	6.3859e-014	1.85599e-016	5.7845e-019	9.71971e-022	1.80326e-024	1.85836e-027	2.22672e-030	1.49172e-033	1.24409e-036	5.69251e-040	3.52111e-043	1.14938e-046	5.57379e-050	1.34727e-053	5.35083e-057	1.01369e-060	3.60403e-064	5.78945e-068	1.96518e-071	3.38073e-075	1.33505e-078	2.25528e-082	7.76424e-086	1.48969e-089	5.64336e-093	1.38248e-096	6.00028e-100	2.53751e-103	
Eurycotis_floridana	0	0	0	0	0	0	0	1	0	0	0	0	0	0	0	0	0	0	0	0	0	0	0	0	0	0	0	0	0	0	0	0	0	0	0	0	0	0	0	0	0	0	0	0	0	
Pelmatosilpha_sp	0	0	0	0	0	0	0	0	0	0	0	0	1	0	0	0	0	0	0	0	0	0	0	0	0	0	0	0	0	0	0	0	0	0	0	0	0	0	0	0	0	0	0	0	0	
Periplaneta_japonica	0	0	0	0	0	0	0	0	0	0	1	0	0	0	0	0	0	0	0	0	0	0	0	0	0	0	0	0	0	0	0	0	0	0	0	0	0	0	0	0	0	0	0	0	0	
Lamproblatta_albipalpus	0	0	1	0	0	0	0	0	0	0	0	0	0	0	0	0	0	0	0	0	0	0	0	0	0	0	0	0	0	0	0	0	0	0	0	0	0	0	0	0	0	0	0	0	0	
N65	0.004061	0.0081691	0.020474	0.0534153	0.121246	0.208172	0.248098	0.196177	0.0994716	0.0327107	0.0068612	0.0010262	0.000105799	1.15035e-005	8.94838e-007	9.32371e-008	5.16199e-009	3.63411e-010	1.25779e-011	5.5956e-013	1.23039e-014	3.58489e-016	5.15173e-018	1.02338e-019	9.90612e-022	1.41487e-023	9.45721e-026	1.01431e-027	4.93482e-030	4.42536e-032	1.6466e-034	1.26733e-036	4.3923e-039	3.77283e-041	1.1615e-043	8.05573e-046	2.61893e-048	1.97884e-050	4.87371e-053	2.53538e-055	6.34332e-058	3.69069e-060	9.50472e-063	5.98417e-065	4.37269e-067	
N66	0.0039491	0.00900528	0.0161402	0.0238384	0.0493741	0.118275	0.213285	0.254516	0.192247	0.0896745	0.0249758	0.00424353	0.000438254	3.52228e-005	2.00788e-006	1.5685e-007	6.96941e-009	4.374e-010	1.20572e-011	4.60731e-013	7.67401e-015	1.81777e-016	1.90549e-018	2.94616e-020	2.02625e-022	2.15586e-024	1.00646e-026	7.70474e-029	2.53338e-031	1.48217e-033	3.53338e-036	1.63881e-038	3.1e-041	1.37043e-043	2.15349e-046	8.47822e-049	1.4632e-051	7.23415e-054	9.90962e-057	3.41292e-059	5.24962e-062	2.19756e-064	3.52604e-067	1.58974e-069	8.41349e-072	
N67	0.00234938	0.00822911	0.0170047	0.0174803	0.0274185	0.0800403	0.181894	0.263105	0.233111	0.124281	0.037578	0.00678156	0.000655049	6.90397e-005	2.99087e-006	5.70493e-007	1.35579e-008	2.14968e-009	2.66437e-011	2.38858e-012	1.65275e-014	8.49217e-016	3.53467e-018	1.09515e-019	2.92975e-022	5.79266e-024	1.04267e-026	1.35864e-028	1.73667e-031	1.63041e-033	1.49055e-036	9.7297e-039	7.40461e-042	5.66073e-044	2.90021e-047	1.26253e-049	1.02458e-052	1.36199e-054	4.36107e-058	1.39995e-060	1.1314e-063	1.4134e-065	3.62444e-069	1.5623e-071	1.38803e-073	
N68	0.000225703	0.00156103	0.00538369	0.0059554	0.00592992	0.0219718	0.0812807	0.183594	0.261142	0.240795	0.128534	0.0476571	0.00928856	0.00536149	0.00077	0.000501798	3.69269e-005	1.07476e-005	3.31138e-007	4.02377e-008	5.60866e-010	3.18812e-011	2.2996e-013	7.01452e-015	3.04091e-017	5.86575e-019	1.7166e-021	2.27068e-023	4.84549e-026	5.52006e-028	7.90611e-031	6.09465e-033	1.07553e-035	2.09572e-037	1.75243e-040	1.0717e-042	1.85381e-045	3.00256e-047	1.56421e-050	5.76191e-053	6.06844e-056	6.37128e-058	2.46793e-061	9.58501e-064	6.24665e-066	
N69	1.06522e-006	1.31296e-005	3.87736e-005	3.36934e-005	6.75683e-005	0.000496243	0.00558475	0.0428854	0.172841	0.33228	0.286855	0.120303	0.0271705	0.00816739	0.00200548	0.00108577	0.000133838	3.56436e-005	1.35591e-006	1.53536e-007	3.46494e-009	5.81806e-010	2.11136e-011	2.7592e-012	5.25679e-014	3.43422e-015	3.35417e-017	1.14727e-018	6.17203e-021	1.23404e-022	3.76627e-025	4.39073e-027	9.66441e-030	1.09479e-031	1.39837e-034	7.72684e-037	9.30672e-040	6.73426e-042	3.4549e-045	8.36383e-048	5.00503e-051	2.23162e-053	5.8965e-057	1.24282e-059	3.89114e-062	
N70	8.64092e-008	7.52988e-007	1.63264e-006	3.01076e-006	1.3115e-005	0.000142295	0.00225944	0.025707	0.144777	0.338955	0.316559	0.12883	0.0293419	0.00827982	0.0032498	0.00143098	0.000367393	7.11261e-005	6.81282e-006	2.36137e-006	1.31629e-007	6.00671e-008	1.36903e-009	2.69132e-010	2.59316e-012	2.26018e-013	1.02614e-015	4.29336e-017	1.03189e-019	2.26709e-021	3.13415e-024	3.81922e-026	3.51067e-029	3.05688e-031	1.86466e-034	9.62225e-037	4.46284e-040	2.12116e-042	6.90998e-046	1.67889e-048	4.11651e-052	1.07959e-054	2.44208e-058	1.05719e-060	9.72587e-063	
N71	6.37099e-009	4.1938e-008	1.65293e-007	5.75001e-007	3.60799e-006	6.12747e-005	0.00165838	0.0275761	0.177043	0.381895	0.285895	0.087343	0.0184093	0.00785819	0.00476004	0.00327487	0.0021775	0.00101508	0.00030747	0.000249402	0.000116876	0.000243391	5.57009e-005	5.00271e-005	4.62159e-006	1.70465e-006	6.46689e-008	1.00581e-008	1.69343e-010	1.18081e-011	9.74547e-014	3.2988e-015	1.48658e-017	2.7658e-019	7.32413e-022	7.95191e-024	1.31066e-026	9.25783e-029	9.98643e-032	4.74594e-034	3.43906e-037	1.24522e-039	1.74623e-042	3.26496e-044	7.03815e-046	
N72	9.3564e-010	1.15795e-008	1.64284e-007	2.14684e-006	1.48576e-005	5.91057e-005	0.000577324	0.0104226	0.0928283	0.305406	0.358284	0.170244	0.0420979	0.0092083	0.00332891	0.00269875	0.00232748	0.00130344	0.000522941	0.000284828	0.000189187	0.00013536	4.6786e-005	1.50935e-005	1.98613e-006	2.40426e-007	1.23741e-008	5.35584e-010	1.16158e-011	2.09933e-013	2.05714e-015	2.39204e-017	1.28962e-019	2.94977e-021	1.55009e-023	5.93083e-025	2.49289e-027	7.10883e-029	2.10356e-031	4.08695e-033	8.75112e-036	1.2508e-037	6.41778e-040	2.39697e-041	8.84322e-043	
N73	9.26185e-011	6.29321e-009	2.66106e-007	3.3917e-006	1.06534e-005	1.73673e-005	2.30993e-005	0.000142033	0.00249801	0.0282243	0.148302	0.334727	0.321171	0.132388	0.0264697	0.00442172	0.00107002	0.000321996	0.000129128	5.77264e-005	1.84358e-005	3.56764e-006	3.9314e-007	2.50508e-008	8.92403e-010	1.90614e-011	2.39722e-013	1.86768e-015	9.2443e-018	3.05548e-020	6.8322e-023	1.1236e-025	1.30293e-028	1.40435e-031	1.03539e-034	1.52556e-037	1.24779e-040	4.54834e-043	5.97824e-046	3.05706e-048	1.11534e-050	1.01191e-052	7.58189e-055	4.61007e-057	2.24361e-059	
N74	1.78481e-011	1.19498e-009	6.25844e-008	1.0632e-006	3.71374e-006	4.41656e-006	7.5822e-006	5.94364e-005	0.000326811	0.00228335	0.0257459	0.155609	0.368728	0.317835	0.109413	0.0177261	0.00191958	0.000273353	5.35313e-005	9.23521e-006	8.76731e-007	4.90735e-008	1.37128e-009	2.46038e-011	2.10192e-013	1.86684e-015	5.81408e-018	6.61e-020	1.10444e-022	1.31671e-024	1.4399e-027	1.12347e-029	8.77138e-033	4.72881e-035	2.8787e-038	1.21758e-040	6.14841e-044	2.36383e-046	1.11859e-049	5.06368e-052	2.96272e-055	2.05602e-057	6.34124e-060	1.02654e-061	1.3054e-063	
N75	2.18609e-012	3.9817e-010	3.93381e-008	2.28431e-007	2.1652e-007	9.78551e-008	4.47896e-007	1.53896e-006	6.03944e-006	0.000161855	0.00585068	0.0935268	0.388444	0.374873	0.120892	0.0153436	0.000869836	2.83632e-005	7.96055e-007	1.74171e-008	2.2729e-010	2.33669e-012	5.75718e-014	2.05307e-015	4.53997e-017	1.20257e-018	2.03071e-020	1.68347e-021	2.04449e-023	1.01627e-024	5.70784e-027	1.30806e-028	3.5156e-031	3.91448e-033	5.61341e-036	3.34758e-038	2.85398e-041	1.02174e-043	5.77242e-047	1.47107e-049	6.61862e-053	1.61408e-055	8.87963e-059	3.15828e-061	8.63702e-064	
Archimandrita_tessellata	0	0	0	0	0	0	0	0	0	0	0	0	0	0	0	0	1	0	0	0	0	0	0	0	0	0	0	0	0	0	0	0	0	0	0	0	0	0	0	0	0	0	0	0	0	
N76	7.61149e-013	9.22045e-011	5.19141e-009	8.48849e-009	1.63441e-009	3.37569e-010	2.9723e-009	5.29973e-008	1.73225e-006	0.000153587	0.00877509	0.181207	0.56238	0.221362	0.0250177	0.00108107	2.08108e-005	2.12714e-007	1.49257e-009	4.2084e-011	1.18085e-011	2.52096e-012	3.41912e-013	3.04111e-014	1.87086e-015	5.59508e-016	1.11094e-016	1.90513e-016	2.04427e-017	1.52451e-017	5.28594e-019	9.65391e-020	7.46372e-022	4.66841e-023	1.41873e-025	4.13246e-027	6.31805e-030	9.55332e-032	8.57197e-035	7.22864e-037	4.29879e-040	2.31019e-042	1.02777e-045	4.52866e-048	7.88347e-051	
Blaberus_discoidalis	0	0	0	0	0	0	0	0	0	0	0	0	1	0	0	0	0	0	0	0	0	0	0	0	0	0	0	0	0	0	0	0	0	0	0	0	0	0	0	0	0	0	0	0	0	
Blaberus_giganteus	0	0	0	0	0	0	0	0	0	0	0	0	0	0	0	0	0	0	0	0	0	0	0	0	0	0	0	0	0	0	1	0	0	0	0	0	0	0	0	0	0	0	0	0	0	
Byrsotria_fumigata	0	0	0	0	0	0	0	0	0	0	0	0	0	0	0	0	0	1	0	0	0	0	0	0	0	0	0	0	0	0	0	0	0	0	0	0	0	0	0	0	0	0	0	0	0	
N77	1.12695e-009	5.97976e-008	2.1373e-007	2.61082e-007	1.05931e-006	6.96268e-006	3.04418e-005	8.81111e-005	0.000474505	0.0193285	0.190049	0.35339	0.291358	0.11901	0.0233218	0.00196689	0.000166412	0.000220732	0.000247241	0.000188727	9.94493e-005	3.7554e-005	9.84404e-006	3.02603e-006	6.45081e-007	2.11208e-007	1.87348e-008	1.06062e-009	1.52748e-011	2.53633e-013	1.46672e-015	1.11114e-017	3.2969e-020	1.37384e-022	2.36777e-025	6.17913e-028	6.79573e-031	1.24759e-033	9.65678e-037	1.37765e-039	8.32854e-043	9.94009e-046	5.96932e-049	9.09923e-052	1.70743e-054	
Eublaberus_distanti	0	0	0	0	0	0	0	0	0	0	0	0	0	0	0	0	0	0	0	0	0	0	0	0	0	0	1	0	0	0	0	0	0	0	0	0	0	0	0	0	0	0	0	0	0	
Eublaberus_posticus	0	0	0	0	0	0	0	0	0	0	0	0	0	0	0	1	0	0	0	0	0	0	0	0	0	0	0	0	0	0	0	0	0	0	0	0	0	0	0	0	0	0	0	0	0	
Gromphadorhina_portentosa	0	0	0	0	0	0	0	0	0	0	0	0	0	0	0	0	0	0	0	0	0	0	0	0	0	1	0	0	0	0	0	0	0	0	0	0	0	0	0	0	0	0	0	0	0	
N78	1.0831e-009	6.70155e-009	4.68392e-008	3.84985e-007	9.12888e-006	0.000230607	0.00318175	0.0175741	0.0368365	0.0312193	0.0106849	0.00390321	0.00330828	0.00227592	0.00103383	0.000444928	0.000800867	0.00252665	0.00577352	0.0117329	0.0220956	0.0886778	0.13518	0.274672	0.174693	0.131925	0.0318794	0.00848735	0.00076782	8.16898e-005	3.28016e-006	1.70058e-007	3.52106e-009	1.04294e-010	1.24136e-012	2.37415e-014	1.76515e-016	2.38897e-018	1.18581e-020	1.21182e-022	4.34423e-025	3.97237e-027	3.08401e-029	7.54045e-031	2.1626e-032	
Lanxoblatta_emarginata	0	0	0	0	0	0	0	0	0	0	0	0	0	0	0	0	0	0	0	0	0	0	0	0	0	0	1	0	0	0	0	0	0	0	0	0	0	0	0	0	0	0	0	0	0	
Phoetalia_sp	0	0	0	0	0	0	0	0	0	0	0	0	0	0	0	0	0	0	0	0	1	0	0	0	0	0	0	0	0	0	0	0	0	0	0	0	0	0	0	0	0	0	0	0	0	
N79	7.27079e-008	2.82938e-007	1.26137e-006	6.82403e-006	4.10096e-005	0.000258902	0.00192986	0.014939	0.0784473	0.221495	0.316241	0.23503	0.097801	0.0262667	0.00585491	0.00136247	0.000277168	4.30263e-005	4.70601e-006	6.90706e-007	5.97511e-008	1.21909e-008	6.3569e-010	1.13773e-010	3.37966e-012	4.14625e-013	7.40141e-015	5.40395e-016	6.20476e-018	2.79709e-019	2.18718e-021	6.86699e-023	3.99105e-025	1.06989e-026	5.53688e-029	1.52751e-030	8.23786e-033	2.34597e-034	1.15458e-036	2.68561e-038	1.1064e-040	2.14748e-042	9.43442e-045	3.1582e-046	1.7501e-047	
Epilampra_sp	0	0	0	0	0	0	0	0	0	0	0	0	0	0	1	0	0	0	0	0	0	0	0	0	0	0	0	0	0	0	0	0	0	0	0	0	0	0	0	0	0	0	0	0	0	
Pycnoscelus_surinamensis	0	0	0	0	0	0	0	0	0	0	0	1	0	0	0	0	0	0	0	0	0	0	0	0	0	0	0	0	0	0	0	0	0	0	0	0	0	0	0	0	0	0	0	0	0	
N80	1.20571e-006	6.90675e-006	1.70501e-005	2.40056e-005	7.28228e-005	0.000463497	0.00428649	0.0316134	0.133746	0.289927	0.308145	0.167301	0.0491071	0.0116198	0.00259635	0.000906541	0.000136281	2.67362e-005	1.65554e-006	4.69584e-007	3.75193e-008	1.9701e-007	3.19515e-008	1.75261e-007	1.75171e-008	5.43756e-008	3.34063e-009	5.43477e-009	2.16004e-010	1.89382e-010	4.98185e-012	2.54106e-012	4.8973e-014	2.35897e-014	3.56559e-016	1.47345e-016	2.2598e-018	1.17935e-018	1.02052e-020	2.2906e-021	1.82931e-023	5.0669e-024	2.37981e-026	3.30766e-027	1.35981e-027	
Macropanesthia_rhinoceros	0	0	0	0	0	0	0	0	0	0	0	0	0	0	0	0	0	0	0	0	0	0	0	0	0	0	0	0	0	0	0	0	0	1	0	0	0	0	0	0	0	0	0	0	0	
Nauphoeta_cinerea	0	0	0	0	0	0	0	0	0	0	0	0	1	0	0	0	0	0	0	0	0	0	0	0	0	0	0	0	0	0	0	0	0	0	0	0	0	0	0	0	0	0	0	0	0	
N81	8.02361e-005	0.000255811	0.00111923	0.00472029	0.018604	0.0583961	0.111812	0.13181	0.13811	0.15985	0.158242	0.117922	0.0647206	0.0255486	0.00705994	0.00146942	0.00022882	4.33599e-005	5.95613e-006	1.57838e-006	1.5635e-007	2.62752e-008	1.45679e-009	1.34208e-010	4.2419e-012	2.24843e-013	4.23685e-015	1.37602e-016	1.62641e-018	3.51209e-020	2.73293e-022	4.20541e-024	2.29744e-026	2.7922e-028	1.16452e-030	1.13671e-032	3.85076e-035	3.31658e-037	9.56899e-040	6.87786e-042	1.89953e-044	1.83631e-046	1.26813e-048	2.56197e-050	5.63673e-052	
Diploptera_punctata	0	0	0	0	0	0	0	0	0	0	0	0	0	0	0	0	0	1	0	0	0	0	0	0	0	0	0	0	0	0	0	0	0	0	0	0	0	0	0	0	0	0	0	0	0	
N82	1.86713e-005	8.77077e-005	0.000548795	0.00235041	0.00943463	0.0399723	0.11554	0.193238	0.205054	0.156431	0.108318	0.0845055	0.0552838	0.0227619	0.0055488	0.000823649	7.8186e-005	5.24227e-006	2.68737e-007	1.2062e-008	4.20498e-010	1.24442e-011	2.46851e-013	4.68346e-015	5.56138e-017	1.02716e-018	9.44681e-021	1.85742e-022	1.29925e-024	1.95878e-026	9.73992e-029	1.04077e-030	3.71434e-033	2.87887e-035	7.56822e-038	4.41049e-040	8.81575e-043	4.03459e-045	6.33971e-048	2.37815e-050	3.13678e-053	1.06569e-055	1.5468e-058	7.41335e-061	4.22032e-063	
N83	2.07258e-006	8.7691e-006	9.09482e-005	0.0012137	0.0136663	0.0912024	0.245019	0.253095	0.1259	0.0489086	0.0494057	0.0680552	0.059972	0.0314518	0.00988986	0.0018842	0.000218133	1.54909e-005	6.70027e-007	2.61921e-008	8.18891e-010	8.77551e-011	2.5103e-012	2.09582e-013	3.65707e-015	1.87927e-016	2.08069e-018	6.84128e-020	4.9774e-022	1.07617e-023	5.30702e-026	7.7399e-028	2.66845e-030	2.71096e-032	6.71846e-035	4.94166e-037	9.01527e-040	5.0098e-042	6.86782e-045	3.00339e-047	3.16694e-050	1.1581e-052	1.37552e-055	1.26257e-057	1.97799e-059	
Galiblatta_sp	0	0	0	0	0	0	0	1	0	0	0	0	0	0	0	0	0	0	0	0	0	0	0	0	0	0	0	0	0	0	0	0	0	0	0	0	0	0	0	0	0	0	0	0	0	
Rhabdoblatta_sp	0	0	0	0	0	0	0	0	0	0	0	0	0	0	0	0	0	0	1	0	0	0	0	0	0	0	0	0	0	0	0	0	0	0	0	0	0	0	0	0	0	0	0	0	0	
Panchlora_nivea	0	0	0	0	0	0	0	0	0	0	0	1	0	0	0	0	0	0	0	0	0	0	0	0	0	0	0	0	0	0	0	0	0	0	0	0	0	0	0	0	0	0	0	0	0	
N84	0.00393634	0.00690353	0.0145048	0.0364128	0.0901508	0.176663	0.243368	0.223998	0.13493	0.0529432	0.0135858	0.00231383	0.000266642	2.14209e-005	1.22954e-006	5.40639e-008	1.88449e-009	7.61191e-011	2.98371e-012	2.00961e-013	8.15539e-015	4.65533e-016	1.40549e-017	5.7404e-019	1.25833e-020	3.72693e-022	5.98345e-024	1.31958e-025	1.57042e-027	2.66069e-029	2.37939e-031	3.201e-033	2.18837e-035	2.42782e-037	1.29483e-039	1.22153e-041	5.22996e-044	4.4195e-046	1.58073e-048	1.25949e-050	4.9567e-053	6.10775e-055	7.06138e-057	1.47699e-058	3.41266e-060	
Margattea_sp	0	0	0	0	0	0	0	0	0	1	0	0	0	0	0	0	0	0	0	0	0	0	0	0	0	0	0	0	0	0	0	0	0	0	0	0	0	0	0	0	0	0	0	0	0	
Supella_longipalpa	0	0	0	1	0	0	0	0	0	0	0	0	0	0	0	0	0	0	0	0	0	0	0	0	0	0	0	0	0	0	0	0	0	0	0	0	0	0	0	0	0	0	0	0	0	
N85	0.00224148	0.0134185	0.0644036	0.120674	0.0897465	0.0686017	0.118335	0.180897	0.177772	0.110054	0.0424048	0.00996437	0.00137184	0.00010885	5.24331e-006	1.71773e-007	4.02186e-009	8.33775e-011	1.44629e-012	2.77844e-014	4.0922e-016	6.36039e-018	6.86299e-020	7.63339e-022	5.86351e-024	4.71223e-026	2.63145e-028	1.58015e-030	6.58159e-033	3.05714e-035	9.71974e-038	3.60525e-040	8.94749e-043	2.73742e-045	5.41222e-048	1.40526e-050	2.28205e-053	5.27313e-056	7.40727e-059	1.63999e-061	2.59541e-064	7.63964e-067	2.21535e-069	8.5673e-072	3.4585e-074	
Ectobius_pallidus	0	0	0	0	1	0	0	0	0	0	0	0	0	0	0	0	0	0	0	0	0	0	0	0	0	0	0	0	0	0	0	0	0	0	0	0	0	0	0	0	0	0	0	0	0	
Panchlora_viridis	0	0	0	0	0	0	0	0	0	0	0	0	1	0	0	0	0	0	0	0	0	0	0	0	0	0	0	0	0	0	0	0	0	0	0	0	0	0	0	0	0	0	0	0	0	
N86	0.00163855	0.00359092	0.0101192	0.0311369	0.0847017	0.173191	0.24524	0.231537	0.142832	0.0576777	0.0152378	0.00272954	0.000332231	3.25378e-005	2.42353e-006	2.52358e-007	1.75978e-008	1.95865e-009	1.00507e-010	7.77096e-012	2.6466e-013	1.36496e-014	3.12867e-016	1.10924e-017	1.75554e-019	4.44843e-021	4.97108e-023	9.32239e-025	7.55192e-027	1.10019e-028	6.59954e-031	7.70077e-033	3.63368e-035	3.88311e-037	1.49932e-039	1.44001e-041	5.89335e-044	7.35143e-046	2.55562e-048	2.3943e-050	9.96087e-053	1.20084e-054	5.56689e-057	7.4951e-059	1.19211e-060	
N87	0.000711921	0.00235171	0.00854828	0.0295747	0.0910957	0.201107	0.27777	0.230814	0.115312	0.0351754	0.00666603	0.000806146	6.35979e-005	3.43808e-006	1.30063e-007	4.03013e-009	1.00654e-010	3.14132e-012	7.47916e-014	2.32751e-015	4.24238e-017	9.4899e-019	1.19912e-020	1.86847e-022	1.65814e-024	1.85593e-026	1.18386e-028	9.84334e-031	4.61491e-033	2.9477e-035	1.03577e-037	5.23859e-040	1.41084e-042	5.87179e-045	1.23793e-047	4.37293e-050	7.6531e-053	2.55004e-055	3.94482e-058	1.27246e-060	2.3081e-063	1.01081e-065	3.40164e-068	2.0393e-070	1.31123e-072	
N88	0.000351188	0.00164972	0.00981558	0.0471235	0.150427	0.281368	0.288643	0.160918	0.0498304	0.00886786	0.00094053	6.17253e-005	2.59687e-006	7.28596e-008	1.407e-009	2.0459e-011	2.2661e-013	4.02134e-015	5.04412e-017	2.27215e-018	2.5319e-020	9.59315e-022	7.66882e-024	2.07652e-025	1.2024e-027	2.3477e-029	1.00429e-031	1.43798e-033	4.63048e-036	4.95897e-038	1.22124e-040	9.98892e-043	1.91027e-045	1.22773e-047	1.84616e-050	9.55077e-053	1.1565e-055	5.18135e-058	5.12235e-061	2.00252e-063	2.01109e-066	1.27806e-068	2.3398e-071	3.34394e-073	5.60714e-075	
N89	1.07608e-005	0.000182926	0.003672	0.0423273	0.226237	0.442917	0.235448	0.0451548	0.00387379	0.00017156	4.32519e-006	6.72636e-008	6.81465e-010	5.05436e-012	2.86611e-014	2.12666e-016	1.33194e-018	1.41468e-020	7.55216e-023	5.95691e-025	2.2074e-027	1.20068e-029	3.11464e-032	1.20714e-034	2.24114e-037	6.42533e-040	8.71059e-043	1.91564e-045	1.93344e-048	3.38843e-051	2.59005e-054	3.74248e-057	2.23987e-060	2.88796e-063	1.41151e-066	1.71282e-069	8.80342e-073	1.43047e-075	7.20971e-079	1.02215e-081	6.76341e-085	1.23888e-087	1.0401e-090	2.22723e-093	4.90274e-096	
Blattella_bisignata	0	0	0	0	0	1	0	0	0	0	0	0	0	0	0	0	0	0	0	0	0	0	0	0	0	0	0	0	0	0	0	0	0	0	0	0	0	0	0	0	0	0	0	0	0	
Blattella_germanica	0	0	0	0	0	1	0	0	0	0	0	0	0	0	0	0	0	0	0	0	0	0	0	0	0	0	0	0	0	0	0	0	0	0	0	0	0	0	0	0	0	0	0	0	0	
Blattella_sauteri	0	0	0	0	0	1	0	0	0	0	0	0	0	0	0	0	0	0	0	0	0	0	0	0	0	0	0	0	0	0	0	0	0	0	0	0	0	0	0	0	0	0	0	0	0	
Loboptera_decipiens	0	0	0	0	0	0	0	0	0	0	1	0	0	0	0	0	0	0	0	0	0	0	0	0	0	0	0	0	0	0	0	0	0	0	0	0	0	0	0	0	0	0	0	0	0	
N90	0.00042791	0.00122449	0.00298186	0.0051832	0.0125363	0.0434718	0.120666	0.223794	0.265287	0.198617	0.0924843	0.0273962	0.00514031	0.00071082	7.01911e-005	7.90341e-006	6.15229e-007	6.10344e-008	3.23346e-009	2.09836e-010	7.03271e-012	2.94818e-013	6.46009e-015	1.83539e-016	2.73577e-018	5.53471e-020	5.79536e-022	8.70474e-024	6.61171e-026	7.74465e-028	4.37865e-030	4.14603e-032	1.8547e-034	1.59253e-036	5.94819e-039	4.67091e-041	1.78487e-043	1.6106e-045	5.52641e-048	4.0601e-050	1.52795e-052	1.28981e-054	5.9774e-057	5.96781e-059	6.86447e-061	
N91	3.4896e-005	0.00015644	0.00046805	0.000633572	0.000636076	0.00154834	0.00883686	0.0456785	0.150069	0.284316	0.293143	0.160559	0.0454072	0.00765608	0.000759903	9.08052e-005	5.9856e-006	6.2291e-007	2.36151e-008	1.39236e-009	2.9521e-011	1.00811e-012	1.28488e-014	2.73823e-016	2.23069e-018	3.16514e-020	1.72546e-022	1.71762e-024	6.51721e-027	4.8057e-029	1.30636e-031	7.41374e-034	1.52782e-036	7.58638e-039	1.22445e-041	5.31362e-044	8.98337e-047	5.40661e-049	7.49514e-052	3.24176e-054	5.7526e-057	3.45112e-059	6.17303e-062	3.88357e-064	2.79428e-066	
N92	2.98202e-006	3.73518e-005	0.000326671	0.000839842	0.000644103	0.000522422	0.00171683	0.011922	0.0726596	0.236024	0.358967	0.241103	0.0673136	0.00753654	0.000374892	9.71687e-006	1.47831e-007	1.76371e-009	1.5443e-011	2.50779e-013	1.96701e-015	3.55086e-017	1.84589e-019	2.15145e-021	7.05297e-024	5.20423e-026	1.11609e-028	5.42213e-031	7.88975e-034	2.62451e-036	2.66696e-039	6.30537e-042	4.60924e-045	8.14676e-048	4.40944e-051	6.07263e-054	2.54673e-057	2.96466e-060	1.01695e-063	1.00358e-066	3.04178e-070	3.1424e-073	1.69632e-076	4.57065e-079	1.42743e-081	
N93	6.87972e-007	6.09242e-006	0.000117773	0.000875787	0.0013267	0.00182362	0.00308188	0.0181339	0.103555	0.280332	0.349164	0.193235	0.0444178	0.00382384	0.000105159	1.22794e-006	7.3439e-009	2.57317e-011	5.87498e-014	2.20905e-016	1.00043e-018	3.08226e-020	1.26269e-022	2.67075e-024	6.85833e-027	9.36033e-029	1.53273e-031	1.37063e-033	1.46267e-036	8.53861e-039	6.10527e-042	2.29296e-044	1.13686e-047	2.75803e-050	9.80239e-054	1.63426e-056	4.26118e-060	5.28306e-063	1.03009e-066	1.01195e-069	1.50779e-073	1.27234e-076	3.8388e-080	1.93756e-082	1.14674e-084	
Hemithyrsocera_sp	0	0	0	0	0	0	1	0	0	0	0	0	0	0	0	0	0	0	0	0	0	0	0	0	0	0	0	0	0	0	0	0	0	0	0	0	0	0	0	0	0	0	0	0	0	
Symplocodes_sp	0	0	0	0	0	0	0	0	0	0	0	0	0	1	0	0	0	0	0	0	0	0	0	0	0	0	0	0	0	0	0	0	0	0	0	0	0	0	0	0	0	0	0	0	0	
Xestoblatta_sp	0	0	0	0	0	0	0	0	0	0	0	0	1	0	0	0	0	0	0	0	0	0	0	0	0	0	0	0	0	0	0	0	0	0	0	0	0	0	0	0	0	0	0	0	0	
Lobopterella_dimidiatipes	0	0	0	0	0	0	0	0	0	0	0	0	1	0	0	0	0	0	0	0	0	0	0	0	0	0	0	0	0	0	0	0	0	0	0	0	0	0	0	0	0	0	0	0	0	
Symploce_sp	0	0	0	0	0	0	0	1	0	0	0	0	0	0	0	0	0	0	0	0	0	0	0	0	0	0	0	0	0	0	0	0	0	0	0	0	0	0	0	0	0	0	0	0	0	
