NODE	6	7	8	9	10	11	12	13	14	15	16	17	18	19	
N1	1.08682e-005	0.0535807	0.929188	0.0172178	2.91387e-006	6.63788e-011	9.08419e-018	1.91636e-019	2.38911e-021	1.35901e-023	3.06716e-026	3.94796e-029	3.38519e-032	3.35906e-035	
N2	3.37767e-005	0.0807208	0.886676	0.0325406	2.85301e-005	2.48035e-009	1.45905e-011	1.97627e-012	8.91226e-013	6.24268e-016	1.6507e-017	3.42071e-022	3.02377e-025	5.65514e-029	
N3	0.000180603	0.0224281	0.619057	0.352404	0.00589275	2.09756e-005	1.65807e-005	2.56853e-007	1.07612e-007	7.98291e-011	1.83259e-011	7.25397e-015	5.96418e-017	7.01294e-019	
N4	6.3637e-032	1.76954e-031	1.28395e-011	9.63291e-006	0.99999	6.79286e-007	7.23328e-013	1.622e-032	7.32641e-032	5.26666e-032	1.71126e-031	5.42946e-032	9.16041e-032	1.9418e-031	
Acanthops_falcata	0	0	0	0	1	0	0	0	0	0	0	0	0	0	
Pseudacanthops_sp	0	0	0	0	1	0	0	0	0	0	0	0	0	0	
N5	2.4809e-005	0.00442305	0.461799	0.525992	0.00764564	9.72916e-005	1.67299e-005	7.44389e-007	8.44147e-007	5.53329e-008	1.39764e-007	1.75845e-009	8.65421e-011	5.84494e-013	
Liturgusa_cursor	0	0	0	0	0	0	0	0	0	0	0	1	0	0	
Liturgusa_maya	0	0	0	1	0	0	0	0	0	0	0	0	0	0	
N6	0.000199902	0.60209	0.396885	0.000823985	3.71862e-007	1.13619e-009	1.62901e-010	8.27595e-010	1.23473e-008	3.98693e-010	5.95058e-011	7.05234e-015	7.56134e-017	3.09742e-020	
N7	0.000115863	0.638037	0.36168	0.000167132	1.47804e-008	4.4268e-011	2.40381e-010	1.90059e-009	1.37084e-008	3.26949e-010	1.12758e-011	6.46421e-016	7.33956e-019	6.08492e-020	
N8	4.84806e-005	0.680604	0.319318	2.97352e-005	1.13729e-009	3.73322e-011	1.19937e-009	7.69171e-009	8.69521e-009	5.79142e-012	2.67554e-015	6.46129e-021	2.52892e-026	2.27365e-029	
N9	0.000102535	0.714916	0.284565	0.000311982	7.89993e-008	5.3408e-009	9.48484e-007	1.70045e-006	0.000102606	1.4949e-008	1.12966e-009	1.25239e-014	7.52452e-018	4.89589e-021	
N10	9.23553e-006	0.122227	0.00194301	1.6457e-007	5.35074e-012	2.31198e-011	1.04819e-007	9.95893e-005	0.871548	0.00388707	0.000285854	8.25348e-009	7.08997e-012	1.06818e-015	
N11	2.97733e-006	0.0505891	0.000969442	5.22563e-008	2.16774e-012	6.6423e-012	3.66775e-008	0.000195481	0.93975	0.00827478	0.00021827	1.61933e-008	5.51389e-012	1.53412e-014	
N12	2.09844e-007	0.00893639	1.17869e-005	9.78857e-011	6.43368e-015	2.1027e-013	2.54724e-008	0.000501817	0.989328	0.00121992	2.11637e-006	1.82623e-011	2.5155e-016	1.33586e-019	
N13	1.21969e-009	6.776e-005	1.37725e-009	5.46362e-015	2.04491e-020	1.03738e-015	4.98282e-010	6.32074e-005	0.99975	0.000119301	1.42242e-009	7.45761e-015	2.89889e-018	6.15856e-022	
N14	9.13554e-010	1.47973e-005	8.23053e-010	8.79524e-015	6.94518e-019	4.28862e-014	5.83656e-009	0.00022547	0.99953	0.000230088	6.06736e-009	8.69706e-014	1.34438e-015	1.83071e-017	
Antemna_rapax	0	0	0	0	0	0	0	0	1	0	0	0	0	0	
N15	1.05579e-009	7.00961e-006	9.31517e-010	2.48543e-014	2.71222e-017	7.134e-013	3.59781e-008	0.000537291	0.998924	0.000531389	3.51651e-008	1.16248e-012	6.64682e-014	4.4177e-015	
Archimantis_sobrina	0	0	0	0	0	0	0	0	1	0	0	0	0	0	
Sphodropoda_sp	0	0	0	0	0	0	0	0	1	0	0	0	0	0	
N16	6.6423e-010	3.17838e-005	7.98335e-010	3.87844e-015	2.78753e-020	1.46343e-015	5.92344e-010	7.01311e-005	0.999667	0.000231197	4.08117e-009	2.38743e-014	1.09421e-015	7.31316e-017	
N17	2.19879e-011	7.14248e-006	3.67731e-009	3.29657e-015	2.07735e-020	1.00422e-016	1.81442e-011	1.00122e-005	0.997925	0.00205774	2.68667e-007	5.46809e-013	8.03244e-016	7.00608e-019	
N18	5.74334e-011	7.08529e-006	1.27491e-008	4.48306e-014	9.53695e-019	3.74993e-015	1.32048e-010	1.90809e-005	0.995382	0.00458975	2.42288e-006	9.70457e-012	2.11265e-011	5.74633e-011	
Parathespis_humbertiana	0	0	0	0	0	0	0	0	0	0	1	0	0	0	
Tenodera_superstitiosa	0	0	0	0	0	0	0	0	1	0	0	0	0	0	
N19	1.8206e-011	7.77059e-007	3.16567e-011	1.8984e-016	1.27341e-020	2.50659e-015	9.07605e-010	9.14492e-005	0.999651	0.000256735	4.87658e-009	2.42979e-014	3.35395e-017	1.18393e-019	
Polyspilota_aeruginosa	0	0	0	0	0	0	0	0	1	0	0	0	0	0	
N20	2.13058e-011	4.44018e-007	2.18022e-011	2.11741e-016	2.35247e-019	2.8013e-014	4.19598e-009	0.000185586	0.999545	0.00026913	7.64615e-009	7.38359e-014	2.90205e-015	2.76881e-016	
Tenodera_aridifolia	0	0	0	0	0	0	0	0	1	0	0	0	0	0	
Tenodera_australasiae	0	0	0	0	0	0	0	0	1	0	0	0	0	0	
Sphodromantis_sp	0	0	0	0	0	0	0	0	1	0	0	0	0	0	
N21	3.28455e-007	0.00268643	5.58292e-007	7.85119e-012	5.58076e-015	1.79235e-012	2.00032e-007	0.00397696	0.992916	0.000419545	8.09792e-008	1.03896e-012	6.61561e-016	1.572e-017	
N22	7.21983e-007	0.000283239	3.48239e-008	1.78971e-012	1.14481e-013	1.59657e-009	3.03113e-005	0.0971977	0.902181	0.000307207	1.84445e-008	6.61913e-013	7.77051e-015	8.61481e-017	
N23	1.67853e-007	4.351e-005	3.95177e-009	1.48426e-013	3.25522e-014	1.0116e-009	2.42745e-005	0.0998418	0.899846	0.000244407	1.06396e-008	3.00186e-013	5.20772e-015	8.0331e-017	
N24	1.47165e-008	1.52391e-005	3.60439e-009	2.89285e-013	4.00022e-014	4.14296e-010	7.63062e-006	0.0313545	0.967797	0.000825833	9.13996e-008	1.07769e-011	6.44001e-013	2.58559e-014	
Cheddikulama_straminea	0	0	0	0	0	0	0	0	1	0	0	0	0	0	
Vates_sp	0	0	0	0	0	0	0	0	1	0	0	0	0	0	
Harpagomantis_tricolor	0	0	0	0	0	0	0	1	0	0	0	0	0	0	
Orthodera_sp	0	0	0	0	0	0	0	1	0	0	0	0	0	0	
N25	7.26015e-007	0.000897632	6.25757e-007	8.54461e-011	5.0959e-014	1.63094e-010	1.43239e-006	0.00349644	0.993179	0.0024231	7.77079e-007	1.5274e-010	6.40735e-012	2.56424e-013	
N26	2.92157e-009	2.10587e-005	2.55554e-009	6.80989e-014	2.58486e-017	6.46296e-013	3.36383e-008	0.000516619	0.998974	0.000487973	3.02247e-008	1.13799e-012	2.22082e-015	3.67812e-018	
Hierodula_patellifera	0	0	0	0	0	0	0	0	1	0	0	0	0	0	
Statilia_maculata	0	0	0	0	0	0	0	0	1	0	0	0	0	0	
Mantis_religiosa	0	0	0	0	0	0	0	0	1	0	0	0	0	0	
Choeradodis_rhombicollis	0	0	0	0	0	0	0	0	0	0	1	0	0	0	
N27	6.36174e-006	0.0274077	3.59608e-005	2.1731e-009	1.02154e-013	4.33479e-012	1.68691e-007	0.000783936	0.969073	0.00268341	9.23196e-006	5.4955e-010	1.99614e-013	1.36304e-015	
Creobroter_laevicollis	0	0	0	0	0	0	0	0	1	0	0	0	0	0	
N28	5.59668e-006	0.0213058	1.85103e-005	1.09751e-009	6.41595e-014	5.67436e-012	1.69317e-007	0.00094632	0.974541	0.00317701	5.47542e-006	4.12378e-010	1.08493e-012	3.16614e-013	
N29	7.57366e-007	0.00213293	1.55886e-006	1.30026e-010	1.08405e-014	8.27042e-012	1.8987e-007	0.00110532	0.976786	0.0199663	7.00581e-006	8.57318e-010	8.95489e-012	9.37799e-014	
N30	6.93546e-008	0.000357686	1.40148e-006	7.51712e-011	4.8259e-015	1.53708e-012	4.90737e-008	0.000523224	0.934575	0.0645251	1.77761e-005	1.53924e-009	4.13789e-011	1.53925e-012	
Empusa_sp	0	0	0	0	0	0	0	0	1	0	0	0	0	0	
Kongobatha_sp	0	0	0	0	0	0	0	0	0	1	0	0	0	0	
Gongylus_sp	0	0	0	0	0	0	0	0	1	0	0	0	0	0	
Hestiasula_sp	0	0	0	0	0	0	0	0	1	0	0	0	0	0	
N31	0.00135927	0.0428949	0.750154	0.196593	0.00888177	0.000108417	8.12184e-006	6.42254e-008	7.14638e-010	1.6203e-013	8.34872e-017	6.50938e-021	1.15987e-023	5.31184e-026	
Deiphobe_sp	0	0	0	0	1	0	0	0	0	0	0	0	0	0	
Didymocorypha_lanceolata	0	0	1	0	0	0	0	0	0	0	0	0	0	0	
N32	0.000580145	0.677335	0.321964	0.000120611	7.58512e-008	7.9401e-010	5.79359e-008	1.93118e-008	5.2019e-008	9.07466e-012	1.21497e-012	1.58746e-017	2.1221e-020	4.43985e-023	
N33	0.00576444	0.699408	0.287147	0.000174475	6.8605e-006	9.01401e-007	0.000174474	0.000363385	0.00683695	5.69654e-005	6.71721e-005	7.47857e-009	1.68838e-011	3.01558e-014	
N34	0.0273388	0.82133	0.132585	0.000190659	6.24196e-005	4.80067e-005	0.00540901	0.00580209	0.00721261	1.98363e-005	8.79787e-007	3.40091e-011	5.7286e-015	1.00692e-017	
N35	0.052906	0.80803	0.0427818	0.000154888	3.89318e-005	8.86828e-005	0.0141784	0.0122976	0.0693559	0.000112052	5.58725e-005	4.04404e-009	4.19104e-011	6.16829e-014	
N36	0.000472324	0.0183057	1.51922e-005	4.19135e-009	6.12292e-010	3.23977e-007	0.00154842	0.154346	0.824718	0.00059121	2.24992e-006	1.9356e-010	1.37374e-013	1.62358e-016	
Antistia_sp	0	0	0	0	0	0	0	0	1	0	0	0	0	0	
Dystacta_alticeps	0	0	0	0	0	0	0	1	0	0	0	0	0	0	
Ligaria_sp	0	0	0	0	0	0	1	0	0	0	0	0	0	0	
N37	0.0073693	0.709688	0.205524	0.0179095	0.00436591	0.00713247	0.0362561	0.011703	5.22687e-005	5.07623e-009	1.29248e-012	2.64558e-017	5.16712e-021	1.8092e-024	
Callimantis_antillarum	0	0	0	1	0	0	0	0	0	0	0	0	0	0	
Iris_sp	0	0	0	0	0	0	0	1	0	0	0	0	0	0	
Humbertiella_similis	0	0	0	0	0	0	0	0	0	0	1	0	0	0	
Miomantis_sp	0	0	1	0	0	0	0	0	0	0	0	0	0	0	
Schizocephala_bicornis	0	0	0	0	0	0	0	0	0	1	0	0	0	0	
N38	0.000535836	0.0290984	0.00277168	3.92103e-006	3.0811e-007	7.60079e-007	0.000647247	0.0595725	0.736353	0.164038	0.0069735	4.64145e-006	1.19781e-008	3.70503e-011	
Bolbe_pallida	0	0	0	0	0	0	0	0	0	1	0	0	0	0	
Cliomantis_cornuta	0	0	0	0	0	0	0	1	0	0	0	0	0	0	
N39	0.000148522	0.0652748	0.889335	0.0449715	0.000126922	2.06217e-006	1.00914e-005	1.34931e-005	9.95717e-005	1.62821e-005	1.52164e-006	1.07388e-009	5.01351e-012	1.93407e-014	
N40	1.12543e-005	0.0109765	0.0491625	0.000274304	2.2565e-007	1.57409e-008	7.6169e-007	6.25842e-005	0.0542698	0.537396	0.34709	0.000728868	2.69371e-005	6.89226e-008	
Oligonyx_sp	0	0	0	0	0	0	0	0	0	1	0	0	0	0	
Thesprotia_graminis	0	0	0	0	0	0	0	0	0	1	0	0	0	0	
Pseudomiopteryx_infuscata	0	0	0	1	0	0	0	0	0	0	0	0	0	0	
