NODE	7	8	9	10	11	12	13	14	15	16	17	18	19	20	21	22	23	24	25	26	27	28	29	30	31	32	33	34	35	36	37	38	39	40	41	42	43	44	45	46	47	48	49	50	51	
N1	0.010814	0.0228308	0.0662762	0.159907	0.268005	0.282475	0.152289	0.0343825	0.00292853	9.17634e-005	1.08045e-006	5.00544e-009	9.66802e-012	2.36833e-017	4.76221e-019	6.77435e-021	7.00647e-023	5.40209e-025	3.17597e-027	1.453e-029	5.26781e-032	1.53826e-034	3.67092e-037	7.253e-040	1.20039e-042	1.68164e-045	2.01302e-048	2.07666e-051	1.86049e-054	1.4577e-057	1.00519e-060	6.1359e-064	3.33316e-067	1.61913e-070	7.06455e-074	2.77994e-077	9.90288e-081	3.20456e-084	9.45025e-088	2.54723e-091	6.29264e-095	1.42836e-098	2.98609e-102	5.76244e-106	1.07713e-109	
N2	0.0114155	0.0259609	0.0723713	0.162284	0.258157	0.270271	0.15404	0.0405142	0.00471775	0.000260861	7.30925e-006	7.29739e-007	2.07369e-008	2.44382e-008	3.88053e-010	2.54744e-010	2.05274e-012	7.03444e-013	2.9908e-015	5.04661e-016	1.21944e-018	9.44217e-020	1.40922e-022	4.95147e-024	4.81291e-027	8.46622e-029	5.41308e-032	5.49183e-034	2.98754e-037	1.29986e-038	4.34545e-042	5.53138e-044	1.62509e-046	1.64055e-047	3.71915e-051	2.89612e-053	5.44391e-056	3.7918e-057	6.02261e-061	2.75487e-063	3.12557e-066	1.56288e-067	1.85554e-071	7.71785e-074	1.41682e-075	
N3	0.0161047	0.0427087	0.0936463	0.131758	0.151409	0.185895	0.187038	0.12333	0.0509801	0.0138387	0.00252965	0.000577453	0.000112475	5.97419e-005	9.29713e-006	3.07905e-006	2.62989e-007	4.66878e-008	2.22244e-009	2.19758e-010	6.10994e-012	3.63991e-013	6.20861e-015	2.47038e-016	2.73685e-018	8.24989e-020	6.28235e-022	1.56468e-023	1.06224e-025	4.01188e-027	2.55152e-029	7.86167e-031	8.50207e-033	4.31439e-034	2.32183e-036	5.12054e-038	3.96166e-040	1.39469e-041	5.34358e-044	7.63239e-046	3.83603e-048	9.43006e-050	2.89576e-052	4.04298e-054	8.65572e-056	
N4	0.000750515	0.00353486	0.0112766	0.0165423	0.0131045	0.0156071	0.0338763	0.0779768	0.142166	0.187757	0.167366	0.138525	0.0833656	0.068323	0.0259655	0.0115392	0.00192219	0.000371073	2.73582e-005	2.48872e-006	8.95863e-008	4.35159e-009	8.46313e-011	2.46074e-012	2.86308e-014	5.69189e-016	4.28963e-018	6.29228e-020	3.64232e-022	5.27107e-024	2.49847e-026	2.94866e-028	1.49672e-030	2.05427e-032	7.56044e-035	6.44718e-037	2.37445e-039	2.2524e-041	5.66579e-044	3.22487e-046	8.00088e-049	5.35743e-051	1.15612e-053	7.24744e-056	6.25875e-058	
N5	0.000151083	0.00149693	0.0100157	0.0164304	0.00704254	0.00380218	0.0132925	0.0475063	0.118236	0.193698	0.207566	0.170412	0.114217	0.0659488	0.0236968	0.00569101	0.000731324	6.23761e-005	2.99123e-006	1.05004e-007	2.14323e-009	4.44143e-011	4.64795e-013	1.1507e-014	8.1241e-017	2.34936e-018	1.16531e-020	2.55741e-022	9.39865e-025	1.6106e-026	4.50835e-029	6.05656e-031	1.47257e-033	1.78595e-035	3.3029e-038	2.91474e-040	4.55544e-043	3.49667e-045	4.01585e-048	2.09756e-050	1.9828e-053	9.11707e-056	6.84431e-059	2.53228e-061	7.8935e-064	
N6	2.27395e-006	4.83797e-005	0.000480752	0.000562126	0.000103017	3.60762e-005	0.000183465	0.00215265	0.0182917	0.0892909	0.231614	0.318513	0.222913	0.0949979	0.0183068	0.00237905	0.00011853	6.28568e-006	1.17414e-007	4.97625e-009	5.09868e-011	1.80528e-012	1.08694e-014	2.41896e-016	8.67073e-019	1.17081e-020	2.64456e-023	2.31754e-025	3.61873e-028	2.36362e-030	2.80669e-033	1.49593e-035	1.53394e-038	7.5862e-041	6.15442e-044	2.30471e-046	1.59067e-049	5.32224e-052	2.55272e-055	5.49623e-058	2.35653e-061	5.76329e-064	1.91229e-067	5.0215e-070	3.00006e-072	
N7	1.44377e-010	1.19209e-008	4.84637e-007	3.22754e-006	5.3124e-007	1.98422e-008	3.37437e-009	6.73208e-008	5.959e-006	0.000298019	0.00735818	0.080314	0.334321	0.433902	0.134012	0.00955428	0.000227819	2.41188e-006	1.35109e-008	7.65457e-011	3.56777e-013	3.20369e-015	1.10354e-017	5.80644e-020	1.12892e-022	3.31109e-025	3.82924e-028	6.72048e-031	4.87193e-034	5.45094e-037	2.58481e-040	1.95256e-043	6.30185e-047	3.40591e-050	7.72974e-054	3.1121e-057	5.07986e-061	1.59081e-064	1.90968e-068	4.81247e-072	4.43193e-076	1.05467e-079	2.08748e-083	1.47019e-086	1.07068e-089	
N8	5.08944e-014	1.32324e-011	1.61427e-009	2.97592e-008	4.35407e-009	6.96274e-011	3.65342e-012	4.92355e-011	1.84138e-008	3.8799e-006	0.000375232	0.0143104	0.176348	0.53402	0.258116	0.0165619	0.000262667	1.46156e-006	3.55499e-009	4.51628e-012	3.82223e-015	2.83144e-017	7.83319e-020	1.36605e-021	2.05752e-024	1.95661e-026	1.60215e-029	8.8274e-032	4.03958e-035	1.3252e-037	3.50736e-041	6.79336e-044	1.09638e-047	1.22076e-050	1.27825e-054	8.19134e-058	5.82419e-062	2.30621e-065	1.13695e-069	3.09524e-073	1.07263e-077	2.21722e-081	7.67127e-086	5.89337e-089	8.66692e-092	
N9	8.7266e-016	2.24397e-013	2.89552e-011	6.95207e-010	9.21095e-011	1.43579e-012	1.62745e-013	1.17543e-012	6.57185e-010	2.54825e-007	4.83061e-005	0.00376078	0.0942627	0.530643	0.350434	0.0205656	0.000284003	1.38296e-006	3.00144e-009	3.38106e-012	2.20406e-015	1.65402e-018	3.7437e-021	1.6685e-022	4.48888e-025	1.19558e-026	1.8808e-029	3.00057e-031	2.63542e-034	2.62501e-036	1.22667e-039	7.57405e-042	1.90258e-045	6.71981e-048	9.99794e-052	1.80122e-054	1.7784e-058	1.63248e-061	1.23497e-065	2.08558e-068	1.06567e-071	4.52967e-074	1.57006e-077	1.25408e-079	3.16598e-081	
N10	3.08951e-020	4.14823e-017	2.75851e-014	3.41165e-012	2.08531e-013	1.79371e-015	9.25511e-017	2.74405e-016	7.49021e-013	1.34007e-009	1.12777e-006	0.000365642	0.0335962	0.513891	0.44009	0.011999	5.64101e-005	7.99356e-008	4.58911e-011	1.2811e-014	1.96669e-018	2.00056e-022	3.04121e-026	2.38549e-028	1.42979e-031	9.19318e-034	3.77614e-037	4.59768e-036	7.9948e-036	5.50684e-036	1.78733e-037	8.20178e-038	1.53158e-039	4.66573e-040	5.40955e-042	2.18745e-042	5.83698e-043	1.33889e-042	7.09719e-044	7.68358e-045	3.77772e-047	1.61577e-048	6.35626e-051	5.27752e-052	1.76897e-052	
N11	3.29514e-022	8.35042e-019	8.70244e-016	1.17947e-013	6.14647e-015	2.66913e-017	8.69445e-019	6.00952e-018	3.71023e-014	1.53085e-010	2.74226e-007	0.000170002	0.0255951	0.509617	0.455246	0.00934615	2.53175e-005	1.75166e-008	4.39951e-012	4.97111e-016	2.9149e-020	1.06643e-024	8.06985e-029	3.12527e-030	1.172e-033	3.63902e-035	6.74044e-039	1.33868e-040	1.15777e-044	1.54077e-046	5.70228e-051	5.09008e-053	7.55241e-058	4.08578e-060	2.71303e-065	6.73398e-068	2.65561e-073	2.31041e-076	6.57413e-082	2.37251e-085	6.80898e-091	4.09381e-094	4.6415e-099	4.61277e-102	3.50092e-104	
N12	2.36771e-024	3.66839e-021	5.09763e-018	3.80794e-015	2.33867e-014	3.17766e-015	1.69713e-016	8.21695e-017	1.38222e-013	2.28383e-010	1.93979e-007	7.23173e-005	0.00925839	0.26429	0.687387	0.0386669	0.000323966	7.79872e-007	7.48445e-010	3.47787e-013	8.89264e-017	1.38208e-020	1.52091e-024	1.88375e-027	1.35096e-030	7.81082e-033	3.88953e-036	1.26188e-038	4.41608e-042	8.1482e-045	2.00005e-048	2.07297e-051	3.06e-055	1.73794e-058	1.05626e-062	2.5646e-066	8.60985e-071	9.05727e-075	1.76069e-079	1.30868e-083	1.61652e-088	9.74099e-093	1.02056e-097	1.54944e-101	4.71255e-105	
N13	3.20801e-024	2.85625e-021	1.43576e-018	2.03333e-016	6.17467e-016	1.43429e-016	6.2722e-017	1.40588e-016	1.3755e-013	1.89978e-010	1.42824e-007	5.019e-005	0.00657896	0.215025	0.729912	0.0479383	0.000494001	1.53844e-006	1.99012e-009	1.28842e-012	4.71548e-016	1.06639e-019	1.72023e-023	1.45304e-025	3.79644e-028	2.0533e-029	3.65307e-032	1.16255e-033	1.38311e-036	2.6946e-038	1.94437e-041	2.41292e-043	8.47956e-047	6.78275e-049	8.66863e-053	3.52799e-055	2.18502e-059	2.40303e-062	1.01706e-066	5.45845e-070	1.58962e-074	5.84846e-078	1.25369e-082	9.52448e-086	3.86433e-088	
N14	3.69898e-027	1.81624e-023	6.61777e-020	1.10486e-016	1.26736e-015	1.68345e-016	1.01614e-017	6.66956e-019	2.87775e-016	9.62288e-013	1.82323e-009	1.70149e-006	0.000638152	0.0671715	0.905134	0.0269338	0.000121034	1.67741e-007	9.89201e-011	2.98372e-014	5.18527e-018	5.65121e-022	4.17241e-026	1.07461e-029	5.45314e-033	3.15076e-035	1.36276e-038	4.7298e-041	1.49089e-044	3.1134e-047	7.07268e-051	8.88583e-054	1.2922e-057	9.68036e-061	6.75483e-065	2.73664e-068	9.29144e-073	1.35623e-076	2.83381e-081	2.55258e-085	3.44857e-090	2.40109e-094	2.40329e-099	2.75409e-103	8.29555e-107	
Amitermes_darwini	0	0	0	0	0	0	0	0	0	0	0	0	0	0	1	0	0	0	0	0	0	0	0	0	0	0	0	0	0	0	0	0	0	0	0	0	0	0	0	0	0	0	0	0	0	
Amitermes_germanus	0	0	0	0	0	0	0	0	0	0	0	0	0	0	1	0	0	0	0	0	0	0	0	0	0	0	0	0	0	0	0	0	0	0	0	0	0	0	0	0	0	0	0	0	0	
Pericapritermes_sp	0	0	0	0	0	0	0	0	0	0	0	0	0	0	1	0	0	0	0	0	0	0	0	0	0	0	0	0	0	0	0	0	0	0	0	0	0	0	0	0	0	0	0	0	0	
N15	9.11901e-024	5.03883e-021	1.7001e-018	2.03158e-016	1.3265e-015	9.99168e-016	4.16429e-016	6.73111e-016	4.40945e-013	4.38769e-010	2.4487e-007	6.6318e-005	0.00706682	0.204638	0.727426	0.0599688	0.000829784	3.61799e-006	6.74911e-009	6.44558e-012	3.54486e-015	1.22261e-018	2.92736e-022	1.07416e-024	3.05312e-027	1.30921e-028	2.69764e-031	6.83776e-033	1.00964e-035	1.54092e-037	1.55538e-040	1.45249e-042	8.31499e-046	4.80915e-048	1.10175e-051	3.33898e-054	3.61307e-058	3.12896e-061	2.18378e-065	1.08126e-068	4.98041e-073	1.8784e-076	6.51369e-081	5.37476e-084	1.62395e-086	
Amitermes_parvus	0	0	0	0	0	0	0	0	0	0	0	0	0	0	1	0	0	0	0	0	0	0	0	0	0	0	0	0	0	0	0	0	0	0	0	0	0	0	0	0	0	0	0	0	0	
Drepanotermes_septentrionalis	0	0	0	0	0	0	0	0	0	0	0	0	0	0	1	0	0	0	0	0	0	0	0	0	0	0	0	0	0	0	0	0	0	0	0	0	0	0	0	0	0	0	0	0	0	
N16	1.07055e-025	7.40064e-022	1.99523e-018	5.09589e-016	1.55743e-017	1.00269e-019	7.25983e-021	4.48599e-019	4.84604e-015	3.29417e-011	9.63992e-008	9.51104e-005	0.021101	0.506854	0.464774	0.0071638	1.25196e-005	5.36152e-009	8.27032e-013	5.7586e-017	2.0953e-021	4.46593e-026	8.6763e-031	4.49815e-033	1.35594e-036	1.07424e-038	2.17606e-042	7.63413e-042	2.04257e-042	1.32499e-042	2.05539e-044	8.7416e-045	6.00553e-047	1.83951e-047	8.2365e-050	2.21088e-049	6.79078e-051	2.49888e-051	9.50155e-054	2.73849e-055	2.37799e-058	3.53752e-060	2.41136e-063	1.43599e-064	4.35305e-065	
N17	2.47945e-026	9.81198e-023	1.4529e-019	1.65537e-017	6.42685e-019	6.54836e-021	1.06619e-020	5.16272e-018	3.73913e-014	1.52758e-010	2.73388e-007	0.000171425	0.0262092	0.512166	0.453122	0.00831105	2.03204e-005	1.30433e-008	3.11014e-012	3.39343e-016	1.94424e-020	6.48578e-025	2.05532e-029	8.95394e-031	9.12472e-034	5.85615e-035	3.62087e-038	1.30675e-039	4.64484e-043	1.01154e-044	1.71958e-048	2.42712e-050	1.36439e-054	1.28297e-056	1.61864e-061	6.88076e-064	3.83029e-069	2.26439e-072	9.04404e-078	1.89172e-081	5.30142e-087	6.47311e-091	1.33217e-096	7.84934e-100	3.89638e-102	
N18	2.21288e-024	1.40183e-021	8.28828e-019	2.04918e-016	4.05873e-015	8.2768e-015	8.08253e-015	6.52354e-014	3.1834e-011	1.56592e-008	4.30561e-006	0.000570435	0.0292719	0.391114	0.527859	0.0501574	0.00101601	7.13815e-006	2.25837e-008	3.7771e-011	3.71924e-014	2.36643e-017	1.34613e-020	6.16928e-022	3.83543e-024	3.66103e-025	1.6048e-027	8.9696e-029	2.8712e-031	9.46301e-033	2.10563e-035	4.08807e-037	4.68871e-040	5.44996e-042	2.01986e-045	9.10268e-048	1.90802e-051	2.5476e-054	3.23979e-058	3.04025e-061	2.5171e-065	1.97671e-068	1.54468e-072	6.0926e-075	5.42409e-077	
Crenetermes_albotarsalis	0	0	0	0	0	0	0	0	0	0	0	0	0	0	1	0	0	0	0	0	0	0	0	0	0	0	0	0	0	0	0	0	0	0	0	0	0	0	0	0	0	0	0	0	0	
N19	3.37477e-026	3.01338e-022	1.76742e-018	4.82611e-015	3.01166e-014	7.8476e-016	9.60107e-018	8.66644e-020	1.18728e-017	6.32969e-014	1.92387e-010	2.91759e-007	0.00018249	0.0339925	0.952795	0.0129997	3.04693e-005	2.35221e-008	8.01818e-012	1.42988e-015	1.49011e-019	9.84896e-024	4.46915e-028	4.29758e-032	7.03222e-036	7.36634e-039	1.14852e-042	7.32297e-046	8.14205e-050	3.06448e-053	2.39632e-057	5.26969e-061	2.64787e-065	3.2929e-069	8.85635e-074	5.71508e-078	8.65952e-083	2.90014e-087	2.59116e-092	5.66069e-097	3.13347e-102	5.04449e-107	2.00304e-112	4.32261e-117	1.58869e-121	
Cubitermes_sp	0	0	0	0	0	0	0	0	0	0	0	0	0	0	1	0	0	0	0	0	0	0	0	0	0	0	0	0	0	0	0	0	0	0	0	0	0	0	0	0	0	0	0	0	0	
Thoracotermes_macrothorax	0	0	0	0	0	0	0	0	0	0	0	0	0	0	1	0	0	0	0	0	0	0	0	0	0	0	0	0	0	0	0	0	0	0	0	0	0	0	0	0	0	0	0	0	0	
N20	5.72551e-024	1.2303e-021	1.85283e-019	1.04786e-017	1.03988e-016	3.90624e-016	6.75124e-015	6.38172e-013	3.53073e-010	1.44026e-007	3.05315e-005	0.0028182	0.0856514	0.527888	0.366801	0.0166224	0.000187449	8.12313e-007	1.69688e-009	1.96514e-012	1.38735e-015	6.41006e-019	2.16323e-022	3.22274e-024	1.94904e-026	2.68736e-027	1.18803e-029	9.91979e-031	3.28384e-033	1.66628e-034	4.02112e-037	1.23442e-038	1.7175e-041	3.25129e-043	1.31084e-046	1.22589e-048	2.20328e-052	4.03674e-055	4.63165e-059	5.09616e-062	3.80882e-066	3.38635e-069	2.06651e-073	7.64418e-076	9.56637e-078	
Procubitermes_sp	0	0	0	0	0	0	0	0	0	0	0	0	1	0	0	0	0	0	0	0	0	0	0	0	0	0	0	0	0	0	0	0	0	0	0	0	0	0	0	0	0	0	0	0	0	
N21	6.70799e-026	7.3152e-022	5.21791e-018	1.7517e-014	9.37366e-014	1.48607e-015	1.11014e-017	5.6546e-020	5.08149e-018	3.18976e-014	1.12925e-010	1.96946e-007	0.000139825	0.0294151	0.961946	0.00848523	1.34249e-005	7.19771e-009	1.73674e-012	2.2223e-016	1.67914e-020	8.25596e-025	3.09016e-029	6.15217e-033	9.20366e-037	5.90242e-040	6.62892e-044	2.48696e-047	1.96415e-051	4.30787e-055	2.31287e-059	2.93195e-063	9.61811e-068	6.86179e-072	1.24187e-076	4.61277e-081	4.84456e-086	1.02957e-090	6.42761e-096	9.46163e-101	3.71223e-106	4.17255e-111	1.30349e-116	2.47555e-121	7.49781e-126	
Tuberculitermes_bycanistes	0	0	0	0	0	0	0	0	0	0	0	0	0	0	1	0	0	0	0	0	0	0	0	0	0	0	0	0	0	0	0	0	0	0	0	0	0	0	0	0	0	0	0	0	0	
Unguitermes_sp	0	0	0	0	0	0	0	0	0	0	0	0	0	0	1	0	0	0	0	0	0	0	0	0	0	0	0	0	0	0	0	0	0	0	0	0	0	0	0	0	0	0	0	0	0	
N22	1.17607e-025	3.11705e-022	6.79771e-019	5.73238e-016	5.00616e-015	1.43668e-015	1.77914e-016	1.50748e-016	2.11796e-013	3.19068e-010	2.53076e-007	8.98656e-005	0.0111304	0.304977	0.648531	0.0349737	0.000297036	7.56342e-007	7.94074e-010	4.14937e-013	1.22104e-016	2.23182e-020	3.09504e-024	1.14897e-026	1.35658e-029	1.7305e-031	1.41192e-034	1.02722e-036	6.00698e-040	2.51583e-042	1.04246e-045	2.47302e-048	5.85136e-052	7.79611e-055	6.58287e-059	3.47442e-062	1.62637e-066	3.17139e-070	8.62389e-075	1.18904e-078	2.05102e-083	2.30901e-087	3.52566e-092	1.34402e-095	1.074e-098	
N23	1.06676e-026	3.32366e-023	5.74136e-020	2.69183e-017	1.14756e-016	1.70915e-017	2.93094e-018	6.15629e-018	1.69966e-014	4.59183e-011	6.24623e-008	3.60013e-005	0.00675175	0.256459	0.700482	0.0360335	0.000237162	4.10031e-007	2.66552e-010	8.0506e-014	1.29741e-017	1.23666e-021	8.75086e-026	7.36751e-028	8.29199e-031	2.37928e-032	1.63476e-035	2.74912e-037	1.11296e-040	1.16361e-042	2.49484e-046	1.69218e-048	1.57943e-052	6.85029e-055	2.20306e-059	4.38794e-062	7.42977e-067	4.43102e-070	5.209e-075	1.38074e-078	1.15069e-083	1.82715e-087	1.1075e-092	2.58592e-096	4.19332e-099	
Ephelotermes_melachoma	0	0	0	0	0	0	0	0	0	0	0	0	0	0	1	0	0	0	0	0	0	0	0	0	0	0	0	0	0	0	0	0	0	0	0	0	0	0	0	0	0	0	0	0	0	
N24	3.04457e-026	2.67004e-023	1.32674e-020	1.94571e-018	1.33903e-017	1.78177e-017	1.58049e-017	6.2014e-017	7.20361e-014	1.14908e-010	1.00125e-007	4.07483e-005	0.00613632	0.223244	0.723733	0.0463947	0.000449674	1.29459e-006	1.53541e-009	9.07957e-013	3.03147e-016	6.24996e-020	9.20269e-024	1.30195e-025	4.1922e-028	3.90713e-029	8.54635e-032	4.7042e-033	6.84931e-036	2.32054e-037	2.00135e-040	4.36843e-042	1.71027e-045	2.45879e-047	2.95366e-051	2.11739e-053	1.18825e-057	1.9905e-060	7.8177e-065	5.73604e-068	1.5709e-072	7.54093e-076	1.5164e-080	1.70584e-083	1.28569e-085	
Ephelotermes_taylori	0	0	0	0	0	0	0	0	0	0	0	0	0	0	1	0	0	0	0	0	0	0	0	0	0	0	0	0	0	0	0	0	0	0	0	0	0	0	0	0	0	0	0	0	0	
Macrognathotermes_sunteri	0	0	0	0	0	0	0	0	0	0	0	0	0	0	1	0	0	0	0	0	0	0	0	0	0	0	0	0	0	0	0	0	0	0	0	0	0	0	0	0	0	0	0	0	0	
Lophotermes_septentrionalis	0	0	0	0	0	0	0	0	0	0	0	0	0	0	1	0	0	0	0	0	0	0	0	0	0	0	0	0	0	0	0	0	0	0	0	0	0	0	0	0	0	0	0	0	0	
N25	4.13937e-022	7.22012e-019	9.40038e-016	5.46018e-013	2.66506e-012	1.82217e-013	5.66382e-015	2.14915e-016	4.30923e-014	5.27082e-011	3.73189e-008	1.34576e-005	0.00206916	0.100944	0.85653	0.0400839	0.000358724	1.10976e-006	1.5598e-009	1.16968e-012	5.20496e-016	1.49102e-019	2.97369e-023	9.83347e-027	5.22073e-030	1.4105e-032	8.05904e-036	1.41313e-038	5.97558e-042	6.43302e-045	2.02222e-048	1.32636e-051	2.89788e-055	1.11338e-058	1.43377e-062	3.07732e-066	2.39426e-070	3.11083e-074	1.51373e-078	1.447e-082	4.76119e-087	3.75889e-091	1.03361e-095	1.25324e-099	2.36323e-103	
Microcerotermes_boreus	0	0	0	0	0	0	0	0	0	0	0	0	0	0	1	0	0	0	0	0	0	0	0	0	0	0	0	0	0	0	0	0	0	0	0	0	0	0	0	0	0	0	0	0	0	
Microcerotermes_nervosus	0	0	0	0	0	0	0	0	0	0	0	0	0	0	1	0	0	0	0	0	0	0	0	0	0	0	0	0	0	0	0	0	0	0	0	0	0	0	0	0	0	0	0	0	0	
N26	1.47523e-024	1.04829e-020	6.94675e-017	2.44201e-013	5.78619e-013	3.6331e-015	9.69068e-018	2.39119e-020	1.50512e-017	9.52506e-014	3.21216e-010	5.0287e-007	0.000297594	0.0470622	0.940312	0.012304	2.38878e-005	1.40033e-008	3.40552e-012	4.12801e-016	2.8117e-020	1.18378e-024	3.39178e-029	1.68633e-033	1.11014e-037	2.6449e-041	1.6183e-045	2.26837e-047	1.04054e-047	3.41264e-049	2.7459e-051	4.11333e-053	2.48126e-055	2.49176e-057	1.0317e-059	7.6607e-062	2.55231e-063	5.82436e-064	2.82515e-065	7.47319e-067	1.15976e-069	3.72051e-072	4.87453e-075	2.44379e-077	1.81883e-079	
N27	8.76347e-026	5.41724e-022	1.64622e-018	1.3426e-015	2.08586e-015	3.75663e-018	3.48856e-021	3.31458e-022	4.56044e-019	5.00057e-015	3.04789e-011	8.92057e-008	0.00010111	0.0301334	0.958734	0.0110156	1.60593e-005	6.77498e-009	1.17643e-012	1.02329e-016	5.05338e-021	1.54631e-025	3.22456e-030	3.7417e-033	2.09487e-036	4.047e-038	1.56533e-041	1.79068e-043	4.78825e-047	3.35635e-049	5.79775e-053	2.5883e-055	2.39332e-059	7.08237e-062	2.44824e-066	4.58655e-069	3.84215e-074	8.08361e-078	4.55325e-083	4.68956e-087	1.76861e-092	1.29489e-096	3.63339e-102	9.88221e-106	1.44974e-108	
Nasutitermes_graveolus	0	0	0	0	0	0	0	0	0	0	0	0	0	0	1	0	0	0	0	0	0	0	0	0	0	0	0	0	0	0	0	0	0	0	0	0	0	0	0	0	0	0	0	0	0	
Nasutitermes_triodiae	0	0	0	0	0	0	0	0	0	0	0	0	0	0	1	0	0	0	0	0	0	0	0	0	0	0	0	0	0	0	0	0	0	0	0	0	0	0	0	0	0	0	0	0	0	
N28	1.93247e-025	1.46687e-021	5.56036e-018	5.39546e-015	1.07045e-014	3.60316e-017	3.73161e-020	5.87622e-022	1.25121e-018	1.29833e-014	7.22096e-011	1.84347e-007	0.000172448	0.0398324	0.947797	0.012179	1.89517e-005	8.18181e-009	1.40556e-012	1.17689e-016	5.46854e-021	1.54542e-025	3.1076e-030	2.29832e-032	1.74204e-035	8.09584e-037	3.77565e-040	1.08788e-041	2.99602e-045	5.69167e-047	8.39851e-051	1.10606e-052	7.43989e-057	6.95569e-059	1.66911e-063	1.02152e-065	5.86227e-071	3.62252e-074	1.51855e-079	3.79845e-083	1.17185e-088	1.70853e-092	3.94695e-098	1.32078e-101	5.51065e-104	
Nasutitermes_longipennis	0	0	0	0	0	0	0	0	0	0	0	0	0	0	1	0	0	0	0	0	0	0	0	0	0	0	0	0	0	0	0	0	0	0	0	0	0	0	0	0	0	0	0	0	0	
Tumulitermes_pastinator	0	0	0	0	0	0	0	0	0	0	0	0	0	0	1	0	0	0	0	0	0	0	0	0	0	0	0	0	0	0	0	0	0	0	0	0	0	0	0	0	0	0	0	0	0	
N29	6.95147e-014	3.8295e-012	1.29523e-010	1.02643e-009	3.90376e-010	3.58047e-011	2.26205e-011	3.12801e-010	4.55071e-008	5.18572e-006	0.000325353	0.00979793	0.118047	0.43844	0.367702	0.0624411	0.00317648	6.43779e-005	6.27666e-007	3.34995e-009	1.07452e-011	2.60521e-014	1.05642e-016	1.08363e-017	1.32177e-019	1.06876e-020	8.76421e-023	4.14455e-024	2.22443e-026	6.35551e-028	2.05371e-030	3.59692e-032	6.37253e-035	6.48312e-037	6.33403e-040	3.15859e-042	1.94801e-045	5.08918e-048	2.04086e-051	3.73501e-054	1.01152e-057	1.49998e-060	3.66489e-064	1.63589e-066	1.6678e-068	
Macrotermes_bellicosus	0	0	0	0	0	0	0	0	0	0	0	0	0	0	1	0	0	0	0	0	0	0	0	0	0	0	0	0	0	0	0	0	0	0	0	0	0	0	0	0	0	0	0	0	0	
N30	2.70028e-019	9.30876e-017	2.58435e-014	4.66011e-012	1.56725e-011	1.46936e-012	6.14155e-014	5.76988e-015	1.57726e-012	1.1145e-009	4.39665e-007	8.51817e-005	0.00679896	0.169363	0.772592	0.050487	0.000670834	3.09821e-006	6.44814e-009	7.07367e-012	4.54601e-015	1.87781e-018	5.62453e-022	5.18477e-025	5.04723e-028	1.89852e-030	1.49473e-033	3.41042e-036	1.85974e-039	2.5828e-042	9.55247e-046	8.18977e-049	1.9621e-052	1.03754e-055	1.56911e-059	5.0606e-063	4.97729e-067	1.03657e-070	6.83288e-075	1.02307e-078	4.67063e-083	5.51747e-087	2.00761e-091	3.24671e-095	8.82936e-099	
N31	9.9916e-024	2.77592e-020	4.28779e-017	2.02812e-014	3.2169e-014	3.18779e-016	3.40196e-018	2.625e-019	2.17671e-016	9.26186e-013	2.09164e-009	2.15672e-006	0.000816524	0.078517	0.897359	0.0232232	8.19022e-005	8.23257e-008	3.31262e-011	6.49276e-015	7.04305e-019	4.64622e-023	2.14538e-027	2.54416e-030	1.25851e-033	9.69083e-036	3.03667e-039	1.40871e-041	2.68022e-045	7.86722e-048	8.53013e-052	1.63269e-054	9.22003e-059	1.1344e-061	3.10156e-066	2.14674e-069	2.91453e-074	7.00362e-078	6.38187e-083	7.54269e-087	4.79322e-092	3.51033e-096	1.59572e-101	1.23005e-105	3.68557e-109	
Microtermes_sp	0	0	0	0	0	0	0	0	0	0	0	0	0	0	1	0	0	0	0	0	0	0	0	0	0	0	0	0	0	0	0	0	0	0	0	0	0	0	0	0	0	0	0	0	0	
N32	9.80632e-027	4.47438e-023	1.00913e-019	6.15943e-017	6.71354e-017	2.121e-019	1.04821e-020	1.39036e-021	1.40533e-018	1.31545e-014	6.8109e-011	1.68028e-007	0.000158434	0.0383384	0.947576	0.0139017	2.5407e-005	1.32124e-008	2.79524e-012	2.93815e-016	1.743e-020	6.37905e-025	1.57793e-029	1.09889e-032	5.49012e-036	7.22641e-038	2.52664e-041	1.96046e-043	4.74095e-047	2.238e-049	3.47662e-053	1.03517e-055	8.44474e-060	1.63954e-062	4.9899e-067	5.74052e-070	5.82576e-075	1.2206e-078	8.33237e-084	8.0297e-088	3.6755e-093	2.43253e-097	8.01443e-103	1.21638e-106	1.03978e-109	
Odontotermes_sp	0	0	0	0	0	0	0	0	0	0	0	0	0	0	1	0	0	0	0	0	0	0	0	0	0	0	0	0	0	0	0	0	0	0	0	0	0	0	0	0	0	0	0	0	0	
Protermes_sp	0	0	0	0	0	0	0	0	0	0	0	0	0	0	1	0	0	0	0	0	0	0	0	0	0	0	0	0	0	0	0	0	0	0	0	0	0	0	0	0	0	0	0	0	0	
Pseudacanthotermes_militaris	0	0	0	0	0	0	0	0	0	0	0	0	0	0	1	0	0	0	0	0	0	0	0	0	0	0	0	0	0	0	0	0	0	0	0	0	0	0	0	0	0	0	0	0	0	
N33	1.25247e-011	6.86823e-010	2.00975e-008	9.76264e-008	2.50037e-008	1.90191e-009	5.99573e-010	2.55679e-008	2.81935e-006	0.000175097	0.00527111	0.0674514	0.312609	0.438074	0.160188	0.0157072	0.000515107	6.95625e-006	4.52904e-008	1.60277e-010	3.39656e-013	1.06331e-015	6.86939e-018	4.53691e-019	2.77399e-021	1.09542e-022	3.95693e-025	9.35021e-027	1.99688e-029	2.92696e-031	3.67109e-034	3.34333e-036	2.46689e-039	1.33086e-041	5.94972e-045	1.72091e-047	5.03227e-051	8.02169e-054	1.58816e-057	1.67815e-060	2.29779e-064	1.84146e-067	2.12948e-071	4.26464e-074	2.26358e-076	
N34	5.49245e-012	1.63643e-010	2.93142e-009	1.13881e-008	4.43892e-009	7.43891e-010	7.89365e-010	1.58169e-008	1.42058e-006	8.96212e-005	0.00293107	0.0431748	0.243752	0.44381	0.230448	0.0339986	0.00175495	3.86455e-005	4.22184e-007	2.57323e-009	9.94559e-012	2.83945e-013	5.95241e-015	1.43925e-015	1.82243e-017	2.62521e-018	1.86506e-020	1.67731e-021	6.6039e-024	3.7683e-025	8.23629e-028	2.88103e-029	3.67173e-032	7.22591e-034	5.91357e-037	6.11969e-039	3.49841e-042	2.03893e-044	8.40389e-048	3.17086e-050	9.51595e-054	2.62594e-056	7.08484e-060	6.88539e-062	2.00436e-063	
Coptotermes_acinaciformis	0	0	0	0	0	0	0	0	0	0	0	0	0	0	1	0	0	0	0	0	0	0	0	0	0	0	0	0	0	0	0	0	0	0	0	0	0	0	0	0	0	0	0	0	0	
N35	4.11707e-020	4.00164e-017	3.89251e-014	2.26182e-011	5.78562e-011	1.37171e-012	1.43625e-014	1.70962e-016	3.05788e-014	4.09705e-011	3.078e-008	1.15022e-005	0.00181699	0.09321	0.879279	0.0255351	0.000147233	3.0057e-007	2.82128e-010	1.42022e-013	4.25039e-017	8.62279e-021	1.42494e-024	7.44867e-028	2.88189e-031	2.63687e-034	7.57508e-038	4.18001e-041	8.12063e-045	2.73285e-048	3.54573e-052	7.42277e-056	6.31604e-060	8.3694e-064	4.66524e-068	4.04277e-072	1.4974e-076	9.02819e-081	2.27233e-085	1.02177e-089	1.79799e-094	6.46512e-099	9.88097e-104	5.33866e-108	4.15883e-112	
Reticulitermes_flavipes	0	0	0	0	0	0	0	0	0	0	0	0	0	0	1	0	0	0	0	0	0	0	0	0	0	0	0	0	0	0	0	0	0	0	0	0	0	0	0	0	0	0	0	0	0	
N36	1.08979e-023	5.58539e-020	1.52368e-016	1.20052e-013	2.05085e-013	8.39347e-016	1.19913e-018	1.47429e-020	1.07686e-017	7.42612e-014	2.7391e-010	4.65299e-007	0.000294746	0.0485175	0.936832	0.0143271	2.82608e-005	1.59136e-008	3.62152e-012	4.05442e-016	2.53442e-020	9.74962e-025	2.93224e-029	1.08607e-031	4.63016e-035	5.59765e-037	1.42603e-040	1.0883e-042	1.61107e-046	8.18915e-049	6.66481e-053	2.32948e-055	9.63258e-060	2.29537e-062	4.37116e-067	6.27531e-070	4.83531e-075	1.55969e-078	8.49268e-084	1.2706e-087	5.06736e-093	4.60625e-097	1.37452e-102	1.48968e-106	1.09906e-109	
Reticulitermes_lucifugus	0	0	0	0	0	0	0	0	0	0	0	0	0	0	1	0	0	0	0	0	0	0	0	0	0	0	0	0	0	0	0	0	0	0	0	0	0	0	0	0	0	0	0	0	0	
Reticulitermes_urbis	0	0	0	0	0	0	0	0	0	0	0	0	0	0	1	0	0	0	0	0	0	0	0	0	0	0	0	0	0	0	0	0	0	0	0	0	0	0	0	0	0	0	0	0	0	
Schedorhinotermes_lamanianus	0	0	0	0	0	0	0	0	0	0	0	0	1	0	0	0	0	0	0	0	0	0	0	0	0	0	0	0	0	0	0	0	0	0	0	0	0	0	0	0	0	0	0	0	0	
N37	8.55487e-009	3.67052e-007	4.4451e-006	4.77715e-006	1.31651e-006	8.24866e-007	6.05816e-006	0.000151968	0.00317316	0.0351699	0.180555	0.38019	0.299988	0.0897508	0.0103437	0.000622025	3.5282e-005	2.2533e-006	8.79013e-008	2.69317e-009	4.81791e-011	3.60015e-012	5.00689e-014	3.14445e-015	2.08012e-017	6.17162e-019	1.95106e-021	2.80632e-023	5.06948e-026	1.80721e-027	5.80876e-029	1.26644e-029	4.23939e-031	7.95567e-032	2.20146e-033	3.24816e-034	7.58505e-036	9.42482e-037	1.78995e-038	1.62803e-039	2.55048e-041	2.07804e-042	2.96496e-044	3.16553e-045	7.45162e-046	
N38	5.50021e-009	1.53624e-007	1.70533e-006	3.37172e-006	1.20125e-006	6.62588e-007	5.30039e-006	0.000142371	0.00303723	0.0343331	0.180321	0.384269	0.301098	0.0867572	0.00943828	0.000552197	3.64112e-005	2.67114e-006	1.17368e-007	3.65706e-009	7.04263e-011	1.46022e-011	1.88707e-013	5.43899e-013	3.16032e-015	7.17384e-015	2.00176e-017	2.45527e-017	3.41734e-020	2.22737e-020	1.65771e-023	5.89364e-024	2.57824e-027	5.26104e-028	1.42456e-031	1.62693e-032	2.94608e-036	1.92887e-037	2.44448e-041	8.67691e-043	8.17913e-047	1.72019e-048	1.24755e-052	1.60136e-054	1.22658e-056	
N39	2.98173e-010	7.08322e-009	1.02621e-007	2.0361e-007	1.0155e-007	1.2974e-007	4.37657e-006	0.000148466	0.0023073	0.0173316	0.0917127	0.316478	0.39983	0.15206	0.0191426	0.000960284	2.39056e-005	3.81769e-007	4.29795e-009	3.65749e-011	2.27287e-013	5.46354e-015	4.58858e-017	1.08481e-018	4.80271e-021	5.26763e-023	1.04141e-025	5.50892e-028	5.10521e-031	1.32152e-033	6.48479e-037	9.12174e-040	2.55835e-043	2.41665e-046	4.10839e-050	2.92509e-053	3.28034e-057	1.86055e-060	1.54054e-064	7.80083e-068	5.60795e-072	2.86165e-075	5.18901e-079	9.86484e-082	1.82705e-084	
N40	8.33649e-010	8.43215e-009	5.86834e-008	1.13734e-007	2.20478e-007	4.56807e-006	0.000110085	0.00128727	0.00718575	0.0220759	0.0647777	0.216259	0.36147	0.242128	0.0727143	0.0110247	0.000916808	4.41867e-005	1.28416e-006	4.39899e-008	3.87361e-009	5.57377e-009	4.85633e-010	3.67908e-010	1.62084e-011	6.61113e-012	1.40766e-013	3.25597e-014	3.29706e-016	4.19049e-017	2.21517e-019	1.38912e-020	4.47267e-023	1.34321e-024	2.87709e-027	4.79748e-029	6.99038e-032	7.80874e-034	7.85657e-037	6.71585e-039	4.79039e-042	3.47386e-044	1.69869e-046	1.71787e-047	1.73051e-048	
Bifiditermes_improbus	0	0	0	0	0	0	0	0	0	0	0	1	0	0	0	0	0	0	0	0	0	0	0	0	0	0	0	0	0	0	0	0	0	0	0	0	0	0	0	0	0	0	0	0	0	
Neotermes_insularis	0	0	0	0	0	0	0	0	0	0	0	0	0	0	0	0	0	0	0	1	0	0	0	0	0	0	0	0	0	0	0	0	0	0	0	0	0	0	0	0	0	0	0	0	0	
N41	8.33928e-013	8.08406e-011	3.25311e-009	1.30943e-008	7.76261e-009	1.12333e-008	1.21937e-007	6.20984e-006	0.000263288	0.00595149	0.0693149	0.328555	0.443156	0.141533	0.0109726	0.00024619	1.99527e-006	7.10696e-009	1.29427e-011	1.62838e-014	1.76978e-017	1.5217e-019	2.07727e-022	1.69924e-024	1.25596e-027	6.02972e-030	2.93608e-033	9.61604e-036	3.2632e-039	7.36992e-042	1.58947e-045	2.27371e-048	3.57878e-052	1.07482e-054	1.61168e-057	1.85866e-059	2.40103e-062	1.37704e-064	8.73762e-068	2.52773e-070	9.09891e-074	1.70622e-076	5.08182e-080	2.12604e-082	2.09679e-084	
N42	1.11245e-011	1.406e-010	1.94654e-009	4.99277e-008	4.63266e-007	1.67487e-006	5.28895e-006	0.000119891	0.00297897	0.034062	0.172127	0.370741	0.314573	0.0953301	0.00968799	0.000365713	6.23234e-006	5.56474e-008	2.89553e-010	9.55316e-013	2.1738e-015	8.63095e-018	5.4228e-020	1.61733e-021	1.0327e-023	1.97389e-025	8.84388e-028	1.03868e-029	3.17113e-032	2.30037e-034	4.48781e-037	1.98856e-039	2.42232e-042	6.43388e-045	5.07413e-048	8.69988e-051	4.57139e-054	5.75426e-057	2.08987e-060	2.12814e-063	5.56165e-067	4.95327e-070	1.78887e-073	5.38527e-076	2.20398e-078	
N43	3.70029e-013	5.64743e-011	6.38144e-009	2.28196e-007	4.08412e-007	1.16802e-007	2.15752e-008	8.16811e-008	5.84443e-006	0.000302125	0.00752972	0.0819596	0.343741	0.447118	0.113419	0.00581898	0.000102929	8.77711e-007	5.02345e-009	1.39289e-010	1.60534e-012	6.14971e-014	3.87753e-016	7.77647e-018	2.68523e-020	3.00729e-022	6.01729e-025	3.92953e-027	4.8336e-030	1.90098e-032	1.5113e-035	3.72518e-038	1.98325e-041	3.26648e-044	1.19242e-047	1.42401e-050	3.64274e-054	3.39535e-057	6.23189e-061	4.78844e-064	6.62518e-068	5.4645e-071	6.5781e-074	3.16119e-076	1.32128e-078	
Cryptotermes_austrinus	0	0	0	0	0	0	0	0	0	0	0	0	0	1	0	0	0	0	0	0	0	0	0	0	0	0	0	0	0	0	0	0	0	0	0	0	0	0	0	0	0	0	0	0	0	
Cryptotermes_queenslandis	0	0	0	0	0	0	0	0	0	0	0	0	0	0	1	0	0	0	0	0	0	0	0	0	0	0	0	0	0	0	0	0	0	0	0	0	0	0	0	0	0	0	0	0	0	
Cryptotermes_primus	0	0	0	0	0	0	0	0	1	0	0	0	0	0	0	0	0	0	0	0	0	0	0	0	0	0	0	0	0	0	0	0	0	0	0	0	0	0	0	0	0	0	0	0	0	
N44	6.54377e-014	4.09607e-012	1.6353e-010	1.13339e-009	5.08809e-009	1.80574e-008	1.07521e-007	2.55659e-006	0.000108272	0.00312294	0.0501163	0.29858	0.466213	0.167257	0.0142667	0.000330781	2.47626e-006	7.1519e-009	9.37441e-012	5.37028e-014	1.44262e-016	1.17859e-017	1.34436e-020	5.46547e-022	2.75822e-025	6.05888e-027	2.416e-030	3.03396e-030	9.46166e-032	1.30767e-031	1.77338e-033	1.47592e-033	2.26987e-035	1.71732e-035	2.43207e-037	1.12396e-037	9.93673e-040	1.56496e-040	6.19609e-043	4.63964e-044	1.302e-046	7.17596e-048	3.18053e-050	2.38889e-050	2.68846e-050	
N45	8.57242e-014	2.92385e-012	8.49827e-011	9.42391e-010	5.3337e-009	1.76854e-008	1.37243e-007	4.4115e-006	0.000146091	0.00351362	0.052606	0.301532	0.461772	0.165543	0.0145123	0.000367396	3.28919e-006	1.24877e-008	2.321e-011	3.3052e-014	5.16695e-017	4.90376e-018	1.99671e-020	5.97366e-021	1.3386e-023	2.67829e-024	2.98042e-027	3.90873e-028	2.15949e-031	1.84893e-032	5.19477e-036	2.91172e-037	6.27815e-041	3.48383e-042	1.07809e-045	4.65404e-047	1.28756e-050	2.74548e-052	5.86342e-056	6.47344e-058	1.06093e-061	6.9927e-064	9.81169e-068	3.02745e-069	5.33684e-070	
N46	2.10468e-013	3.78333e-012	6.88739e-011	1.73884e-009	5.17108e-008	2.27277e-006	5.95671e-005	0.000621794	0.00286321	0.013405	0.101793	0.354922	0.385624	0.126342	0.0137866	0.000570452	9.77463e-006	7.26161e-008	2.41959e-010	3.99619e-013	3.70065e-016	8.43886e-019	1.26898e-020	1.6387e-020	3.42633e-021	3.53161e-021	5.36339e-022	3.61255e-022	3.75675e-023	1.67936e-023	1.10386e-024	3.18846e-025	1.32759e-026	2.30286e-027	6.58377e-029	7.02979e-030	1.43583e-031	1.09729e-032	1.62966e-034	1.0224e-035	1.13505e-037	6.39079e-039	9.97171e-041	2.71946e-041	1.10362e-041	
N47	2.15507e-013	3.81764e-012	7.24215e-011	1.84491e-009	5.28629e-008	2.25665e-006	5.91176e-005	0.000619994	0.0028865	0.0138621	0.104345	0.357668	0.382891	0.123787	0.0133255	0.000543393	9.17176e-006	6.72098e-008	2.21917e-010	3.65069e-013	3.37457e-016	6.62821e-019	1.91288e-021	3.35764e-023	6.74986e-026	8.11162e-028	7.01577e-031	1.31223e-031	1.5689e-035	3.58637e-035	1.9505e-039	3.71864e-039	1.02842e-043	1.33306e-043	2.14992e-048	1.73691e-048	1.88891e-053	9.00783e-054	7.29301e-059	1.97556e-059	1.26904e-064	1.88271e-065	1.0016e-070	7.97115e-072	1.82123e-075	
Cryptotermes_brevis	0	0	0	0	0	0	0	0	0	0	0	1	0	0	0	0	0	0	0	0	0	0	0	0	0	0	0	0	0	0	0	0	0	0	0	0	0	0	0	0	0	0	0	0	0	
Cryptotermes_domesticus	0	0	0	0	0	0	0	0	1	0	0	0	0	0	0	0	0	0	0	0	0	0	0	0	0	0	0	0	0	0	0	0	0	0	0	0	0	0	0	0	0	0	0	0	0	
Procryptotermes_australiensis	0	0	0	0	0	0	0	0	0	0	0	0	0	0	0	0	0	1	0	0	0	0	0	0	0	0	0	0	0	0	0	0	0	0	0	0	0	0	0	0	0	0	0	0	0	
N48	9.09431e-014	1.20879e-011	1.15543e-009	3.13152e-008	1.43882e-008	2.0732e-009	2.31186e-010	2.39413e-009	3.47819e-007	3.25121e-005	0.00159367	0.0354793	0.289143	0.579258	0.090781	0.00365482	5.76567e-005	4.43397e-007	1.90227e-009	5.07904e-012	9.35331e-015	2.4767e-017	8.04922e-020	7.07535e-022	2.27285e-024	1.31188e-026	2.89595e-029	1.02549e-031	1.53292e-034	3.38581e-037	3.33999e-040	4.68372e-043	3.03691e-046	2.81764e-049	1.22286e-052	8.11376e-056	2.43599e-059	1.25194e-062	2.69669e-066	1.14218e-069	1.83959e-073	7.04812e-077	1.67657e-080	1.64604e-083	1.94963e-086	
Cryptotermes_dudleyi	0	0	0	0	0	0	0	0	0	0	0	0	0	1	0	0	0	0	0	0	0	0	0	0	0	0	0	0	0	0	0	0	0	0	0	0	0	0	0	0	0	0	0	0	0	
Cryptotermes_secundus	0	0	0	0	0	0	0	0	0	0	0	0	0	1	0	0	0	0	0	0	0	0	0	0	0	0	0	0	0	0	0	0	0	0	0	0	0	0	0	0	0	0	0	0	0	
N49	1.29568e-013	1.10141e-011	8.19113e-010	2.75214e-008	1.79563e-007	1.50348e-007	5.38198e-008	5.43796e-008	8.02503e-007	3.807e-005	0.00117387	0.0183182	0.128356	0.364153	0.368084	0.109531	0.00997392	0.000363436	6.4515e-006	6.91979e-008	6.10244e-010	2.44467e-011	4.82577e-013	2.38122e-014	3.02863e-016	8.31085e-018	6.69995e-020	1.05853e-021	5.3159e-024	4.92227e-026	1.50066e-028	8.18349e-031	1.54981e-033	5.27802e-036	6.41366e-039	1.53674e-041	1.25099e-044	2.33369e-047	1.3297e-050	2.05899e-053	8.61484e-057	1.24264e-059	1.35049e-062	7.58543e-065	4.55518e-067	
Cryptotermes_cynocephalus	0	0	0	0	0	0	0	0	0	0	0	0	0	0	0	1	0	0	0	0	0	0	0	0	0	0	0	0	0	0	0	0	0	0	0	0	0	0	0	0	0	0	0	0	0	
Incisitermes_sp	0	0	0	0	0	0	0	0	0	0	0	0	0	0	1	0	0	0	0	0	0	0	0	0	0	0	0	0	0	0	0	0	0	0	0	0	0	0	0	0	0	0	0	0	0	
Kalotermes_flavicollis	0	0	0	0	0	0	0	0	0	0	0	0	0	0	0	0	0	0	0	0	0	0	0	0	0	0	0	1	0	0	0	0	0	0	0	0	0	0	0	0	0	0	0	0	0	
N50	1.23026e-009	1.20519e-008	1.14825e-007	6.52637e-007	1.395e-006	1.06569e-006	8.61138e-007	6.3519e-006	0.000135746	0.00215117	0.0201503	0.103445	0.272748	0.34638	0.198793	0.0498928	0.00591242	0.000368055	1.32654e-005	3.54908e-007	9.02408e-009	6.87008e-010	2.69322e-011	1.89122e-012	4.83147e-014	1.97769e-015	3.21812e-017	7.96827e-019	8.3415e-021	1.2965e-022	8.85115e-025	9.00922e-027	4.09984e-029	2.90325e-031	9.04965e-034	4.77214e-036	1.0504e-038	4.39058e-041	7.03713e-044	2.44648e-046	2.99464e-049	9.969e-052	2.80016e-054	2.88706e-056	3.43106e-058	
Glyptotermes_brevicornis	0	0	0	0	0	0	0	0	0	0	0	0	0	0	1	0	0	0	0	0	0	0	0	0	0	0	0	0	0	0	0	0	0	0	0	0	0	0	0	0	0	0	0	0	0	
Glyptotermes_iridipennis	0	0	0	0	0	0	0	0	0	0	0	0	0	0	1	0	0	0	0	0	0	0	0	0	0	0	0	0	0	0	0	0	0	0	0	0	0	0	0	0	0	0	0	0	0	
N51	8.39957e-006	9.56819e-006	4.15345e-005	0.000297437	0.0037235	0.0405138	0.203496	0.263156	0.139631	0.0382976	0.010356	0.021034	0.0517492	0.0802543	0.0778083	0.0472492	0.0177579	0.00404261	0.000532513	3.94263e-005	1.58552e-006	5.02033e-008	1.26286e-009	4.33369e-011	8.80185e-013	2.07298e-014	2.61629e-016	3.75584e-018	3.03711e-020	2.82264e-022	1.53555e-024	9.76376e-027	3.70998e-029	1.68847e-031	4.60999e-034	1.5593e-036	3.12888e-039	8.14987e-042	1.22686e-044	2.5493e-047	2.97773e-050	5.38979e-053	7.05453e-056	2.08102e-058	8.14771e-061	
Stolotermes_sp	0	0	0	0	0	0	0	0	0	1	0	0	0	0	0	0	0	0	0	0	0	0	0	0	0	0	0	0	0	0	0	0	0	0	0	0	0	0	0	0	0	0	0	0	0	
N52	3.26004e-009	2.22918e-009	5.8618e-008	3.0761e-006	0.000133996	0.00317162	0.0202764	0.00767936	0.000837486	4.27973e-005	1.35568e-006	5.93605e-007	1.19423e-005	0.000214267	0.00236747	0.0155884	0.0581795	0.134404	0.179538	0.412733	0.118464	0.0437432	0.00237022	0.000234432	4.4114e-006	1.7404e-007	1.4955e-009	2.86584e-011	1.31267e-013	1.38758e-015	3.74609e-018	2.40782e-020	4.10633e-023	1.73824e-025	1.96831e-028	5.86311e-031	4.58004e-034	1.01771e-036	5.65224e-040	9.83702e-043	4.17944e-046	7.69972e-049	1.20637e-051	8.87233e-054	6.28296e-056	
Zootermopsis_angusticollis	0	0	0	0	0	0	0	0	0	0	0	0	0	0	0	0	0	0	0	1	0	0	0	0	0	0	0	0	0	0	0	0	0	0	0	0	0	0	0	0	0	0	0	0	0	
Zootermopsis_nevadensis	0	0	0	0	0	0	0	0	0	0	0	0	0	0	0	0	0	0	0	1	0	0	0	0	0	0	0	0	0	0	0	0	0	0	0	0	0	0	0	0	0	0	0	0	0	
N53	1.99561e-005	7.2553e-005	0.000306375	0.000930352	0.00175783	0.00259714	0.00464699	0.0109348	0.0247667	0.0476449	0.07612	0.107992	0.144221	0.177267	0.17397	0.130005	0.0644719	0.0242462	0.00577555	0.00171378	0.000383688	0.000122931	2.48872e-005	6.67204e-006	1.07991e-006	2.28686e-007	2.92121e-008	4.98699e-009	5.13103e-010	7.32855e-011	6.23296e-012	7.71212e-013	5.67729e-014	6.61842e-015	4.86416e-016	6.61302e-017	5.93874e-018	9.4626e-019	7.86322e-020	1.02468e-020	6.60294e-022	7.82025e-023	7.2403e-024	1.29488e-024	2.63124e-025	
Mastotermes_darwiniensis	0	0	0	0	0	0	0	0	0	0	0	0	0	0	0	0	0	0	0	0	0	0	0	0	0	0	0	0	0	0	0	0	0	0	0	0	0	0	0	0	0	0	1	0	0	
Porotermes_adamsoni	0	0	0	0	0	0	0	0	0	0	0	0	0	1	0	0	0	0	0	0	0	0	0	0	0	0	0	0	0	0	0	0	0	0	0	0	0	0	0	0	0	0	0	0	0	
N54	0.0129968	0.0456074	0.149621	0.300294	0.310893	0.146492	0.0303533	0.00336486	0.000304605	5.39598e-005	1.51811e-005	3.58103e-006	6.19236e-007	7.95615e-008	7.47793e-009	5.43375e-010	2.89242e-011	1.26222e-012	3.91785e-014	1.07112e-015	2.02492e-017	3.59235e-019	4.31714e-021	5.06857e-023	4.01854e-025	3.22568e-027	1.7553e-029	1.00559e-031	3.91775e-034	1.68041e-036	4.88254e-039	1.63796e-041	3.70721e-044	1.0166e-046	1.86303e-049	4.29172e-052	6.62821e-055	1.32598e-057	1.76832e-060	3.13342e-063	4.03606e-066	7.73548e-069	1.42048e-071	3.73037e-074	1.1044e-076	
N55	0.0201916	0.0796144	0.248345	0.36524	0.222351	0.0571561	0.00667456	0.000408755	1.74414e-005	8.70745e-007	5.44275e-008	2.89466e-009	1.11347e-010	3.05887e-012	6.03266e-014	8.73468e-016	9.32014e-018	7.54474e-020	4.59471e-022	2.18527e-024	7.99747e-027	2.35415e-029	5.42311e-032	1.06958e-034	1.65493e-037	3.51112e-040	5.77749e-043	4.53675e-045	9.40515e-048	8.82403e-050	1.52227e-052	1.15606e-054	1.61205e-057	9.82051e-060	1.10929e-062	5.43598e-065	5.05666e-068	2.0224e-070	1.55042e-073	5.04156e-076	3.25051e-079	8.84307e-082	5.00848e-085	1.30295e-087	2.54451e-090	
Cryptocercus_primarius	0	0	0	1	0	0	0	0	0	0	0	0	0	0	0	0	0	0	0	0	0	0	0	0	0	0	0	0	0	0	0	0	0	0	0	0	0	0	0	0	0	0	0	0	0	
Cryptocercus_relictus	0	0	1	0	0	0	0	0	0	0	0	0	0	0	0	0	0	0	0	0	0	0	0	0	0	0	0	0	0	0	0	0	0	0	0	0	0	0	0	0	0	0	0	0	0	
Cryptocercus_punctulatus	0	0	0	0	0	0	0	0	0	0	0	0	0	0	0	0	0	1	0	0	0	0	0	0	0	0	0	0	0	0	0	0	0	0	0	0	0	0	0	0	0	0	0	0	0	
N56	0.0180394	0.0398752	0.0925735	0.1757	0.241382	0.225428	0.13739	0.0536244	0.0134566	0.00224744	0.000256736	2.45608e-005	2.04155e-006	4.06771e-007	4.6613e-008	1.15551e-008	9.89719e-010	1.69411e-010	9.91766e-012	1.13496e-012	4.50403e-014	3.47856e-015	9.3847e-017	5.11001e-018	9.50599e-020	3.91466e-021	5.13118e-023	1.69884e-024	1.68724e-026	5.52793e-028	4.62463e-030	1.50215e-031	1.82169e-033	1.05284e-034	9.42703e-037	3.13725e-038	3.91833e-040	1.89934e-041	1.3298e-043	3.19258e-045	2.92837e-047	1.06462e-048	7.03627e-051	1.96424e-052	8.42694e-054	
N57	0.000103988	0.000299753	0.0013401	0.00723555	0.0412711	0.159362	0.314494	0.294448	0.13559	0.036775	0.00744551	0.00140947	0.000199782	2.31741e-005	1.66764e-006	1.05646e-007	3.6647e-009	1.1209e-010	1.7844e-012	2.59292e-014	1.99254e-016	1.48936e-018	6.09588e-021	4.5354e-023	2.54029e-024	4.05839e-025	4.129e-026	5.94307e-027	5.21415e-028	7.07467e-029	5.55164e-030	7.18362e-031	5.54576e-032	7.59545e-033	5.70963e-034	7.31847e-035	5.65235e-036	7.48022e-037	5.27482e-038	6.06042e-039	4.34296e-040	5.43361e-041	4.82957e-042	7.92143e-043	1.54143e-043	
N58	8.88605e-005	0.000281493	0.00127265	0.00698451	0.0406623	0.159318	0.316204	0.295159	0.1348	0.0362247	0.00736847	0.00141012	0.000201625	2.31e-005	1.64446e-006	1.0315e-007	3.41524e-009	1.4628e-010	1.58083e-012	2.28302e-013	3.16539e-016	2.71744e-016	1.31888e-019	1.16857e-019	3.46123e-023	1.91261e-023	3.72562e-027	1.26996e-027	1.75697e-031	4.04599e-032	4.08242e-036	6.26579e-037	5.01974e-041	6.31472e-042	3.92574e-046	3.49051e-047	1.84907e-051	1.56642e-052	6.47709e-057	3.56743e-058	1.33155e-062	8.54885e-064	2.28071e-068	7.13088e-070	1.20324e-071	
N59	9.49112e-006	3.19451e-005	0.000362822	0.00508863	0.0488775	0.225198	0.387087	0.239266	0.0664533	0.0168661	0.00720216	0.00273592	0.000688902	0.000116451	1.33435e-005	1.58195e-006	1.52822e-007	5.76915e-008	4.62745e-009	1.14087e-009	4.39013e-011	5.20096e-012	1.01148e-013	6.19875e-015	6.71119e-017	2.31007e-018	1.50222e-020	3.09998e-022	1.28882e-024	1.72407e-026	4.79691e-029	4.40035e-031	8.5139e-034	5.82387e-036	8.12299e-039	4.29888e-041	4.8168e-044	3.02643e-046	2.77276e-049	1.60133e-051	3.02682e-054	4.33409e-056	7.3981e-059	1.07396e-060	1.79586e-062	
N60	4.74699e-007	1.31013e-006	9.90018e-006	0.000271013	0.009775	0.133568	0.426012	0.342377	0.0776361	0.00849147	0.00145813	0.000345596	4.96804e-005	3.64108e-006	1.37979e-007	3.08132e-009	4.60734e-011	5.59237e-013	4.40452e-015	2.43445e-017	7.57961e-020	1.65879e-022	2.16979e-025	2.25995e-028	1.44835e-031	1.02218e-034	4.33693e-038	3.80606e-041	1.53149e-044	1.46909e-047	4.78071e-051	3.44825e-054	8.19917e-058	4.2617e-061	7.4129e-065	2.88402e-068	3.89568e-072	1.26881e-075	1.4504e-079	4.40465e-083	5.1907e-087	1.65229e-090	2.17284e-094	7.9532e-098	2.65701e-101	
N61	1.34095e-007	4.15928e-007	4.54171e-006	0.000281986	0.0126717	0.18321	0.471249	0.283853	0.0420167	0.00445321	0.00163017	0.000525107	9.43305e-005	9.30163e-006	5.07748e-007	3.57238e-008	1.74717e-009	1.32991e-009	2.39156e-011	6.18142e-012	3.39281e-014	3.4606e-015	8.00503e-018	3.63429e-019	4.50418e-022	1.01995e-023	7.94778e-027	1.05269e-028	5.62662e-032	4.77699e-034	1.82672e-037	9.98915e-040	2.79545e-043	1.00565e-045	2.08621e-049	5.21519e-052	8.79052e-056	3.45497e-058	4.29724e-062	1.61226e-064	1.33165e-067	2.41322e-069	3.6351e-073	3.82677e-075	5.80723e-077	
Blatta_orientalis	0	0	0	0	0	0	0	0	0	0	0	0	0	0	0	0	0	1	0	0	0	0	0	0	0	0	0	0	0	0	0	0	0	0	0	0	0	0	0	0	0	0	0	0	0	
N62	3.35622e-007	5.74657e-008	1.12879e-008	8.15632e-007	0.000136259	0.00932995	0.192708	0.745126	0.051863	0.00082925	6.62448e-006	4.33563e-008	2.14955e-010	6.75838e-013	1.33592e-015	2.21664e-018	3.68276e-021	6.9938e-024	7.64322e-027	7.38494e-030	3.84627e-033	1.81008e-036	4.78481e-040	1.58148e-043	2.57685e-047	8.73008e-051	1.20949e-054	5.48998e-058	8.78289e-062	4.32508e-065	6.41042e-069	2.49532e-072	2.87451e-076	8.31931e-080	7.25726e-084	1.62705e-087	1.18211e-091	2.58926e-095	1.84079e-099	4.63858e-103	4.27584e-107	1.11542e-110	7.91643e-115	1.7118e-118	3.49814e-122	
Periplaneta_australasiae	0	0	0	0	0	0	0	1	0	0	0	0	0	0	0	0	0	0	0	0	0	0	0	0	0	0	0	0	0	0	0	0	0	0	0	0	0	0	0	0	0	0	0	0	0	
Periplaneta_fuliginosa	0	0	0	0	0	0	0	1	0	0	0	0	0	0	0	0	0	0	0	0	0	0	0	0	0	0	0	0	0	0	0	0	0	0	0	0	0	0	0	0	0	0	0	0	0	
N63	8.32786e-007	4.79208e-006	1.81376e-005	8.00539e-005	0.000633258	0.0143892	0.145271	0.437883	0.319896	0.0751091	0.00648233	0.000226455	5.47488e-006	1.40489e-007	1.99138e-009	8.79535e-011	7.4352e-013	2.31464e-014	8.76433e-017	1.26876e-018	2.47368e-021	1.72282e-023	1.95301e-026	7.66456e-029	5.42342e-032	1.45389e-034	7.09655e-038	1.59542e-040	6.75833e-044	1.60848e-046	7.12055e-050	1.61139e-052	6.68906e-056	1.44582e-058	4.32507e-062	7.49717e-065	3.54364e-068	1.43197e-070	2.8294e-074	4.90404e-077	2.44235e-080	8.76033e-083	1.49298e-086	2.3579e-089	5.48022e-092	
Periplaneta_americana	0	0	0	0	0	0	0	0	0	0	1	0	0	0	0	0	0	0	0	0	0	0	0	0	0	0	0	0	0	0	0	0	0	0	0	0	0	0	0	0	0	0	0	0	0	
Periplaneta_brunnea	0	0	0	0	0	0	0	1	0	0	0	0	0	0	0	0	0	0	0	0	0	0	0	0	0	0	0	0	0	0	0	0	0	0	0	0	0	0	0	0	0	0	0	0	0	
Deropeltis_erythrocephala	0	0	0	0	0	0	0	0	0	0	0	0	0	0	0	0	0	0	1	0	0	0	0	0	0	0	0	0	0	0	0	0	0	0	0	0	0	0	0	0	0	0	0	0	0	
N64	3.61064e-005	9.57765e-005	0.000295441	0.00164248	0.00253584	0.00215204	0.0105895	0.12126	0.322091	0.337418	0.162021	0.0364369	0.00334777	7.71804e-005	8.61987e-007	8.46426e-009	5.82333e-011	4.52955e-013	1.97229e-015	9.16354e-018	2.34592e-020	6.57077e-023	1.0432e-025	1.90006e-028	1.97949e-031	2.5168e-034	1.80494e-037	1.70136e-040	8.76245e-044	6.46188e-047	2.47742e-050	1.4908e-053	4.48524e-057	2.39309e-060	6.04787e-064	3.02153e-067	7.82093e-071	4.42424e-074	1.12242e-077	5.62369e-081	1.6051e-084	8.98847e-088	3.41573e-091	2.28168e-094	1.52765e-097	
Eurycotis_floridana	0	0	0	0	0	0	0	1	0	0	0	0	0	0	0	0	0	0	0	0	0	0	0	0	0	0	0	0	0	0	0	0	0	0	0	0	0	0	0	0	0	0	0	0	0	
Pelmatosilpha_sp	0	0	0	0	0	0	0	0	0	0	0	0	1	0	0	0	0	0	0	0	0	0	0	0	0	0	0	0	0	0	0	0	0	0	0	0	0	0	0	0	0	0	0	0	0	
Periplaneta_japonica	0	0	0	0	0	0	0	0	0	0	1	0	0	0	0	0	0	0	0	0	0	0	0	0	0	0	0	0	0	0	0	0	0	0	0	0	0	0	0	0	0	0	0	0	0	
Lamproblatta_albipalpus	0	0	1	0	0	0	0	0	0	0	0	0	0	0	0	0	0	0	0	0	0	0	0	0	0	0	0	0	0	0	0	0	0	0	0	0	0	0	0	0	0	0	0	0	0	
N65	0.00664183	0.013312	0.0339702	0.09271	0.202802	0.287239	0.233214	0.102732	0.0237944	0.00328461	0.000263534	3.4617e-005	2.2509e-006	3.72059e-007	1.38785e-008	1.23648e-009	2.46027e-011	1.18273e-012	1.31947e-014	3.5531e-016	2.31101e-018	3.66203e-020	1.42826e-022	1.43437e-024	3.53468e-027	2.72586e-029	4.45911e-032	2.73223e-034	4.69758e-037	5.53261e-039	7.08845e-042	4.30043e-044	8.60498e-047	9.57101e-049	8.81028e-052	3.55869e-054	4.77274e-057	3.64482e-059	2.35263e-062	6.37965e-065	5.70403e-068	3.08743e-070	1.58414e-073	4.2513e-076	1.62434e-078	
N66	0.00677808	0.0130207	0.022915	0.0531893	0.13301	0.243989	0.273571	0.175991	0.0629871	0.0129005	0.0014823	0.000154459	9.98532e-006	1.82614e-006	8.10985e-008	1.07335e-008	2.58817e-010	1.90588e-011	2.64666e-013	1.12964e-014	9.63197e-017	2.52426e-018	1.38559e-020	2.35828e-022	8.72417e-025	1.06126e-026	2.731e-029	2.47675e-031	5.12329e-034	5.53563e-036	9.06973e-039	7.44184e-041	1.87808e-043	3.44068e-045	4.32626e-048	2.95481e-050	6.42307e-053	9.6669e-055	8.8421e-058	4.19251e-060	6.32903e-063	7.07178e-065	5.44488e-068	2.87154e-070	2.56915e-072	
N67	0.00248556	0.00722477	0.0145435	0.0232411	0.0555633	0.145996	0.258916	0.269777	0.156746	0.0537348	0.00945688	0.00209296	0.000171419	4.88324e-005	1.77026e-006	2.37665e-007	3.71384e-009	2.24613e-010	1.7175e-012	5.17419e-014	2.15194e-016	3.54951e-018	8.65459e-021	8.39653e-023	1.29186e-025	8.48231e-028	8.44195e-031	3.71961e-033	3.10331e-036	2.12574e-038	1.15185e-041	4.02261e-044	3.9398e-047	3.73953e-049	1.3265e-052	3.129e-055	2.13105e-058	1.41019e-060	3.3453e-064	5.01679e-067	2.1456e-070	9.73452e-073	1.73698e-076	2.61279e-079	7.50712e-082	
N68	0.00205508	0.00707166	0.0146375	0.0207878	0.0475101	0.132629	0.250391	0.276771	0.172281	0.0619131	0.0116706	0.00207356	0.000177061	3.05499e-005	1.08259e-006	8.35315e-008	1.036e-009	4.37019e-011	1.86165e-013	8.14949e-015	1.23859e-017	6.413e-019	4.83141e-022	1.83663e-023	8.67704e-027	2.10782e-028	6.67079e-032	9.89499e-034	2.61229e-037	4.30634e-039	8.00306e-043	7.60413e-045	1.79749e-048	3.2303e-050	3.83197e-054	2.25723e-056	3.40216e-060	4.07787e-062	3.06256e-066	1.00949e-068	9.8717e-073	8.65033e-075	4.1174e-079	8.77646e-082	2.82691e-084	
N69	0.000862696	0.00351873	0.0099433	0.0150349	0.0283782	0.0885925	0.198615	0.269418	0.224372	0.11595	0.0327824	0.0099967	0.00118638	0.00122516	6.94265e-005	5.31051e-005	1.32955e-006	4.72421e-007	5.63787e-009	9.41592e-010	5.80859e-012	4.72555e-013	1.62379e-015	6.6972e-017	1.38357e-019	3.21572e-021	4.18288e-024	5.64913e-026	5.37053e-029	8.56704e-031	5.24176e-034	4.14698e-036	5.31578e-039	2.1196e-040	7.3183e-044	4.05293e-046	5.61236e-049	1.88451e-050	4.47194e-054	1.62803e-056	1.52263e-059	3.71959e-061	6.76895e-065	2.64954e-067	3.05216e-069	
N70	1.26208e-005	9.16925e-005	0.000243457	0.00023063	0.000345023	0.00219594	0.016892	0.0825944	0.221454	0.312403	0.227767	0.0981689	0.0261809	0.0089737	0.00173022	0.000629484	7.13371e-005	1.45181e-005	7.60421e-007	6.62479e-008	1.53066e-009	7.29272e-011	1.60411e-012	1.18513e-013	3.11534e-015	1.67397e-016	2.48825e-018	7.65467e-020	6.44802e-022	1.29377e-023	6.54238e-026	8.77939e-028	3.59958e-030	5.63831e-032	1.51258e-034	1.31139e-036	3.82467e-039	4.29538e-041	6.01215e-044	2.76095e-046	4.33644e-049	2.77108e-051	2.70276e-054	1.15754e-056	6.25782e-059	
N71	1.21475e-006	6.79767e-006	1.75943e-005	2.80861e-005	7.87922e-005	0.000622553	0.00641528	0.0450441	0.168564	0.307697	0.272972	0.134718	0.0460139	0.0135458	0.00324394	0.000809537	0.000169681	4.32856e-005	5.42606e-006	2.57677e-006	1.77118e-007	5.83019e-008	1.78865e-009	2.69968e-010	3.94692e-012	2.87548e-013	2.1864e-015	8.21639e-017	3.55085e-019	7.52923e-021	1.97723e-023	2.5309e-025	4.53777e-028	4.42311e-030	5.66544e-033	3.73721e-035	3.72938e-038	2.23772e-040	1.65177e-043	6.01423e-046	3.52544e-049	1.49873e-051	9.12023e-055	7.57767e-057	9.63717e-059	
N72	1.35287e-007	9.132e-007	4.63439e-006	2.22605e-005	6.95885e-005	0.000143295	0.000751267	0.00904421	0.0669928	0.23012	0.342601	0.238775	0.0869139	0.0185001	0.00353444	0.001432	0.000706741	0.00027015	7.38097e-005	3.05547e-005	7.87413e-006	4.31742e-006	7.08425e-007	2.1956e-007	1.85992e-008	2.85664e-009	1.21913e-010	9.44172e-012	2.14104e-013	9.2462e-015	1.22905e-016	3.33586e-018	2.87388e-020	5.40073e-022	3.25209e-024	4.43065e-026	1.94396e-028	1.98038e-030	6.43115e-033	4.94215e-035	1.22126e-037	8.09483e-040	2.90603e-042	4.96313e-044	1.17233e-045	
N73	1.23853e-010	8.08805e-009	3.67781e-007	4.52729e-006	7.0882e-006	4.59085e-006	3.37123e-006	1.96154e-005	0.000369852	0.00676441	0.0654415	0.262579	0.401097	0.21661	0.0430688	0.00379108	0.000221389	1.60585e-005	1.53458e-006	2.26841e-007	2.44312e-008	1.93355e-009	8.47465e-011	2.44435e-012	3.94493e-014	4.2487e-016	2.67643e-018	1.16472e-020	3.14157e-023	6.32611e-026	8.12172e-029	9.08234e-032	6.23603e-035	5.03763e-038	2.11234e-041	1.65166e-044	5.07979e-048	4.48937e-051	1.39077e-054	1.48697e-057	8.68737e-061	1.85562e-063	3.8409e-066	7.64922e-069	1.2283e-071	
N74	1.35557e-011	1.30816e-009	8.33857e-008	9.16624e-007	1.37643e-006	1.03635e-006	1.69759e-006	1.36382e-005	9.88421e-005	0.000923318	0.016294	0.142563	0.404937	0.333069	0.0918166	0.00978317	0.000477947	1.73681e-005	6.76422e-007	6.47294e-008	1.67523e-009	9.57049e-011	6.52933e-013	2.52004e-014	4.85489e-017	1.7683e-018	1.51954e-021	4.0508e-023	2.32891e-026	4.35462e-028	2.06447e-031	2.57554e-033	9.18843e-037	6.7984e-039	1.70121e-042	7.54083e-045	1.33722e-048	3.94457e-051	5.21662e-055	1.24559e-057	1.41909e-061	4.26456e-064	1.02118e-067	1.41143e-069	2.16385e-071	
N75	1.99676e-012	3.34779e-010	2.94148e-008	1.70599e-007	1.91261e-007	1.25102e-007	6.51919e-007	2.07159e-006	6.90413e-006	0.000164981	0.00636816	0.104914	0.415374	0.364508	0.0987213	0.0095748	0.000357681	5.77995e-006	5.88015e-008	7.53325e-010	5.76771e-012	6.33982e-014	8.41314e-016	5.90068e-017	1.09158e-018	1.78551e-019	2.75681e-021	4.75809e-022	3.69971e-024	3.20187e-025	1.08747e-027	4.28363e-029	6.8481e-032	1.26026e-033	1.07383e-036	9.86745e-039	5.0069e-042	2.49677e-044	8.19956e-048	2.4736e-050	5.72006e-054	1.29364e-056	2.51951e-060	7.38667e-063	3.00702e-065	
Archimandrita_tessellata	0	0	0	0	0	0	0	0	0	0	0	0	0	0	0	0	1	0	0	0	0	0	0	0	0	0	0	0	0	0	0	0	0	0	0	0	0	0	0	0	0	0	0	0	0	
N76	1.07844e-012	1.20477e-010	6.15837e-009	9.28826e-009	1.78054e-009	4.06488e-010	3.87521e-009	6.97247e-008	2.34384e-006	0.000203497	0.0109846	0.207628	0.568835	0.193628	0.0180955	0.000614929	8.77206e-006	6.0131e-008	2.44587e-010	4.75459e-012	7.58843e-013	1.05416e-013	1.0885e-014	1.33939e-015	1.98937e-016	4.49482e-016	9.99093e-017	1.59062e-016	1.71801e-017	1.14603e-017	3.9268e-019	6.31527e-020	4.74045e-022	2.53075e-023	7.33179e-026	1.73688e-027	2.51243e-030	2.90775e-032	2.44256e-035	1.4671e-037	7.84842e-041	2.72309e-043	9.92504e-047	2.61841e-049	7.19593e-052	
Blaberus_discoidalis	0	0	0	0	0	0	0	0	0	0	0	0	1	0	0	0	0	0	0	0	0	0	0	0	0	0	0	0	0	0	0	0	0	0	0	0	0	0	0	0	0	0	0	0	0	
Blaberus_giganteus	0	0	0	0	0	0	0	0	0	0	0	0	0	0	0	0	0	0	0	0	0	0	0	0	0	0	0	0	0	0	1	0	0	0	0	0	0	0	0	0	0	0	0	0	0	
Byrsotria_fumigata	0	0	0	0	0	0	0	0	0	0	0	0	0	0	0	0	0	1	0	0	0	0	0	0	0	0	0	0	0	0	0	0	0	0	0	0	0	0	0	0	0	0	0	0	0	
N77	7.85377e-010	7.89485e-008	2.55147e-007	2.3839e-007	5.2106e-007	2.08627e-006	8.29913e-006	2.73887e-005	0.00013327	0.0100329	0.154446	0.340525	0.323019	0.142162	0.0274517	0.00197072	7.19266e-005	6.81365e-005	5.04488e-005	2.20965e-005	6.11815e-006	1.28938e-006	2.50534e-007	1.64663e-007	4.35588e-008	1.92442e-008	1.56931e-009	6.47004e-011	5.38547e-013	5.88594e-015	1.91121e-017	9.08539e-020	1.46822e-022	3.6172e-025	3.26889e-028	4.70488e-031	2.57091e-034	2.41771e-037	8.51167e-041	5.7569e-044	1.38435e-047	7.33684e-051	1.6046e-054	1.3985e-057	1.83558e-060	
Eublaberus_distanti	0	0	0	0	0	0	0	0	0	0	0	0	0	0	0	0	0	0	0	0	0	0	0	0	0	0	1	0	0	0	0	0	0	0	0	0	0	0	0	0	0	0	0	0	0	
Eublaberus_posticus	0	0	0	0	0	0	0	0	0	0	0	0	0	0	0	1	0	0	0	0	0	0	0	0	0	0	0	0	0	0	0	0	0	0	0	0	0	0	0	0	0	0	0	0	0	
Gromphadorhina_portentosa	0	0	0	0	0	0	0	0	0	0	0	0	0	0	0	0	0	0	0	0	0	0	0	0	0	1	0	0	0	0	0	0	0	0	0	0	0	0	0	0	0	0	0	0	0	
N78	5.04319e-007	1.55233e-006	4.26024e-006	1.46476e-005	8.79585e-005	0.000781285	0.00645708	0.0384084	0.14039	0.270332	0.262924	0.148122	0.0722613	0.0382089	0.0161809	0.00465807	0.000925315	0.000183744	3.20134e-005	2.09705e-005	3.11184e-006	1.63683e-006	1.20143e-007	3.23496e-008	1.19734e-009	1.66535e-010	3.33663e-012	2.50019e-013	2.9301e-015	1.25417e-016	9.16903e-019	2.41318e-020	1.16294e-022	2.07627e-024	6.94481e-027	9.07826e-029	2.23119e-031	2.34452e-033	4.56216e-036	4.04665e-038	7.07652e-041	7.38294e-043	4.22172e-045	1.71145e-046	7.59212e-048	
N79	9.63567e-008	2.85246e-007	9.04643e-007	1.3709e-005	0.000163666	0.000923735	0.0040259	0.0301224	0.158436	0.296472	0.229512	0.0913445	0.0224496	0.0111761	0.0248436	0.0425461	0.0420821	0.0254115	0.0100408	0.00558394	0.00240945	0.00186404	0.000427283	0.000136757	1.28143e-005	1.6333e-006	6.51375e-008	3.59771e-009	6.71324e-011	1.82538e-012	1.78882e-014	2.72075e-016	1.54064e-018	1.459e-020	5.13103e-023	3.29952e-025	7.61853e-028	3.56781e-030	5.65497e-033	2.03971e-035	2.37861e-038	8.19309e-041	2.71759e-043	2.97751e-045	3.42088e-047	
Epilampra_sp	0	0	0	0	0	0	0	0	0	0	0	0	0	0	1	0	0	0	0	0	0	0	0	0	0	0	0	0	0	0	0	0	0	0	0	0	0	0	0	0	0	0	0	0	0	
N80	4.76565e-009	1.30981e-008	3.17402e-008	8.78669e-008	1.19951e-006	5.07735e-005	0.00166673	0.0177164	0.0530564	0.0595128	0.0156359	0.00182478	0.00136306	0.00128446	0.00071984	0.00025927	0.000369321	0.00283596	0.0145388	0.0419274	0.0627077	0.0887405	0.0933289	0.260583	0.131538	0.127648	0.0186219	0.00392797	0.000132815	8.71254e-006	1.15994e-007	3.3614e-009	2.22685e-011	3.36339e-013	1.25591e-015	1.09576e-017	2.49164e-020	1.36611e-022	1.99439e-025	7.44119e-028	7.27356e-031	1.99797e-033	1.63487e-036	7.3929e-039	6.29088e-041	
Lanxoblatta_emarginata	0	0	0	0	0	0	0	0	0	0	0	0	0	0	0	0	0	0	0	0	0	0	0	0	0	0	1	0	0	0	0	0	0	0	0	0	0	0	0	0	0	0	0	0	0	
Phoetalia_sp	0	0	0	0	0	0	0	0	0	0	0	0	0	0	0	0	0	0	0	0	1	0	0	0	0	0	0	0	0	0	0	0	0	0	0	0	0	0	0	0	0	0	0	0	0	
Nauphoeta_cinerea	0	0	0	0	0	0	0	0	0	0	0	0	1	0	0	0	0	0	0	0	0	0	0	0	0	0	0	0	0	0	0	0	0	0	0	0	0	0	0	0	0	0	0	0	0	
N81	6.9497e-006	2.25712e-005	6.03809e-005	0.000121332	0.000267	0.000926915	0.00527949	0.0286517	0.103435	0.226095	0.291579	0.219518	0.0948866	0.024469	0.0040626	0.000550954	5.87321e-005	7.96854e-006	6.54695e-007	1.58428e-007	2.31695e-008	3.33492e-008	1.42146e-008	1.94859e-008	5.51811e-009	4.66842e-009	8.39105e-010	4.3559e-010	4.97447e-011	1.63019e-011	1.17962e-012	2.4994e-013	1.18088e-014	1.78254e-015	5.81386e-017	6.14e-018	1.51228e-019	1.33602e-020	2.4577e-022	1.46356e-023	2.18411e-025	1.37862e-026	2.4089e-028	2.82359e-029	5.38359e-030	
Macropanesthia_rhinoceros	0	0	0	0	0	0	0	0	0	0	0	0	0	0	0	0	0	0	0	0	0	0	0	0	0	0	0	0	0	0	0	0	0	1	0	0	0	0	0	0	0	0	0	0	0	
Pycnoscelus_surinamensis	0	0	0	0	0	0	0	0	0	0	0	1	0	0	0	0	0	0	0	0	0	0	0	0	0	0	0	0	0	0	0	0	0	0	0	0	0	0	0	0	0	0	0	0	0	
N82	0.000614618	0.00171361	0.0052855	0.0153033	0.0435758	0.103764	0.165373	0.186102	0.18462	0.155789	0.0911147	0.0352032	0.00915403	0.00196942	0.000334253	7.03692e-005	9.45512e-006	2.97189e-006	3.00763e-007	8.05992e-008	4.82435e-009	7.44194e-010	2.55835e-011	2.23847e-012	4.61283e-014	2.4143e-015	3.11141e-017	1.03968e-018	8.91015e-021	2.1725e-022	1.32259e-024	2.42219e-026	1.20569e-028	2.23803e-030	9.69981e-033	1.27357e-034	4.89738e-037	7.84602e-039	2.33794e-041	2.54109e-043	9.342e-046	1.98998e-047	7.41974e-050	1.85236e-051	6.03642e-053	
Diploptera_punctata	0	0	0	0	0	0	0	0	0	0	0	0	0	0	0	0	0	1	0	0	0	0	0	0	0	0	0	0	0	0	0	0	0	0	0	0	0	0	0	0	0	0	0	0	0	
N83	0.000548398	0.00149228	0.00425973	0.0109781	0.0295102	0.0762361	0.152155	0.216957	0.22303	0.164668	0.083839	0.0286154	0.00653207	0.00104272	0.000122008	1.17951e-005	9.71242e-007	8.07469e-008	5.46837e-009	3.59742e-010	1.60944e-011	7.08247e-013	1.95327e-014	6.81644e-016	1.31247e-017	4.86596e-019	7.56821e-021	2.73569e-022	3.40445e-024	1.00966e-025	9.9844e-028	2.40652e-029	1.97918e-031	4.1422e-033	2.97706e-035	5.64003e-037	3.7598e-039	6.91448e-041	4.29809e-043	7.3689e-045	4.6196e-047	8.33522e-049	5.89949e-051	1.36207e-052	4.08215e-054	
N84	1.36597e-007	7.34165e-009	2.06864e-008	2.40174e-006	0.000676543	0.0949677	0.666868	0.233861	0.00360267	2.09607e-005	8.54794e-008	3.22033e-008	2.85605e-008	1.65975e-008	6.29615e-009	1.54488e-009	2.33508e-010	2.04306e-011	7.9324e-013	2.10931e-015	2.75e-018	3.18858e-021	2.39201e-024	1.83608e-027	8.56497e-031	4.14138e-034	1.23932e-037	3.94691e-041	7.99501e-045	1.77065e-048	2.53159e-052	4.07287e-056	4.24222e-060	5.14247e-064	4.00034e-068	3.76911e-072	2.23875e-076	1.68962e-080	7.82349e-085	4.88467e-089	1.89593e-093	1.16663e-097	6.66111e-102	6.88669e-106	7.52485e-110	
Galiblatta_sp	0	0	0	0	0	0	0	1	0	0	0	0	0	0	0	0	0	0	0	0	0	0	0	0	0	0	0	0	0	0	0	0	0	0	0	0	0	0	0	0	0	0	0	0	0	
Rhabdoblatta_sp	0	0	0	0	0	0	0	0	0	0	0	0	0	0	0	0	0	0	1	0	0	0	0	0	0	0	0	0	0	0	0	0	0	0	0	0	0	0	0	0	0	0	0	0	0	
Panchlora_nivea	0	0	0	0	0	0	0	0	0	0	0	1	0	0	0	0	0	0	0	0	0	0	0	0	0	0	0	0	0	0	0	0	0	0	0	0	0	0	0	0	0	0	0	0	0	
N85	0.00421206	0.00823149	0.0190845	0.0486327	0.113209	0.201174	0.247515	0.20212	0.107886	0.0376917	0.00871591	0.00136601	0.000148797	1.17486e-005	6.89236e-007	3.5104e-008	1.56312e-009	1.14757e-010	6.35225e-012	5.72576e-013	2.55896e-014	1.66868e-015	5.29635e-017	2.42073e-018	5.4819e-020	1.80912e-021	2.96696e-023	7.33581e-025	8.91736e-027	1.73251e-028	1.60493e-030	2.53389e-032	1.83332e-034	2.44697e-036	1.41996e-038	1.63342e-040	7.9258e-043	8.73695e-045	3.72647e-047	4.12742e-049	2.2829e-051	4.17857e-053	5.2362e-055	1.393e-056	4.28176e-058	
Margattea_sp	0	0	0	0	0	0	0	0	0	1	0	0	0	0	0	0	0	0	0	0	0	0	0	0	0	0	0	0	0	0	0	0	0	0	0	0	0	0	0	0	0	0	0	0	0	
Supella_longipalpa	0	0	0	1	0	0	0	0	0	0	0	0	0	0	0	0	0	0	0	0	0	0	0	0	0	0	0	0	0	0	0	0	0	0	0	0	0	0	0	0	0	0	0	0	0	
Panchlora_viridis	0	0	0	0	0	0	0	0	0	0	0	0	1	0	0	0	0	0	0	0	0	0	0	0	0	0	0	0	0	0	0	0	0	0	0	0	0	0	0	0	0	0	0	0	0	
Ectobius_pallidus	0	0	0	0	1	0	0	0	0	0	0	0	0	0	0	0	0	0	0	0	0	0	0	0	0	0	0	0	0	0	0	0	0	0	0	0	0	0	0	0	0	0	0	0	0	
N86	0.00337851	0.00787489	0.0218862	0.0599261	0.136545	0.225771	0.250621	0.180459	0.0830575	0.0248497	0.00486478	0.000686268	7.03414e-005	8.40081e-006	7.99772e-007	1.18216e-007	8.93029e-009	9.21953e-010	4.45588e-011	2.91657e-012	9.03638e-014	3.88919e-015	7.9237e-017	2.3547e-018	3.25317e-020	7.07486e-022	6.8293e-024	1.14182e-025	8.08122e-028	1.14356e-029	6.2672e-032	7.83399e-034	4.1509e-036	6.30753e-038	3.131e-040	3.97497e-042	2.28261e-044	3.36259e-046	1.4127e-048	1.36433e-050	6.08433e-053	6.82149e-055	2.98772e-057	3.51471e-059	5.25706e-061	
N87	0.000560947	0.00259593	0.0110396	0.03917	0.128515	0.277044	0.310665	0.173474	0.0490456	0.00727735	0.000584386	2.66285e-005	7.13346e-007	1.23433e-008	1.41565e-010	1.40307e-012	1.06027e-014	9.73589e-017	5.7202e-019	4.00033e-021	1.54871e-023	7.04956e-026	1.76607e-028	5.31396e-031	8.88211e-034	6.87705e-027	2.58724e-027	1.11584e-027	2.17531e-028	4.59194e-029	4.20734e-030	4.9735e-031	2.96146e-032	2.88127e-033	1.4522e-034	1.32949e-035	6.43334e-037	6.44111e-038	3.09518e-039	3.11508e-040	1.82111e-041	2.44402e-042	2.394e-043	4.56567e-044	9.49318e-045	
N88	0.000473634	0.00226297	0.0106564	0.0418039	0.14021	0.292778	0.308725	0.157812	0.0397862	0.005128	0.000349461	1.3199e-005	2.87472e-007	3.91551e-009	3.45673e-011	2.52285e-013	1.29461e-015	2.30612e-017	5.91511e-020	7.76924e-021	1.01765e-023	1.59117e-024	1.38592e-027	1.52052e-028	9.27837e-032	6.96525e-033	3.08726e-036	1.57599e-037	5.27146e-041	1.84124e-042	4.79264e-046	1.15105e-047	2.4142e-051	4.1935e-053	7.22422e-057	9.18785e-059	1.36186e-062	1.55806e-064	1.96202e-068	1.75938e-070	2.38562e-074	4.847e-076	4.33987e-080	6.89878e-082	3.67321e-083	
N89	8.72267e-005	0.000786369	0.00838416	0.0586905	0.21989	0.373093	0.254614	0.0737487	0.00998421	0.000694006	2.68286e-005	6.22473e-007	9.16921e-009	1.03654e-010	9.60169e-013	2.18818e-014	2.82257e-016	8.46779e-018	7.8318e-020	1.55142e-021	9.55349e-024	1.24611e-025	5.22264e-028	4.63129e-030	1.35277e-032	8.487e-035	1.76246e-037	8.18073e-040	1.2304e-042	4.45107e-045	4.93025e-048	1.45449e-050	1.24566e-053	3.5337e-056	2.50831e-059	7.18943e-062	7.49991e-065	4.29615e-067	3.40244e-070	1.167e-072	1.4737e-075	7.8678e-078	8.52491e-081	4.43782e-083	2.67166e-085	
Blattella_bisignata	0	0	0	0	0	1	0	0	0	0	0	0	0	0	0	0	0	0	0	0	0	0	0	0	0	0	0	0	0	0	0	0	0	0	0	0	0	0	0	0	0	0	0	0	0	
Blattella_germanica	0	0	0	0	0	1	0	0	0	0	0	0	0	0	0	0	0	0	0	0	0	0	0	0	0	0	0	0	0	0	0	0	0	0	0	0	0	0	0	0	0	0	0	0	0	
Blattella_sauteri	0	0	0	0	0	1	0	0	0	0	0	0	0	0	0	0	0	0	0	0	0	0	0	0	0	0	0	0	0	0	0	0	0	0	0	0	0	0	0	0	0	0	0	0	0	
Loboptera_decipiens	0	0	0	0	0	0	0	0	0	0	1	0	0	0	0	0	0	0	0	0	0	0	0	0	0	0	0	0	0	0	0	0	0	0	0	0	0	0	0	0	0	0	0	0	0	
N90	0.000970912	0.00225743	0.00475186	0.010296	0.0208225	0.0396846	0.0888896	0.184813	0.260956	0.226579	0.116002	0.0361554	0.00679351	0.000930896	8.76545e-005	8.44032e-006	5.31715e-007	3.57231e-008	1.37071e-009	5.58785e-011	1.29385e-012	3.30205e-014	4.84905e-016	8.23557e-018	8.06633e-020	9.67695e-022	6.58332e-024	5.8572e-026	2.88733e-028	2.02454e-030	7.51071e-033	4.33141e-035	1.31745e-037	7.0867e-040	1.88609e-042	9.22164e-045	2.45641e-047	1.23781e-049	2.90699e-052	1.19033e-054	2.79698e-057	1.21174e-059	3.49154e-062	1.84345e-064	1.11009e-066	
N91	4.94635e-006	9.13254e-005	0.00421661	0.0415818	0.0222949	0.00468	0.00432814	0.0377946	0.156945	0.305749	0.283205	0.118901	0.0193408	0.000855883	1.1057e-005	7.72809e-008	3.2827e-010	1.92914e-012	5.9639e-015	2.81168e-017	5.21235e-020	1.45976e-022	1.63601e-025	2.83812e-028	2.04152e-031	2.33722e-034	1.13033e-037	8.99649e-041	3.03483e-044	1.76132e-047	4.26829e-051	1.87947e-054	3.37204e-058	1.18443e-061	1.61546e-065	4.67225e-069	5.21631e-073	1.46825e-076	1.40128e-080	3.68648e-084	4.29742e-088	1.74631e-091	3.51608e-095	2.02004e-098	1.14171e-101	
Hemithyrsocera_sp	0	0	0	0	0	0	1	0	0	0	0	0	0	0	0	0	0	0	0	0	0	0	0	0	0	0	0	0	0	0	0	0	0	0	0	0	0	0	0	0	0	0	0	0	0	
N92	2.13071e-007	1.02823e-005	0.000578549	0.00421283	0.0012628	0.000137663	8.49598e-005	0.000843298	0.0128043	0.0913868	0.288882	0.373163	0.158697	0.0621257	0.00357251	0.0022082	2.52367e-005	4.64358e-006	1.62438e-008	1.14746e-009	1.56984e-012	4.29117e-014	3.0499e-017	3.7483e-019	1.60476e-022	1.0221e-024	2.85783e-028	1.05852e-030	2.02927e-034	4.85094e-037	6.56556e-041	1.10098e-043	1.36425e-047	7.42401e-050	6.12677e-054	1.80394e-056	1.10122e-059	1.4378e-061	8.52802e-066	1.55444e-068	6.4883e-072	6.11191e-074	2.93713e-078	5.98666e-081	3.15477e-083	
Symplocodes_sp	0	0	0	0	0	0	0	0	0	0	0	0	0	1	0	0	0	0	0	0	0	0	0	0	0	0	0	0	0	0	0	0	0	0	0	0	0	0	0	0	0	0	0	0	0	
Xestoblatta_sp	0	0	0	0	0	0	0	0	0	0	0	0	1	0	0	0	0	0	0	0	0	0	0	0	0	0	0	0	0	0	0	0	0	0	0	0	0	0	0	0	0	0	0	0	0	
N93	4.68599e-005	9.68818e-005	0.000108758	0.000359642	0.000438788	0.000285862	0.000637533	0.0690883	0.261457	0.366328	0.229931	0.064685	0.00651703	1.89255e-005	2.13526e-008	1.39635e-011	5.72453e-015	2.25566e-018	6.45473e-022	2.45659e-025	5.55989e-029	1.62417e-032	2.5833e-036	5.19008e-040	5.73369e-044	8.01442e-048	6.23544e-052	6.24141e-056	3.48816e-060	2.59095e-064	1.059e-068	6.02239e-073	1.84164e-077	8.36184e-082	1.94865e-086	7.24071e-091	1.3389e-095	4.40788e-100	6.68791e-105	1.964e-109	2.99459e-114	1.13923e-118	3.58148e-123	2.2108e-127	1.30195e-131	
Lobopterella_dimidiatipes	0	0	0	0	0	0	0	0	0	0	0	0	1	0	0	0	0	0	0	0	0	0	0	0	0	0	0	0	0	0	0	0	0	0	0	0	0	0	0	0	0	0	0	0	0	
Symploce_sp	0	0	0	0	0	0	0	1	0	0	0	0	0	0	0	0	0	0	0	0	0	0	0	0	0	0	0	0	0	0	0	0	0	0	0	0	0	0	0	0	0	0	0	0	0	
