NODE	6	7	8	9	10	11	12	13	14	15	16	17	18	19	
N1	0.407993	0.299399	0.17538	0.0791962	0.0279538	0.00788349	0.00179931	0.000336421	5.18451e-005	6.61566e-006	7.06659e-007	6.51749e-008	5.71281e-009	6.84144e-010	
N2	0.555594	0.237232	0.111796	0.0466574	0.0216987	0.0147249	0.0103657	0.0013367	0.000516183	5.58429e-005	1.72496e-005	2.82794e-006	1.3047e-006	6.89854e-007	
N3	0.53954	0.164458	0.0514577	0.0264552	0.0284834	0.0462364	0.0731367	0.0272842	0.0195575	0.00636829	0.00487683	0.00357882	0.00383202	0.00473447	
N4	4.16844e-011	6.80287e-014	2.8216e-009	0.00010174	0.998355	0.00154266	6.06579e-007	6.65559e-011	8.98362e-015	2.9351e-031	6.28359e-031	1.33067e-030	2.87596e-030	6.13658e-030	
Acanthops_falcata	0	0	0	0	1	0	0	0	0	0	0	0	0	0	
Pseudacanthops_sp	0	0	0	0	1	0	0	0	0	0	0	0	0	0	
N5	0.37454	0.109232	0.0385768	0.0303623	0.0501945	0.100355	0.174338	0.0490491	0.0365824	0.00947816	0.00742017	0.00473208	0.00610453	0.00903503	
Liturgusa_cursor	0	0	0	0	0	0	0	0	0	0	0	1	0	0	
Liturgusa_maya	0	0	0	1	0	0	0	0	0	0	0	0	0	0	
N6	0.552975	0.222852	0.106568	0.0483904	0.0275296	0.0225671	0.0173139	0.00131889	0.000446933	2.77452e-005	8.26432e-006	9.05801e-007	4.23008e-007	2.09252e-007	
N7	0.560216	0.220742	0.116065	0.0549416	0.0287767	0.0139392	0.00498076	0.000287262	4.88287e-005	2.48809e-006	4.02214e-007	5.55523e-008	2.16315e-008	1.26196e-008	
N8	0.557807	0.221639	0.118744	0.0559215	0.0281807	0.0127572	0.00464942	0.000251769	4.69757e-005	2.13809e-006	3.95016e-007	4.74302e-008	2.09624e-008	1.65359e-008	
N9	0.328162	0.220107	0.18603	0.0907331	0.0596792	0.0626926	0.049586	0.00210904	0.000781559	3.98854e-005	3.06881e-005	7.09769e-006	1.43252e-005	2.6855e-005	
N10	0.2401	0.233264	0.235023	0.129726	0.0835201	0.0533159	0.023626	0.000988812	0.000257445	4.21867e-005	5.76188e-005	2.32448e-005	2.87147e-005	2.83903e-005	
N11	0.174628	0.251333	0.322614	0.168123	0.0649271	0.0156009	0.0022972	0.000112405	0.000133917	7.75945e-005	8.84452e-005	3.67442e-005	1.98186e-005	8.61762e-006	
N12	0.143014	0.268553	0.375331	0.157202	0.0365814	0.0059836	0.00176138	0.00021502	0.00257838	0.00120326	0.00547666	0.000559879	0.000894648	0.00064689	
N13	0.124075	0.286972	0.411055	0.136666	0.0214288	0.00277609	0.000937482	0.000256136	0.00330047	0.00247074	0.00751731	0.00101309	0.00096909	0.000561949	
N14	0.106931	0.305506	0.424256	0.111319	0.0123427	0.00147984	0.000914448	0.000412625	0.00802646	0.00619317	0.0182153	0.00194397	0.00161172	0.000848484	
N15	0.086797	0.343386	0.259889	0.0357772	0.00294604	0.000712042	0.00160939	0.00700366	0.0888811	0.0773945	0.075484	0.011983	0.00553743	0.00259999	
Antemna_rapax	0	0	0	0	0	0	0	0	1	0	0	0	0	0	
N16	0.0557772	0.332482	0.145289	0.0107715	0.000569258	0.000168261	0.00161979	0.015792	0.212035	0.140122	0.0739982	0.00815213	0.00234264	0.000881897	
Archimantis_sobrina	0	0	0	0	0	0	0	0	1	0	0	0	0	0	
Sphodropoda_sp	0	0	0	0	0	0	0	0	1	0	0	0	0	0	
N17	0.0770599	0.368118	0.305347	0.0400701	0.00263413	0.000458135	0.000821408	0.00369204	0.065307	0.059372	0.0648031	0.00779435	0.00323901	0.00128429	
N18	0.053269	0.388181	0.218201	0.0169965	0.000697425	0.000113684	0.000638859	0.00615916	0.133588	0.102824	0.0713275	0.00596308	0.00153931	0.00050181	
N19	0.0159959	0.325684	0.0676036	0.00188112	3.17958e-005	4.7139e-006	0.000254301	0.0106418	0.373312	0.163935	0.0390929	0.00139709	0.000146584	1.81433e-005	
N20	0.00646487	0.233579	0.0263999	0.000355066	2.91992e-006	1.02222e-006	0.000176053	0.0141518	0.546613	0.153877	0.0180341	0.000316342	2.41179e-005	4.42125e-006	
Polyspilota_aeruginosa	0	0	0	0	0	0	0	0	1	0	0	0	0	0	
Tenodera_superstitiosa	0	0	0	0	0	0	0	0	1	0	0	0	0	0	
Tenodera_aridifolia	0	0	0	0	0	0	0	0	1	0	0	0	0	0	
Tenodera_australasiae	0	0	0	0	0	0	0	0	1	0	0	0	0	0	
Sphodromantis_sp	0	0	0	0	0	0	0	0	1	0	0	0	0	0	
N21	0.156261	0.298958	0.325856	0.0901905	0.0126644	0.00293836	0.00768872	0.00433494	0.0312252	0.0136114	0.0378629	0.00468915	0.00715188	0.00656753	
Orthodera_sp	0	0	0	0	0	0	0	1	0	0	0	0	0	0	
Vates_sp	0	0	0	0	0	0	0	0	1	0	0	0	0	0	
Parathespis_humbertiana	0	0	0	0	0	0	0	0	0	0	1	0	0	0	
N22	0.19072	0.278065	0.338723	0.144314	0.0340468	0.00741062	0.00378437	0.000628162	0.00140619	0.000385471	0.000413217	5.38749e-005	3.19813e-005	1.78114e-005	
N23	0.206655	0.461672	0.255911	0.042403	0.00678851	0.00707172	0.0138538	0.00433275	0.00119179	0.000103315	1.49939e-005	1.54052e-006	2.26428e-007	3.46151e-008	
N24	0.00761105	0.572431	0.407947	0.0110084	0.00036196	6.25918e-005	0.000240359	0.000221586	0.000114939	1.28295e-006	1.02295e-008	6.53221e-011	7.27635e-013	6.82429e-015	
Cheddikulama_straminea	0	0	0	0	0	0	0	0	1	0	0	0	0	0	
Miomantis_sp	0	0	1	0	0	0	0	0	0	0	0	0	0	0	
Harpagomantis_tricolor	0	0	0	0	0	0	0	1	0	0	0	0	0	0	
N25	0.150166	0.307011	0.284878	0.0730703	0.0116364	0.00373276	0.00592085	0.00584964	0.0476315	0.0290235	0.0528036	0.00994121	0.00990488	0.0084298	
N26	0.0454922	0.295387	0.0869649	0.00677235	0.000492309	0.000129377	0.00195942	0.0240492	0.300841	0.158885	0.0662546	0.0100118	0.00227045	0.000490438	
Hierodula_patellifera	0	0	0	0	0	0	0	0	1	0	0	0	0	0	
Statilia_maculata	0	0	0	0	0	0	0	0	1	0	0	0	0	0	
Mantis_religiosa	0	0	0	0	0	0	0	0	1	0	0	0	0	0	
Choeradodis_rhombicollis	0	0	0	0	0	0	0	0	0	0	1	0	0	0	
N27	0.128782	0.152963	0.18589	0.0979026	0.0478147	0.0285561	0.0247932	0.0104862	0.0282799	0.0257897	0.0517704	0.0471547	0.0722524	0.0975649	
N28	0.00879029	0.0664566	0.0710188	0.0115014	0.00156225	0.000434563	0.0014791	0.00894589	0.12079	0.276784	0.271402	0.114422	0.0361971	0.0102168	
Creobroter_laevicollis	0	0	0	0	0	0	0	0	1	0	0	0	0	0	
Kongobatha_sp	0	0	0	0	0	0	0	0	0	1	0	0	0	0	
N29	0.119418	0.156722	0.183547	0.0887889	0.0374826	0.0199889	0.0181037	0.0107445	0.033752	0.0353859	0.067102	0.0593198	0.0759593	0.0936854	
N30	0.0337594	0.177241	0.0686026	0.00902775	0.000969409	0.000223546	0.00192536	0.0231999	0.244779	0.241016	0.143755	0.0430739	0.010158	0.00226866	
Empusa_sp	0	0	0	0	0	0	0	0	1	0	0	0	0	0	
Gongylus_sp	0	0	0	0	0	0	0	0	1	0	0	0	0	0	
Hestiasula_sp	0	0	0	0	0	0	0	0	1	0	0	0	0	0	
N31	0.570597	0.226669	0.111928	0.0503249	0.0229418	0.0100921	0.00613751	0.000458788	0.00059594	4.07503e-005	0.000137577	8.42995e-006	2.8366e-005	3.9769e-005	
N32	0.59347	0.232663	0.101381	0.0394826	0.0158365	0.00784929	0.00673549	0.000928494	0.00111561	0.000161826	0.000226515	3.47085e-005	5.25275e-005	6.25758e-005	
N33	0.595753	0.2262	0.0848412	0.0294021	0.013201	0.0127353	0.0235094	0.00452941	0.0065201	0.00111232	0.00124139	0.000228846	0.000311679	0.000414141	
N34	0.601548	0.163773	0.0475752	0.0237723	0.0227482	0.0351108	0.065516	0.0206395	0.014628	0.0026724	0.00122902	0.00038169	0.000235486	0.000171371	
Callimantis_antillarum	0	0	0	1	0	0	0	0	0	0	0	0	0	0	
Ligaria_sp	0	0	0	0	0	0	1	0	0	0	0	0	0	0	
Dystacta_alticeps	0	0	0	0	0	0	0	1	0	0	0	0	0	0	
N35	0.574415	0.222086	0.0880423	0.0314534	0.0132411	0.0118957	0.0340689	0.00472435	0.0114886	0.00142727	0.00335486	0.000402475	0.00114312	0.00225705	
Deiphobe_sp	0	0	0	0	1	0	0	0	0	0	0	0	0	0	
Iris_sp	0	0	0	0	0	0	0	1	0	0	0	0	0	0	
Humbertiella_similis	0	0	0	0	0	0	0	0	0	0	1	0	0	0	
N36	0.333614	0.121372	0.0657487	0.0523024	0.0663017	0.110372	0.158869	0.039545	0.0287038	0.00701858	0.00524839	0.00280547	0.0034683	0.00463109	
Didymocorypha_lanceolata	0	0	1	0	0	0	0	0	0	0	0	0	0	0	
Schizocephala_bicornis	0	0	0	0	0	0	0	0	0	1	0	0	0	0	
N37	0.0962152	0.0547005	0.0395493	0.0321387	0.0295217	0.0308447	0.0419118	0.0246452	0.0339398	0.0302475	0.0565609	0.0939729	0.163809	0.271943	
N38	4.19302e-007	0.000416031	6.88204e-005	2.00303e-007	3.87562e-010	5.33162e-011	7.86355e-008	0.000145602	0.17263	0.809089	0.0175213	0.000127787	4.80607e-007	1.13639e-009	
Antistia_sp	0	0	0	0	0	0	0	0	1	0	0	0	0	0	
Bolbe_pallida	0	0	0	0	0	0	0	0	0	1	0	0	0	0	
Cliomantis_cornuta	0	0	0	0	0	0	0	1	0	0	0	0	0	0	
N39	0.322556	0.143801	0.0695663	0.0337661	0.0260754	0.0430583	0.0845034	0.031024	0.0410083	0.0160838	0.0217808	0.0164869	0.042079	0.108211	
N40	0.102771	0.0412429	0.0208285	0.0165066	0.0246227	0.0482266	0.0896752	0.0356272	0.0409829	0.0200955	0.0314883	0.0481563	0.132779	0.346998	
Oligonyx_sp	0	0	0	0	0	0	0	0	0	1	0	0	0	0	
Thesprotia_graminis	0	0	0	0	0	0	0	0	0	1	0	0	0	0	
Pseudomiopteryx_infuscata	0	0	0	1	0	0	0	0	0	0	0	0	0	0	
