NODE	13	14	15	16	17	18	19	20	21	22	23	24	25	26	27	28	29	30	31	32	33	34	35	36	37	38	39	40	41	42	43	44	45	46	47	48	49	50	51	
N1	2.50042e-018	1.56029e-018	1.67109e-013	6.1549e-010	8.69231e-007	0.000363031	0.0330905	0.426978	0.467672	0.066905	0.00482283	0.000167007	1.29097e-006	2.52323e-009	1.85418e-012	4.86425e-018	7.03561e-020	8.15844e-022	7.80977e-024	6.27445e-026	4.27544e-028	2.49148e-030	1.25123e-032	5.4558e-035	2.0804e-037	6.98509e-040	2.07826e-042	5.51168e-045	1.30999e-047	2.8041e-050	5.43019e-053	9.55278e-056	1.53253e-058	2.25058e-061	3.03865e-064	3.79634e-067	4.43831e-070	4.94809e-073	5.60653e-076	
N2	5.2708e-014	1.3956e-012	4.77594e-010	1.44166e-007	2.42279e-005	0.00192616	0.0579023	0.445118	0.428619	0.0607903	0.00537381	0.000243625	2.79191e-006	9.40326e-009	1.86739e-011	2.63466e-014	6.25934e-017	6.24123e-017	2.71249e-018	3.02655e-018	1.0436e-019	7.65427e-020	2.03869e-021	9.8815e-022	1.7199e-023	5.7434e-024	4.30425e-026	1.06597e-026	2.15304e-029	3.54071e-030	3.05353e-033	2.53713e-034	1.72919e-037	1.29556e-038	1.41252e-041	1.0322e-042	7.73353e-046	3.87033e-047	4.63245e-048	
N3	1.00266e-011	7.16745e-012	2.03875e-009	6.57249e-007	8.98479e-005	0.00494779	0.0968972	0.507713	0.379192	0.0106451	0.000495552	1.81228e-005	1.76787e-007	5.062e-010	5.18033e-013	2.36589e-016	7.71963e-020	7.98021e-022	5.24833e-024	8.07487e-026	3.74546e-028	2.88938e-030	8.87671e-033	3.77002e-035	6.65982e-038	1.63149e-040	1.2487e-043	1.88474e-046	4.05018e-050	3.58025e-053	3.07566e-057	1.31102e-060	8.17298e-065	2.91969e-068	1.88198e-072	6.79068e-076	4.47805e-080	2.65945e-083	1.41082e-086	
N4	2.25189e-017	6.6659e-017	5.46499e-014	2.84356e-010	5.32639e-007	0.00028173	0.0289304	0.418057	0.545425	0.00725525	4.91724e-005	2.16337e-007	2.51815e-010	9.97729e-014	2.75041e-017	3.66917e-019	2.2943e-022	2.90644e-024	7.77549e-028	5.84403e-030	6.89918e-034	3.39479e-036	1.96621e-040	6.97796e-043	2.28293e-047	6.07808e-050	1.1984e-054	2.06949e-057	2.46216e-062	2.10448e-065	1.81587e-070	4.23104e-073	9.65722e-076	2.04692e-076	1.74675e-079	1.1183e-080	6.58686e-084	5.40114e-085	5.89402e-086	
N5	2.78923e-022	5.69063e-024	2.8863e-021	2.27766e-016	8.19692e-012	1.01718e-007	0.000285822	0.0797994	0.910705	0.00920009	9.50898e-006	2.43253e-009	2.2921e-013	1.03578e-017	5.11787e-022	2.02056e-024	5.98751e-028	1.80696e-030	2.93492e-034	4.20979e-037	8.37978e-041	2.90364e-041	2.4538e-043	1.14329e-044	3.59021e-047	3.26465e-046	1.05379e-046	4.54678e-045	3.61019e-043	4.34963e-040	9.35183e-039	1.25395e-036	1.63128e-036	1.09336e-035	5.93384e-037	6.8274e-037	1.35115e-036	1.71546e-035	1.72116e-034	
N6	8.75987e-025	1.72902e-023	3.87863e-020	1.49339e-015	2.83709e-011	2.13866e-007	0.000429869	0.0785407	0.915288	0.00573615	4.89566e-006	1.25133e-009	1.34145e-013	7.28156e-018	2.2578e-022	6.36137e-027	3.73033e-030	4.10933e-031	5.14891e-034	3.28718e-035	2.8823e-038	1.07869e-039	6.78473e-043	1.50344e-044	6.19929e-048	8.35184e-050	1.47512e-053	1.33564e-055	4.10987e-060	2.4963e-062	1.29982e-067	1.30871e-070	4.65669e-076	1.47549e-079	3.62633e-085	6.47909e-089	4.17355e-094	2.14574e-096	1.02884e-098	
N7	2.78484e-025	9.47847e-027	2.19679e-024	2.61772e-019	1.68227e-014	4.86295e-010	4.80715e-006	0.00927139	0.985923	0.00479803	2.7351e-006	4.29246e-010	2.67251e-014	8.08928e-019	1.36302e-023	3.65017e-027	2.16836e-030	3.84093e-032	1.42989e-035	1.33335e-037	3.21302e-041	1.61534e-043	2.56658e-047	6.92432e-050	6.44897e-054	9.3531e-057	3.24758e-061	9.25695e-063	5.85627e-064	1.64248e-061	1.15181e-061	1.99254e-060	2.45313e-061	2.77561e-061	5.3735e-065	4.11575e-067	1.18974e-069	2.20679e-070	3.08405e-071	
N8	1.7502e-027	8.92652e-029	5.75633e-026	8.57931e-021	7.30297e-016	3.03338e-011	4.98462e-007	0.00219336	0.993878	0.0039264	1.85834e-006	2.47871e-010	1.33669e-014	3.55491e-019	5.28088e-024	7.00309e-029	1.47219e-032	3.68729e-034	1.4623e-037	2.03032e-039	5.31024e-043	4.14335e-045	7.44917e-049	3.2697e-051	4.06233e-055	1.21413e-057	5.46424e-060	2.40576e-060	2.03741e-060	4.54181e-057	1.39954e-056	1.21376e-054	8.68487e-055	2.71229e-052	7.44375e-054	7.85896e-054	1.71537e-054	5.12515e-053	1.24704e-051	
N9	1.95865e-031	7.10263e-033	1.32831e-029	8.12853e-024	2.7679e-018	4.57543e-013	2.98411e-008	0.000525014	0.997691	0.00178395	3.14132e-007	1.41519e-011	2.42896e-016	1.97455e-021	8.70822e-027	2.39759e-032	3.55774e-037	5.9073e-039	9.96014e-043	9.97317e-045	1.09547e-048	6.12492e-051	4.56441e-055	1.43423e-057	7.23126e-062	6.29225e-064	4.18894e-066	1.31757e-066	8.4348e-067	4.94597e-064	1.2174e-064	2.46001e-063	1.04281e-064	8.73794e-065	7.50185e-069	4.83277e-071	1.87639e-074	4.71816e-075	9.91724e-076	
N10	8.00263e-029	1.97099e-030	2.23425e-027	4.98562e-022	6.42965e-017	4.22061e-012	1.16662e-007	0.000957702	0.996606	0.00243593	7.44811e-007	6.68586e-011	2.5029e-015	4.7319e-020	5.09275e-025	4.01023e-030	2.53761e-034	2.9853e-036	6.95223e-040	4.78928e-042	7.26313e-046	2.84148e-048	2.91124e-052	6.45782e-055	4.54626e-059	5.68576e-062	2.08302e-065	3.2877e-066	3.44495e-068	6.77481e-066	4.5195e-065	3.67234e-063	3.24137e-063	1.72636e-062	3.12606e-066	2.14201e-068	6.58617e-071	8.96705e-072	9.17512e-073	
N11	4.94628e-034	3.67136e-036	1.03708e-032	2.34582e-026	2.7109e-020	1.45226e-014	3.02833e-009	0.00016931	0.999108	0.000722534	4.63887e-008	7.32061e-013	4.29138e-018	1.15223e-023	1.59134e-029	1.28666e-035	6.70198e-041	1.44108e-041	1.66385e-043	1.07497e-043	9.87619e-046	4.27295e-046	3.11896e-048	8.81494e-049	5.06579e-051	8.89959e-052	3.79836e-054	3.84356e-055	1.40938e-057	1.74095e-051	4.74621e-048	4.30031e-043	1.45492e-040	4.07581e-037	6.34755e-039	6.35304e-039	1.16879e-039	4.50516e-038	1.40361e-036	
N12	3.80908e-037	4.92532e-037	2.17747e-034	6.23925e-030	4.39854e-023	1.52365e-016	1.82059e-010	4.92402e-005	0.999728	0.000222989	3.43183e-009	1.12884e-014	1.25061e-020	5.912e-027	1.68319e-033	6.56783e-038	1.34013e-040	1.38806e-040	2.08512e-042	1.60986e-042	1.99611e-044	1.09187e-044	1.1456e-046	4.42006e-047	3.99216e-049	1.06147e-049	8.32645e-052	1.44994e-052	9.24985e-055	9.51196e-056	1.73117e-059	1.12973e-061	1.28278e-065	6.26405e-068	4.69664e-072	2.03782e-074	3.75594e-077	4.76622e-078	4.43251e-079	
N13	2.17023e-034	1.20074e-037	7.60715e-036	6.78231e-030	5.25804e-023	1.71792e-016	1.93804e-010	5.01728e-005	0.999726	0.000224191	3.50326e-009	1.17981e-014	1.34674e-020	6.67064e-027	5.69894e-032	2.52605e-035	8.77417e-039	2.39273e-042	5.24294e-046	9.43249e-050	1.40338e-053	1.40395e-056	8.53756e-061	1.6575e-061	4.81209e-066	7.10337e-067	8.73098e-072	8.30266e-073	2.33934e-078	1.60771e-079	1.59944e-087	1.74121e-090	1.29495e-098	3.03499e-102	1.62446e-110	1.49452e-114	8.17368e-123	2.97066e-127	5.90322e-126	
Amitermes_darwini	0	0	0	0	0	0	0	0	1	0	0	0	0	0	0	0	0	0	0	0	0	0	0	0	0	0	0	0	0	0	0	0	0	0	0	0	0	0	0	
Pericapritermes_sp	0	0	0	0	0	0	0	0	1	0	0	0	0	0	0	0	0	0	0	0	0	0	0	0	0	0	0	0	0	0	0	0	0	0	0	0	0	0	0	
Amitermes_germanus	0	0	0	0	0	0	0	0	1	0	0	0	0	0	0	0	0	0	0	0	0	0	0	0	0	0	0	0	0	0	0	0	0	0	0	0	0	0	0	
N14	1.01095e-031	8.58997e-034	6.70893e-030	5.02391e-024	1.86488e-018	3.15049e-013	2.10466e-008	0.000411387	0.998397	0.00119177	1.63192e-007	6.24919e-012	9.49936e-017	6.71326e-022	2.40851e-027	3.57764e-032	3.03097e-035	2.9053e-038	1.76494e-041	8.71824e-043	3.6058e-046	3.6826e-047	1.08804e-050	5.70904e-052	1.23817e-055	3.47249e-057	5.36433e-061	8.34105e-063	6.67897e-067	6.31956e-069	3.54338e-075	7.67521e-079	2.87929e-085	2.4442e-089	5.60266e-096	3.10739e-100	1.30778e-105	1.02492e-107	4.83977e-110	
Amitermes_parvus	0	0	0	0	0	0	0	0	1	0	0	0	0	0	0	0	0	0	0	0	0	0	0	0	0	0	0	0	0	0	0	0	0	0	0	0	0	0	0	
Drepanotermes_septentrionalis	0	0	0	0	0	0	0	0	1	0	0	0	0	0	0	0	0	0	0	0	0	0	0	0	0	0	0	0	0	0	0	0	0	0	0	0	0	0	0	
N15	2.20668e-028	4.46189e-030	7.88612e-027	1.41602e-021	1.47352e-016	7.84004e-012	1.76072e-007	0.00117566	0.996206	0.00261733	8.69805e-007	8.56914e-011	3.55432e-015	7.52132e-020	9.16437e-025	8.63678e-030	6.4684e-034	6.1939e-036	1.44648e-039	8.40506e-042	1.33685e-045	4.63973e-048	5.28156e-052	1.10937e-054	9.34867e-059	1.1749e-061	7.43842e-066	5.36143e-069	2.31337e-073	8.67946e-077	1.81613e-082	6.72964e-087	7.63914e-093	1.89083e-097	1.25488e-103	2.45975e-108	2.09404e-113	5.96362e-117	1.20336e-120	
Microcerotermes_boreus	0	0	0	0	0	0	0	0	1	0	0	0	0	0	0	0	0	0	0	0	0	0	0	0	0	0	0	0	0	0	0	0	0	0	0	0	0	0	0	
Microcerotermes_nervosus	0	0	0	0	0	0	0	0	1	0	0	0	0	0	0	0	0	0	0	0	0	0	0	0	0	0	0	0	0	0	0	0	0	0	0	0	0	0	0	
N16	1.78084e-030	2.04985e-031	8.02224e-028	2.35818e-022	3.88117e-017	3.13888e-012	1.02282e-007	0.000933708	0.996871	0.00219472	5.55647e-007	3.90133e-011	1.09744e-015	1.51305e-020	1.15954e-025	5.59543e-031	1.47121e-035	6.29653e-037	2.30412e-040	6.04477e-042	1.44755e-045	2.15118e-047	3.51686e-051	2.97937e-053	3.40025e-057	1.61399e-059	2.10284e-063	4.12271e-064	2.75783e-064	2.753e-061	2.2876e-060	4.38067e-057	1.14107e-055	8.99834e-053	1.2686e-054	1.29931e-054	2.44969e-055	1.33417e-053	5.7358e-052	
N17	4.20414e-029	8.67889e-029	1.46557e-024	2.61259e-019	2.42579e-014	9.75358e-010	1.18414e-005	0.012497	0.985663	0.00182764	4.41778e-007	3.18011e-011	9.61288e-016	1.47109e-020	1.28017e-025	8.75296e-031	4.53463e-035	2.27412e-037	3.04362e-041	8.59668e-044	7.20304e-048	1.10256e-050	5.91103e-055	4.81537e-058	1.65142e-062	9.00813e-066	2.0242e-068	4.60818e-067	4.75469e-062	1.45222e-053	1.33817e-047	4.30429e-041	1.1495e-038	5.92013e-036	1.98525e-037	1.93472e-037	1.02854e-037	1.63914e-036	2.10283e-035	
N18	1.37424e-030	1.60243e-028	9.2337e-024	3.84365e-018	8.19689e-013	7.38595e-008	0.00186451	0.114661	0.883222	0.000252579	1.33058e-008	2.44463e-013	2.05814e-018	9.237e-024	2.42919e-029	4.37597e-035	5.46366e-040	3.05138e-042	2.38014e-046	7.61033e-049	3.67223e-053	6.15842e-056	1.83138e-060	1.53947e-063	2.71324e-068	1.0366e-071	9.70479e-077	1.39381e-080	4.70354e-086	1.70464e-090	4.9359e-098	2.19303e-065	2.98895e-070	8.63463e-035	1.55217e-036	1.52913e-036	4.4726e-037	1.40641e-035	3.51781e-034	
Crenetermes_albotarsalis	0	0	0	0	0	0	0	0	1	0	0	0	0	0	0	0	0	0	0	0	0	0	0	0	0	0	0	0	0	0	0	0	0	0	0	0	0	0	0	
Procubitermes_sp	0	0	0	0	0	0	1	0	0	0	0	0	0	0	0	0	0	0	0	0	0	0	0	0	0	0	0	0	0	0	0	0	0	0	0	0	0	0	0	
N19	2.84011e-030	5.79102e-032	2.59786e-028	1.10271e-022	2.53839e-017	2.76158e-012	1.13502e-007	0.00115168	0.997849	0.000998947	1.23433e-007	4.45064e-012	6.65377e-017	4.98034e-022	2.09541e-027	1.87206e-032	2.99739e-036	2.88179e-038	3.789e-042	1.86148e-044	1.50628e-048	3.77276e-051	1.89316e-055	2.3214e-058	6.78874e-063	3.77011e-066	4.2881e-071	1.05389e-074	1.9864e-080	1.90453e-084	1.76141e-091	4.23288e-097	3.85835e-105	4.14478e-037	6.57802e-039	6.5154e-039	2.08995e-039	7.59658e-038	2.17303e-036	
Cubitermes_sp	0	0	0	0	0	0	0	0	1	0	0	0	0	0	0	0	0	0	0	0	0	0	0	0	0	0	0	0	0	0	0	0	0	0	0	0	0	0	0	
Thoracotermes_macrothorax	0	0	0	0	0	0	0	0	1	0	0	0	0	0	0	0	0	0	0	0	0	0	0	0	0	0	0	0	0	0	0	0	0	0	0	0	0	0	0	
N20	3.64929e-028	2.80322e-029	2.81899e-026	4.11291e-021	3.4863e-016	1.50227e-011	2.71988e-007	0.00145931	0.994942	0.00359725	1.62611e-006	2.15046e-010	1.183e-014	3.28277e-019	5.18657e-024	5.64724e-029	4.97736e-033	1.79917e-034	9.13016e-038	2.012e-039	6.99835e-043	9.20742e-045	2.31561e-048	1.85407e-050	3.49769e-054	1.69503e-056	2.42038e-060	6.87809e-063	6.33028e-067	1.11682e-069	2.21887e-074	1.56514e-076	2.00657e-080	1.06764e-082	9.19744e-087	4.23885e-089	6.07539e-092	8.10805e-093	8.08314e-094	
N21	3.10155e-030	6.6475e-032	1.911e-028	6.50975e-023	1.27318e-017	1.263e-012	5.2539e-008	0.00064573	0.997727	0.00162697	3.25721e-007	1.89392e-011	4.55972e-016	5.51507e-021	3.78193e-026	1.77137e-031	5.25719e-036	5.08746e-038	8.54364e-042	4.97035e-044	5.4343e-048	1.78737e-050	1.3159e-054	2.43445e-057	1.22517e-061	2.67729e-064	1.58344e-066	3.0284e-067	2.28105e-069	2.14772e-068	2.81588e-067	5.99503e-065	9.60568e-065	1.23962e-063	1.80008e-067	1.11072e-069	1.71512e-072	2.51879e-073	2.82228e-074	
N22	1.64752e-037	3.00188e-038	2.36587e-035	5.9744e-029	3.7792e-022	6.63733e-016	3.62636e-010	5.59502e-005	0.999739	0.00020544	4.27121e-009	2.32375e-014	4.45931e-020	2.94068e-026	7.35164e-033	7.45879e-039	5.44896e-042	6.02507e-042	7.44346e-044	6.18579e-044	5.99721e-046	3.31941e-046	2.53939e-048	9.10241e-049	5.42345e-051	1.19106e-051	5.1764e-054	6.37919e-055	1.46108e-057	9.13547e-059	3.73503e-063	9.56639e-066	1.12703e-070	2.21974e-037	2.84069e-039	2.85361e-039	4.95947e-040	2.33273e-038	8.78046e-037	
Ephelotermes_melachoma	0	0	0	0	0	0	0	0	1	0	0	0	0	0	0	0	0	0	0	0	0	0	0	0	0	0	0	0	0	0	0	0	0	0	0	0	0	0	0	
N23	1.62162e-035	5.59415e-039	5.63846e-036	9.10172e-029	5.50135e-022	8.85362e-016	4.31108e-010	6.03104e-005	0.999744	0.000196184	4.01334e-009	2.20849e-014	4.42783e-020	3.10671e-026	1.23154e-032	1.19131e-036	2.51937e-040	4.05568e-044	5.04556e-048	7.72988e-052	5.90392e-056	2.08397e-057	9.8189e-062	2.90675e-063	8.18058e-068	6.15916e-070	8.95009e-075	2.11579e-077	8.99833e-083	8.09591e-086	7.77191e-094	4.22335e-099	4.69643e-108	2.22403e-039	4.48864e-042	5.05341e-042	5.92777e-045	8.40952e-041	2.04674e-038	
Ephelotermes_taylori	0	0	0	0	0	0	0	0	1	0	0	0	0	0	0	0	0	0	0	0	0	0	0	0	0	0	0	0	0	0	0	0	0	0	0	0	0	0	0	
Macrognathotermes_sunteri	0	0	0	0	0	0	0	0	1	0	0	0	0	0	0	0	0	0	0	0	0	0	0	0	0	0	0	0	0	0	0	0	0	0	0	0	0	0	0	
Lophotermes_septentrionalis	0	0	0	0	0	0	0	0	1	0	0	0	0	0	0	0	0	0	0	0	0	0	0	0	0	0	0	0	0	0	0	0	0	0	0	0	0	0	0	
N24	1.31989e-034	7.39242e-038	2.21999e-033	5.65083e-027	7.552e-021	4.84728e-015	1.27609e-009	0.000100134	0.99968	0.000220229	6.16027e-009	5.12692e-014	1.7472e-019	2.8554e-025	2.44707e-031	1.57988e-037	5.93585e-043	1.05443e-046	4.71702e-052	2.04525e-056	1.28464e-062	1.15389e-037	1.18237e-037	1.76209e-036	1.81214e-036	2.16455e-035	2.21276e-035	1.99068e-034	1.7993e-034	1.0715e-033	9.14178e-035	9.70639e-035	5.60604e-036	5.25904e-036	2.26611e-037	2.19488e-037	1.21535e-037	1.50588e-036	1.52696e-035	
Tuberculitermes_bycanistes	0	0	0	0	0	0	0	0	1	0	0	0	0	0	0	0	0	0	0	0	0	0	0	0	0	0	0	0	0	0	0	0	0	0	0	0	0	0	0	
Unguitermes_sp	0	0	0	0	0	0	0	0	1	0	0	0	0	0	0	0	0	0	0	0	0	0	0	0	0	0	0	0	0	0	0	0	0	0	0	0	0	0	0	
N25	1.23883e-028	3.0207e-031	7.04668e-028	2.00969e-022	3.16027e-017	2.46724e-012	8.04366e-008	0.000785755	0.997456	0.00175727	4.01369e-007	2.74057e-011	7.81272e-016	1.10742e-020	8.67572e-026	6.67964e-031	2.72857e-035	2.78325e-038	1.33276e-042	6.25679e-046	1.13115e-045	8.0761e-044	5.18542e-046	2.82512e-047	1.44977e-049	2.54451e-050	2.12922e-050	1.28389e-049	1.15524e-049	4.62482e-049	1.01628e-046	3.58527e-042	5.02603e-039	1.84881e-035	1.19087e-036	1.15038e-036	7.85938e-037	6.59432e-036	4.62219e-035	
N26	6.77604e-036	9.08238e-038	2.38058e-033	5.76252e-027	7.66275e-021	5.02248e-015	1.35277e-009	0.000105563	0.999605	0.000289265	9.56459e-009	8.8511e-014	3.30125e-019	6.01037e-025	5.98446e-031	3.61187e-037	9.3667e-043	5.14657e-045	2.25648e-049	7.13565e-052	1.92229e-056	3.08038e-059	5.14936e-064	4.09223e-067	4.12001e-072	1.52561e-075	8.13831e-081	1.2635e-084	2.21735e-090	1.23937e-094	2.39568e-102	2.97476e-108	6.12673e-117	1.81333e-037	2.06034e-039	2.13897e-039	2.35133e-040	1.31238e-038	5.92394e-037	
Nasutitermes_graveolus	0	0	0	0	0	0	0	0	1	0	0	0	0	0	0	0	0	0	0	0	0	0	0	0	0	0	0	0	0	0	0	0	0	0	0	0	0	0	0	
Nasutitermes_triodiae	0	0	0	0	0	0	0	0	1	0	0	0	0	0	0	0	0	0	0	0	0	0	0	0	0	0	0	0	0	0	0	0	0	0	0	0	0	0	0	
N27	1.30366e-039	3.67677e-042	1.87581e-037	5.33399e-030	4.3895e-023	1.22939e-016	1.10915e-010	2.98639e-005	0.999897	7.2813e-005	6.45275e-010	1.68041e-015	1.39406e-021	3.90465e-028	3.147e-035	4.42167e-044	3.57667e-045	2.28477e-043	2.3e-043	1.38237e-041	1.39304e-041	7.08911e-040	7.15215e-040	3.00369e-038	3.02782e-038	1.01075e-036	9.9163e-037	2.49928e-035	1.92749e-035	3.54297e-034	9.54982e-036	1.4884e-035	3.08901e-037	3.25593e-037	5.15714e-039	5.10973e-039	1.26888e-039	4.628e-038	1.34313e-036	
Nasutitermes_longipennis	0	0	0	0	0	0	0	0	1	0	0	0	0	0	0	0	0	0	0	0	0	0	0	0	0	0	0	0	0	0	0	0	0	0	0	0	0	0	0	
Tumulitermes_pastinator	0	0	0	0	0	0	0	0	1	0	0	0	0	0	0	0	0	0	0	0	0	0	0	0	0	0	0	0	0	0	0	0	0	0	0	0	0	0	0	
N28	2.00796e-025	6.17502e-027	7.32172e-025	7.12895e-020	3.9329e-015	1.05166e-010	1.10673e-006	0.00314355	0.987477	0.00936935	9.12061e-006	2.31642e-009	2.26862e-013	1.06198e-017	2.72079e-022	6.98351e-027	1.94946e-030	3.03431e-032	1.23441e-035	1.06103e-037	2.80583e-041	1.36221e-043	2.46882e-047	6.85294e-050	8.76088e-054	4.72212e-056	4.95496e-058	7.97485e-059	1.87437e-059	1.31373e-057	4.03811e-058	1.3659e-057	6.78477e-059	1.99015e-059	6.74076e-063	5.89202e-065	2.2067e-067	3.09117e-068	3.32063e-069	
N29	9.30973e-025	4.63588e-026	2.10761e-023	1.00338e-018	2.79279e-014	3.97158e-010	2.38378e-006	0.00426509	0.985511	0.0102079	1.34159e-005	5.18635e-009	8.37562e-013	6.8551e-017	3.21321e-021	1.14104e-025	2.45351e-029	5.59827e-031	3.9545e-034	5.58573e-036	2.69032e-039	2.26814e-041	7.82693e-045	3.99048e-047	1.01927e-050	3.10752e-053	5.89267e-057	1.03212e-059	1.2464e-063	1.16883e-066	9.2917e-072	1.2203e-075	5.4816e-081	4.18867e-085	1.101e-090	6.4753e-095	1.2553e-099	8.80369e-103	4.54926e-106	
Macrotermes_bellicosus	0	0	0	0	0	0	0	0	1	0	0	0	0	0	0	0	0	0	0	0	0	0	0	0	0	0	0	0	0	0	0	0	0	0	0	0	0	0	0	
Odontotermes_sp	0	0	0	0	0	0	0	0	1	0	0	0	0	0	0	0	0	0	0	0	0	0	0	0	0	0	0	0	0	0	0	0	0	0	0	0	0	0	0	
N30	1.49543e-025	4.46308e-026	2.0156e-023	9.9531e-019	2.89252e-014	4.2242e-010	2.55008e-006	0.00446856	0.98313	0.0123809	1.83067e-005	7.58091e-009	1.26936e-012	1.05244e-016	4.90951e-021	1.47848e-025	2.12316e-029	2.69031e-030	4.42252e-033	3.66681e-034	4.17763e-037	2.07833e-038	1.73071e-041	5.26526e-043	3.28532e-046	6.11291e-048	2.69589e-051	3.07642e-053	6.60319e-057	4.93172e-059	5.0225e-064	5.42403e-066	1.83353e-069	3.9348e-071	1.02575e-074	1.65691e-076	2.51857e-079	1.38053e-079	6.30249e-080	
N31	2.85976e-031	3.82834e-034	3.35329e-030	2.51139e-024	9.88131e-019	1.8678e-013	1.44934e-008	0.000335955	0.998874	0.000790332	7.92614e-008	2.35183e-012	2.84241e-017	1.63981e-022	4.94285e-028	1.07856e-033	1.06783e-038	4.46646e-042	5.75021e-047	6.01236e-051	1.09733e-056	3.02467e-037	3.11207e-037	3.88162e-036	4.00372e-036	4.00115e-035	4.04989e-035	3.05317e-034	2.58607e-034	1.32183e-033	1.36823e-034	1.65936e-034	1.20607e-035	1.14887e-035	6.23452e-037	5.95153e-037	2.5562e-037	2.66613e-036	2.36138e-035	
Microtermes_sp	0	0	0	0	0	0	0	0	1	0	0	0	0	0	0	0	0	0	0	0	0	0	0	0	0	0	0	0	0	0	0	0	0	0	0	0	0	0	0	
Protermes_sp	0	0	0	0	0	0	0	0	1	0	0	0	0	0	0	0	0	0	0	0	0	0	0	0	0	0	0	0	0	0	0	0	0	0	0	0	0	0	0	
Pseudacanthotermes_militaris	0	0	0	0	0	0	0	0	1	0	0	0	0	0	0	0	0	0	0	0	0	0	0	0	0	0	0	0	0	0	0	0	0	0	0	0	0	0	0	
Schedorhinotermes_lamanianus	0	0	0	0	0	0	1	0	0	0	0	0	0	0	0	0	0	0	0	0	0	0	0	0	0	0	0	0	0	0	0	0	0	0	0	0	0	0	0	
N32	2.71506e-021	4.65276e-021	5.83625e-019	7.56403e-015	6.06784e-011	2.21201e-007	0.000279256	0.0699985	0.909104	0.0205518	6.58334e-005	6.28537e-008	2.49345e-011	4.94309e-015	5.49654e-019	5.07407e-022	4.92988e-024	3.91692e-024	2.63294e-026	1.13892e-026	5.28938e-029	1.30258e-029	4.23854e-032	6.1164e-033	1.19532e-035	1.07115e-036	6.77502e-040	4.30565e-041	4.02133e-045	1.63907e-046	3.20434e-051	8.9699e-054	1.22446e-058	1.61831e-061	1.50286e-066	1.4279e-069	2.21839e-073	1.20539e-074	4.86543e-076	
Coptotermes_acinaciformis	0	0	0	0	0	0	0	0	1	0	0	0	0	0	0	0	0	0	0	0	0	0	0	0	0	0	0	0	0	0	0	0	0	0	0	0	0	0	0	
N33	4.56558e-024	2.09195e-026	9.05975e-024	5.16981e-019	1.68208e-014	2.75102e-010	1.86812e-006	0.00373405	0.989459	0.00679883	6.45701e-006	1.85853e-009	2.26695e-013	1.41204e-017	5.10323e-022	4.1764e-026	1.03441e-029	2.44083e-032	4.99393e-036	6.58992e-039	8.84143e-043	6.59972e-046	6.01274e-050	2.53252e-053	1.56935e-057	3.69942e-061	1.02712e-064	2.94688e-066	5.60787e-068	9.11909e-066	1.02831e-064	3.04313e-063	5.07926e-063	1.29957e-062	8.32552e-066	4.64703e-068	1.951e-070	5.82897e-072	1.4151e-073	
Reticulitermes_flavipes	0	0	0	0	0	0	0	0	1	0	0	0	0	0	0	0	0	0	0	0	0	0	0	0	0	0	0	0	0	0	0	0	0	0	0	0	0	0	0	
N34	3.90058e-032	5.58343e-034	4.16808e-030	2.97185e-024	1.17724e-018	2.29153e-013	1.79979e-008	0.00039558	0.998503	0.00110134	1.30813e-007	4.2044e-012	5.33894e-017	3.28384e-022	1.10871e-027	2.35397e-033	2.07052e-038	1.22112e-040	1.05835e-044	3.73467e-047	1.98763e-051	3.6414e-054	1.19296e-058	1.10201e-061	2.09376e-066	9.19977e-070	8.26268e-075	1.59149e-078	3.79342e-084	2.7957e-088	1.69744e-095	5.66439e-101	3.66009e-109	1.18639e-036	2.21257e-038	2.50558e-038	1.57711e-039	4.97336e-038	1.54043e-036	
Reticulitermes_lucifugus	0	0	0	0	0	0	0	0	1	0	0	0	0	0	0	0	0	0	0	0	0	0	0	0	0	0	0	0	0	0	0	0	0	0	0	0	0	0	0	
Reticulitermes_urbis	0	0	0	0	0	0	0	0	1	0	0	0	0	0	0	0	0	0	0	0	0	0	0	0	0	0	0	0	0	0	0	0	0	0	0	0	0	0	0	
N35	7.32408e-021	1.15237e-018	2.51827e-014	3.34128e-010	1.27838e-006	0.00066047	0.0428792	0.443901	0.505721	0.00682181	1.45247e-005	9.94931e-009	2.57574e-012	2.98821e-016	6.995e-020	2.71302e-022	7.32994e-024	5.45406e-024	9.07814e-026	2.25348e-026	1.34318e-028	9.00484e-030	1.32624e-032	2.20181e-034	9.24169e-038	6.1796e-040	7.39804e-044	2.5147e-046	1.24389e-050	4.16636e-050	1.84862e-052	1.64516e-053	1.30739e-056	3.06343e-058	9.04739e-062	1.28937e-063	8.99601e-067	1.13642e-067	1.50061e-068	
N36	2.96024e-016	2.46324e-014	6.79516e-011	7.84326e-008	3.21409e-005	0.00363397	0.0747769	0.419178	0.478113	0.0240305	0.000235016	6.86839e-007	7.0695e-010	2.63385e-013	3.46785e-017	1.47246e-019	3.37239e-022	1.39574e-023	1.60131e-026	3.02891e-028	2.04673e-031	1.95837e-033	8.20457e-037	4.19642e-039	9.6042e-043	2.82607e-045	2.49464e-049	4.57529e-052	9.23914e-057	8.9238e-060	5.79193e-065	8.98221e-069	3.40359e-074	3.09865e-078	7.09258e-084	4.99179e-088	2.20011e-092	2.55127e-095	2.10431e-098	
N37	1.45435e-008	1.80399e-006	0.000106784	0.00302888	0.0379823	0.161548	0.0832655	0.168892	0.406742	0.124724	0.0131109	0.00058576	1.14448e-005	8.39042e-008	8.96796e-011	8.2777e-013	1.22189e-014	3.43727e-015	2.73856e-017	3.77362e-018	1.87202e-020	1.40469e-021	4.77495e-024	2.03197e-025	4.8276e-028	1.17006e-029	1.58079e-032	2.22007e-034	3.92662e-038	2.62221e-040	1.8528e-044	2.51959e-047	1.07871e-051	9.65358e-055	2.63399e-059	2.01826e-062	1.35108e-065	1.56899e-067	1.3685e-069	
Bifiditermes_improbus	0	0	0	0	0	1	0	0	0	0	0	0	0	0	0	0	0	0	0	0	0	0	0	0	0	0	0	0	0	0	0	0	0	0	0	0	0	0	0	
Neotermes_insularis	0	0	0	0	0	0	0	0	0	0	0	0	0	1	0	0	0	0	0	0	0	0	0	0	0	0	0	0	0	0	0	0	0	0	0	0	0	0	0	
N38	6.91656e-023	5.15421e-020	2.16965e-015	4.01214e-011	2.47654e-007	0.000327058	0.0373571	0.551394	0.405944	0.00497215	5.8358e-006	1.57738e-009	1.47601e-013	6.07982e-018	1.62857e-022	3.66757e-025	1.19839e-028	4.94589e-031	1.19272e-034	1.7203e-034	1.15474e-035	3.89656e-036	2.7082e-038	4.72624e-039	1.23217e-041	1.52849e-042	2.54713e-045	2.45548e-046	4.93731e-049	4.67455e-050	3.54309e-053	1.54722e-054	7.79893e-058	1.68418e-059	6.35755e-063	7.95661e-065	3.94443e-068	2.9478e-069	3.53607e-070	
N39	1.17665e-017	2.21158e-016	1.98676e-013	7.67709e-010	1.00147e-006	0.000400674	0.0393025	0.581249	0.376556	0.0024886	2.65274e-006	8.81554e-010	1.24601e-013	8.97885e-018	3.9375e-022	8.29482e-025	8.28147e-028	1.36874e-029	8.62872e-033	7.63628e-035	3.19522e-038	1.53938e-040	4.22773e-044	1.10233e-046	1.53364e-050	8.95391e-043	1.81636e-044	3.47248e-043	2.13268e-044	1.98951e-044	1.21068e-046	9.81247e-048	1.48045e-050	3.15312e-052	2.27166e-055	4.11156e-057	4.49548e-059	1.2596e-059	2.75001e-060	
N40	2.1017e-015	1.00766e-013	7.65982e-010	4.26802e-007	7.71518e-005	0.00524771	0.122327	0.675691	0.19633	0.000327584	1.07887e-007	1.29407e-011	7.40342e-016	2.35297e-020	4.5822e-025	9.8371e-030	3.62468e-033	1.25389e-034	7.82535e-038	1.65272e-039	7.50588e-043	9.72261e-045	3.2468e-048	2.59725e-050	5.90657e-054	2.97177e-056	3.46642e-060	1.16233e-062	3.42216e-067	7.84531e-070	3.50247e-075	1.34278e-078	4.02551e-084	6.1179e-088	1.24027e-093	1.17627e-097	7.5602e-103	1.51902e-105	2.65375e-108	
N41	2.81529e-022	5.55495e-022	2.47e-018	6.60898e-014	7.42345e-010	3.02526e-006	0.00350238	0.677507	0.318605	0.000382882	9.18561e-008	7.75446e-012	3.27287e-016	4.49047e-019	2.73459e-022	1.91951e-024	6.93345e-028	2.30366e-030	3.88437e-034	7.2488e-037	5.53041e-041	6.41954e-044	2.2745e-048	1.71141e-051	2.86883e-056	1.38219e-059	1.09708e-064	3.06419e-068	1.16598e-073	1.35038e-077	2.95143e-083	1.07615e-087	1.31861e-093	3.45511e-098	2.59462e-104	8.74586e-109	1.4544e-112	4.22186e-116	8.33419e-120	
Cryptotermes_austrinus	0	0	0	0	0	0	0	1	0	0	0	0	0	0	0	0	0	0	0	0	0	0	0	0	0	0	0	0	0	0	0	0	0	0	0	0	0	0	0	
Cryptotermes_queenslandis	0	0	0	0	0	0	0	0	1	0	0	0	0	0	0	0	0	0	0	0	0	0	0	0	0	0	0	0	0	0	0	0	0	0	0	0	0	0	0	
Cryptotermes_primus	0	0	1	0	0	0	0	0	0	0	0	0	0	0	0	0	0	0	0	0	0	0	0	0	0	0	0	0	0	0	0	0	0	0	0	0	0	0	0	
Incisitermes_sp	0	0	0	0	0	0	0	0	1	0	0	0	0	0	0	0	0	0	0	0	0	0	0	0	0	0	0	0	0	0	0	0	0	0	0	0	0	0	0	
N42	2.85576e-021	5.44321e-019	3.02229e-015	4.33745e-011	2.80777e-007	0.000428626	0.0413453	0.580001	0.373997	0.00422517	2.77654e-006	4.44514e-010	2.71036e-014	7.89729e-019	1.26269e-023	4.62798e-027	4.75915e-030	2.56762e-031	1.67905e-034	4.78757e-036	1.91033e-039	3.0377e-041	6.13297e-045	5.86488e-047	3.91149e-051	4.9972e-048	2.4664e-050	3.75682e-050	3.48573e-052	2.08059e-050	5.30557e-052	1.88807e-051	1.74544e-053	3.08429e-054	1.2924e-057	3.93884e-059	3.32374e-062	3.47848e-062	3.62252e-062	
Cryptotermes_brevis	0	0	0	0	0	1	0	0	0	0	0	0	0	0	0	0	0	0	0	0	0	0	0	0	0	0	0	0	0	0	0	0	0	0	0	0	0	0	0	
N43	4.88931e-016	4.62946e-015	6.13172e-013	2.10357e-010	4.11867e-007	0.00023401	0.0208965	0.55146	0.413968	0.0134263	1.4224e-005	2.5753e-009	1.27363e-013	2.46097e-018	6.01943e-023	1.22815e-024	5.02061e-028	6.55945e-030	1.4384e-033	1.0244e-035	3.04102e-038	1.79967e-038	4.14591e-040	1.44064e-040	4.27376e-043	9.69483e-044	8.35675e-047	1.27637e-047	4.66081e-051	3.3896e-052	7.2781e-056	1.00115e-057	1.53157e-061	1.25399e-063	1.34073e-067	9.25636e-070	9.42527e-072	2.33798e-072	4.2066e-073	
N44	2.97588e-011	3.44594e-010	1.63043e-009	6.16569e-008	1.17707e-005	0.000918687	0.0263023	0.469133	0.45851	0.0449277	0.000196052	1.79243e-007	4.53964e-011	4.41105e-015	2.07179e-019	6.06223e-021	3.10027e-023	1.46265e-023	4.24719e-026	9.7947e-027	1.80967e-029	2.19458e-030	2.60981e-033	1.75e-034	9.95583e-038	4.1379e-039	4.95006e-043	1.44767e-044	9.91243e-050	4.61969e-052	2.08657e-057	1.56866e-060	4.81302e-066	1.91464e-069	3.88481e-075	1.16664e-078	5.7337e-082	1.39096e-083	2.36214e-085	
Cryptotermes_cynocephalus	0	0	0	0	0	0	0	0	0	1	0	0	0	0	0	0	0	0	0	0	0	0	0	0	0	0	0	0	0	0	0	0	0	0	0	0	0	0	0	
N45	0.000794003	0.0158417	0.117672	0.0147107	0.000692755	0.0023709	0.0459518	0.328304	0.390135	0.078973	0.0044828	7.18886e-005	1.7988e-008	1.59666e-012	7.05915e-017	6.26504e-021	3.28909e-024	3.657e-026	1.63987e-029	1.02003e-031	3.08713e-035	1.11331e-037	2.40384e-041	5.05986e-044	7.98287e-048	9.53e-051	1.00076e-054	6.22932e-058	1.16557e-062	3.78415e-066	2.54924e-071	2.69495e-075	1.03731e-080	4.7937e-085	1.03496e-090	3.57994e-095	4.64118e-100	1.49855e-103	3.58046e-107	
Cryptotermes_domesticus	0	0	1	0	0	0	0	0	0	0	0	0	0	0	0	0	0	0	0	0	0	0	0	0	0	0	0	0	0	0	0	0	0	0	0	0	0	0	0	
Procryptotermes_australiensis	0	0	0	0	0	0	0	0	0	0	0	1	0	0	0	0	0	0	0	0	0	0	0	0	0	0	0	0	0	0	0	0	0	0	0	0	0	0	0	
N46	7.09364e-022	3.82154e-020	4.25469e-016	3.75769e-012	1.61247e-008	2.55187e-005	0.0105484	0.777507	0.209438	0.00247735	3.83996e-006	1.882e-009	4.05709e-013	4.62807e-017	3.47021e-021	1.44733e-023	1.47479e-026	4.84943e-028	6.0429e-031	1.35598e-032	1.29821e-035	1.71972e-037	9.70526e-041	7.99829e-043	1.88258e-046	1.09303e-048	1.45586e-052	6.24607e-055	4.9668e-059	1.54576e-061	3.07902e-066	3.42844e-069	3.92354e-074	1.09245e-077	7.72672e-083	1.53974e-086	2.97457e-091	9.09551e-094	2.54913e-096	
Cryptotermes_dudleyi	0	0	0	0	0	0	0	1	0	0	0	0	0	0	0	0	0	0	0	0	0	0	0	0	0	0	0	0	0	0	0	0	0	0	0	0	0	0	0	
Cryptotermes_secundus	0	0	0	0	0	0	0	1	0	0	0	0	0	0	0	0	0	0	0	0	0	0	0	0	0	0	0	0	0	0	0	0	0	0	0	0	0	0	0	
N47	1.64363e-016	6.9964e-015	1.95349e-012	8.09818e-009	1.3807e-005	0.00193343	0.0625709	0.467416	0.462076	0.00597528	1.48042e-005	1.2841e-008	5.20506e-012	4.50033e-015	7.48009e-017	7.57132e-018	6.33425e-018	2.20084e-016	1.11883e-016	1.57718e-015	3.38432e-016	1.26145e-015	3.88107e-017	1.92449e-017	1.2822e-019	2.52238e-020	4.20147e-023	4.41348e-024	1.64014e-027	9.32571e-029	7.32948e-033	6.64905e-035	3.24862e-039	1.07569e-041	3.43679e-046	6.46598e-049	6.18819e-053	2.59795e-054	9.83829e-056	
N48	1.707e-015	1.17263e-016	3.46478e-015	1.00412e-011	1.58002e-008	1.07034e-005	0.0024466	0.13071	0.82723	0.0392866	0.000315278	8.19963e-007	9.36256e-010	8.22486e-013	2.37974e-015	1.49236e-016	7.6792e-019	2.67005e-020	1.0786e-022	1.95856e-024	7.46131e-027	5.95711e-029	1.33389e-031	5.20561e-034	3.9092e-037	1.00061e-039	2.9864e-043	5.7182e-046	7.85077e-050	9.34623e-053	7.01249e-057	3.98859e-060	1.79361e-064	7.95669e-068	2.59829e-072	2.13306e-075	4.4722e-078	1.19149e-080	2.3337e-083	
Glyptotermes_brevicornis	0	0	0	0	0	0	0	0	1	0	0	0	0	0	0	0	0	0	0	0	0	0	0	0	0	0	0	0	0	0	0	0	0	0	0	0	0	0	0	
Glyptotermes_iridipennis	0	0	0	0	0	0	0	0	1	0	0	0	0	0	0	0	0	0	0	0	0	0	0	0	0	0	0	0	0	0	0	0	0	0	0	0	0	0	0	
Kalotermes_flavicollis	0	0	0	0	0	0	0	0	0	0	0	0	0	0	0	0	0	0	0	0	0	1	0	0	0	0	0	0	0	0	0	0	0	0	0	0	0	0	0	
N49	0.00339889	0.0450373	0.263229	0.531108	0.130057	0.0113871	0.000493045	0.000836046	0.00468111	0.00603612	0.0030013	0.000666856	6.59592e-005	2.38009e-006	5.07754e-009	6.63839e-012	2.10031e-014	8.86879e-016	3.52392e-018	8.07364e-020	1.99357e-022	2.55112e-024	4.33158e-027	3.26751e-029	4.00335e-032	1.80787e-034	1.55042e-037	4.1149e-040	2.00825e-043	3.06249e-046	4.38894e-050	2.83836e-053	2.36017e-057	9.96691e-061	5.35412e-065	1.81665e-068	2.56012e-072	3.74034e-075	5.03133e-078	
Stolotermes_sp	0	0	0	1	0	0	0	0	0	0	0	0	0	0	0	0	0	0	0	0	0	0	0	0	0	0	0	0	0	0	0	0	0	0	0	0	0	0	0	
N50	0.0761067	0.0180088	0.00128875	3.48254e-005	3.40029e-007	1.32049e-009	2.58583e-012	1.2225e-011	4.08546e-009	5.43399e-007	3.02372e-005	0.000689563	0.00684913	0.791036	0.0810119	0.024618	0.000306734	1.8703e-005	7.25183e-008	1.51436e-009	1.64973e-012	1.62675e-014	6.55975e-018	3.48658e-020	6.35114e-024	1.90855e-026	1.78961e-030	3.01061e-033	1.59181e-037	1.40419e-040	4.47995e-045	1.91296e-048	3.8455e-053	1.08111e-056	1.48313e-061	5.93782e-065	8.97944e-068	2.05982e-070	3.41899e-073	
Zootermopsis_angusticollis	0	0	0	0	0	0	0	0	0	0	0	0	0	1	0	0	0	0	0	0	0	0	0	0	0	0	0	0	0	0	0	0	0	0	0	0	0	0	0	
Zootermopsis_nevadensis	0	0	0	0	0	0	0	0	0	0	0	0	0	1	0	0	0	0	0	0	0	0	0	0	0	0	0	0	0	0	0	0	0	0	0	0	0	0	0	
Mastotermes_darwiniensis	0	0	0	0	0	0	0	0	0	0	0	0	0	0	0	0	0	0	0	0	0	0	0	0	0	0	0	0	0	0	0	0	0	0	0	0	1	0	0	
Porotermes_adamsoni	0	0	0	0	0	0	0	1	0	0	0	0	0	0	0	0	0	0	0	0	0	0	0	0	0	0	0	0	0	0	0	0	0	0	0	0	0	0	0	
