NODE	7	8	9	10	11	12	13	14	15	16	17	18	19	20	21	22	23	24	25	26	27	28	29	30	31	32	33	34	35	36	37	38	39	40	41	42	
N1	0.103094	0.102191	0.10033	0.0973712	0.093161	0.0876036	0.0806971	0.0725487	0.0633827	0.0535485	0.0435115	0.0338104	0.0249771	0.0174397	0.0114432	0.00701689	0.0039996	0.0021086	0.0010235	0.00045552	0.00018521	6.85772e-005	2.30611e-005	7.02731e-006	1.93698e-006	4.82293e-007	1.08394e-007	2.19863e-008	4.02813e-009	6.68134e-010	1.00831e-010	1.39891e-011	1.82515e-012	2.36651e-013	7.4897e-017	3.85638e-017	
N2	0.118719	0.108139	0.101198	0.095738	0.0902821	0.0841074	0.0770324	0.0691886	0.0598541	0.0505898	0.0409237	0.0321893	0.024002	0.0173521	0.0117542	0.00774946	0.00471807	0.00285405	0.00156355	0.000904811	0.000459775	0.000281416	0.00014166	0.000100515	5.22141e-005	4.12064e-005	2.13076e-005	1.69126e-005	8.43391e-006	6.47659e-006	3.11043e-006	2.35868e-006	1.23533e-006	1.11351e-006	9.3102e-007	1.26444e-006	
N3	0.110082	0.100518	0.0946505	0.0905783	0.0866865	0.0819338	0.0759963	0.0691447	0.0604052	0.0521406	0.0434466	0.035847	0.0283856	0.0220737	0.0162733	0.0116793	0.00787113	0.00514586	0.00314504	0.00186682	0.0010345	0.000558795	0.000281886	0.000139262	6.4421e-005	2.93198e-005	1.25364e-005	5.29065e-006	2.10725e-006	8.2915e-007	3.09368e-007	1.14157e-007	4.04567e-008	1.44984e-008	5.42656e-009	2.71305e-009	
N4	0.201942	0.177418	0.155076	0.132776	0.109013	0.0839948	0.0596315	0.0384711	0.0220482	0.0113292	0.00514071	0.00208382	0.000746258	0.000239082	6.78969e-005	1.73185e-005	3.93378e-006	8.06924e-007	1.48154e-007	2.47255e-008	3.71316e-009	5.10748e-010	6.35726e-011	7.31617e-012	7.67234e-013	7.5362e-014	6.8162e-015	5.88745e-016	4.76326e-017	3.77407e-018	2.85556e-019	2.1515e-020	1.55677e-021	1.11393e-022	7.70185e-024	7.15191e-025	
Cryptocercus_primarius	0	0	0	1	0	0	0	0	0	0	0	0	0	0	0	0	0	0	0	0	0	0	0	0	0	0	0	0	0	0	0	0	0	0	0	0	
Cryptocercus_relictus	0	0	1	0	0	0	0	0	0	0	0	0	0	0	0	0	0	0	0	0	0	0	0	0	0	0	0	0	0	0	0	0	0	0	0	0	
Cryptocercus_punctulatus	0	0	0	0	0	0	0	0	0	0	0	0	0	0	0	0	0	1	0	0	0	0	0	0	0	0	0	0	0	0	0	0	0	0	0	0	
N5	0.118265	0.105609	0.095709	0.0877104	0.080915	0.0748184	0.069105	0.0636115	0.0568043	0.0503619	0.0430743	0.0364869	0.0296421	0.0238341	0.018281	0.0139146	0.0100584	0.00726405	0.004965	0.00342654	0.00222959	0.00148296	0.000924529	0.000595895	0.000358118	0.000224631	0.000130877	8.02893e-005	4.60169e-005	2.80377e-005	1.62211e-005	1.00887e-005	6.17709e-006	4.19122e-006	3.06169e-006	2.77981e-006	
N6	0.00707224	0.00786474	0.0100388	0.0134842	0.0183903	0.025406	0.0355987	0.050027	0.0671599	0.086623	0.102512	0.113494	0.112859	0.103904	0.0849913	0.0642225	0.0428555	0.0264823	0.0143988	0.00728951	0.00323953	0.00135056	0.000493533	0.000170686	5.18414e-005	1.50494e-005	3.85385e-006	9.52643e-007	2.09801e-007	4.49243e-008	8.66376e-009	1.6259e-009	2.78094e-010	4.63609e-011	7.48701e-012	1.69024e-012	
N7	0.00511102	0.00569882	0.00743509	0.0104232	0.014977	0.0217033	0.0315488	0.0455306	0.0632238	0.0837955	0.102723	0.116378	0.119008	0.110804	0.0918859	0.0691139	0.0458833	0.0277913	0.0147142	0.00725082	0.00307056	0.0012689	0.000433848	0.000160041	4.51036e-005	1.63558e-005	3.90263e-006	1.47664e-006	3.04838e-007	1.16372e-007	2.08087e-008	7.48663e-009	1.27339e-009	4.91531e-010	1.48543e-010	1.05966e-010	
N8	0.000902519	0.00116069	0.00188756	0.00341534	0.00637472	0.0116709	0.0201988	0.0324724	0.0481858	0.0675931	0.0894197	0.111652	0.127473	0.131378	0.118439	0.0937058	0.0634918	0.0377151	0.0190836	0.00865666	0.00335092	0.00122415	0.000382142	0.000121727	3.25657e-005	9.48451e-006	2.20931e-006	5.73177e-007	1.14314e-007	2.56449e-008	4.44953e-009	8.87197e-010	1.46704e-010	2.81632e-011	5.04532e-012	1.29355e-012	
N9	0.000253184	0.000365247	0.000737016	0.00177227	0.00437598	0.00995583	0.0199137	0.0351302	0.0561368	0.0837775	0.115894	0.14446	0.155923	0.142162	0.107354	0.0667969	0.0340207	0.0142537	0.0049038	0.00140236	0.00033301	6.7094e-005	1.14094e-005	1.69912e-006	2.16933e-007	2.53011e-008	2.53519e-009	2.44641e-010	1.98975e-011	1.68242e-012	1.18177e-013	9.82036e-015	7.30216e-016	6.89119e-017	6.10214e-018	7.2153e-019	
Blatta_orientalis	0	0	0	0	0	0	0	0	0	0	0	0	0	0	0	0	0	1	0	0	0	0	0	0	0	0	0	0	0	0	0	0	0	0	0	0	
N10	0.000214755	0.000318102	0.000673045	0.00168024	0.00429856	0.010287	0.0220093	0.0417314	0.0706127	0.107016	0.142981	0.164266	0.158195	0.12552	0.0811446	0.0425462	0.0180592	0.00621824	0.00174131	0.000398998	7.51862e-005	1.17687e-005	1.53937e-006	1.70954e-007	1.61582e-008	1.34049e-009	9.58137e-011	6.48201e-012	3.70071e-013	2.564e-014	1.28222e-015	1.29314e-016	6.85176e-018	1.14521e-018	1.55789e-019	4.3608e-020	
N11	0.000220227	0.000344475	0.000769605	0.00200646	0.00545554	0.0142846	0.0336759	0.0681927	0.115289	0.160357	0.181617	0.166594	0.123212	0.0734303	0.0352336	0.0136606	0.00428467	0.00109653	0.000229119	3.9884e-005	5.75665e-006	7.36196e-007	8.12144e-008	9.72044e-009	1.0522e-009	1.55303e-010	1.7466e-011	2.59148e-012	2.56057e-013	3.23578e-014	2.73129e-015	2.98242e-016	2.39518e-017	2.49808e-018	2.21637e-019	3.09467e-020	
Periplaneta_americana	0	0	0	0	0	0	0	0	0	0	1	0	0	0	0	0	0	0	0	0	0	0	0	0	0	0	0	0	0	0	0	0	0	0	0	0	
Periplaneta_brunnea	0	0	0	0	0	0	0	1	0	0	0	0	0	0	0	0	0	0	0	0	0	0	0	0	0	0	0	0	0	0	0	0	0	0	0	0	
N12	5.93633e-005	7.99088e-005	0.000260958	0.00167975	0.0105534	0.0477066	0.139838	0.251588	0.270744	0.17794	0.0743066	0.0206554	0.00397642	0.000550304	5.6286e-005	4.37647e-006	2.63384e-007	1.25716e-008	4.80817e-010	1.51632e-011	3.95208e-013	8.94822e-015	1.74077e-016	3.22329e-018	5.37139e-020	9.44716e-022	1.48293e-023	2.50123e-025	3.58674e-027	5.41205e-029	6.91791e-031	9.19126e-033	1.06192e-034	1.2471e-036	1.30116e-038	1.54301e-040	
Periplaneta_australasiae	0	0	0	0	0	0	0	1	0	0	0	0	0	0	0	0	0	0	0	0	0	0	0	0	0	0	0	0	0	0	0	0	0	0	0	0	
Periplaneta_fuliginosa	0	0	0	0	0	0	0	1	0	0	0	0	0	0	0	0	0	0	0	0	0	0	0	0	0	0	0	0	0	0	0	0	0	0	0	0	
Deropeltis_erythrocephala	0	0	0	0	0	0	0	0	0	0	0	0	0	0	0	0	0	0	1	0	0	0	0	0	0	0	0	0	0	0	0	0	0	0	0	0	
Periplaneta_japonica	0	0	0	0	0	0	0	0	0	0	1	0	0	0	0	0	0	0	0	0	0	0	0	0	0	0	0	0	0	0	0	0	0	0	0	0	
N13	0.00612412	0.00664552	0.00855046	0.0122697	0.0186134	0.028723	0.0437662	0.0640974	0.0874589	0.109846	0.124435	0.126817	0.114945	0.0930192	0.0666505	0.0426365	0.0241401	0.0122632	0.00552412	0.00225807	0.000821912	0.000277581	8.4098e-005	2.45935e-005	6.51337e-006	1.75661e-006	4.295e-007	1.11576e-007	2.60079e-008	6.53169e-009	1.46833e-009	3.51917e-010	7.63399e-011	1.72214e-011	3.76701e-012	1.21281e-012	
Eurycotis_floridana	0	0	0	0	0	0	0	1	0	0	0	0	0	0	0	0	0	0	0	0	0	0	0	0	0	0	0	0	0	0	0	0	0	0	0	0	
Pelmatosilpha_sp	0	0	0	0	0	0	0	0	0	0	0	0	1	0	0	0	0	0	0	0	0	0	0	0	0	0	0	0	0	0	0	0	0	0	0	0	
Lamproblatta_albipalpus	0	0	1	0	0	0	0	0	0	0	0	0	0	0	0	0	0	0	0	0	0	0	0	0	0	0	0	0	0	0	0	0	0	0	0	0	
N14	0.114027	0.103527	0.0966447	0.0917222	0.0873841	0.0826994	0.0772065	0.0708316	0.0623835	0.0537417	0.0441043	0.0352557	0.0265549	0.0194392	0.0132291	0.00879342	0.00535056	0.00324593	0.00177	0.00100973	0.000504877	0.000285711	0.000135505	7.85339e-005	3.58345e-005	2.07492e-005	8.89337e-006	4.87581e-006	1.92538e-006	9.77641e-007	3.58065e-007	1.73075e-007	6.64125e-008	3.59103e-008	1.95574e-008	1.72844e-008	
N15	0.102791	0.0936772	0.0880662	0.0844515	0.0815529	0.0784533	0.0746747	0.0701449	0.0633248	0.0563819	0.0480492	0.0404035	0.0322556	0.0254427	0.0188422	0.0138963	0.00950504	0.00660833	0.00420369	0.00281793	0.00169534	0.00112365	0.000647204	0.0004258	0.000234728	0.000150965	7.85078e-005	4.82184e-005	2.3603e-005	1.38667e-005	6.56582e-006	3.86493e-006	2.00284e-006	1.35474e-006	9.44632e-007	9.30772e-007	
N16	0.0703914	0.0667109	0.066926	0.0690185	0.0712254	0.0723291	0.0718851	0.0701873	0.0657945	0.0615294	0.0556419	0.0505735	0.0439925	0.0383447	0.031382	0.0258066	0.0195861	0.015178	0.0106861	0.00789346	0.00519378	0.00369564	0.00227755	0.00155642	0.000896686	0.000583533	0.0003115	0.000190602	9.47205e-005	5.50315e-005	2.62949e-005	1.52462e-005	7.92775e-006	5.26159e-006	3.66015e-006	3.5729e-006	
N17	0.00201341	0.00257748	0.00407428	0.00677066	0.0107359	0.0155505	0.0203818	0.0245946	0.0276011	0.0314799	0.036897	0.0463557	0.0578916	0.0725132	0.0840889	0.0943784	0.0950759	0.092357	0.0792823	0.0661076	0.0481053	0.0343559	0.0211268	0.012879	0.00669372	0.00348272	0.00153328	0.00068336	0.000259339	0.000101133	3.42625e-005	1.21014e-005	3.8683e-006	1.312e-006	4.54579e-007	2.32678e-007	
N18	0.000343031	0.000442542	0.000734358	0.00137053	0.00257623	0.00454942	0.00729072	0.0105419	0.0138427	0.017614	0.0225962	0.030536	0.0420089	0.0577363	0.07513	0.09273	0.104276	0.109622	0.103173	0.0913324	0.0714195	0.0537629	0.035091	0.0230886	0.0127859	0.0077019	0.00370799	0.0021348	0.000916635	0.00051205	0.000201786	0.000111884	4.78871e-005	3.11828e-005	1.98227e-005	1.93792e-005	
N19	0.000174509	0.000218951	0.000354996	0.000657036	0.00125295	0.00230207	0.00393317	0.00618271	0.00897551	0.0124814	0.0171324	0.0239841	0.0340445	0.0482229	0.0657406	0.0848488	0.101042	0.111225	0.110989	0.102112	0.084405	0.0651863	0.0448298	0.0298852	0.0174203	0.0106125	0.00538734	0.00321263	0.00144863	0.000877499	0.000356364	0.000221783	9.31058e-005	7.07063e-005	5.16527e-005	6.64506e-005	
N20	1.72754e-005	2.40572e-005	4.61051e-005	0.000103055	0.000236842	0.000518179	0.00103826	0.00188593	0.00313621	0.00494626	0.00763583	0.0118351	0.0183808	0.0282774	0.0421396	0.0599552	0.0799406	0.0991841	0.112876	0.117771	0.111156	0.0956954	0.0739874	0.0525603	0.033493	0.0201285	0.0109021	0.0058834	0.0029011	0.00155185	0.000780212	0.000449974	0.000246502	0.000149704	9.21715e-005	7.4904e-005	
N21	9.40185e-006	1.33316e-005	2.60744e-005	5.81717e-005	0.000131095	0.000281624	0.000566152	0.00107224	0.00194901	0.00346454	0.00602921	0.010183	0.0165016	0.0255713	0.0378505	0.0534883	0.0716284	0.0902649	0.10586	0.114699	0.113639	0.102681	0.0839525	0.0624026	0.0418615	0.0257748	0.0144037	0.00762544	0.00373256	0.00187058	0.000914288	0.000530857	0.000328482	0.000249376	0.000195903	0.000190085	
N22	1.11753e-006	1.96543e-006	5.06935e-006	1.42358e-005	3.72544e-005	8.69094e-005	0.00018724	0.000400404	0.000880962	0.00195225	0.00418945	0.00852247	0.0162524	0.0288987	0.0475485	0.071903	0.0989289	0.122853	0.136285	0.134153	0.116213	0.0883448	0.0586398	0.034058	0.0172767	0.00772295	0.00305026	0.00108709	0.000353208	0.00010855	3.17965e-005	9.13955e-006	2.5246e-006	6.82347e-007	1.84182e-007	6.52436e-008	
N23	9.06052e-007	1.51957e-006	3.68995e-006	9.86982e-006	2.54754e-005	6.17772e-005	0.000144478	0.000336155	0.000784929	0.00182302	0.00413594	0.00897457	0.0182268	0.0340301	0.0575637	0.087262	0.117452	0.139376	0.144906	0.131427	0.103603	0.0708754	0.0420277	0.0216346	0.00968176	0.00378767	0.0013016	0.000397841	0.000109121	2.74998e-005	6.42163e-006	1.45083e-006	3.25244e-007	8.53518e-008	3.02611e-008	1.87889e-008	
N24	3.19585e-007	6.67102e-007	1.93787e-006	5.33067e-006	1.32456e-005	3.44358e-005	0.000100287	0.000310397	0.000999177	0.0032494	0.00986578	0.0259644	0.0567765	0.101371	0.147041	0.173655	0.1679	0.134025	0.0891781	0.050051	0.0240064	0.0100064	0.00369229	0.00123208	0.000377266	0.000106793	2.76681e-005	6.52148e-006	1.38314e-006	2.74081e-007	5.29136e-008	1.1181e-008	2.52633e-009	5.95847e-010	1.35099e-010	4.10372e-011	
Archimandrita_tessellata	0	0	0	0	0	0	0	0	0	0	0	0	0	0	0	0	1	0	0	0	0	0	0	0	0	0	0	0	0	0	0	0	0	0	0	0	
N25	3.8728e-008	1.02029e-007	3.37302e-007	7.97057e-007	1.64745e-006	5.38522e-006	3.19408e-005	0.000233557	0.00156461	0.00841765	0.0335931	0.0928671	0.169747	0.206497	0.181668	0.13161	0.0823956	0.0463107	0.0238092	0.0113485	0.0052032	0.00244944	0.0012195	0.00060552	0.000272328	0.000104258	3.27458e-005	8.55221e-006	1.84516e-006	3.9356e-007	8.68027e-008	2.82094e-008	9.00295e-009	2.96216e-009	8.08679e-010	2.50743e-010	
Blaberus_discoidalis	0	0	0	0	0	0	0	0	0	0	0	0	1	0	0	0	0	0	0	0	0	0	0	0	0	0	0	0	0	0	0	0	0	0	0	0	
Blaberus_giganteus	0	0	0	0	0	0	0	0	0	0	0	0	0	0	0	0	0	0	0	0	0	0	0	0	0	0	0	0	0	0	1	0	0	0	0	0	
Byrsotria_fumigata	0	0	0	0	0	0	0	0	0	0	0	0	0	0	0	0	0	1	0	0	0	0	0	0	0	0	0	0	0	0	0	0	0	0	0	0	
N26	1.0229e-006	1.8653e-006	4.52337e-006	1.22383e-005	3.71341e-005	0.000111031	0.000307084	0.000856169	0.0025412	0.00715207	0.0164119	0.0285936	0.0375695	0.0384994	0.0332673	0.0291932	0.0337303	0.0523205	0.0839202	0.118367	0.139207	0.135063	0.107437	0.0704983	0.0380436	0.0172097	0.00652972	0.00219003	0.00065637	0.00019352	5.44083e-005	1.53072e-005	3.89259e-006	9.24567e-007	2.00876e-007	5.61866e-008	
Eublaberus_distanti	0	0	0	0	0	0	0	0	0	0	0	0	0	0	0	0	0	0	0	0	0	0	0	0	0	0	1	0	0	0	0	0	0	0	0	0	
Eublaberus_posticus	0	0	0	0	0	0	0	0	0	0	0	0	0	0	0	1	0	0	0	0	0	0	0	0	0	0	0	0	0	0	0	0	0	0	0	0	
Gromphadorhina_portentosa	0	0	0	0	0	0	0	0	0	0	0	0	0	0	0	0	0	0	0	0	0	0	0	0	0	1	0	0	0	0	0	0	0	0	0	0	
N27	3.06835e-005	4.07808e-005	7.24365e-005	0.000149663	0.000326614	0.000706741	0.00145758	0.0027997	0.00494063	0.00799103	0.0119011	0.0166286	0.0224305	0.0301695	0.041031	0.0557377	0.0733639	0.0913028	0.105442	0.111932	0.108378	0.0956051	0.0765426	0.0558266	0.0369776	0.0224746	0.0124923	0.00652037	0.00319754	0.00157928	0.00079404	0.000450284	0.000272604	0.000183921	0.000132399	0.00011859	
N28	2.52568e-006	3.65926e-006	7.44853e-006	1.86153e-005	5.16233e-005	0.000141288	0.000344633	0.00070449	0.00117863	0.00165564	0.002094	0.00261839	0.00334715	0.00428283	0.00552093	0.00772892	0.0123431	0.0218023	0.0385842	0.063615	0.0934252	0.120955	0.136056	0.134386	0.115248	0.088255	0.0595867	0.0375773	0.0217343	0.0125358	0.00683671	0.00374988	0.0019024	0.000947867	0.000465429	0.000292983	
Lanxoblatta_emarginata	0	0	0	0	0	0	0	0	0	0	0	0	0	0	0	0	0	0	0	0	0	0	0	0	0	0	1	0	0	0	0	0	0	0	0	0	
Phoetalia_sp	0	0	0	0	0	0	0	0	0	0	0	0	0	0	0	0	0	0	0	0	1	0	0	0	0	0	0	0	0	0	0	0	0	0	0	0	
Nauphoeta_cinerea	0	0	0	0	0	0	0	0	0	0	0	0	1	0	0	0	0	0	0	0	0	0	0	0	0	0	0	0	0	0	0	0	0	0	0	0	
N29	0.000401289	0.000451945	0.00061905	0.000951629	0.00153727	0.00250158	0.00400533	0.00624225	0.00942101	0.0138309	0.0197651	0.0276042	0.0375875	0.0497939	0.0636052	0.0777674	0.0899584	0.0979456	0.0995716	0.0944695	0.0831546	0.0681857	0.0517822	0.036794	0.0242644	0.0151829	0.00889898	0.00513869	0.0028738	0.00173233	0.00108626	0.000795185	0.000608179	0.000520325	0.000465093	0.000486718	
Epilampra_sp	0	0	0	0	0	0	0	0	0	0	0	0	0	0	1	0	0	0	0	0	0	0	0	0	0	0	0	0	0	0	0	0	0	0	0	0	
Pycnoscelus_surinamensis	0	0	0	0	0	0	0	0	0	0	0	0	0	0	0	0	0	0	0	0	1	0	0	0	0	0	0	0	0	0	0	0	0	0	0	0	
N30	0.00096471	0.00106752	0.00141378	0.0020745	0.00317579	0.00490686	0.00753936	0.0114456	0.0170427	0.0248417	0.035083	0.0476842	0.0616643	0.0754348	0.086652	0.0935006	0.0946777	0.0903131	0.0810819	0.0688793	0.0553047	0.0422837	0.030701	0.0213974	0.0142231	0.00918559	0.00569614	0.00353596	0.00216895	0.00144473	0.00101961	0.000840792	0.0007261	0.000683641	0.000650533	0.000694448	
Macropanesthia_rhinoceros	0	0	0	0	0	0	0	0	0	0	0	0	0	0	0	0	0	0	0	0	0	0	0	0	0	0	0	0	0	0	0	0	0	1	0	0	
Rhabdoblatta_sp	0	0	0	0	0	0	0	0	0	1	0	0	0	0	0	0	0	0	0	0	0	0	0	0	0	0	0	0	0	0	0	0	0	0	0	0	
N31	0.0032772	0.00373687	0.00505541	0.00726964	0.0103654	0.0142121	0.0186334	0.0235854	0.0292172	0.0361442	0.044837	0.0556789	0.0679588	0.0803373	0.090223	0.095456	0.094054	0.0861835	0.0729215	0.0571034	0.0411345	0.0273883	0.0167383	0.00946648	0.0049066	0.00236569	0.00104412	0.000435099	0.000166019	6.24517e-005	2.19434e-005	8.90115e-006	4.03736e-006	2.76147e-006	2.25414e-006	2.50977e-006	
N32	0.0036461	0.00376314	0.00445687	0.00579546	0.00791728	0.0110025	0.0152607	0.0209285	0.0280722	0.0370094	0.0475073	0.0594484	0.0716474	0.0830249	0.0912663	0.0950571	0.0925922	0.0845631	0.0715672	0.0565625	0.0412098	0.0280932	0.0176024	0.0104228	0.00566612	0.00298522	0.00144749	0.000719702	0.000334677	0.000176924	9.13642e-005	5.80845e-005	3.667e-005	2.70188e-005	2.04149e-005	1.94398e-005	
Diploptera_punctata	0	0	0	0	0	0	0	0	0	0	0	0	0	0	0	0	0	1	0	0	0	0	0	0	0	0	0	0	0	0	0	0	0	0	0	0	
N33	0.00285494	0.0029977	0.00366529	0.00499409	0.00726972	0.0109545	0.016705	0.0253054	0.0371889	0.0525928	0.070198	0.0879983	0.102275	0.11018	0.109083	0.0995377	0.0831477	0.0639149	0.0449129	0.029075	0.0172092	0.00942166	0.00472556	0.00221142	0.000953587	0.000390553	0.000149513	5.61977e-005	2.0275e-005	7.47489e-006	2.69657e-006	1.00134e-006	3.60392e-007	1.32413e-007	5.07311e-008	2.7053e-008	
Panchlora_nivea	0	0	0	0	0	0	0	0	0	0	0	1	0	0	0	0	0	0	0	0	0	0	0	0	0	0	0	0	0	0	0	0	0	0	0	0	
Panchlora_viridis	0	0	0	0	0	0	0	0	0	0	0	0	1	0	0	0	0	0	0	0	0	0	0	0	0	0	0	0	0	0	0	0	0	0	0	0	
Galiblatta_sp	0	0	0	0	0	0	0	1	0	0	0	0	0	0	0	0	0	0	0	0	0	0	0	0	0	0	0	0	0	0	0	0	0	0	0	0	
N34	0.118098	0.105614	0.0960867	0.0886786	0.0826602	0.0774132	0.0724191	0.0672596	0.0604719	0.0533813	0.0451667	0.0371847	0.0291201	0.0220634	0.0158233	0.0109529	0.00715645	0.00451452	0.00268498	0.00154604	0.00083942	0.000443578	0.000221392	0.000108388	5.03308e-005	2.31498e-005	1.01571e-005	4.45379e-006	1.87378e-006	7.90874e-007	3.21203e-007	1.30731e-007	5.16372e-008	2.09249e-008	9.10719e-009	5.39655e-009	
Margattea_sp	0	0	0	0	0	0	0	0	0	1	0	0	0	0	0	0	0	0	0	0	0	0	0	0	0	0	0	0	0	0	0	0	0	0	0	0	
Supella_longipalpa	0	0	0	1	0	0	0	0	0	0	0	0	0	0	0	0	0	0	0	0	0	0	0	0	0	0	0	0	0	0	0	0	0	0	0	0	
Ectobius_pallidus	0	0	0	0	1	0	0	0	0	0	0	0	0	0	0	0	0	0	0	0	0	0	0	0	0	0	0	0	0	0	0	0	0	0	0	0	
N35	0.124819	0.111095	0.100133	0.0911716	0.0835352	0.0766855	0.0702435	0.0639844	0.0565164	0.0493627	0.0415154	0.0343707	0.0271893	0.0211219	0.0155597	0.011279	0.00770147	0.00521956	0.00331327	0.00212236	0.00126505	0.000777964	0.000440248	0.000262583	0.000142014	8.22083e-005	4.24439e-005	2.37129e-005	1.17759e-005	6.41159e-006	3.1568e-006	1.73319e-006	9.04342e-007	5.41373e-007	3.46241e-007	2.96281e-007	
N36	0.138344	0.122117	0.108333	0.0965111	0.0862049	0.077035	0.0687019	0.0609872	0.0525332	0.0447881	0.0368045	0.0297768	0.0230596	0.0175133	0.0126504	0.00894852	0.00598736	0.00393006	0.00242949	0.00148159	0.000847754	0.000482905	0.000257077	0.000137886	6.89535e-005	3.52447e-005	1.67902e-005	8.30573e-006	3.85698e-006	1.88575e-006	8.76654e-007	4.31619e-007	2.06517e-007	1.06253e-007	5.79159e-008	4.14447e-008	
N37	0.15294	0.134308	0.117988	0.103683	0.0910426	0.0797084	0.0693503	0.0597119	0.0495367	0.0402866	0.0312562	0.0235779	0.0168228	0.0116092	0.00752844	0.00471358	0.00276001	0.00156307	0.000824792	0.000423224	0.00020166	9.43095e-005	4.07931e-005	1.75485e-005	6.95917e-006	2.79314e-006	1.03105e-006	3.93878e-007	1.39286e-007	5.23008e-008	1.84865e-008	7.04439e-009	2.58396e-009	1.02882e-009	4.34219e-010	2.60815e-010	
N38	0.125067	0.115144	0.110411	0.108318	0.10606	0.101075	0.0918229	0.0783605	0.0605843	0.0433101	0.0277312	0.0163635	0.00861442	0.00419253	0.00181886	0.000734882	0.000264773	8.98211e-005	2.71885e-005	7.85961e-006	2.02706e-006	5.07592e-007	1.13176e-007	2.49245e-008	4.88218e-009	9.60455e-010	1.68013e-010	2.99811e-011	4.79788e-012	7.9352e-013	1.19473e-013	1.86557e-014	2.70136e-015	4.01765e-016	5.83591e-017	1.24762e-017	
Blattella_bisignata	0	0	0	0	0	1	0	0	0	0	0	0	0	0	0	0	0	0	0	0	0	0	0	0	0	0	0	0	0	0	0	0	0	0	0	0	
Blattella_germanica	0	0	0	0	0	1	0	0	0	0	0	0	0	0	0	0	0	0	0	0	0	0	0	0	0	0	0	0	0	0	0	0	0	0	0	0	
Blattella_sauteri	0	0	0	0	0	1	0	0	0	0	0	0	0	0	0	0	0	0	0	0	0	0	0	0	0	0	0	0	0	0	0	0	0	0	0	0	
Loboptera_decipiens	0	0	0	0	0	0	0	0	0	0	1	0	0	0	0	0	0	0	0	0	0	0	0	0	0	0	0	0	0	0	0	0	0	0	0	0	
N39	0.102324	0.0917014	0.0837234	0.0776482	0.0728855	0.0689947	0.0656732	0.062732	0.0583526	0.0542105	0.0486393	0.0434464	0.0371541	0.0316119	0.0255265	0.0205828	0.0156147	0.0119401	0.00851809	0.00622338	0.00420026	0.00296084	0.00190088	0.00129888	0.000796687	0.000528327	0.000309845	0.000199227	0.000113265	7.18982e-005	4.12225e-005	2.70266e-005	1.69585e-005	1.24692e-005	9.65946e-006	9.49907e-006	
N40	0.0515026	0.0482999	0.047973	0.0498093	0.0533354	0.0582023	0.0640498	0.0703805	0.0745812	0.0774179	0.0760703	0.0722454	0.0641457	0.0547055	0.0433102	0.0329074	0.023119	0.0156313	0.00974752	0.00588132	0.00326628	0.00176824	0.000879468	0.000430347	0.000193588	8.663e-005	3.57482e-005	1.48503e-005	5.73727e-006	2.25129e-006	8.29378e-007	3.10612e-007	1.10671e-007	4.06539e-008	1.57126e-008	8.54704e-009	
N41	0.021561	0.0221241	0.0254709	0.0312177	0.0392704	0.0499016	0.0635544	0.080005	0.0954957	0.107601	0.110194	0.103358	0.086434	0.0656128	0.0441544	0.0270019	0.0146264	0.00724709	0.00318384	0.00129396	0.000467058	0.000158513	4.78417e-005	1.38655e-005	3.58019e-006	9.09896e-007	2.06497e-007	4.73158e-008	9.7627e-009	2.07496e-009	4.02158e-010	8.04763e-011	1.48541e-011	2.79168e-012	5.12246e-013	1.36862e-013	
Hemithyrsocera_sp	0	0	0	0	0	0	1	0	0	0	0	0	0	0	0	0	0	0	0	0	0	0	0	0	0	0	0	0	0	0	0	0	0	0	0	0	
Symplocodes_sp	0	0	0	0	0	0	0	0	0	0	0	0	0	1	0	0	0	0	0	0	0	0	0	0	0	0	0	0	0	0	0	0	0	0	0	0	
N42	0.00557077	0.00657619	0.00921411	0.0136927	0.0208582	0.0330189	0.0535604	0.0839217	0.117313	0.144177	0.150102	0.134309	0.100872	0.0650972	0.0353202	0.0165932	0.00659258	0.00229697	0.000682279	0.000180752	4.11865e-005	8.54346e-006	1.53746e-006	2.57797e-007	3.78578e-008	5.30937e-009	6.58658e-010	7.98369e-011	8.67185e-012	9.34269e-013	9.12759e-014	8.84966e-015	7.84763e-016	6.8267e-017	5.56996e-018	6.15707e-019	
Lobopterella_dimidiatipes	0	0	0	0	0	0	0	0	0	0	0	0	1	0	0	0	0	0	0	0	0	0	0	0	0	0	0	0	0	0	0	0	0	0	0	0	
Symploce_sp	0	0	0	0	0	0	0	1	0	0	0	0	0	0	0	0	0	0	0	0	0	0	0	0	0	0	0	0	0	0	0	0	0	0	0	0	
Xestoblatta_sp	0	0	0	0	0	0	0	0	0	0	0	0	1	0	0	0	0	0	0	0	0	0	0	0	0	0	0	0	0	0	0	0	0	0	0	0	
