NODE	7	8	9	10	11	12	13	14	15	16	17	18	19	20	21	22	23	24	25	26	27	28	29	30	31	32	33	34	35	36	37	38	39	40	41	42	43	44	45	46	47	48	49	50	51	
N1	0.00383332	0.0075459	0.0216914	0.0644439	0.154408	0.257138	0.268023	0.160892	0.052328	0.00888526	0.000775085	3.4726e-005	8.07752e-007	9.93459e-009	6.61124e-011	2.44307e-013	6.18884e-018	2.17708e-019	5.9475e-021	1.2787e-022	2.19132e-024	3.02957e-026	3.41756e-028	3.17921e-030	2.4631e-032	1.60399e-034	8.85494e-037	4.17716e-039	1.69623e-041	5.96983e-044	1.83262e-046	4.93603e-049	1.17291e-051	2.47146e-054	4.63999e-057	7.79634e-060	1.17729e-062	1.60395e-065	1.97879e-068	2.2182e-071	2.2667e-074	2.11787e-077	1.81449e-080	1.42946e-083	1.10466e-086	
N2	0.00481527	0.0104951	0.0289299	0.0747419	0.155013	0.235984	0.244503	0.161492	0.0652856	0.0160438	0.00242888	0.000246437	1.73412e-005	3.82153e-006	4.1083e-007	2.81397e-007	2.11242e-008	9.42389e-009	4.33807e-010	1.19403e-010	3.42752e-012	5.76436e-013	1.06276e-014	1.09269e-015	1.33397e-017	8.58671e-019	7.09026e-021	2.9994e-022	1.7081e-024	5.32785e-026	2.10588e-028	5.21939e-030	2.42724e-032	1.81609e-033	5.52596e-036	1.95828e-037	1.90604e-039	1.71456e-040	3.85731e-043	9.07449e-045	6.06057e-047	3.9151e-048	7.74148e-051	2.21085e-052	1.08893e-053	
N3	0.0095037	0.0198817	0.0433734	0.0776303	0.115474	0.155878	0.186094	0.176107	0.122831	0.0621447	0.0227452	0.00639691	0.00139945	0.000384498	9.47999e-005	4.57079e-005	1.05603e-005	3.99775e-006	6.37843e-007	1.64106e-007	1.79209e-008	3.20613e-009	2.43687e-010	3.13713e-011	1.68732e-012	1.62303e-013	6.2511e-015	4.64948e-016	1.31212e-017	8.06471e-019	1.71119e-020	9.13087e-022	1.80754e-023	1.21265e-024	2.23146e-026	1.32337e-027	3.25549e-029	2.41887e-030	3.85557e-032	1.76025e-033	3.38344e-035	1.90006e-036	3.25553e-038	1.77773e-039	1.29536e-040	
N4	4.42668e-005	0.000168387	0.000584157	0.00128837	0.00199994	0.00371131	0.0101211	0.0291502	0.0687648	0.125693	0.174026	0.192649	0.161753	0.118053	0.0634456	0.033267	0.0110551	0.0034917	0.000617851	0.000105773	1.03553e-005	1.05195e-006	6.31506e-008	4.18765e-009	1.66054e-010	7.70745e-012	2.112e-013	7.19425e-015	1.42773e-016	3.80591e-018	5.71384e-020	1.25499e-021	1.58836e-023	3.32437e-025	3.90204e-027	8.00824e-029	9.98218e-031	2.15818e-032	2.42203e-034	4.31837e-036	4.58318e-038	7.83885e-040	9.17852e-042	1.65655e-043	3.4388e-045	
N5	4.6746e-006	4.61816e-005	0.000409458	0.00132021	0.0011186	0.000545209	0.0013375	0.00806113	0.0352601	0.102216	0.193486	0.24256	0.208957	0.128663	0.0557935	0.0165443	0.00322358	0.000415988	3.51708e-005	2.04016e-006	8.04781e-008	2.40041e-009	5.04982e-011	1.0443e-012	1.48979e-014	3.44401e-016	4.11007e-018	9.79614e-020	9.1154e-022	1.72812e-023	1.21383e-025	1.76389e-027	9.60031e-030	1.09699e-031	4.71392e-034	4.29808e-036	1.50016e-038	1.11474e-040	3.13213e-043	1.86109e-045	4.26629e-048	2.09658e-050	4.35202e-053	2.20215e-055	1.11347e-057	
N6	2.68735e-008	7.87911e-007	1.40377e-005	3.91534e-005	1.41862e-005	2.92151e-006	6.94312e-006	0.000104276	0.00180995	0.0185764	0.100895	0.271297	0.34192	0.200849	0.0558527	0.00798405	0.000602342	3.04756e-005	9.79536e-007	3.58629e-008	7.00823e-010	3.07112e-011	3.71253e-013	1.42392e-014	1.01218e-016	2.41142e-018	1.04059e-020	1.55243e-022	4.3725e-025	4.40594e-027	8.73257e-030	6.43742e-032	9.66358e-035	5.59253e-037	6.64559e-040	3.08526e-042	2.9528e-045	1.10586e-047	8.3028e-051	2.41098e-053	1.44774e-056	3.44481e-059	1.70655e-062	4.08659e-065	1.07713e-067	
N7	7.44054e-014	1.91232e-011	2.61265e-009	6.34539e-008	2.71282e-008	1.04416e-009	5.10169e-011	4.19692e-010	9.3254e-008	1.25168e-005	0.000791569	0.0207098	0.190142	0.493028	0.269144	0.0255063	0.000659632	6.33265e-006	2.76583e-008	7.52479e-011	1.63096e-013	8.96037e-016	2.27609e-018	1.0052e-020	1.43048e-023	3.34596e-026	2.72404e-029	3.61795e-032	1.76915e-035	1.41726e-038	4.33109e-042	2.20567e-045	4.3701e-049	1.49369e-052	1.98406e-056	4.80872e-060	4.41347e-064	7.98867e-068	5.20314e-072	7.34819e-076	3.5096e-080	4.23996e-084	3.00085e-088	9.18331e-092	3.16357e-095	
N8	4.97624e-016	1.65382e-013	2.71429e-011	8.06716e-010	3.21873e-010	1.0193e-011	1.15325e-012	4.42004e-012	1.82608e-009	5.82606e-007	8.73583e-005	0.00522939	0.101081	0.477695	0.378155	0.0369012	0.00084444	6.52448e-006	2.14292e-008	3.50703e-011	3.25559e-014	8.89345e-017	3.99306e-019	1.94079e-020	5.71145e-023	1.55056e-024	2.46552e-027	3.96971e-029	3.36289e-032	3.34222e-034	1.50302e-037	9.15527e-040	2.28047e-043	8.03801e-046	1.21774e-049	2.33099e-052	2.35986e-056	2.49408e-059	1.77142e-063	1.1535e-066	5.83204e-071	2.66009e-074	1.09771e-078	1.12999e-081	3.54831e-084	
N9	9.43462e-021	1.50203e-017	1.10441e-014	1.47097e-012	5.34469e-013	2.11775e-014	9.56716e-016	5.29508e-016	9.64547e-013	1.54244e-009	1.14462e-006	0.000325749	0.0266742	0.399054	0.536215	0.0373567	0.000371722	9.88213e-007	9.85541e-010	4.5355e-013	1.10617e-016	1.78659e-020	4.19067e-024	2.73616e-026	2.04624e-029	1.03246e-031	4.70363e-035	1.31165e-037	3.55001e-041	5.75975e-044	8.57393e-048	8.31944e-051	6.37946e-055	3.5791e-058	1.49336e-062	4.62244e-066	1.53321e-070	5.62973e-074	4.14991e-078	2.17045e-081	1.42207e-085	5.72005e-089	2.91408e-093	2.07824e-096	3.95678e-099	
N10	4.61205e-022	3.51688e-019	1.37491e-016	9.05896e-015	4.53829e-015	9.69675e-016	2.52975e-016	3.05464e-015	3.80551e-012	3.73949e-009	1.82424e-006	0.000372831	0.0248925	0.360868	0.558838	0.0541301	0.000892004	4.26454e-006	8.00476e-009	7.1318e-012	3.42964e-015	9.86206e-019	2.15736e-022	2.19416e-024	5.08201e-027	1.46849e-028	2.24054e-031	3.59085e-033	3.66977e-036	3.36108e-038	2.13768e-041	1.1534e-043	3.64684e-047	1.18232e-049	1.44428e-053	2.30715e-056	1.41211e-060	7.695e-064	2.9823e-068	8.73767e-072	2.17101e-076	4.62351e-080	8.42387e-085	3.76169e-088	5.48197e-091	
N11	4.12012e-023	7.48663e-020	9.72844e-017	4.67931e-014	4.15627e-013	1.01915e-013	9.97875e-015	3.34144e-015	1.73015e-012	1.39537e-009	6.1306e-007	0.000126681	0.0100217	0.216263	0.682052	0.0894911	0.00203052	1.41053e-005	4.04702e-008	5.75376e-011	4.57777e-014	2.23782e-017	7.5363e-021	1.20124e-023	2.12732e-026	2.33887e-028	3.16534e-031	2.02697e-033	1.94581e-036	7.33251e-039	4.96267e-042	1.09952e-044	4.74581e-048	6.09164e-051	1.35783e-054	9.38341e-058	1.13801e-061	3.83467e-065	2.80801e-069	6.31897e-073	2.97163e-077	5.25037e-081	1.87666e-085	4.99256e-089	2.48781e-092	
N12	2.44732e-023	2.36064e-020	1.35119e-017	2.31318e-015	1.07343e-014	1.85067e-015	3.76371e-016	4.39205e-016	2.3883e-013	2.852e-010	1.84935e-007	5.55866e-005	0.00625227	0.18408	0.723628	0.0844501	0.00152579	7.97609e-006	1.66445e-008	1.68218e-011	9.35733e-015	3.14465e-018	7.21611e-022	4.97479e-024	1.58479e-026	1.00666e-027	2.03192e-030	7.94921e-032	9.68507e-035	2.46207e-036	1.6721e-039	2.86656e-041	9.57498e-045	1.10038e-046	1.61117e-050	1.07351e-052	7.82117e-057	2.07059e-059	1.03528e-063	1.2788e-066	4.70536e-071	3.38421e-074	9.35228e-079	5.69074e-082	1.05299e-084	
N13	9.76479e-027	3.4847e-023	1.10206e-019	1.78842e-016	2.44452e-015	3.47947e-016	2.21894e-017	1.19613e-018	2.20767e-016	7.36309e-013	1.40817e-009	1.33631e-006	0.000517068	0.057993	0.905387	0.0358869	0.000214412	3.90848e-007	3.00179e-010	1.16969e-013	2.60894e-017	3.63084e-021	3.41529e-025	1.06344e-028	6.6235e-032	4.07166e-034	2.17887e-037	8.08628e-040	3.14235e-043	7.06207e-046	1.96906e-049	2.69022e-052	4.84236e-056	4.01481e-059	3.70588e-063	1.76303e-066	7.77983e-071	1.54205e-074	4.22129e-079	4.9207e-083	8.72981e-088	7.59563e-092	9.67589e-097	1.0994e-100	2.70623e-104	
Amitermes_darwini	0	0	0	0	0	0	0	0	0	0	0	0	0	0	1	0	0	0	0	0	0	0	0	0	0	0	0	0	0	0	0	0	0	0	0	0	0	0	0	0	0	0	0	0	0	
Amitermes_germanus	0	0	0	0	0	0	0	0	0	0	0	0	0	0	1	0	0	0	0	0	0	0	0	0	0	0	0	0	0	0	0	0	0	0	0	0	0	0	0	0	0	0	0	0	0	
Amitermes_parvus	0	0	0	0	0	0	0	0	0	0	0	0	0	0	1	0	0	0	0	0	0	0	0	0	0	0	0	0	0	0	0	0	0	0	0	0	0	0	0	0	0	0	0	0	0	
Drepanotermes_septentrionalis	0	0	0	0	0	0	0	0	0	0	0	0	0	0	1	0	0	0	0	0	0	0	0	0	0	0	0	0	0	0	0	0	0	0	0	0	0	0	0	0	0	0	0	0	0	
N14	7.27248e-022	1.59512e-019	1.91095e-017	4.78769e-016	8.22121e-016	1.59274e-015	3.36717e-015	9.0236e-014	4.87446e-011	2.37725e-008	6.15292e-006	0.000726127	0.0315226	0.354581	0.546095	0.0654463	0.0016096	1.3081e-005	4.58171e-008	8.17084e-011	8.30964e-014	5.25044e-017	2.4207e-020	6.53206e-022	4.92479e-024	7.02464e-025	3.58967e-027	3.03726e-028	1.02605e-030	5.36868e-032	1.08159e-034	3.64925e-036	3.53809e-039	7.80832e-041	2.80119e-044	3.31409e-046	5.71589e-050	2.20914e-052	2.60692e-056	4.71394e-059	3.91377e-063	4.55439e-066	2.76515e-070	4.69128e-073	4.11355e-075	
N15	3.41352e-025	2.35297e-021	1.11968e-017	2.08881e-014	1.50666e-013	7.63067e-015	1.57479e-016	5.74765e-018	4.84928e-015	1.25762e-011	1.72021e-008	1.06209e-005	0.00236419	0.129624	0.816009	0.0515526	0.000438231	1.02981e-006	9.44327e-010	4.13278e-013	9.83364e-017	1.40313e-020	1.34921e-024	5.19463e-028	2.20381e-031	1.55728e-032	1.44534e-032	1.93421e-032	1.09563e-033	2.09762e-034	8.61638e-036	1.13847e-036	3.43182e-038	3.06876e-039	5.77461e-041	3.25506e-042	3.92912e-044	1.3157e-045	1.09677e-047	2.75044e-049	1.6606e-051	3.59055e-053	1.8132e-055	6.00246e-057	3.62323e-058	
N16	8.14219e-026	4.01752e-022	1.14751e-018	8.54229e-016	4.70642e-015	2.04633e-016	2.92793e-018	3.55974e-019	4.47193e-016	2.0765e-012	4.87319e-009	4.85021e-006	0.00160296	0.116578	0.834259	0.0472502	0.000304984	4.83557e-007	2.74573e-010	6.97466e-014	9.1688e-018	6.9297e-022	3.48841e-026	3.30802e-028	3.11388e-031	2.38763e-032	1.20677e-035	6.02302e-037	1.57319e-040	5.40236e-042	6.77109e-046	1.64967e-047	8.84711e-052	1.50271e-053	3.09434e-058	3.10225e-060	2.73942e-065	8.60119e-068	5.36078e-073	6.57424e-076	3.171e-081	1.91776e-084	7.31885e-090	2.78342e-093	2.53603e-096	
Ephelotermes_melachoma	0	0	0	0	0	0	0	0	0	0	0	0	0	0	1	0	0	0	0	0	0	0	0	0	0	0	0	0	0	0	0	0	0	0	0	0	0	0	0	0	0	0	0	0	0	
N17	1.78139e-026	2.81982e-023	2.4947e-020	6.8673e-018	2.96676e-017	9.65945e-018	2.64337e-018	8.7161e-019	4.6033e-016	1.48269e-012	2.70633e-009	2.40401e-006	0.000841811	0.0797394	0.875695	0.0434289	0.000292256	5.72681e-007	4.61244e-010	1.857e-013	4.23827e-017	5.9914e-021	5.73365e-025	8.23816e-028	1.24443e-030	3.54252e-032	3.89307e-035	6.57318e-037	5.23555e-040	5.3297e-042	2.98665e-045	1.85772e-047	6.11909e-051	2.39195e-053	3.07925e-057	7.14629e-060	3.21588e-064	1.88727e-067	5.54701e-072	1.58177e-075	3.06384e-080	6.3235e-084	8.85033e-089	3.43343e-092	5.47741e-095	
Ephelotermes_taylori	0	0	0	0	0	0	0	0	0	0	0	0	0	0	1	0	0	0	0	0	0	0	0	0	0	0	0	0	0	0	0	0	0	0	0	0	0	0	0	0	0	0	0	0	0	
Macrognathotermes_sunteri	0	0	0	0	0	0	0	0	0	0	0	0	0	0	1	0	0	0	0	0	0	0	0	0	0	0	0	0	0	0	0	0	0	0	0	0	0	0	0	0	0	0	0	0	0	
Lophotermes_septentrionalis	0	0	0	0	0	0	0	0	0	0	0	0	0	0	1	0	0	0	0	0	0	0	0	0	0	0	0	0	0	0	0	0	0	0	0	0	0	0	0	0	0	0	0	0	0	
N18	3.18301e-022	1.24971e-018	2.84598e-015	4.73646e-013	3.85928e-013	1.1189e-014	1.07203e-015	2.42087e-015	7.12103e-013	1.38631e-009	1.38564e-006	0.000584713	0.0715202	0.452167	0.469968	0.00574116	1.75299e-005	2.06183e-008	1.16436e-011	3.62141e-015	6.81522e-019	8.33826e-023	7.08622e-027	8.35019e-031	1.79447e-034	2.31218e-037	6.18231e-041	5.36717e-044	1.05827e-047	5.6893e-051	8.27837e-055	2.74585e-058	2.79158e-062	5.58252e-066	3.50392e-070	4.10953e-074	1.49204e-078	9.85309e-083	2.18701e-087	9.87649e-092	1.42498e-096	4.99311e-101	5.37017e-106	2.24424e-110	1.2652e-114	
Procubitermes_sp	0	0	0	0	0	0	0	0	0	0	0	0	1	0	0	0	0	0	0	0	0	0	0	0	0	0	0	0	0	0	0	0	0	0	0	0	0	0	0	0	0	0	0	0	0	
N19	8.33031e-026	5.40626e-022	1.53798e-018	9.17073e-016	8.58452e-016	3.7234e-017	3.91272e-018	3.22908e-019	1.08105e-016	1.0441e-012	5.10583e-009	1.01392e-005	0.00552722	0.201285	0.787788	0.00538411	6.12699e-006	2.22487e-009	3.47215e-013	2.77226e-017	1.2794e-021	4.38567e-025	3.08172e-028	6.14131e-030	2.77417e-033	3.14266e-035	8.35917e-039	5.76205e-041	8.22744e-045	3.63523e-047	2.21346e-051	6.29142e-054	8.45518e-059	7.80593e-062	6.51386e-067	2.43209e-070	1.44184e-075	2.59417e-079	1.11823e-084	1.19155e-088	3.72179e-094	2.75675e-098	1.13675e-103	1.1747e-106	1.81226e-109	
Tuberculitermes_bycanistes	0	0	0	0	0	0	0	0	0	0	0	0	0	0	1	0	0	0	0	0	0	0	0	0	0	0	0	0	0	0	0	0	0	0	0	0	0	0	0	0	0	0	0	0	0	
Unguitermes_sp	0	0	0	0	0	0	0	0	0	0	0	0	0	0	1	0	0	0	0	0	0	0	0	0	0	0	0	0	0	0	0	0	0	0	0	0	0	0	0	0	0	0	0	0	0	
N20	3.38675e-024	9.46296e-021	1.49312e-017	3.48625e-015	1.41108e-015	2.2436e-017	2.15693e-018	2.1851e-017	9.22471e-014	2.6223e-010	3.28736e-007	0.000148425	0.0179163	0.357861	0.575003	0.0485481	0.000521826	1.28069e-006	1.02593e-009	3.37868e-013	5.3566e-017	4.71358e-021	4.49848e-025	7.02893e-027	6.01452e-030	1.72438e-031	2.634e-032	7.20506e-032	4.19307e-033	3.81932e-033	1.10349e-034	7.16928e-035	9.85601e-037	4.53362e-037	2.72008e-039	6.69316e-040	2.40366e-042	2.16229e-043	5.8486e-046	2.72211e-047	5.57168e-050	1.82619e-051	2.99116e-054	2.17878e-055	8.42808e-056	
N21	5.5466e-024	6.32424e-021	4.39693e-018	4.34622e-016	1.93282e-016	6.62361e-018	2.46936e-018	7.31852e-017	1.99138e-013	4.23886e-010	4.22616e-007	0.000162248	0.0179288	0.351514	0.577325	0.0524103	0.000657936	2.04927e-006	2.23765e-009	1.06563e-012	2.56425e-016	3.50586e-020	5.72497e-024	1.84506e-024	6.3343e-027	2.3041e-027	4.00344e-030	9.06126e-031	7.36312e-034	1.1133e-034	3.64991e-038	3.84457e-039	4.09665e-043	2.89558e-044	9.23362e-049	3.10434e-050	4.9127e-055	4.37753e-057	5.03526e-062	1.51011e-064	1.34413e-069	1.83986e-072	1.27561e-077	1.39708e-080	2.03131e-082	
N22	3.82103e-022	5.55593e-019	5.65146e-016	2.14603e-013	1.60833e-012	3.42572e-013	2.91067e-014	6.88834e-015	2.5795e-012	1.78565e-009	6.86299e-007	0.000127298	0.00938644	0.200365	0.688837	0.0987087	0.00255421	2.08441e-005	7.17081e-008	1.24055e-010	1.21425e-013	7.35018e-017	3.01344e-020	2.96788e-023	4.65478e-026	4.201e-028	5.87035e-031	3.18763e-033	3.19581e-036	1.03347e-038	7.51266e-042	1.44079e-044	7.07578e-048	7.8111e-051	2.12932e-054	1.2982e-057	1.96007e-061	6.25916e-065	5.66718e-069	1.25159e-072	7.33489e-077	1.29368e-080	5.84794e-085	1.44944e-088	5.79171e-092	
Crenetermes_albotarsalis	0	0	0	0	0	0	0	0	0	0	0	0	0	0	1	0	0	0	0	0	0	0	0	0	0	0	0	0	0	0	0	0	0	0	0	0	0	0	0	0	0	0	0	0	0	
N23	1.17797e-022	9.80433e-020	4.88133e-017	7.32991e-015	2.77831e-014	3.42199e-015	5.50758e-016	4.75488e-016	2.15158e-013	2.44312e-010	1.53452e-007	4.56954e-005	0.00525346	0.165443	0.738162	0.0893945	0.0016911	9.40251e-006	2.11592e-008	2.33248e-011	1.42844e-014	5.32182e-018	1.33463e-021	5.08605e-024	1.57562e-026	8.19144e-028	1.69041e-030	5.39449e-032	6.97956e-035	1.43633e-036	1.08595e-039	1.49491e-041	5.87748e-045	5.41608e-047	9.81805e-051	5.38901e-053	4.76665e-057	1.06222e-059	6.37787e-064	6.89291e-067	3.00949e-071	1.96008e-074	6.36766e-079	3.59926e-082	5.36678e-085	
Cubitermes_sp	0	0	0	0	0	0	0	0	0	0	0	0	0	0	1	0	0	0	0	0	0	0	0	0	0	0	0	0	0	0	0	0	0	0	0	0	0	0	0	0	0	0	0	0	0	
Thoracotermes_macrothorax	0	0	0	0	0	0	0	0	0	0	0	0	0	0	1	0	0	0	0	0	0	0	0	0	0	0	0	0	0	0	0	0	0	0	0	0	0	0	0	0	0	0	0	0	0	
N24	9.35086e-023	2.04395e-020	5.64842e-018	8.58094e-016	1.77664e-014	5.15925e-014	7.30639e-014	5.68204e-013	1.54388e-010	4.75476e-008	8.43686e-006	0.000747507	0.0274136	0.304131	0.556902	0.106016	0.00470598	7.40563e-005	5.26159e-007	1.9692e-009	4.31568e-012	6.01018e-015	6.09568e-018	1.37605e-019	1.56378e-021	2.19345e-022	1.79704e-024	1.49328e-025	8.93275e-028	4.44337e-029	1.87493e-031	5.59447e-033	1.35675e-035	2.46138e-037	2.31411e-040	2.16317e-042	1.01072e-045	3.30258e-048	9.86413e-052	1.8783e-054	3.66421e-058	5.41119e-061	8.04311e-065	2.48191e-067	2.39672e-069	
N25	1.08136e-025	1.12763e-021	7.29856e-018	1.94277e-014	1.16656e-013	2.86291e-015	2.93706e-017	2.21472e-019	4.05865e-017	1.97843e-013	5.2871e-010	6.74807e-007	0.000337353	0.0473143	0.927194	0.0250498	0.000103292	1.27916e-007	6.51587e-011	1.64251e-014	2.31452e-018	1.99551e-022	1.14412e-026	1.0824e-030	1.78874e-034	1.66182e-037	2.80667e-041	1.60532e-044	1.89027e-048	6.40056e-052	5.2292e-056	1.05319e-059	5.61688e-064	6.65365e-068	2.06837e-072	1.40015e-076	2.49815e-081	9.42858e-086	1.02321e-090	2.52191e-095	1.74036e-100	3.16012e-105	1.55121e-110	3.14544e-115	8.70679e-120	
N26	1.1349e-026	5.64768e-023	1.45297e-019	1.0856e-016	3.39764e-016	2.00382e-018	1.30834e-020	2.10569e-021	1.33431e-018	1.16518e-014	5.7338e-011	1.36685e-007	0.000128061	0.0324725	0.947566	0.0197815	5.16306e-005	3.83005e-008	1.15265e-011	1.71796e-015	1.44054e-019	7.42813e-024	2.56805e-028	2.61444e-031	2.19619e-034	5.33846e-036	3.13117e-039	4.52673e-041	1.84035e-044	1.63685e-046	4.34992e-050	2.4692e-052	3.62345e-056	1.3646e-058	7.96451e-063	1.93624e-065	2.61084e-070	1.036e-073	9.49454e-079	1.71258e-082	1.08128e-087	1.28061e-091	5.84568e-097	1.35206e-100	1.92731e-103	
Nasutitermes_graveolus	0	0	0	0	0	0	0	0	0	0	0	0	0	0	1	0	0	0	0	0	0	0	0	0	0	0	0	0	0	0	0	0	0	0	0	0	0	0	0	0	0	0	0	0	0	
Nasutitermes_triodiae	0	0	0	0	0	0	0	0	0	0	0	0	0	0	1	0	0	0	0	0	0	0	0	0	0	0	0	0	0	0	0	0	0	0	0	0	0	0	0	0	0	0	0	0	0	
N27	1.15657e-026	5.75891e-023	1.48227e-019	1.10684e-016	3.48006e-016	2.0738e-018	1.31991e-020	2.12942e-021	1.36161e-018	1.1864e-014	5.82347e-011	1.38412e-007	0.000129224	0.0326288	0.947337	0.0198526	5.19833e-005	3.86656e-008	1.16627e-011	1.74164e-015	1.46285e-019	7.55424e-024	2.61536e-028	2.71128e-031	2.29435e-034	5.65084e-036	3.33577e-039	4.88683e-041	1.9971e-044	1.80086e-046	4.80077e-050	2.76539e-052	4.06076e-056	1.55348e-058	9.05718e-063	2.23801e-065	3.01298e-070	1.21373e-073	1.11165e-078	2.03055e-082	1.28264e-087	1.53466e-091	7.0094e-097	1.6308e-100	2.35752e-103	
Nasutitermes_longipennis	0	0	0	0	0	0	0	0	0	0	0	0	0	0	1	0	0	0	0	0	0	0	0	0	0	0	0	0	0	0	0	0	0	0	0	0	0	0	0	0	0	0	0	0	0	
Tumulitermes_pastinator	0	0	0	0	0	0	0	0	0	0	0	0	0	0	1	0	0	0	0	0	0	0	0	0	0	0	0	0	0	0	0	0	0	0	0	0	0	0	0	0	0	0	0	0	0	
Pericapritermes_sp	0	0	0	0	0	0	0	0	0	0	0	0	0	0	1	0	0	0	0	0	0	0	0	0	0	0	0	0	0	0	0	0	0	0	0	0	0	0	0	0	0	0	0	0	0	
N28	2.20385e-020	6.86911e-018	1.76757e-015	1.84628e-013	2.04083e-012	2.64699e-012	1.57274e-012	4.43066e-012	7.19452e-010	1.49173e-007	1.81824e-005	0.00113873	0.0309436	0.279603	0.541555	0.137829	0.00870842	0.00020131	2.14472e-006	1.22177e-008	4.12316e-011	8.92458e-014	1.36133e-016	8.73241e-019	7.51714e-021	4.49845e-022	3.1829e-024	1.15983e-025	6.09528e-028	1.35389e-029	5.3119e-032	7.11595e-034	1.89744e-036	1.48749e-038	2.05083e-041	8.78978e-044	6.51758e-047	1.32207e-049	5.96364e-053	8.38568e-056	2.48012e-059	2.86053e-062	6.68205e-066	1.24652e-068	4.59462e-071	
Microcerotermes_boreus	0	0	0	0	0	0	0	0	0	0	0	0	0	0	1	0	0	0	0	0	0	0	0	0	0	0	0	0	0	0	0	0	0	0	0	0	0	0	0	0	0	0	0	0	0	
Microcerotermes_nervosus	0	0	0	0	0	0	0	0	0	0	0	0	0	0	1	0	0	0	0	0	0	0	0	0	0	0	0	0	0	0	0	0	0	0	0	0	0	0	0	0	0	0	0	0	0	
N29	6.92783e-016	3.80565e-014	1.41998e-012	1.48691e-011	2.32516e-011	2.50084e-011	2.1507e-011	1.3696e-010	1.7629e-008	2.14433e-006	0.000148414	0.00512067	0.0747378	0.364696	0.438269	0.108738	0.00804901	0.000235149	3.27242e-006	2.47037e-008	1.11117e-010	3.34215e-013	9.58424e-016	4.81905e-017	6.84093e-019	5.34255e-020	5.31414e-022	2.43551e-023	1.68936e-025	4.63809e-027	2.12218e-029	3.53712e-031	9.48208e-034	9.49361e-036	1.377e-038	7.46202e-041	6.47757e-044	1.8683e-046	1.03252e-049	2.07391e-052	7.65933e-056	1.24154e-058	3.78628e-062	1.18358e-064	7.88037e-067	
Macrotermes_bellicosus	0	0	0	0	0	0	0	0	0	0	0	0	0	0	1	0	0	0	0	0	0	0	0	0	0	0	0	0	0	0	0	0	0	0	0	0	0	0	0	0	0	0	0	0	0	
N30	1.81834e-019	5.47406e-017	1.80895e-014	2.94435e-012	1.96844e-011	6.63093e-012	9.52581e-013	3.32143e-013	5.25286e-011	1.86092e-008	3.7561e-006	0.000378558	0.0161197	0.224212	0.648424	0.106872	0.00393891	5.1182e-005	2.99109e-007	9.16088e-010	1.63334e-012	1.85209e-015	1.49901e-018	4.07271e-021	1.25617e-023	1.72407e-025	4.26389e-028	3.56638e-030	6.08831e-033	3.13866e-035	3.62206e-038	1.17289e-040	8.71516e-044	1.7787e-046	8.19852e-050	1.03385e-052	3.0547e-056	2.41453e-059	4.78959e-063	2.6155e-066	3.59637e-070	1.50114e-073	1.56728e-077	7.49307e-081	5.43946e-084	
N31	1.01278e-023	2.12666e-020	2.57988e-017	1.05798e-014	3.33073e-014	2.14171e-015	1.08195e-016	6.97579e-018	2.40965e-015	6.18999e-012	8.63085e-009	5.63218e-006	0.00140015	0.0940347	0.855761	0.0483948	0.000402849	9.69786e-007	9.35484e-010	4.38502e-013	1.13408e-016	1.77677e-020	1.86914e-024	1.08264e-027	7.65038e-031	4.61901e-033	2.3729e-036	8.47271e-039	2.84297e-042	6.21156e-045	1.30347e-048	1.79347e-051	2.17219e-055	1.88434e-058	1.22171e-062	6.21177e-066	2.2046e-070	5.49094e-074	1.25973e-078	1.77015e-082	2.75249e-087	2.56847e-091	2.82232e-096	2.52026e-100	4.05085e-104	
N32	4.442e-026	1.20858e-022	1.7302e-019	6.96556e-017	1.62229e-016	3.78163e-018	3.06444e-019	7.98341e-020	4.80467e-017	2.46729e-013	7.00379e-010	9.38214e-007	0.000476454	0.0623367	0.902214	0.0348065	0.000164867	2.14764e-007	1.10609e-010	2.76694e-014	3.83675e-018	3.23557e-022	1.82918e-026	3.01079e-029	3.4503e-032	9.6444e-034	7.5072e-037	1.25803e-038	6.4201e-042	6.76506e-044	2.07198e-047	1.43817e-049	2.21642e-053	1.04148e-055	6.29181e-060	1.82075e-062	3.93221e-067	3.07146e-070	4.54927e-075	1.50878e-078	1.60396e-083	3.19025e-087	2.47641e-092	5.74883e-096	7.41391e-099	
Microtermes_sp	0	0	0	0	0	0	0	0	0	0	0	0	0	0	1	0	0	0	0	0	0	0	0	0	0	0	0	0	0	0	0	0	0	0	0	0	0	0	0	0	0	0	0	0	0	
Odontotermes_sp	0	0	0	0	0	0	0	0	0	0	0	0	0	0	1	0	0	0	0	0	0	0	0	0	0	0	0	0	0	0	0	0	0	0	0	0	0	0	0	0	0	0	0	0	0	
Protermes_sp	0	0	0	0	0	0	0	0	0	0	0	0	0	0	1	0	0	0	0	0	0	0	0	0	0	0	0	0	0	0	0	0	0	0	0	0	0	0	0	0	0	0	0	0	0	
Pseudacanthotermes_militaris	0	0	0	0	0	0	0	0	0	0	0	0	0	0	1	0	0	0	0	0	0	0	0	0	0	0	0	0	0	0	0	0	0	0	0	0	0	0	0	0	0	0	0	0	0	
N33	2.78269e-014	3.38603e-012	2.21595e-010	2.14034e-009	8.79523e-010	4.97948e-011	1.49037e-011	6.73661e-010	1.27048e-007	1.52941e-005	0.000894033	0.0219435	0.190676	0.476674	0.273876	0.0345823	0.00131883	1.93263e-005	1.2923e-007	4.47707e-010	8.85813e-013	1.5361e-015	7.76331e-018	1.28397e-018	1.1014e-020	1.13974e-021	5.49882e-024	3.39592e-025	9.00821e-028	3.49377e-029	4.90572e-032	1.21459e-033	8.75128e-037	1.3196e-038	4.95866e-042	3.85585e-044	8.69333e-048	2.92929e-050	4.51184e-054	8.31699e-057	8.9862e-061	1.10444e-063	9.00695e-068	1.83046e-070	1.54381e-072	
N34	1.31037e-013	3.60858e-012	6.08941e-011	2.43198e-010	1.33927e-010	4.44596e-011	3.50887e-010	1.8295e-008	1.50565e-006	8.39721e-005	0.00254597	0.0368724	0.218608	0.440358	0.254929	0.0436993	0.00281749	8.26859e-005	1.26739e-006	1.12193e-008	6.18707e-011	2.36257e-013	1.03301e-015	2.07565e-016	5.79315e-018	1.52832e-018	2.87015e-020	4.70863e-021	5.67932e-023	6.01129e-024	4.28447e-026	2.98491e-027	1.14702e-029	5.08183e-031	1.03949e-033	2.53533e-035	3.19531e-038	3.85394e-040	3.36202e-043	2.3782e-045	1.47342e-048	7.30854e-051	3.42812e-054	2.37491e-056	5.75193e-058	
Coptotermes_acinaciformis	0	0	0	0	0	0	0	0	0	0	0	0	0	0	1	0	0	0	0	0	0	0	0	0	0	0	0	0	0	0	0	0	0	0	0	0	0	0	0	0	0	0	0	0	0	
Schedorhinotermes_lamanianus	0	0	0	0	0	0	0	0	0	0	0	0	1	0	0	0	0	0	0	0	0	0	0	0	0	0	0	0	0	0	0	0	0	0	0	0	0	0	0	0	0	0	0	0	0	
N35	3.20128e-017	8.46877e-015	2.15358e-012	2.35573e-010	9.76071e-010	1.92681e-010	1.5897e-011	3.25073e-012	3.51128e-010	8.12038e-008	1.08925e-005	0.000751289	0.0229564	0.247331	0.618238	0.106194	0.00444763	7.00461e-005	5.20297e-007	2.10023e-009	5.08095e-012	8.309e-015	1.09557e-017	4.46655e-020	1.47077e-022	1.16491e-024	2.95818e-027	1.44312e-029	2.56449e-032	7.76872e-035	9.54259e-038	1.82373e-040	1.49973e-043	1.83269e-046	9.8822e-050	7.91249e-053	2.83281e-056	1.59025e-059	3.88992e-063	1.67037e-066	2.90716e-070	1.0381e-073	1.60693e-077	8.37307e-081	5.96424e-084	
Reticulitermes_flavipes	0	0	0	0	0	0	0	0	0	0	0	0	0	0	1	0	0	0	0	0	0	0	0	0	0	0	0	0	0	0	0	0	0	0	0	0	0	0	0	0	0	0	0	0	0	
N36	1.97584e-020	1.57089e-017	7.52789e-015	1.15681e-012	2.30284e-012	8.59604e-014	3.89305e-015	5.15145e-016	1.09262e-013	1.26819e-010	8.2752e-008	2.63023e-005	0.0033813	0.12943	0.799412	0.066799	0.000947263	4.22304e-006	7.97911e-009	7.62911e-012	4.15135e-015	1.40829e-018	3.3908e-022	6.7862e-025	1.0626e-027	1.30428e-029	1.42257e-032	1.0706e-034	7.60673e-038	3.64935e-040	1.63494e-043	5.13756e-046	1.37679e-049	2.82444e-052	4.31925e-056	5.39928e-059	4.73982e-063	3.01704e-066	1.77985e-070	6.74354e-074	2.81036e-078	7.35419e-082	2.26575e-086	5.80896e-090	2.6877e-093	
Reticulitermes_lucifugus	0	0	0	0	0	0	0	0	0	0	0	0	0	0	1	0	0	0	0	0	0	0	0	0	0	0	0	0	0	0	0	0	0	0	0	0	0	0	0	0	0	0	0	0	0	
Reticulitermes_urbis	0	0	0	0	0	0	0	0	0	0	0	0	0	0	1	0	0	0	0	0	0	0	0	0	0	0	0	0	0	0	0	0	0	0	0	0	0	0	0	0	0	0	0	0	0	
N37	1.38149e-010	8.75126e-009	2.41851e-007	1.10154e-006	5.62802e-007	9.69051e-008	1.27189e-007	5.6485e-006	0.000262899	0.00656809	0.0701923	0.281621	0.401592	0.200321	0.0363672	0.00287032	0.000179795	1.68091e-005	1.29452e-006	6.27384e-008	1.9222e-009	1.02498e-010	4.16924e-012	8.67716e-013	2.43475e-014	2.90411e-015	4.16409e-017	2.5675e-018	1.89431e-020	6.14835e-022	2.44369e-024	4.38834e-026	1.00666e-028	1.06084e-030	1.48934e-033	9.60799e-036	8.68336e-039	3.56947e-041	2.14723e-044	5.7617e-047	2.3852e-050	4.45254e-053	1.36578e-056	2.4979e-059	7.88864e-062	
N38	1.48016e-011	7.65635e-010	1.90751e-008	8.39086e-008	5.59423e-008	1.70456e-008	5.38116e-008	1.78822e-006	9.75115e-005	0.00327396	0.0469168	0.243057	0.420958	0.23687	0.0452491	0.0034141	0.000153445	7.68604e-006	3.28611e-007	8.51805e-009	1.34705e-010	2.91353e-012	6.49828e-014	2.88849e-015	3.74187e-017	8.59965e-019	4.75095e-021	5.24683e-023	1.31758e-025	6.93385e-028	8.79855e-031	2.25938e-033	1.60955e-036	2.16862e-039	9.24055e-043	7.68994e-046	1.94433e-049	1.58283e-052	2.19614e-056	4.2903e-059	4.49573e-063	2.49444e-065	8.48009e-069	1.41734e-070	1.83888e-072	
N39	4.11785e-012	7.35949e-011	1.10197e-009	1.09218e-008	1.20596e-007	1.09249e-006	4.88332e-006	1.54938e-005	0.000107025	0.00122999	0.0137312	0.0934087	0.285378	0.362022	0.193602	0.0453185	0.00491001	0.000263336	7.49781e-006	1.32818e-007	2.09559e-009	2.47718e-010	9.17931e-012	1.11025e-012	2.3493e-014	1.4562e-015	1.74604e-017	5.91197e-019	3.96258e-021	7.61133e-023	2.89866e-025	3.19011e-027	7.31755e-030	4.75554e-032	6.93952e-035	2.9142e-037	2.8042e-040	8.5025e-043	5.58631e-046	1.33549e-048	6.25659e-052	1.29337e-054	1.31143e-057	1.22366e-059	1.28189e-061	
Bifiditermes_improbus	0	0	0	0	0	0	0	0	0	0	0	1	0	0	0	0	0	0	0	0	0	0	0	0	0	0	0	0	0	0	0	0	0	0	0	0	0	0	0	0	0	0	0	0	0	
N40	5.60571e-013	1.29736e-011	8.134e-010	4.00337e-008	6.48078e-007	3.04356e-006	6.03368e-006	2.16132e-005	0.000157603	0.000682012	0.00198661	0.0109665	0.0754117	0.256362	0.368981	0.21932	0.0581582	0.00743606	0.000483626	2.17371e-005	1.10824e-006	4.65923e-007	2.75044e-008	6.58245e-009	1.82572e-010	2.16026e-011	3.03092e-013	1.94193e-014	1.45147e-016	5.24472e-018	2.223e-020	4.58543e-022	1.19127e-024	1.44517e-026	2.45237e-029	1.87319e-031	2.16139e-034	1.1308e-036	9.1099e-040	3.5294e-042	2.0309e-045	6.30249e-048	6.09622e-051	9.69555e-053	1.9674e-054	
N41	1.85781e-013	1.91318e-011	1.61034e-009	5.08192e-008	1.51476e-007	4.65517e-008	5.7497e-009	2.90816e-009	8.14764e-008	3.1134e-006	9.68982e-005	0.00246312	0.0375492	0.245212	0.493959	0.19572	0.0237948	0.00117254	2.78846e-005	3.66114e-007	3.07343e-009	2.29361e-011	1.79841e-013	1.66332e-015	1.00688e-017	6.40965e-020	2.27807e-022	1.46942e-024	4.6226e-027	4.17598e-029	1.22832e-031	9.32193e-034	2.03319e-036	1.08161e-038	1.66374e-041	6.16667e-044	6.75087e-047	1.77788e-049	1.41119e-052	2.71022e-055	1.58653e-058	2.29787e-061	1.04825e-064	1.40601e-067	1.78468e-070	
Glyptotermes_brevicornis	0	0	0	0	0	0	0	0	0	0	0	0	0	0	1	0	0	0	0	0	0	0	0	0	0	0	0	0	0	0	0	0	0	0	0	0	0	0	0	0	0	0	0	0	0	
Glyptotermes_iridipennis	0	0	0	0	0	0	0	0	0	0	0	0	0	0	1	0	0	0	0	0	0	0	0	0	0	0	0	0	0	0	0	0	0	0	0	0	0	0	0	0	0	0	0	0	0	
Neotermes_insularis	0	0	0	0	0	0	0	0	0	0	0	0	0	0	0	0	0	0	0	1	0	0	0	0	0	0	0	0	0	0	0	0	0	0	0	0	0	0	0	0	0	0	0	0	0	
N42	9.55172e-014	7.68994e-012	2.92174e-010	1.24821e-009	4.02006e-010	2.02146e-010	2.31852e-009	2.17202e-007	1.85514e-005	0.000917179	0.0210712	0.179607	0.454268	0.292891	0.048674	0.00250296	4.9849e-005	4.68096e-007	2.43799e-009	8.03809e-012	1.84277e-014	6.45641e-017	2.5929e-019	4.94645e-021	1.80811e-023	2.14702e-025	4.76638e-028	3.28841e-030	4.34607e-033	1.80065e-035	1.43e-038	3.61599e-041	1.80144e-044	2.83277e-047	9.27995e-051	9.46057e-054	2.11229e-057	1.50074e-060	2.35875e-064	1.28173e-067	1.49264e-071	6.81155e-075	8.44826e-079	8.57775e-082	1.40953e-084	
N43	1.15898e-013	7.3711e-012	2.48919e-010	3.40116e-009	2.52617e-008	6.74225e-008	1.82941e-007	2.14729e-006	9.8279e-005	0.00285836	0.037118	0.19856	0.403565	0.28609	0.0665519	0.00500471	0.000149538	2.11367e-006	1.60528e-008	7.22598e-011	2.09625e-013	6.51916e-016	2.99165e-018	6.25552e-020	3.80396e-022	5.47815e-024	2.28463e-026	1.96801e-028	5.55539e-031	2.91808e-033	5.36512e-036	1.74094e-038	2.02499e-041	4.10926e-044	3.0784e-047	4.12624e-050	2.0521e-053	2.00347e-056	6.86252e-060	5.31786e-063	1.30585e-066	8.70003e-070	2.41972e-073	3.62494e-076	7.45267e-079	
N44	1.23237e-012	3.00629e-011	2.43637e-010	4.33283e-009	3.77094e-008	1.43797e-007	5.88032e-007	1.08222e-005	0.000672649	0.0136246	0.104493	0.323587	0.386155	0.154557	0.0164104	0.000483063	5.33826e-006	2.73957e-008	7.53559e-011	1.22863e-013	1.27873e-016	9.51585e-020	7.21677e-023	9.39894e-025	3.18265e-027	6.62076e-029	1.53719e-031	2.07391e-033	3.18125e-036	2.85919e-038	2.79974e-041	1.69302e-043	1.03338e-046	4.12186e-049	1.59144e-052	3.98759e-055	1.02524e-058	1.55733e-061	2.84145e-065	3.33464e-068	3.4616e-071	9.06538e-073	3.65238e-075	1.17978e-076	7.58871e-078	
N45	7.14868e-022	1.5076e-017	1.92639e-013	1.01952e-009	2.26351e-010	8.3957e-013	1.39931e-015	2.97934e-018	4.69152e-016	3.22531e-012	1.02805e-008	1.36778e-005	0.00648801	0.756791	0.236502	0.000204979	4.83134e-008	4.87538e-012	2.81819e-016	5.16613e-020	6.8296e-024	2.78105e-027	2.08863e-031	3.97983e-035	1.46737e-039	1.35747e-043	2.46555e-048	1.12748e-052	1.02406e-057	2.28965e-062	1.02998e-067	1.08797e-072	2.28203e-078	1.06219e-083	8.923e-090	1.52543e-095	3.45565e-102	1.03956e-108	8.37849e-074	7.07811e-035	1.32037e-035	1.51212e-035	2.71419e-035	1.73511e-034	9.67317e-034	
Cryptotermes_austrinus	0	0	0	0	0	0	0	0	0	0	0	0	0	1	0	0	0	0	0	0	0	0	0	0	0	0	0	0	0	0	0	0	0	0	0	0	0	0	0	0	0	0	0	0	0	
Incisitermes_sp	0	0	0	0	0	0	0	0	0	0	0	0	0	0	1	0	0	0	0	0	0	0	0	0	0	0	0	0	0	0	0	0	0	0	0	0	0	0	0	0	0	0	0	0	0	
Cryptotermes_primus	0	0	0	0	0	0	0	0	1	0	0	0	0	0	0	0	0	0	0	0	0	0	0	0	0	0	0	0	0	0	0	0	0	0	0	0	0	0	0	0	0	0	0	0	0	
Cryptotermes_queenslandis	0	0	0	0	0	0	0	0	0	0	0	0	0	0	1	0	0	0	0	0	0	0	0	0	0	0	0	0	0	0	0	0	0	0	0	0	0	0	0	0	0	0	0	0	0	
N46	3.7234e-016	1.60663e-014	1.07901e-012	1.8448e-011	1.46167e-010	8.4222e-010	6.67978e-009	1.91173e-007	8.2298e-006	0.000333674	0.0111109	0.14267	0.459999	0.330468	0.0532418	0.0021436	2.49424e-005	9.83836e-008	1.52985e-010	1.09035e-013	4.49323e-017	2.23984e-019	2.87749e-022	3.4451e-024	1.91683e-027	1.09906e-029	2.71682e-033	8.14952e-036	9.32378e-040	1.77529e-042	1.01306e-045	5.57378e-047	1.29555e-049	6.24087e-051	3.00673e-053	3.82903e-054	2.21018e-056	1.09541e-057	2.27635e-060	3.60813e-062	3.13298e-065	2.54969e-067	1.75212e-070	3.86955e-072	2.30194e-073	
N47	6.87006e-016	2.18434e-014	8.62423e-013	1.53016e-011	1.22061e-010	1.84283e-009	9.77604e-008	3.68755e-006	6.92594e-005	0.00104622	0.018925	0.170622	0.455334	0.302114	0.0495213	0.00232684	3.78269e-005	2.4837e-007	7.42361e-010	1.12342e-012	9.45348e-016	1.63911e-018	1.25959e-020	2.9845e-021	1.76675e-023	2.3062e-024	7.00361e-027	5.40422e-028	7.47405e-031	3.61734e-032	2.07921e-035	6.23648e-037	1.56518e-040	2.56064e-042	3.43993e-046	2.5618e-048	2.24725e-052	7.30106e-055	4.56369e-059	7.33396e-062	3.30289e-066	3.18946e-069	1.11163e-073	2.82731e-076	3.87174e-078	
Cryptotermes_brevis	0	0	0	0	0	0	0	0	0	0	0	1	0	0	0	0	0	0	0	0	0	0	0	0	0	0	0	0	0	0	0	0	0	0	0	0	0	0	0	0	0	0	0	0	0	
N48	1.66778e-015	3.43409e-014	7.22912e-013	2.53881e-011	2.29164e-009	1.63719e-007	4.69074e-006	5.79748e-005	0.000369005	0.00238091	0.0268136	0.179629	0.425588	0.296683	0.0632576	0.00503675	0.000175686	2.94107e-006	2.51613e-008	1.19558e-010	3.64435e-013	3.61084e-014	1.36271e-015	9.74977e-016	2.10474e-017	8.84435e-018	1.01704e-019	2.69521e-020	1.48275e-022	2.56162e-023	6.19055e-026	6.57128e-027	7.59964e-030	4.07686e-031	2.84774e-034	6.58406e-036	3.23886e-039	3.57433e-041	1.28053e-044	8.41106e-047	2.1861e-050	1.02682e-052	3.02221e-056	1.35099e-057	1.23745e-058	
Cryptotermes_domesticus	0	0	0	0	0	0	0	0	1	0	0	0	0	0	0	0	0	0	0	0	0	0	0	0	0	0	0	0	0	0	0	0	0	0	0	0	0	0	0	0	0	0	0	0	0	
Procryptotermes_australiensis	0	0	0	0	0	0	0	0	0	0	0	0	0	0	0	0	0	1	0	0	0	0	0	0	0	0	0	0	0	0	0	0	0	0	0	0	0	0	0	0	0	0	0	0	0	
N49	3.71395e-016	1.66021e-014	7.95533e-013	1.92654e-011	2.62455e-010	1.44031e-009	9.40472e-009	1.74791e-007	6.33603e-006	0.000289794	0.0096325	0.125401	0.433839	0.354375	0.0720269	0.00433512	9.295e-005	8.40608e-007	3.70406e-009	8.53549e-011	1.7717e-012	2.82221e-012	2.43213e-014	2.23511e-014	1.08776e-016	6.53965e-017	2.20776e-019	9.27176e-020	1.50059e-022	4.0523e-023	2.89331e-026	4.19404e-027	1.63392e-030	1.04007e-031	2.71183e-035	7.11909e-037	1.36728e-040	1.63653e-042	2.36345e-046	1.54e-048	1.65262e-052	7.03375e-055	1.58969e-058	2.07638e-059	3.26808e-060	
Cryptotermes_cynocephalus	0	0	0	0	0	0	0	0	0	0	0	0	0	0	0	1	0	0	0	0	0	0	0	0	0	0	0	0	0	0	0	0	0	0	0	0	0	0	0	0	0	0	0	0	0	
N50	1.76637e-014	1.55346e-012	1.0981e-010	2.36801e-009	3.40559e-009	1.56477e-009	7.23613e-010	1.32511e-008	1.34954e-006	8.9959e-005	0.00315243	0.0502465	0.298127	0.490559	0.144848	0.012535	0.000433168	7.2452e-006	6.67138e-008	3.72132e-010	1.36313e-012	5.46719e-015	3.33758e-017	9.8468e-019	8.21351e-021	1.70544e-022	9.99449e-025	1.26167e-026	5.09339e-029	3.95459e-031	1.04522e-033	5.03841e-036	8.44742e-039	2.55518e-041	2.78077e-044	5.59565e-047	4.07976e-050	6.01869e-053	3.04493e-056	3.58693e-059	1.30835e-062	1.33192e-065	5.53969e-069	1.29985e-071	4.25716e-074	
Cryptotermes_dudleyi	0	0	0	0	0	0	0	0	0	0	0	0	0	1	0	0	0	0	0	0	0	0	0	0	0	0	0	0	0	0	0	0	0	0	0	0	0	0	0	0	0	0	0	0	0	
Cryptotermes_secundus	0	0	0	0	0	0	0	0	0	0	0	0	0	1	0	0	0	0	0	0	0	0	0	0	0	0	0	0	0	0	0	0	0	0	0	0	0	0	0	0	0	0	0	0	0	
Kalotermes_flavicollis	0	0	0	0	0	0	0	0	0	0	0	0	0	0	0	0	0	0	0	0	0	0	0	0	0	0	0	1	0	0	0	0	0	0	0	0	0	0	0	0	0	0	0	0	0	
N51	8.25179e-007	1.2738e-006	5.61269e-006	4.23779e-005	0.000757899	0.012787	0.102008	0.229434	0.213196	0.0988481	0.0273448	0.0212313	0.0485998	0.0795535	0.0824942	0.0543197	0.0225838	0.00581802	0.000892633	7.72247e-005	3.53273e-006	1.04521e-007	2.29863e-009	6.68779e-011	1.54782e-012	4.62721e-014	7.81431e-016	1.52529e-017	1.71646e-019	2.20403e-021	1.70565e-023	1.50721e-025	8.25243e-028	5.21998e-030	2.07002e-032	9.71817e-035	2.85143e-037	1.02896e-039	2.28031e-042	6.55162e-045	1.13127e-047	2.77913e-050	4.74965e-053	1.53498e-055	6.23831e-058	
Stolotermes_sp	0	0	0	0	0	0	0	0	0	1	0	0	0	0	0	0	0	0	0	0	0	0	0	0	0	0	0	0	0	0	0	0	0	0	0	0	0	0	0	0	0	0	0	0	0	
N52	1.17135e-012	5.60197e-014	3.29382e-012	1.61353e-009	4.8126e-007	7.16106e-005	0.00308693	0.000259233	6.35156e-006	7.21428e-008	4.2897e-010	2.79221e-012	5.47533e-011	8.14422e-009	7.56746e-007	4.16981e-005	0.00127786	0.020653	0.151893	0.742723	0.0745018	0.00540651	7.68355e-005	1.32434e-006	6.19187e-009	4.11628e-011	8.653e-014	2.79274e-016	3.0992e-019	5.58157e-022	3.61943e-025	4.0229e-028	1.63597e-031	1.21471e-034	3.26262e-038	1.72609e-041	3.18685e-045	1.26787e-048	1.66145e-052	5.20443e-056	5.16054e-060	1.58572e-063	4.51741e-067	4.17267e-070	3.60836e-073	
Zootermopsis_angusticollis	0	0	0	0	0	0	0	0	0	0	0	0	0	0	0	0	0	0	0	1	0	0	0	0	0	0	0	0	0	0	0	0	0	0	0	0	0	0	0	0	0	0	0	0	0	
Zootermopsis_nevadensis	0	0	0	0	0	0	0	0	0	0	0	0	0	0	0	0	0	0	0	1	0	0	0	0	0	0	0	0	0	0	0	0	0	0	0	0	0	0	0	0	0	0	0	0	0	
N53	2.70472e-005	7.51782e-005	0.000226704	0.000532991	0.00111515	0.00286728	0.0087847	0.0248134	0.0562994	0.100613	0.144105	0.17206	0.17057	0.141886	0.0939592	0.0510088	0.0206106	0.00716933	0.00171185	0.000925077	0.000200939	0.000288756	5.37861e-005	7.06076e-005	1.02911e-005	1.06194e-005	1.21754e-006	9.81884e-007	9.11939e-008	5.89939e-008	4.55717e-009	2.44159e-009	1.71421e-010	8.71792e-011	6.06441e-012	3.00308e-012	2.0791e-013	9.92084e-014	5.88516e-015	2.18234e-015	1.06169e-016	3.49865e-017	1.57258e-018	7.96072e-019	7.79226e-019	
Mastotermes_darwiniensis	0	0	0	0	0	0	0	0	0	0	0	0	0	0	0	0	0	0	0	0	0	0	0	0	0	0	0	0	0	0	0	0	0	0	0	0	0	0	0	0	0	0	1	0	0	
Porotermes_adamsoni	0	0	0	0	0	0	0	0	0	0	0	0	0	1	0	0	0	0	0	0	0	0	0	0	0	0	0	0	0	0	0	0	0	0	0	0	0	0	0	0	0	0	0	0	0	
N54	0.0221483	0.0501963	0.123831	0.232485	0.278679	0.19239	0.0750569	0.0186706	0.00422625	0.00142744	0.000598892	0.000215806	5.94652e-005	1.24719e-005	1.97046e-006	2.41836e-007	2.26711e-008	1.74429e-009	1.05083e-010	5.65351e-012	2.38767e-013	9.52817e-015	2.88307e-016	8.42274e-018	1.81902e-019	3.86223e-021	6.01951e-023	9.42629e-025	1.08424e-026	1.28543e-028	1.11865e-030	1.03303e-032	6.98686e-035	5.18332e-037	2.7962e-039	1.71384e-041	7.6104e-044	3.99155e-046	1.52118e-048	7.20299e-051	2.71052e-053	1.38926e-055	6.85676e-058	4.23982e-060	2.96651e-062	
N55	0.0403461	0.0940434	0.20959	0.29636	0.232062	0.0990395	0.0241778	0.00381801	0.000490601	6.34624e-005	7.76992e-006	7.67381e-007	5.67171e-008	3.10218e-009	1.26147e-010	3.86906e-012	9.05867e-014	1.65258e-015	2.3795e-017	2.77137e-019	2.62815e-021	2.08069e-023	1.36339e-025	7.7271e-028	3.63861e-030	1.78575e-032	7.41757e-035	6.86039e-037	3.57717e-039	5.14224e-041	2.46439e-043	3.0843e-045	1.22079e-047	1.24634e-049	4.05109e-052	3.38402e-054	9.10366e-057	6.28979e-059	1.40809e-061	8.11702e-064	1.53487e-066	7.5729e-069	1.35262e-071	7.1901e-074	3.51078e-076	
Cryptocercus_primarius	0	0	0	1	0	0	0	0	0	0	0	0	0	0	0	0	0	0	0	0	0	0	0	0	0	0	0	0	0	0	0	0	0	0	0	0	0	0	0	0	0	0	0	0	0	
Cryptocercus_relictus	0	0	1	0	0	0	0	0	0	0	0	0	0	0	0	0	0	0	0	0	0	0	0	0	0	0	0	0	0	0	0	0	0	0	0	0	0	0	0	0	0	0	0	0	0	
Cryptocercus_punctulatus	0	0	0	0	0	0	0	0	0	0	0	0	0	0	0	0	0	1	0	0	0	0	0	0	0	0	0	0	0	0	0	0	0	0	0	0	0	0	0	0	0	0	0	0	0	
N56	0.014131	0.0254172	0.0528796	0.102933	0.165103	0.205112	0.192196	0.134517	0.0700457	0.0273765	0.00806397	0.00183981	0.00032663	5.00708e-005	6.58965e-006	1.05021e-006	1.466e-007	2.6855e-008	3.27223e-009	4.73729e-010	4.24345e-011	4.46898e-012	2.89341e-013	2.2449e-014	1.06188e-015	6.2422e-017	2.18935e-018	1.00539e-019	2.66669e-021	9.9353e-023	2.0333e-024	6.36339e-026	1.05404e-027	3.00731e-029	4.28259e-031	1.16264e-032	1.69837e-034	5.08429e-036	7.2211e-038	1.96147e-039	3.18213e-041	9.75478e-043	2.11821e-044	7.53134e-046	3.26453e-047	
N57	0.000649326	0.00128107	0.00410568	0.0154024	0.0514102	0.128527	0.218653	0.245047	0.181182	0.0963894	0.0390872	0.0135369	0.00365221	0.000889812	0.000154973	2.83547e-005	3.25309e-006	4.07443e-007	2.85554e-008	2.2114e-009	9.43197e-011	4.60679e-012	1.24515e-013	4.02452e-015	7.23961e-017	1.63813e-018	2.03466e-020	3.3535e-022	3.01478e-024	3.86691e-026	2.58988e-028	2.65179e-030	1.442e-032	1.33658e-034	5.99657e-037	4.74904e-039	2.00834e-041	1.58313e-043	5.57173e-046	3.51003e-048	1.23215e-050	8.20608e-053	3.39946e-055	2.59537e-057	2.21495e-059	
N58	0.000158509	0.000424334	0.00185117	0.00867336	0.0366845	0.114102	0.223631	0.261428	0.188845	0.0970432	0.0427808	0.0172956	0.00551035	0.00132007	0.000215012	3.36205e-005	3.14339e-006	5.66467e-007	3.31748e-008	6.20704e-009	2.24149e-010	2.96559e-011	6.74882e-013	5.80701e-014	8.72448e-016	5.02806e-017	5.18166e-019	2.06439e-020	1.52451e-022	4.41956e-024	2.40328e-026	5.17358e-028	2.17993e-030	3.81697e-032	1.25969e-034	1.7382e-036	4.99466e-039	7.03634e-041	1.55727e-043	1.61538e-045	4.03989e-048	6.83885e-050	1.39702e-052	2.59453e-054	7.08977e-056	
N59	1.15548e-005	2.92668e-005	0.000283047	0.0037819	0.0338173	0.154822	0.306993	0.257787	0.114134	0.0494127	0.0350658	0.0257582	0.0130315	0.00413303	0.000812529	0.000113277	1.09541e-005	1.58774e-006	1.30117e-007	2.12213e-008	1.05187e-009	9.92793e-011	2.71465e-012	1.44592e-013	2.3133e-015	7.41659e-017	7.3731e-019	1.5121e-020	9.83017e-023	1.36278e-024	6.03382e-027	5.92521e-029	1.85445e-031	1.35789e-033	3.09511e-036	1.75122e-038	3.06963e-041	1.51099e-043	2.09033e-046	8.94371e-049	1.35941e-051	9.19035e-054	2.50629e-056	2.73055e-058	3.19129e-060	
N60	5.63598e-007	3.351e-006	3.95367e-005	0.000831259	0.0147216	0.116495	0.318124	0.303081	0.131511	0.0539323	0.0345445	0.0194505	0.00617309	0.00100398	8.48344e-005	3.99167e-006	1.14075e-007	2.41642e-009	3.71962e-011	4.62327e-013	3.50624e-015	1.96933e-017	6.63822e-020	1.72267e-022	2.79984e-025	4.32431e-028	4.07467e-031	8.16674e-034	6.65409e-037	2.01643e-039	1.29006e-042	3.06445e-045	1.38883e-048	2.33043e-051	7.55866e-055	9.11928e-058	2.20889e-061	2.0225e-064	3.79859e-068	2.79716e-071	4.68605e-075	3.30867e-078	5.85817e-082	4.96438e-085	3.45812e-088	
N61	3.42734e-007	2.29092e-006	4.43922e-005	0.00122819	0.0210601	0.147615	0.340771	0.273044	0.103305	0.0462185	0.0354399	0.0218038	0.00777757	0.00151502	0.000162437	1.09835e-005	4.72355e-007	1.78144e-007	7.27543e-009	4.44076e-009	7.72197e-011	2.28067e-011	1.95148e-013	2.99741e-014	1.52593e-016	1.41086e-017	4.91028e-020	3.15581e-021	7.76681e-024	3.44799e-025	5.98168e-028	1.71979e-029	2.14659e-032	3.95594e-034	3.64757e-037	4.45466e-039	3.12698e-042	2.90396e-044	1.54519e-047	1.14526e-049	1.19172e-052	4.94114e-054	3.02341e-057	1.10678e-058	5.72179e-060	
Blatta_orientalis	0	0	0	0	0	0	0	0	0	0	0	0	0	0	0	0	0	1	0	0	0	0	0	0	0	0	0	0	0	0	0	0	0	0	0	0	0	0	0	0	0	0	0	0	0	
N62	2.5817e-006	1.23723e-006	1.70811e-006	5.69465e-005	0.00205454	0.0361235	0.251187	0.514315	0.173307	0.0214149	0.00147103	6.29295e-005	1.64323e-006	2.61389e-008	2.59666e-010	1.71064e-012	7.99993e-015	3.17724e-017	1.14431e-019	4.38919e-022	1.29657e-024	3.63941e-027	6.78385e-030	1.38153e-032	1.80509e-035	3.71023e-038	4.57727e-041	1.08165e-043	1.28017e-046	2.6503e-049	2.56558e-052	4.08324e-055	3.03166e-058	3.65869e-061	2.05695e-064	1.92183e-067	8.27399e-071	6.27107e-074	2.13909e-077	1.42342e-080	4.45381e-084	3.15676e-087	1.37064e-090	1.43551e-093	1.53814e-096	
Periplaneta_australasiae	0	0	0	0	0	0	0	1	0	0	0	0	0	0	0	0	0	0	0	0	0	0	0	0	0	0	0	0	0	0	0	0	0	0	0	0	0	0	0	0	0	0	0	0	0	
Periplaneta_fuliginosa	0	0	0	0	0	0	0	1	0	0	0	0	0	0	0	0	0	0	0	0	0	0	0	0	0	0	0	0	0	0	0	0	0	0	0	0	0	0	0	0	0	0	0	0	0	
N63	1.92718e-006	1.39377e-005	0.000106791	0.00072671	0.00648056	0.0518091	0.201483	0.3306	0.246019	0.107185	0.0401446	0.0127026	0.00245403	0.000257082	1.45964e-005	5.38697e-007	1.20599e-008	5.80336e-010	9.6107e-012	7.23498e-013	7.19515e-015	3.20436e-016	1.97348e-018	5.46802e-020	2.43563e-022	5.64366e-024	2.37325e-026	5.93902e-028	2.44886e-030	5.55475e-032	1.81809e-034	3.08636e-036	7.44818e-039	8.98573e-041	1.59876e-043	1.37007e-045	1.8645e-048	1.26667e-050	1.28993e-053	6.86055e-056	7.82649e-059	8.63835e-061	7.40088e-064	7.44809e-066	1.1658e-067	
Periplaneta_americana	0	0	0	0	0	0	0	0	0	0	1	0	0	0	0	0	0	0	0	0	0	0	0	0	0	0	0	0	0	0	0	0	0	0	0	0	0	0	0	0	0	0	0	0	0	
Periplaneta_brunnea	0	0	0	0	0	0	0	1	0	0	0	0	0	0	0	0	0	0	0	0	0	0	0	0	0	0	0	0	0	0	0	0	0	0	0	0	0	0	0	0	0	0	0	0	0	
Deropeltis_erythrocephala	0	0	0	0	0	0	0	0	0	0	0	0	0	0	0	0	0	0	1	0	0	0	0	0	0	0	0	0	0	0	0	0	0	0	0	0	0	0	0	0	0	0	0	0	0	
Periplaneta_japonica	0	0	0	0	0	0	0	0	0	0	1	0	0	0	0	0	0	0	0	0	0	0	0	0	0	0	0	0	0	0	0	0	0	0	0	0	0	0	0	0	0	0	0	0	0	
N64	5.60454e-005	0.000124953	0.000382294	0.00170144	0.00261743	0.00250181	0.0104874	0.0834692	0.247974	0.334687	0.225861	0.0773148	0.0121083	0.000694495	1.98986e-005	3.80402e-007	5.01159e-009	6.10557e-011	5.43302e-013	4.87266e-015	2.96001e-017	1.81657e-019	7.41514e-022	3.13217e-024	8.86997e-027	2.69164e-029	5.49345e-032	1.24971e-034	1.90371e-037	3.37737e-040	3.95129e-043	5.64402e-046	5.22971e-049	6.25245e-052	4.71478e-055	4.86073e-058	3.15455e-061	3.01174e-064	1.77559e-067	1.63266e-070	1.07965e-073	1.18493e-076	1.15139e-079	1.49349e-082	1.91105e-085	
Eurycotis_floridana	0	0	0	0	0	0	0	1	0	0	0	0	0	0	0	0	0	0	0	0	0	0	0	0	0	0	0	0	0	0	0	0	0	0	0	0	0	0	0	0	0	0	0	0	0	
Pelmatosilpha_sp	0	0	0	0	0	0	0	0	0	0	0	0	1	0	0	0	0	0	0	0	0	0	0	0	0	0	0	0	0	0	0	0	0	0	0	0	0	0	0	0	0	0	0	0	0	
Lamproblatta_albipalpus	0	0	1	0	0	0	0	0	0	0	0	0	0	0	0	0	0	0	0	0	0	0	0	0	0	0	0	0	0	0	0	0	0	0	0	0	0	0	0	0	0	0	0	0	0	
N65	0.00361461	0.00748929	0.0210012	0.0598408	0.140013	0.234879	0.259144	0.178094	0.0739938	0.0186774	0.00288417	0.000330354	2.67172e-005	9.65164e-006	9.72566e-007	5.52045e-007	3.58857e-008	1.27792e-008	5.10429e-010	1.11358e-010	2.78136e-012	3.70772e-013	5.93935e-015	4.86399e-016	5.13568e-018	2.66459e-019	1.88707e-021	6.49522e-023	3.20354e-025	9.05033e-027	3.10752e-029	7.1333e-031	3.96276e-033	3.04559e-034	8.10882e-037	2.13515e-038	1.59896e-040	1.09786e-041	2.09989e-044	3.66607e-046	1.86177e-048	9.18692e-050	1.49731e-052	3.07749e-054	1.09579e-055	
N66	0.00534691	0.0101304	0.0231256	0.0534637	0.110007	0.181228	0.222916	0.196867	0.122296	0.0534892	0.0164833	0.00380005	0.000662349	0.000143767	2.70419e-005	1.08032e-005	1.87656e-006	5.92177e-007	6.99312e-008	1.47845e-008	1.17307e-009	1.68233e-010	9.08697e-012	9.0966e-013	3.40419e-014	2.47411e-015	6.52493e-017	3.58446e-018	6.86261e-020	3.07126e-021	4.39568e-023	1.6825e-024	2.22788e-026	1.08872e-027	1.30853e-029	5.57773e-031	9.42555e-033	5.52406e-034	5.73837e-036	1.95586e-037	2.65255e-039	1.21164e-040	1.36397e-042	5.80903e-044	3.29097e-045	
N67	0.00405668	0.0078707	0.0141	0.0214627	0.0392475	0.0858029	0.160338	0.220394	0.212433	0.142476	0.0652616	0.0209667	0.00464577	0.000819042	0.000107826	1.5688e-005	1.63001e-006	2.07447e-007	1.52557e-008	1.34035e-009	6.46863e-011	3.79626e-012	1.22294e-013	4.94471e-015	1.09675e-016	3.1786e-018	4.98393e-020	1.0716e-021	1.22449e-023	2.04466e-025	1.74439e-027	2.33683e-029	1.5828e-031	1.88227e-033	1.05493e-035	1.11857e-037	6.09491e-040	6.85167e-042	3.27864e-044	3.09124e-046	1.58212e-048	1.6682e-050	1.07216e-052	1.32341e-054	1.81011e-056	
N68	8.26692e-005	0.00046514	0.00182652	0.00276489	0.00246196	0.00573727	0.0240535	0.0744756	0.160822	0.246693	0.247602	0.156399	0.0573925	0.0157172	0.00279114	0.000622401	7.88432e-005	1.37066e-005	1.06164e-006	1.07545e-007	4.67866e-009	2.85049e-010	8.71106e-012	4.8082e-013	1.47077e-014	7.31301e-016	1.58917e-017	5.16072e-019	6.89153e-021	1.46469e-022	1.22108e-024	1.76291e-026	1.02175e-028	1.21574e-030	5.04674e-033	4.63892e-035	1.81271e-037	1.79886e-039	5.04115e-042	3.31774e-044	9.59525e-047	6.97146e-049	2.01062e-051	1.47206e-053	1.13267e-055	
N69	2.42929e-006	2.11058e-005	7.73159e-005	7.4754e-005	6.25216e-005	0.000234942	0.00185124	0.0136141	0.0669103	0.195141	0.311652	0.260445	0.113122	0.0300266	0.00534797	0.00116948	0.000178117	6.15337e-005	5.93666e-006	1.62259e-006	1.23423e-007	6.98907e-008	1.24356e-008	7.51519e-009	8.67578e-010	3.14663e-010	2.1895e-011	4.81794e-012	2.06119e-013	2.79316e-014	7.34401e-016	6.10273e-017	1.01238e-018	5.56605e-020	5.83223e-022	2.07323e-023	1.59334e-025	5.23116e-027	2.55853e-029	5.13044e-031	2.68439e-033	8.28378e-035	2.9412e-037	8.16681e-039	3.3852e-040	
N70	7.26671e-008	7.70073e-007	2.60438e-006	2.93021e-006	5.50574e-006	3.06613e-005	0.000387689	0.00531345	0.0441399	0.18074	0.335529	0.27944	0.114775	0.0305667	0.00692673	0.0016648	0.000379566	8.15323e-005	1.07133e-005	1.85914e-006	1.4765e-007	3.62254e-008	2.4899e-009	3.63125e-010	1.7364e-011	1.14155e-012	3.14808e-014	9.84661e-016	1.44499e-017	2.26084e-019	1.74892e-021	1.40885e-023	6.03318e-026	2.66693e-028	6.59584e-031	1.64744e-033	2.57759e-036	4.59626e-039	4.75146e-042	5.58276e-045	4.04525e-048	6.01135e-051	8.47626e-054	7.53673e-056	7.08507e-058	
N71	7.33923e-009	5.97464e-008	3.77979e-007	2.41727e-006	1.22753e-005	3.58217e-005	0.000131393	0.00182354	0.0215727	0.122522	0.300163	0.323995	0.16793	0.0471493	0.00973053	0.00306443	0.00129278	0.000419078	9.43458e-005	3.47648e-005	9.97363e-006	1.12882e-005	2.40064e-006	1.65471e-006	1.84276e-007	6.47177e-008	3.57687e-009	6.21907e-010	1.74851e-011	1.55897e-012	2.40892e-014	1.20097e-015	1.11962e-017	3.51785e-019	2.15768e-021	4.68666e-023	2.01486e-025	3.16031e-027	9.79077e-030	1.11819e-031	2.54883e-034	2.30628e-036	7.40854e-039	2.08616e-040	8.46101e-042	
N72	3.95911e-011	1.81575e-009	7.80006e-008	1.31079e-006	6.19197e-006	1.2153e-005	1.56948e-005	5.06161e-005	0.000681322	0.00900078	0.0667374	0.230622	0.35636	0.24533	0.0772407	0.0124058	0.00134474	0.000157053	2.47179e-005	7.35824e-006	2.03827e-006	4.91092e-007	6.61861e-008	6.22889e-009	3.21001e-010	1.18237e-011	2.41889e-013	3.66038e-015	3.26441e-017	2.23068e-019	9.47258e-022	3.44844e-024	7.62425e-027	1.88847e-029	2.43259e-032	5.64943e-035	5.02517e-038	1.33747e-040	1.08184e-043	3.33676e-046	4.39354e-049	2.92411e-051	2.11834e-053	1.48881e-055	8.45248e-058	
N73	1.05066e-011	4.98906e-010	2.17423e-008	3.95133e-007	2.11777e-006	4.03268e-006	6.49152e-006	3.7451e-005	0.000219529	0.00152754	0.0163126	0.105562	0.298946	0.353099	0.178429	0.0408559	0.00464057	0.000329542	2.32267e-005	4.26277e-006	4.38969e-007	6.53786e-008	2.51179e-009	1.84234e-010	2.34601e-012	1.29908e-013	6.62627e-016	3.08423e-017	8.37606e-020	2.50252e-021	4.18111e-024	7.36106e-026	8.16719e-029	8.78814e-031	6.81468e-034	4.78622e-036	2.69755e-039	1.34782e-041	5.78024e-045	2.31413e-047	8.33837e-051	3.40917e-053	3.47275e-056	7.08143e-058	1.50131e-059	
N74	8.80069e-012	5.71093e-010	2.55076e-008	2.13359e-007	4.15281e-007	4.06277e-007	1.30805e-006	3.81989e-006	1.27384e-005	0.000214704	0.00498871	0.0591016	0.263588	0.391939	0.222333	0.0522867	0.0052853	0.000238205	5.77352e-006	1.08784e-007	2.00864e-009	3.82107e-011	4.42075e-013	5.14102e-015	3.24364e-017	5.87697e-019	4.83997e-021	2.99952e-022	5.946e-024	4.58277e-025	5.95881e-027	2.56513e-028	1.83133e-030	4.35956e-032	1.80235e-034	2.49153e-036	6.34445e-039	5.41719e-041	8.95858e-044	5.07428e-046	5.73375e-049	2.36392e-051	2.19403e-054	1.15374e-056	8.87538e-059	
Archimandrita_tessellata	0	0	0	0	0	0	0	0	0	0	0	0	0	0	0	0	1	0	0	0	0	0	0	0	0	0	0	0	0	0	0	0	0	0	0	0	0	0	0	0	0	0	0	0	0	
N75	2.14087e-013	2.67695e-011	1.77556e-009	1.45907e-009	1.05163e-010	5.05494e-012	2.9637e-011	3.42379e-009	6.31316e-007	9.09272e-005	0.0069892	0.201693	0.64022	0.141607	0.00915364	0.00024334	3.0548e-006	1.99989e-008	7.50286e-011	3.4881e-013	5.63174e-014	1.2526e-014	2.04627e-015	2.84347e-016	4.18438e-017	3.68002e-017	1.15811e-017	1.08738e-017	1.81524e-018	6.8377e-019	3.668e-020	2.08541e-021	1.74505e-023	3.00535e-025	1.02076e-027	8.19799e-030	1.43643e-032	6.26304e-035	6.35762e-038	1.63824e-040	1.036e-043	1.71133e-046	7.26237e-050	9.52274e-053	1.02947e-055	
Blaberus_discoidalis	0	0	0	0	0	0	0	0	0	0	0	0	1	0	0	0	0	0	0	0	0	0	0	0	0	0	0	0	0	0	0	0	0	0	0	0	0	0	0	0	0	0	0	0	0	
Blaberus_giganteus	0	0	0	0	0	0	0	0	0	0	0	0	0	0	0	0	0	0	0	0	0	0	0	0	0	0	0	0	0	0	1	0	0	0	0	0	0	0	0	0	0	0	0	0	0	
Byrsotria_fumigata	0	0	0	0	0	0	0	0	0	0	0	0	0	0	0	0	0	1	0	0	0	0	0	0	0	0	0	0	0	0	0	0	0	0	0	0	0	0	0	0	0	0	0	0	0	
N76	5.37576e-010	2.88879e-008	1.16353e-007	1.61513e-007	5.95703e-007	4.58605e-006	2.26177e-005	7.04514e-005	0.000299128	0.0117217	0.13965	0.315105	0.321471	0.165426	0.0409779	0.00423379	0.000240028	0.000245521	0.000260215	0.000168486	7.0705e-005	2.20929e-005	5.64038e-006	2.71888e-006	8.03778e-007	3.25996e-007	3.47752e-008	2.21073e-009	3.8578e-011	7.27046e-013	5.22974e-015	4.55518e-017	1.71225e-019	8.23503e-022	1.8088e-024	5.36298e-027	7.39866e-030	1.47655e-032	1.35419e-035	1.96194e-038	1.26224e-041	1.43851e-044	8.21107e-048	1.22496e-050	2.35491e-053	
Eublaberus_distanti	0	0	0	0	0	0	0	0	0	0	0	0	0	0	0	0	0	0	0	0	0	0	0	0	0	0	1	0	0	0	0	0	0	0	0	0	0	0	0	0	0	0	0	0	0	
Eublaberus_posticus	0	0	0	0	0	0	0	0	0	0	0	0	0	0	0	1	0	0	0	0	0	0	0	0	0	0	0	0	0	0	0	0	0	0	0	0	0	0	0	0	0	0	0	0	0	
Gromphadorhina_portentosa	0	0	0	0	0	0	0	0	0	0	0	0	0	0	0	0	0	0	0	0	0	0	0	0	0	1	0	0	0	0	0	0	0	0	0	0	0	0	0	0	0	0	0	0	0	
N77	5.6899e-009	3.7632e-008	8.70229e-008	2.42306e-007	1.50582e-006	1.64423e-005	0.000309479	0.00560252	0.0524687	0.208973	0.341613	0.239814	0.0886887	0.0354652	0.0186167	0.00674451	0.00146168	0.000202845	1.91693e-005	1.59991e-006	1.06335e-007	1.77444e-008	9.83586e-010	1.40616e-010	3.94844e-012	2.88578e-013	4.05542e-015	1.52324e-016	1.13025e-018	2.28935e-020	9.56813e-023	1.10251e-024	2.77091e-027	1.95124e-029	3.13074e-032	1.4746e-034	1.61339e-037	5.63794e-040	4.55541e-043	1.26923e-045	8.22396e-049	1.96309e-051	1.71491e-054	9.8799e-057	7.87718e-059	
N78	1.95967e-009	8.56045e-009	3.7907e-008	2.62649e-007	2.11415e-006	1.78942e-005	0.00030607	0.00603814	0.0581472	0.22276	0.34073	0.223564	0.0762226	0.0323175	0.0236557	0.0120061	0.0035115	0.00062182	7.0707e-005	1.73407e-005	2.62107e-006	6.97278e-006	6.03648e-007	9.09024e-007	3.53093e-008	2.69681e-008	4.85998e-010	1.90634e-010	1.71544e-012	3.51219e-013	1.73815e-015	1.89659e-016	5.68254e-019	3.43027e-020	6.72925e-023	2.38074e-024	3.24098e-027	7.23006e-029	7.13164e-032	1.08245e-033	8.02218e-037	8.96796e-039	7.0157e-042	2.87991e-043	2.65821e-044	
N79	9.77517e-010	2.63913e-008	5.69732e-007	3.79409e-006	5.93258e-006	5.26061e-006	1.18287e-005	9.0238e-005	0.00144893	0.0156494	0.0899153	0.256931	0.345344	0.212445	0.0654045	0.0113945	0.00125235	9.1974e-005	4.72393e-006	2.58365e-007	1.42839e-008	8.88816e-010	3.59169e-011	1.22809e-012	2.61025e-014	4.707e-016	5.37943e-018	5.44803e-020	3.5487e-022	2.28337e-024	9.10353e-027	4.47946e-029	1.23169e-031	5.77093e-034	1.31397e-036	6.52804e-039	1.42489e-041	6.78657e-044	1.36531e-046	5.55349e-049	1.07068e-051	5.19901e-054	2.89238e-056	2.40703e-058	1.8876e-060	
Epilampra_sp	0	0	0	0	0	0	0	0	0	0	0	0	0	0	1	0	0	0	0	0	0	0	0	0	0	0	0	0	0	0	0	0	0	0	0	0	0	0	0	0	0	0	0	0	0	
Nauphoeta_cinerea	0	0	0	0	0	0	0	0	0	0	0	0	1	0	0	0	0	0	0	0	0	0	0	0	0	0	0	0	0	0	0	0	0	0	0	0	0	0	0	0	0	0	0	0	0	
N80	2.32956e-010	8.22685e-010	2.44848e-009	1.08941e-008	1.97939e-007	1.4559e-005	0.000618437	0.00651622	0.0168138	0.0166419	0.00376188	0.000262061	9.62828e-005	9.64635e-005	6.41933e-005	2.76635e-005	2.0846e-005	0.000207318	0.00191721	0.0105591	0.0317427	0.0806159	0.134732	0.292683	0.213925	0.152252	0.0318051	0.00442092	0.000196034	8.22316e-006	1.42642e-007	2.68018e-009	2.31032e-011	2.35598e-013	1.14555e-015	7.19177e-018	2.144e-020	9.11743e-023	1.77275e-025	5.50908e-028	7.44587e-031	1.91097e-033	3.17091e-036	1.50182e-038	8.56622e-041	
Lanxoblatta_emarginata	0	0	0	0	0	0	0	0	0	0	0	0	0	0	0	0	0	0	0	0	0	0	0	0	0	0	1	0	0	0	0	0	0	0	0	0	0	0	0	0	0	0	0	0	0	
Phoetalia_sp	0	0	0	0	0	0	0	0	0	0	0	0	0	0	0	0	0	0	0	0	1	0	0	0	0	0	0	0	0	0	0	0	0	0	0	0	0	0	0	0	0	0	0	0	0	
Pycnoscelus_surinamensis	0	0	0	0	0	0	0	0	0	0	0	1	0	0	0	0	0	0	0	0	0	0	0	0	0	0	0	0	0	0	0	0	0	0	0	0	0	0	0	0	0	0	0	0	0	
Macropanesthia_rhinoceros	0	0	0	0	0	0	0	0	0	0	0	0	0	0	0	0	0	0	0	0	0	0	0	0	0	0	0	0	0	0	0	0	0	1	0	0	0	0	0	0	0	0	0	0	0	
N81	3.48904e-005	0.000103668	0.000398627	0.00151238	0.0057628	0.0208442	0.0533946	0.0874502	0.117367	0.171001	0.216111	0.183017	0.0982517	0.0345999	0.00842214	0.00150235	0.000201281	2.23171e-005	2.01095e-006	2.95744e-007	2.96552e-008	5.94934e-009	4.17899e-010	5.2194e-011	2.19254e-012	1.62298e-013	4.17631e-015	1.91213e-016	3.13072e-018	9.3096e-020	1.00396e-021	2.03598e-023	1.50516e-025	2.21552e-027	1.1683e-029	1.30573e-031	5.13054e-034	4.62102e-036	1.418e-038	1.04738e-040	2.66458e-043	1.90487e-045	9.64671e-048	1.78632e-049	3.96226e-051	
Diploptera_punctata	0	0	0	0	0	0	0	0	0	0	0	0	0	0	0	0	0	1	0	0	0	0	0	0	0	0	0	0	0	0	0	0	0	0	0	0	0	0	0	0	0	0	0	0	0	
N82	1.90089e-005	7.19577e-005	0.000334158	0.0012103	0.00426637	0.0166233	0.0528303	0.117888	0.194588	0.240167	0.203073	0.111366	0.0416547	0.0122082	0.00302568	0.000585321	8.01067e-005	7.59984e-006	5.16986e-007	2.88185e-008	1.4252e-009	7.36186e-011	2.9921e-012	1.26206e-013	3.35573e-015	1.48457e-016	3.04827e-018	1.70815e-019	2.7476e-021	1.27883e-022	1.48431e-024	4.97806e-026	4.16833e-028	1.01018e-029	6.22582e-032	1.11468e-033	5.172e-036	7.0267e-038	2.50581e-040	2.65583e-042	7.47731e-045	6.47511e-047	1.63879e-049	1.64886e-051	2.04763e-053	
N83	3.62639e-007	8.71782e-007	1.0796e-005	0.000334676	0.00839611	0.106545	0.374489	0.339311	0.113185	0.0194793	0.00607092	0.00882341	0.0105128	0.00787625	0.00368618	0.00106921	0.000187927	1.92027e-005	1.05547e-006	2.95128e-008	4.91664e-010	8.85512e-012	1.38282e-013	3.71617e-015	4.79558e-017	8.85884e-019	7.49687e-021	8.91705e-023	5.09676e-025	4.07764e-027	1.62146e-029	9.07421e-032	2.56976e-034	1.04288e-036	2.14706e-039	6.54383e-042	9.98199e-045	2.36482e-047	2.72046e-050	5.17987e-053	4.60297e-056	7.50119e-059	6.97204e-062	1.80628e-064	6.26608e-067	
Galiblatta_sp	0	0	0	0	0	0	0	1	0	0	0	0	0	0	0	0	0	0	0	0	0	0	0	0	0	0	0	0	0	0	0	0	0	0	0	0	0	0	0	0	0	0	0	0	0	
Rhabdoblatta_sp	0	0	0	0	0	0	0	0	0	0	0	0	0	0	0	0	0	0	1	0	0	0	0	0	0	0	0	0	0	0	0	0	0	0	0	0	0	0	0	0	0	0	0	0	0	
Panchlora_nivea	0	0	0	0	0	0	0	0	0	0	0	1	0	0	0	0	0	0	0	0	0	0	0	0	0	0	0	0	0	0	0	0	0	0	0	0	0	0	0	0	0	0	0	0	0	
N84	0.00550602	0.00904891	0.0181433	0.0400624	0.084882	0.150942	0.206879	0.209325	0.15329	0.0808081	0.0306721	0.00844878	0.00170435	0.000256557	2.92036e-005	2.63045e-006	1.89508e-007	1.32396e-008	8.33789e-010	7.86836e-011	5.49634e-012	5.6724e-013	3.30747e-014	2.68204e-015	1.19156e-016	7.31676e-018	2.47428e-019	1.16824e-020	3.03883e-022	1.12767e-023	2.28235e-025	6.80797e-027	1.0872e-028	2.67499e-030	3.42088e-032	7.10394e-034	7.43702e-036	1.34979e-037	1.18249e-039	1.92585e-041	1.58866e-043	3.03566e-045	5.13827e-047	1.8851e-048	8.59237e-050	
Margattea_sp	0	0	0	0	0	0	0	0	0	1	0	0	0	0	0	0	0	0	0	0	0	0	0	0	0	0	0	0	0	0	0	0	0	0	0	0	0	0	0	0	0	0	0	0	0	
Supella_longipalpa	0	0	0	1	0	0	0	0	0	0	0	0	0	0	0	0	0	0	0	0	0	0	0	0	0	0	0	0	0	0	0	0	0	0	0	0	0	0	0	0	0	0	0	0	0	
N85	0.0089236	0.0230006	0.0548204	0.0790983	0.0754127	0.085356	0.132142	0.177453	0.171133	0.115827	0.0543222	0.0177791	0.00401054	0.000641785	7.29487e-005	6.39543e-006	4.29065e-007	2.53572e-008	1.21691e-009	5.65532e-011	2.091e-012	7.56897e-014	2.09742e-015	5.69854e-017	1.17341e-018	2.40655e-020	3.74074e-022	5.92901e-024	7.11972e-026	8.97068e-028	8.50367e-030	8.73901e-032	6.69314e-034	5.77665e-036	3.65335e-038	2.71715e-040	1.47053e-042	9.86746e-045	4.85132e-047	3.16225e-049	1.71764e-051	1.3051e-053	9.50329e-056	8.1706e-058	7.77483e-060	
Ectobius_pallidus	0	0	0	0	1	0	0	0	0	0	0	0	0	0	0	0	0	0	0	0	0	0	0	0	0	0	0	0	0	0	0	0	0	0	0	0	0	0	0	0	0	0	0	0	0	
Panchlora_viridis	0	0	0	0	0	0	0	0	0	0	0	0	1	0	0	0	0	0	0	0	0	0	0	0	0	0	0	0	0	0	0	0	0	0	0	0	0	0	0	0	0	0	0	0	0	
N86	0.0032751	0.00650251	0.0164151	0.0421606	0.0941637	0.165551	0.217289	0.207752	0.142676	0.0707115	0.0252351	0.00669218	0.00132052	0.000220305	3.04438e-005	4.90062e-006	6.41765e-007	1.01344e-007	1.04301e-008	1.20753e-009	8.67145e-011	7.02452e-012	3.51797e-013	2.04268e-014	7.27791e-016	3.13795e-017	8.12244e-019	2.69296e-020	5.19568e-022	1.38331e-023	2.0405e-025	4.53211e-027	5.43234e-029	1.10532e-030	1.15188e-032	2.20946e-034	2.35247e-036	4.77351e-038	4.7671e-040	8.47458e-042	9.16646e-044	1.76555e-045	2.44059e-047	5.36243e-049	1.36966e-050	
N87	0.00240154	0.00543441	0.015104	0.0410943	0.0975795	0.179849	0.236759	0.214456	0.132	0.05551	0.0160428	0.00324977	0.000465706	4.93198e-005	3.87228e-006	2.58724e-007	1.39674e-008	8.71666e-010	4.21257e-011	2.60376e-012	1.00574e-013	4.79411e-015	1.34033e-016	4.63706e-018	9.37945e-020	2.39273e-021	3.56382e-023	6.87773e-025	7.6956e-027	1.15562e-028	9.88467e-031	1.18398e-032	7.91598e-035	7.82989e-037	4.1694e-039	3.49034e-041	1.55709e-043	1.1968e-045	4.62801e-048	3.31755e-050	1.38227e-052	1.24674e-054	8.86475e-057	1.10733e-058	1.54825e-060	
N88	0.00190115	0.00530185	0.0192422	0.0614448	0.145496	0.235782	0.251319	0.173619	0.077821	0.0229083	0.00450119	0.000603052	5.61965e-005	3.75022e-006	1.82444e-007	6.98909e-009	2.0878e-010	7.52264e-012	2.10935e-013	1.38447e-014	3.7221e-016	2.43612e-017	4.99476e-019	2.49274e-020	3.82631e-022	1.43554e-023	1.67095e-025	4.78225e-027	4.28612e-029	9.53638e-031	6.66822e-033	1.17397e-034	6.49836e-037	9.26964e-039	4.10805e-041	4.83013e-043	1.75747e-045	1.80189e-047	5.43279e-050	4.86236e-052	1.39366e-054	1.53498e-056	6.97606e-059	1.61157e-060	4.71668e-062	
N89	8.80491e-005	0.000780197	0.00864228	0.0611661	0.226906	0.3765	0.244564	0.0702628	0.0102119	0.000836548	4.16491e-005	1.35035e-006	2.96989e-008	4.82702e-010	5.90025e-012	7.0444e-014	7.21711e-016	1.0015e-017	9.65233e-020	1.17956e-021	8.58007e-024	7.71237e-026	4.08467e-028	2.71147e-030	1.06276e-032	5.36203e-035	1.58404e-037	6.24682e-040	1.41633e-042	4.49756e-045	7.94423e-048	2.08491e-050	2.94058e-053	6.68918e-056	7.71581e-059	1.57539e-061	1.65075e-064	3.53672e-067	3.53756e-070	7.49326e-073	9.24933e-076	2.49157e-078	4.79005e-081	1.57603e-083	5.20219e-086	
Blattella_bisignata	0	0	0	0	0	1	0	0	0	0	0	0	0	0	0	0	0	0	0	0	0	0	0	0	0	0	0	0	0	0	0	0	0	0	0	0	0	0	0	0	0	0	0	0	0	
Blattella_germanica	0	0	0	0	0	1	0	0	0	0	0	0	0	0	0	0	0	0	0	0	0	0	0	0	0	0	0	0	0	0	0	0	0	0	0	0	0	0	0	0	0	0	0	0	0	
Blattella_sauteri	0	0	0	0	0	1	0	0	0	0	0	0	0	0	0	0	0	0	0	0	0	0	0	0	0	0	0	0	0	0	0	0	0	0	0	0	0	0	0	0	0	0	0	0	0	
Loboptera_decipiens	0	0	0	0	0	0	0	0	0	0	1	0	0	0	0	0	0	0	0	0	0	0	0	0	0	0	0	0	0	0	0	0	0	0	0	0	0	0	0	0	0	0	0	0	0	
N90	0.000121221	0.000343167	0.00105816	0.00284388	0.0070342	0.0211407	0.0690027	0.173074	0.274086	0.257773	0.139728	0.04447	0.00827792	0.000971982	7.16132e-005	3.98264e-006	1.52769e-007	5.3746e-009	1.2669e-010	2.84185e-012	4.00315e-014	5.42616e-016	4.59853e-018	3.87129e-020	2.06437e-022	1.1379e-024	3.99424e-027	1.51341e-029	3.64709e-032	9.96626e-035	1.70646e-037	3.49749e-040	4.43712e-043	7.20591e-046	7.03136e-049	9.3822e-052	7.6055e-055	9.09101e-058	6.41697e-061	6.91224e-064	5.11541e-067	6.03046e-070	5.95564e-073	7.83847e-076	1.01634e-078	
N91	2.42914e-005	0.000138058	0.00112339	0.00521337	0.0107607	0.0152982	0.039557	0.127925	0.256379	0.287283	0.179765	0.0628991	0.0122237	0.0013252	8.21847e-005	3.2743e-006	8.96021e-008	3.07275e-009	8.65089e-011	4.39943e-012	1.00602e-013	3.55447e-015	5.32866e-017	1.22194e-018	1.2256e-020	1.89893e-022	1.31159e-024	1.42988e-026	6.97853e-029	5.57036e-031	1.96381e-033	1.19168e-035	3.09863e-038	1.48762e-040	2.90679e-043	1.1427e-045	1.73213e-048	5.99911e-051	7.3251e-054	2.37314e-056	3.31142e-059	1.80103e-061	7.46928e-064	6.59731e-066	6.02718e-068	
Hemithyrsocera_sp	0	0	0	0	0	0	1	0	0	0	0	0	0	0	0	0	0	0	0	0	0	0	0	0	0	0	0	0	0	0	0	0	0	0	0	0	0	0	0	0	0	0	0	0	0	
N92	5.92908e-016	4.5625e-012	2.13229e-008	1.10846e-006	1.09509e-009	4.43082e-013	1.89238e-016	2.30998e-016	7.55098e-013	2.59555e-009	4.50367e-006	0.00335401	0.724154	0.272303	0.000183801	6.40754e-008	1.23404e-011	2.86713e-015	2.69621e-019	2.91585e-023	1.28439e-027	6.75096e-032	1.5188e-036	4.2264e-041	5.10758e-046	7.92973e-051	5.24543e-056	4.65677e-061	1.6725e-066	8.46083e-072	1.58154e-077	4.3451e-083	3.87505e-089	5.22657e-095	1.805e-101	8.49301e-108	6.47207e-115	4.98334e-076	4.55609e-034	7.27605e-034	6.00879e-034	1.36233e-033	1.72446e-033	4.94511e-033	1.35358e-032	
Symplocodes_sp	0	0	0	0	0	0	0	0	0	0	0	0	0	1	0	0	0	0	0	0	0	0	0	0	0	0	0	0	0	0	0	0	0	0	0	0	0	0	0	0	0	0	0	0	0	
Xestoblatta_sp	0	0	0	0	0	0	0	0	0	0	0	0	1	0	0	0	0	0	0	0	0	0	0	0	0	0	0	0	0	0	0	0	0	0	0	0	0	0	0	0	0	0	0	0	0	
N93	0.000105439	0.000299374	0.00101797	0.00281933	0.0066923	0.0195732	0.0652045	0.168066	0.272729	0.26181	0.144844	0.0468481	0.00886196	0.00104684	7.66385e-005	4.75002e-006	1.60295e-007	2.9415e-008	3.99486e-010	3.41486e-010	2.68154e-012	1.99362e-012	1.02589e-014	5.15467e-015	1.81013e-017	6.1526e-018	1.52903e-020	3.52831e-021	6.48105e-024	1.03758e-024	1.4513e-027	1.62022e-028	1.79493e-031	1.47681e-032	1.31605e-035	7.92146e-037	6.00602e-040	3.27909e-041	1.99305e-044	7.60235e-046	5.7653e-049	6.53032e-050	2.53506e-053	1.49114e-054	3.24495e-055	
Lobopterella_dimidiatipes	0	0	0	0	0	0	0	0	0	0	0	0	1	0	0	0	0	0	0	0	0	0	0	0	0	0	0	0	0	0	0	0	0	0	0	0	0	0	0	0	0	0	0	0	0	
Symploce_sp	0	0	0	0	0	0	0	1	0	0	0	0	0	0	0	0	0	0	0	0	0	0	0	0	0	0	0	0	0	0	0	0	0	0	0	0	0	0	0	0	0	0	0	0	0	
