NODE	2	3	4	5	6	7	8	9	10	11	12	13	14	
N1	0.00109919	0.765828	0.00528877	6.41441e-005	0.219276	0.00834568	9.65187e-005	9.53633e-007	7.51119e-009	4.82355e-011	9.28517e-013	7.49404e-018	4.22666e-019	
N2	1.30491e-005	0.105026	0.000183606	2.28376e-005	0.894145	0.000603671	5.33253e-006	6.12711e-009	1.1835e-009	9.94259e-011	4.39696e-008	9.16508e-011	4.92854e-012	
N3	1.21223e-007	0.019821	2.42499e-006	3.34929e-006	0.980108	6.54814e-005	3.63524e-008	2.61192e-011	1.86264e-011	4.73022e-011	6.66467e-008	1.44795e-011	2.73738e-013	
N4	9.53453e-011	0.000410191	8.38789e-009	2.97307e-007	0.999585	3.93194e-006	5.10719e-011	3.09992e-014	2.45102e-015	3.05226e-013	8.18984e-008	1.25436e-012	2.44805e-015	
N5	2.62619e-011	0.000146009	1.69391e-009	1.68426e-007	0.999851	2.37141e-006	4.36257e-012	1.47788e-014	2.51106e-014	3.90865e-012	8.27775e-008	5.44095e-013	8.29964e-015	
N6	6.76103e-013	8.14945e-006	5.82079e-010	1.7902e-007	0.99999	1.37573e-006	2.96528e-012	4.88571e-014	8.08181e-012	1.4153e-009	8.24435e-008	3.31529e-013	1.88201e-015	
N7	1.17146e-015	7.43044e-008	6.23381e-012	7.47933e-008	0.16861	4.38743e-008	1.33849e-014	3.29664e-015	1.41542e-008	0.00641357	0.824976	2.00623e-007	4.16071e-010	
N8	1.18223e-015	1.66458e-008	3.88908e-011	1.67341e-007	0.133948	1.17783e-007	1.11765e-013	5.0477e-013	3.19292e-008	0.00642067	0.859629	1.93166e-006	4.16487e-008	
N9	1.52874e-017	5.29885e-010	3.50442e-012	1.89078e-008	0.00615174	6.76372e-009	5.97651e-014	3.12468e-013	3.45625e-009	0.00508825	0.988753	6.4618e-006	3.09807e-008	
N10	4.95454e-019	2.95553e-011	1.08718e-013	6.89534e-011	0.00197688	5.90543e-010	2.03722e-015	6.6443e-014	1.11224e-010	0.000790118	0.997231	2.23644e-006	4.21827e-008	
N11	9.27733e-020	4.74418e-012	3.97114e-014	6.23078e-010	9.02178e-005	8.4358e-011	9.65553e-016	1.24747e-013	4.81077e-009	0.00503525	0.994869	5.65748e-006	2.89978e-008	
Atrachelacris_sp	0	0	0	0	0	0	0	0	0	1	0	0	0	
Ommatolampis_sp	0	0	0	0	0	0	0	0	0	0	1	0	0	
N12	6.93736e-019	9.33676e-012	5.04449e-013	1.13628e-010	0.00097855	1.1882e-009	1.93185e-014	9.34641e-013	7.78183e-010	0.00026869	0.998746	6.86935e-006	2.96235e-007	
N13	6.29835e-022	1.65667e-013	3.81956e-016	3.70123e-011	1.01304e-005	2.45807e-012	1.05062e-017	6.64069e-015	6.20494e-010	0.00491009	0.995078	1.56899e-006	1.75209e-009	
Leiotettix_pulcher	0	0	0	0	0	0	0	0	0	1	0	0	0	
Scotussa_lemniscata	0	0	0	0	0	0	0	0	0	0	1	0	0	
Scotussa_impudica	0	0	0	0	0	0	0	0	0	0	1	0	0	
Scotussa_daguerrei	0	0	0	0	0	0	0	0	0	1	0	0	0	
N14	2.08221e-014	9.18355e-009	7.15189e-009	0.000136587	0.112496	2.90658e-007	5.28738e-012	6.43332e-010	5.02499e-005	0.0511029	0.836207	6.3371e-006	1.06006e-007	
Chlorus_bolivianus	0	0	0	0	0	0	0	0	1	0	0	0	0	
N15	2.37412e-014	1.38728e-007	4.93196e-009	5.35385e-006	0.0273499	1.02035e-007	1.01179e-010	8.42638e-010	6.56927e-006	0.0523608	0.920254	2.19711e-005	9.12945e-007	
Dichromatos_lilloanus	0	0	0	0	0	0	0	0	0	1	0	0	0	
Paulinia_acuminata	0	0	0	0	0	0	0	0	0	0	1	0	0	
N16	1.75275e-014	1.98772e-008	4.88173e-010	1.06815e-005	0.0760092	2.74752e-007	3.82804e-012	3.90366e-012	4.82176e-006	0.397585	0.526384	4.98731e-006	4.71325e-007	
Ronderosia_sp	0	0	0	0	0	0	0	0	0	1	0	0	0	
Tropidostethus_sp	0	0	0	0	0	0	0	0	0	1	0	0	0	
N17	1.3618e-013	7.37061e-007	2.38299e-009	2.06403e-007	0.999997	2.33706e-006	1.88575e-011	1.65027e-012	4.24284e-013	7.94472e-013	8.21986e-008	6.6668e-013	6.02616e-015	
N18	2.2884e-014	2.00307e-007	1.15463e-009	2.10607e-007	0.999999	6.97796e-007	5.82573e-013	4.24008e-014	3.48557e-014	1.76028e-011	8.21969e-008	1.54727e-013	9.90204e-016	
N19	5.00067e-013	1.47328e-007	4.24344e-008	2.14621e-005	0.999977	9.16867e-007	2.68571e-013	6.44733e-014	1.64695e-011	1.17765e-009	8.10235e-008	3.65443e-014	2.55494e-016	
N20	2.24728e-014	2.50266e-008	7.76217e-009	0.000275748	0.879367	5.34743e-007	2.33165e-012	5.23564e-011	9.34299e-007	2.20621e-005	0.120334	8.23678e-008	6.26027e-010	
N21	3.58753e-014	3.52296e-007	7.26167e-008	5.15803e-006	0.666418	1.32494e-006	4.05879e-010	8.117e-010	1.05242e-007	1.93054e-006	0.333571	2.3584e-006	4.33164e-007	
Dichroplus_conspersus	0	0	0	0	0	0	0	0	0	0	1	0	0	
Marellia_remipes	0	0	0	0	0	0	0	0	0	0	1	0	0	
Dichroplus_pratensis	0	0	0	0	0	0	0	0	1	0	0	0	0	
N22	1.83887e-008	2.22093e-005	0.00194463	0.00508662	0.992943	3.49835e-006	3.36245e-010	1.34239e-010	8.22344e-011	8.09651e-010	1.87617e-008	8.86517e-014	3.66211e-016	
Dichroplus_democraticus	0	0	0	0	0	0	0	0	0	0	1	0	0	
Dichroplus_silveiraguidoi	0	0	1	0	0	0	0	0	0	0	0	0	0	
N23	5.48882e-016	1.52716e-008	5.474e-011	6.39231e-009	0.0358788	7.28183e-008	2.04149e-012	4.96552e-013	2.2909e-011	3.40225e-007	0.964111	9.43657e-006	4.886e-008	
N24	3.03724e-021	1.62074e-012	5.37837e-016	2.1452e-012	0.000447275	2.57964e-011	7.02502e-018	2.30305e-018	6.90965e-016	1.88884e-008	0.999552	3.63152e-007	2.17532e-010	
Dichroplus_exilis	0	0	0	0	0	0	0	0	0	0	1	0	0	
Dichroplus_fuscus	0	0	0	0	0	0	0	0	0	0	1	0	0	
Dichroplus_schulzi	0	0	0	0	0	0	0	0	0	0	1	0	0	
N25	9.22555e-015	7.63929e-008	7.47476e-010	4.25429e-008	0.0946589	4.43622e-007	2.51452e-011	6.3224e-012	2.13451e-009	1.8962e-005	0.905303	1.86526e-005	2.6835e-007	
Dichroplus_elongatus	0	0	0	0	0	0	0	0	0	0	1	0	0	
N26	2.62794e-019	3.12572e-011	5.12155e-014	5.16605e-009	0.00164213	4.12871e-010	6.3884e-016	1.35492e-014	1.48149e-009	0.00338401	0.994973	1.31283e-006	2.0359e-009	
Dichroplus_paraelongatus	0	0	0	0	0	0	0	0	0	0	1	0	0	
Dichroplus_patruelis	0	0	0	0	0	0	0	0	0	1	0	0	0	
N27	2.79248e-010	3.08305e-005	2.4102e-007	2.19671e-006	0.576627	2.01801e-005	6.31615e-009	1.81485e-009	9.07805e-008	3.26991e-006	0.423254	5.18052e-005	1.05813e-005	
Diponthus_sp	0	0	0	0	0	0	0	0	0	0	1	0	0	
Leiotettix_viridis	0	0	0	0	0	0	0	0	0	0	1	0	0	
N28	1.55701e-011	4.41932e-005	2.76323e-009	2.17467e-006	0.715516	1.76573e-006	9.8382e-012	2.32266e-013	2.44888e-009	2.58746e-005	0.284409	8.40018e-007	1.48082e-008	
N29	2.49888e-012	1.82368e-005	1.12376e-009	1.61468e-007	0.678101	9.38412e-007	1.89146e-012	5.62203e-013	3.53111e-009	2.54994e-006	0.321875	1.47325e-006	4.07458e-008	
N30	9.16674e-012	1.38026e-005	2.69347e-009	4.47512e-006	0.664877	2.41239e-006	6.66091e-012	2.2815e-012	4.22236e-008	1.07144e-005	0.335088	3.28744e-006	3.29367e-007	
N31	8.10941e-011	2.21502e-006	7.96703e-007	0.00320901	0.584005	7.3473e-006	1.29395e-009	9.74804e-008	0.00049115	0.00423388	0.408029	2.05611e-005	9.31288e-007	
Dichroplus_maculipennis	0	0	0	0	0	0	0	0	0	0	1	0	0	
Dichroplus_vittatus	0	0	0	0	0	0	0	0	1	0	0	0	0	
Pseudoscopas_nigrigena	0	0	0	0	0	0	0	0	0	0	1	0	0	
Ommexecha_sp	0	0	0	0	0	0	0	0	0	0	1	0	0	
Leiotettix_flavipes	0	0	0	0	0	0	0	0	0	1	0	0	0	
N32	2.63438e-008	0.00541482	2.84204e-007	1.6756e-006	0.743577	1.91475e-005	3.04404e-009	8.35583e-011	5.19583e-009	6.58997e-007	0.250974	1.06894e-005	1.18151e-006	
N33	4.5158e-009	0.00185326	6.21769e-008	6.20448e-007	0.584268	7.95569e-006	4.52656e-010	2.76687e-011	2.25588e-009	8.65376e-007	0.413846	2.18619e-005	1.97516e-006	
Dichromorpha_sp	0	0	0	0	0	0	0	0	0	0	1	0	0	
N34	4.45204e-009	0.000929306	5.83532e-008	8.3851e-007	0.480004	9.19855e-006	6.41582e-010	8.55645e-011	9.71135e-009	2.60179e-006	0.519001	4.48621e-005	8.44849e-006	
N35	1.02512e-010	2.14164e-005	3.16993e-008	2.7695e-007	0.0993649	2.98628e-006	1.7145e-009	5.39841e-010	1.33589e-008	7.93009e-006	0.900269	0.000320638	1.32435e-005	
Hyalopteryx_rufipennis	0	0	0	0	0	0	0	0	0	0	1	0	0	
Leptysma_sp	0	0	0	0	0	0	0	0	0	0	1	0	0	
N36	8.05788e-012	4.35979e-006	4.45105e-009	6.55634e-008	0.0441165	7.41262e-007	2.89444e-010	8.85031e-011	1.93254e-009	4.37544e-006	0.955644	0.000225803	3.65916e-006	
N37	2.5894e-021	2.40766e-012	1.24324e-017	1.05564e-013	4.51073e-005	1.29178e-012	3.62532e-019	1.79974e-019	5.0856e-017	9.19331e-009	0.999955	3.18142e-007	2.29293e-011	
Schistocerca_cancellata	0	0	0	0	0	0	0	0	0	0	1	0	0	
Schistocerca_pallens	0	0	0	0	0	0	0	0	0	0	1	0	0	
Schistocerca_flavofasciata	0	0	0	0	0	0	0	0	0	0	1	0	0	
N38	5.3685e-015	5.57485e-008	3.90486e-012	4.84107e-010	0.00310398	5.73596e-009	4.16716e-013	1.05677e-013	2.25604e-012	3.90542e-007	0.996862	3.36932e-005	2.59978e-008	
N39	6.58449e-024	6.54516e-014	1.18746e-020	1.04516e-015	4.75384e-006	1.35206e-014	1.54764e-022	1.10218e-022	2.2971e-019	8.81135e-010	0.999995	2.7427e-008	7.18927e-013	
Zoniopoda_hempeli	0	0	0	0	0	0	0	0	0	0	1	0	0	
Zoniopoda_omnicolor	0	0	0	0	0	0	0	0	0	0	1	0	0	
Zoniopoda_tarsata	0	0	0	0	0	0	0	0	0	0	1	0	0	
N40	3.70954e-007	0.0155772	5.61776e-006	4.58295e-006	0.593248	6.54574e-005	1.85318e-007	8.88632e-009	1.89565e-007	7.85935e-006	0.390861	0.000203156	2.59379e-005	
N41	1.93257e-007	0.00904129	1.44054e-006	3.42668e-006	0.513086	4.04306e-005	7.97928e-008	5.07558e-009	2.23651e-007	5.42065e-005	0.47747	0.000237423	6.48734e-005	
Prionolopha_serrata	0	0	0	0	0	0	0	0	0	0	1	0	0	
N42	4.43394e-012	4.38589e-006	6.25979e-010	5.97729e-007	0.014026	1.2841e-007	4.36887e-011	9.90619e-011	6.23576e-007	0.0127189	0.973138	0.000111092	6.71154e-007	
Xyleus_insignis	0	0	0	0	0	0	0	0	0	0	1	0	0	
Xyleus_laevipes	0	0	0	0	0	0	0	0	0	1	0	0	0	
Xyleus_modestus	0	0	0	0	0	0	0	0	0	0	1	0	0	
N43	3.08422e-010	7.24793e-005	2.62758e-008	4.20607e-008	0.0211499	1.67483e-006	7.03011e-009	3.92594e-010	2.33459e-009	5.08049e-006	0.977213	0.00155027	7.18031e-006	
Trimerotropis_ochraceipennis	0	0	0	0	0	0	0	0	0	0	1	0	0	
Trimerotropis_pallidipennis	0	0	0	0	0	0	0	0	0	0	1	0	0	
