NODE	7	8	9	10	11	12	13	14	15	16	17	18	19	20	21	22	23	24	25	26	27	28	29	30	31	32	33	34	35	36	37	38	39	40	41	42	43	44	45	46	47	48	49	50	51	
N1	0.000189489	0.00048821	0.00226402	0.0123074	0.0491575	0.136311	0.264239	0.309197	0.177498	0.0437577	0.00440614	0.000181316	3.13712e-006	2.38485e-008	8.39299e-011	1.44522e-013	2.91212e-018	6.41107e-020	1.06692e-021	1.37186e-023	1.38997e-025	1.12942e-027	7.47588e-030	4.08793e-032	1.86982e-034	7.23449e-037	2.39155e-039	6.81614e-042	1.68858e-044	3.66302e-047	7.00493e-050	1.18814e-052	1.79748e-055	2.4379e-058	2.97829e-061	3.29157e-064	3.30421e-067	3.02393e-070	2.5317e-073	1.94528e-076	1.37587e-079	8.98274e-083	5.42763e-086	3.04277e-089	1.67774e-092	
N2	0.000338694	0.00159376	0.00860258	0.0323373	0.0776611	0.140232	0.220873	0.256499	0.177407	0.0679702	0.0145496	0.00179646	0.000131827	6.84448e-006	3.05898e-007	6.339e-008	4.21138e-009	8.51037e-010	2.99689e-011	3.14321e-012	5.79613e-014	3.2167e-015	3.21002e-017	9.57063e-019	5.42441e-021	8.99976e-023	3.03054e-025	3.03002e-027	6.26914e-030	4.19764e-032	5.51186e-035	2.71692e-037	2.41858e-040	1.09592e-042	7.54771e-046	3.7617e-048	5.95305e-051	7.38611e-053	5.45405e-056	3.02055e-058	4.90258e-061	4.49717e-063	4.20293e-066	3.19849e-068	2.62652e-070	
N3	0.000778629	0.00443922	0.0221117	0.0585648	0.0761528	0.0779854	0.12373	0.196621	0.21167	0.144507	0.0623254	0.0173086	0.00312651	0.000545455	8.34748e-005	4.15421e-005	5.85819e-006	2.05888e-006	1.59601e-007	3.08444e-008	1.36121e-009	1.517e-010	4.02829e-012	2.72823e-013	4.57776e-015	2.00062e-016	2.20723e-018	6.64726e-020	4.99417e-022	1.11512e-023	5.87675e-026	1.03717e-027	4.36071e-030	9.14874e-032	3.34854e-034	7.13261e-036	5.24676e-038	2.16493e-039	7.56494e-042	1.4429e-043	9.26315e-046	3.0076e-047	1.18316e-049	3.06216e-051	1.07451e-052	
N4	1.2361e-005	0.0001127	0.000845389	0.00256283	0.00282121	0.0032217	0.00815594	0.0246173	0.0638609	0.128499	0.192481	0.212301	0.155343	0.109808	0.0501079	0.0341189	0.0081949	0.00262628	0.000269108	3.81816e-005	1.83664e-006	1.30617e-007	3.31114e-009	1.33213e-010	1.95954e-012	4.94212e-014	4.5248e-016	7.73942e-018	4.69406e-020	5.99446e-022	2.52073e-024	2.55147e-026	9.15701e-029	1.07981e-030	3.30187e-033	3.24332e-035	1.27797e-037	1.62732e-039	4.07104e-042	3.05385e-044	9.49596e-047	9.51956e-049	2.67751e-051	2.67824e-053	3.46377e-055	
N5	3.37193e-006	3.85251e-005	0.000402238	0.00150457	0.0016728	0.00131468	0.00382518	0.0151627	0.0445444	0.0965754	0.167155	0.226532	0.209248	0.137668	0.063506	0.0245822	0.00533966	0.000851266	7.03267e-005	4.36423e-006	1.48458e-007	4.46124e-009	7.02457e-011	1.88281e-012	1.63025e-014	6.6517e-016	3.75917e-018	1.38778e-019	5.36522e-022	1.40406e-023	3.84685e-026	7.23478e-028	1.5862e-030	2.55813e-032	4.5502e-035	6.1055e-037	1.05492e-039	1.40603e-041	1.75308e-044	1.59596e-046	1.78175e-049	1.51951e-051	1.26126e-054	8.03289e-057	3.33636e-059	
N6	1.50217e-008	5.91514e-007	1.10507e-005	2.68821e-005	7.95265e-006	2.06075e-006	8.56221e-006	0.000149011	0.002198	0.0194208	0.0970675	0.258462	0.338497	0.210825	0.0627502	0.00972806	0.000801493	4.22993e-005	1.40829e-006	4.27191e-008	7.72413e-010	2.13609e-011	2.41887e-013	5.86043e-015	4.03187e-017	6.27758e-019	2.67915e-021	2.71411e-023	7.75361e-026	5.42789e-028	1.08909e-030	5.45082e-033	8.00922e-036	3.00248e-038	3.34668e-041	9.70052e-044	8.56688e-047	1.98374e-049	1.34923e-052	2.35546e-055	1.24647e-058	1.74289e-061	7.51429e-065	1.04561e-067	1.64527e-070	
N7	1.25806e-010	3.88574e-009	7.54652e-008	3.75166e-007	2.59862e-007	6.3175e-008	3.31931e-008	5.39428e-007	2.52637e-005	0.000735682	0.0114456	0.0870536	0.29255	0.389089	0.185557	0.0313125	0.00215812	7.04631e-005	1.22747e-006	1.41501e-008	1.32611e-010	3.53892e-012	4.91113e-014	1.4227e-015	1.22786e-017	2.05888e-019	1.08879e-021	1.10703e-023	3.72298e-026	2.39956e-028	5.28047e-031	2.23685e-033	3.31018e-036	9.59023e-039	9.79756e-042	2.03332e-044	1.47044e-047	2.29747e-050	1.2036e-053	1.47883e-056	5.75421e-060	5.95982e-063	2.90091e-066	7.37771e-069	2.51698e-071	
N8	2.66372e-013	1.42011e-011	5.2976e-010	6.38466e-009	6.76537e-009	1.98484e-009	4.36291e-010	1.32179e-009	1.45276e-007	1.28393e-005	0.000610386	0.013906	0.13187	0.429663	0.360542	0.0601481	0.00317686	6.9201e-005	7.36774e-007	4.34375e-009	1.57807e-011	7.61774e-014	5.15544e-016	1.57663e-017	1.02935e-019	1.96965e-021	7.99204e-024	9.17946e-026	2.34895e-028	1.68296e-030	2.74888e-033	1.25564e-035	1.33506e-038	3.94241e-041	2.80814e-044	5.49621e-047	2.6978e-050	3.67871e-053	1.27207e-056	1.28905e-059	3.2032e-063	2.57974e-066	5.70682e-070	8.2431e-073	2.14955e-075	
N9	7.19987e-021	1.77588e-017	2.31106e-014	6.59194e-012	3.59342e-012	5.59698e-014	5.30492e-016	2.7992e-016	7.45062e-013	1.29558e-009	1.01387e-006	0.000297036	0.0248505	0.386816	0.551633	0.0360845	0.000316946	7.05774e-007	5.64283e-010	2.00666e-013	3.66691e-017	4.2371e-021	4.98679e-025	7.23761e-028	2.23574e-031	3.18429e-034	5.68483e-038	4.51772e-041	4.68674e-045	2.18931e-048	1.31904e-052	3.71444e-056	1.30828e-060	2.21191e-064	4.70014e-069	4.67953e-073	6.29859e-078	3.72017e-082	3.30018e-087	1.23714e-091	7.38149e-097	1.91263e-101	8.21863e-107	2.35021e-111	1.23989e-115	
N10	6.82168e-022	8.4675e-019	6.15197e-016	8.14556e-014	4.46088e-014	4.2347e-016	2.50318e-017	3.33686e-016	6.61434e-013	1.02351e-009	7.59572e-007	0.000224704	0.0202182	0.35369	0.576335	0.048915	0.000614143	2.03675e-006	2.48154e-009	1.36545e-012	3.9004e-016	6.57303e-020	1.36234e-023	6.94229e-025	1.53522e-027	7.62372e-029	1.00416e-031	2.76406e-033	2.06569e-036	3.38285e-038	1.24197e-041	1.28261e-043	1.87932e-047	1.20665e-049	6.43354e-054	1.92901e-056	5.29275e-061	4.52949e-064	8.44841e-069	3.15431e-072	4.02272e-077	9.35865e-081	8.62792e-086	4.54641e-089	1.41596e-091	
N11	7.34595e-024	2.80789e-020	7.01983e-017	6.50001e-014	3.9662e-013	3.11225e-014	9.59379e-016	5.69081e-017	3.58322e-014	5.91656e-011	5.25584e-008	2.17802e-005	0.00341508	0.142676	0.79412	0.0590917	0.000672557	2.25588e-006	3.06863e-009	2.04554e-012	7.57109e-016	1.70784e-019	2.5737e-023	8.74343e-027	4.79626e-030	1.52703e-032	7.5066e-036	1.42399e-038	4.96278e-042	5.54344e-045	1.3814e-048	9.06215e-052	1.50226e-055	5.63971e-059	5.17374e-063	1.06115e-066	5.39199e-071	5.74486e-075	1.73616e-079	1.26522e-083	2.45013e-088	1.40568e-092	2.07101e-097	1.65399e-101	2.11832e-105	
N12	2.56057e-024	3.20097e-021	2.27359e-018	4.96089e-016	1.22435e-015	1.11994e-016	1.96735e-017	5.23198e-018	2.4505e-015	5.69991e-012	7.52006e-009	4.86192e-006	0.00125753	0.0911906	0.857757	0.0493774	0.000411225	1.02301e-006	1.05941e-009	5.5234e-013	1.63953e-016	3.02316e-020	3.76708e-024	3.63347e-027	5.13813e-030	1.05493e-031	1.12814e-034	1.38166e-036	1.05812e-039	7.88832e-042	4.18115e-045	1.93399e-047	6.1542e-051	1.79834e-053	2.60395e-057	4.49322e-060	2.58451e-064	1.34373e-067	4.99778e-072	1.3863e-075	3.44076e-080	6.91519e-084	1.24322e-088	3.79908e-092	3.99184e-095	
Amitermes_darwini	0	0	0	0	0	0	0	0	0	0	0	0	0	0	1	0	0	0	0	0	0	0	0	0	0	0	0	0	0	0	0	0	0	0	0	0	0	0	0	0	0	0	0	0	0	
Amitermes_germanus	0	0	0	0	0	0	0	0	0	0	0	0	0	0	1	0	0	0	0	0	0	0	0	0	0	0	0	0	0	0	0	0	0	0	0	0	0	0	0	0	0	0	0	0	0	
N13	9.8864e-024	1.23554e-020	8.68204e-018	1.7195e-015	5.35615e-015	2.18834e-016	1.58319e-017	1.41787e-017	1.03843e-014	2.03176e-011	2.2075e-008	1.14345e-005	0.00228618	0.122375	0.815131	0.0595769	0.000617847	1.85908e-006	2.27304e-009	1.37228e-012	4.64254e-016	9.62846e-020	1.35185e-023	4.98842e-026	1.25417e-028	6.90336e-030	1.18451e-032	3.91552e-034	4.43022e-037	9.20612e-039	6.32975e-042	8.63334e-044	3.05624e-047	2.79859e-049	4.03359e-053	2.24001e-055	1.20989e-059	1.7816e-062	6.60082e-067	4.40476e-070	1.16211e-074	4.86441e-078	9.38071e-083	4.95068e-086	1.40672e-088	
Amitermes_parvus	0	0	0	0	0	0	0	0	0	0	0	0	0	0	1	0	0	0	0	0	0	0	0	0	0	0	0	0	0	0	0	0	0	0	0	0	0	0	0	0	0	0	0	0	0	
Drepanotermes_septentrionalis	0	0	0	0	0	0	0	0	0	0	0	0	0	0	1	0	0	0	0	0	0	0	0	0	0	0	0	0	0	0	0	0	0	0	0	0	0	0	0	0	0	0	0	0	0	
N14	4.72974e-021	1.3311e-018	2.13995e-016	7.5074e-015	4.6334e-015	4.01055e-016	8.89305e-016	1.89728e-014	1.19223e-011	7.38305e-009	2.49606e-006	0.000392482	0.0229033	0.334256	0.572764	0.0680832	0.00158658	1.19595e-005	3.84414e-008	6.25661e-011	5.79036e-014	3.33783e-017	1.67993e-020	2.30487e-021	2.3783e-023	7.08572e-024	4.81946e-026	8.53678e-027	3.65717e-029	4.05621e-030	9.43084e-033	6.90239e-034	6.62117e-037	3.2248e-038	9.95558e-042	2.40978e-043	3.63421e-047	2.3011e-049	2.45511e-053	6.60596e-056	5.02841e-060	8.41767e-063	4.74463e-067	1.66093e-069	4.3034e-071	
N15	2.27435e-024	1.28783e-020	4.84581e-017	7.39072e-014	4.12731e-013	1.55491e-014	2.44546e-016	4.38823e-018	1.6621e-015	4.30338e-012	6.14123e-009	4.19947e-006	0.00112651	0.0844765	0.873014	0.0410855	0.000293126	6.2849e-007	5.56949e-010	2.45681e-013	6.09262e-017	9.28919e-021	9.44357e-025	1.49813e-028	4.10967e-032	6.3041e-035	1.82125e-038	3.39979e-041	2.42255e-041	4.22667e-042	1.25026e-043	9.20024e-045	2.12631e-046	1.05882e-047	1.66159e-049	6.78203e-051	1.25388e-051	1.1585e-051	1.78409e-052	1.86532e-053	1.04892e-055	1.45661e-057	6.33649e-060	1.24079e-061	3.72709e-063	
N16	1.96442e-025	9.15159e-022	2.22861e-018	1.50175e-015	5.97217e-015	1.15323e-016	7.98629e-019	5.86561e-020	5.31516e-017	2.91511e-013	8.56786e-010	1.1483e-006	0.000561079	0.0679353	0.897577	0.0337745	0.000151156	1.79349e-007	8.14224e-011	1.74588e-014	2.02615e-018	1.40129e-022	6.43109e-027	2.05721e-029	2.11508e-032	9.90245e-034	6.06868e-037	1.81405e-038	6.35063e-042	1.28423e-043	2.37466e-047	3.38106e-049	2.90743e-053	2.92716e-055	9.91259e-060	6.27808e-062	7.57693e-067	1.22723e-069	1.05779e-074	6.91725e-078	4.56594e-083	1.59113e-086	8.1496e-092	2.20536e-095	2.95283e-098	
Microcerotermes_boreus	0	0	0	0	0	0	0	0	0	0	0	0	0	0	1	0	0	0	0	0	0	0	0	0	0	0	0	0	0	0	0	0	0	0	0	0	0	0	0	0	0	0	0	0	0	
Microcerotermes_nervosus	0	0	0	0	0	0	0	0	0	0	0	0	0	0	1	0	0	0	0	0	0	0	0	0	0	0	0	0	0	0	0	0	0	0	0	0	0	0	0	0	0	0	0	0	0	
Pericapritermes_sp	0	0	0	0	0	0	0	0	0	0	0	0	0	0	1	0	0	0	0	0	0	0	0	0	0	0	0	0	0	0	0	0	0	0	0	0	0	0	0	0	0	0	0	0	0	
N17	1.90552e-027	5.95253e-023	1.1167e-018	9.04713e-015	4.27973e-014	2.51859e-016	6.39631e-019	1.11945e-021	2.50549e-019	3.10846e-015	2.05377e-011	6.3636e-008	7.58259e-005	0.0243739	0.963733	0.0117981	1.9484e-005	9.29596e-009	1.79264e-012	1.67572e-016	8.44142e-021	2.52136e-025	4.64344e-029	4.32013e-031	8.4565e-033	9.92403e-034	2.84453e-035	2.66115e-036	6.56837e-038	4.40553e-039	9.21267e-041	4.35373e-042	7.20729e-044	2.31884e-045	2.66904e-047	5.66105e-049	4.33861e-051	6.00027e-053	3.16888e-055	3.40839e-057	1.31626e-059	1.23529e-061	4.0427e-064	5.21071e-066	9.65287e-068	
Nasutitermes_graveolus	0	0	0	0	0	0	0	0	0	0	0	0	0	0	1	0	0	0	0	0	0	0	0	0	0	0	0	0	0	0	0	0	0	0	0	0	0	0	0	0	0	0	0	0	0	
N18	9.12993e-029	2.47228e-024	4.21321e-020	1.98389e-016	8.41766e-016	3.46743e-018	4.59988e-021	8.44623e-024	5.79821e-021	1.74188e-016	2.66805e-012	1.75834e-008	3.94421e-005	0.0201279	0.970335	0.00948844	9.34069e-006	2.21912e-009	1.8801e-013	7.10569e-018	1.38481e-022	1.54245e-027	1.08835e-032	2.83259e-035	5.0815e-039	2.68398e-040	2.49886e-044	8.84295e-046	4.13394e-050	1.02951e-051	2.25561e-056	4.06982e-058	3.70675e-063	4.83225e-065	1.51847e-070	1.28547e-072	1.0479e-078	1.5081e-081	8.88991e-088	4.40366e-091	2.0076e-097	4.52668e-101	1.61593e-107	2.07316e-111	8.62768e-115	
N19	2.26024e-031	3.91964e-027	3.31698e-023	8.48351e-020	1.81703e-019	2.54109e-022	9.61543e-024	3.86677e-025	1.27786e-022	4.99189e-018	1.11486e-013	1.23365e-009	5.51673e-006	0.00688204	0.988784	0.00432657	2.34964e-006	3.70216e-010	2.41403e-014	7.92352e-019	1.4816e-023	1.71867e-028	1.33059e-033	1.80818e-037	3.38277e-041	2.01589e-043	2.67525e-047	9.33531e-050	8.86692e-054	1.82552e-056	1.25546e-060	1.50966e-063	6.78921e-068	4.76166e-071	8.87398e-076	3.74713e-079	1.08753e-084	4.74378e-089	8.20372e-095	1.83162e-099	1.87475e-105	3.04249e-110	2.20799e-116	1.35387e-120	2.90587e-124	
Nasutitermes_longipennis	0	0	0	0	0	0	0	0	0	0	0	0	0	0	1	0	0	0	0	0	0	0	0	0	0	0	0	0	0	0	0	0	0	0	0	0	0	0	0	0	0	0	0	0	0	
Tumulitermes_pastinator	0	0	0	0	0	0	0	0	0	0	0	0	0	0	1	0	0	0	0	0	0	0	0	0	0	0	0	0	0	0	0	0	0	0	0	0	0	0	0	0	0	0	0	0	0	
Nasutitermes_triodiae	0	0	0	0	0	0	0	0	0	0	0	0	0	0	1	0	0	0	0	0	0	0	0	0	0	0	0	0	0	0	0	0	0	0	0	0	0	0	0	0	0	0	0	0	0	
N20	1.04438e-021	1.64299e-018	1.20207e-015	1.4092e-013	6.48846e-014	6.2636e-016	1.44849e-017	3.74757e-016	8.42819e-013	1.29706e-009	9.45954e-007	0.000271619	0.0232526	0.377261	0.559376	0.0394296	0.000407152	1.13322e-006	1.18651e-009	5.73438e-013	1.46667e-016	2.21545e-020	3.08936e-024	1.09034e-025	2.39184e-028	1.3221e-029	1.75315e-032	5.54179e-034	4.2053e-037	8.14694e-039	3.08186e-042	3.87017e-044	6.02946e-048	4.86968e-050	2.81596e-054	1.15434e-056	3.29221e-061	4.01549e-064	7.88783e-069	3.88572e-072	5.37269e-077	1.55184e-080	1.5446e-085	7.19423e-089	2.38346e-091	
N21	1.49067e-021	7.4165e-019	3.66317e-016	7.79477e-014	7.25764e-013	3.97246e-013	9.13761e-014	8.98192e-014	2.85239e-011	1.24888e-008	3.06829e-006	0.000368313	0.0178477	0.255775	0.622068	0.100599	0.00330348	3.6135e-005	1.72292e-007	4.22906e-010	5.97891e-013	5.30898e-016	3.29493e-019	1.00768e-021	3.51306e-024	8.23639e-026	2.23957e-028	3.11134e-030	6.13664e-033	5.08601e-035	7.26081e-038	3.5679e-040	3.32156e-043	9.48146e-046	4.49946e-049	6.85177e-052	1.76322e-055	1.25687e-058	1.95037e-062	9.59027e-066	9.68169e-070	3.86242e-073	3.07144e-077	2.04722e-080	2.70827e-083	
Crenetermes_albotarsalis	0	0	0	0	0	0	0	0	0	0	0	0	0	0	1	0	0	0	0	0	0	0	0	0	0	0	0	0	0	0	0	0	0	0	0	0	0	0	0	0	0	0	0	0	0	
N22	1.17012e-022	6.65175e-020	2.61558e-017	4.44693e-015	3.59648e-014	1.83065e-014	4.65646e-015	2.55343e-015	8.51995e-013	7.01424e-010	3.25722e-007	7.382e-005	0.00671758	0.177261	0.726118	0.0879664	0.00185137	1.22265e-005	3.41536e-008	4.82584e-011	3.88304e-014	1.94059e-017	6.61539e-021	1.35354e-023	3.60722e-026	9.5338e-028	1.91801e-030	3.04889e-032	4.1958e-035	4.12781e-037	3.69688e-040	2.31044e-042	1.20442e-045	4.79354e-048	1.27404e-051	2.93205e-054	4.21165e-058	4.46007e-061	4.23449e-065	2.53274e-068	1.65976e-072	6.8846e-076	3.27883e-080	1.49772e-083	1.62245e-086	
Cubitermes_sp	0	0	0	0	0	0	0	0	0	0	0	0	0	0	1	0	0	0	0	0	0	0	0	0	0	0	0	0	0	0	0	0	0	0	0	0	0	0	0	0	0	0	0	0	0	
Thoracotermes_macrothorax	0	0	0	0	0	0	0	0	0	0	0	0	0	0	1	0	0	0	0	0	0	0	0	0	0	0	0	0	0	0	0	0	0	0	0	0	0	0	0	0	0	0	0	0	0	
N23	2.45817e-021	8.27533e-019	1.40998e-016	4.4196e-015	2.40013e-015	9.0727e-016	1.38742e-015	3.32056e-014	2.4211e-011	1.46718e-008	4.60087e-006	0.000638962	0.0312626	0.371306	0.545831	0.0500483	0.00090292	5.30301e-006	1.33235e-008	1.69667e-011	1.22842e-014	5.51527e-018	1.79699e-021	2.87082e-023	1.41271e-025	1.21354e-026	4.1163e-029	2.05616e-030	4.79676e-033	1.43454e-034	2.10426e-037	3.90133e-039	2.83274e-042	3.33667e-044	8.86988e-048	5.45405e-050	6.90412e-054	1.29305e-056	1.09328e-060	1.00101e-063	5.69577e-068	3.64327e-071	1.51302e-075	1.89108e-078	1.06381e-080	
N24	1.61291e-023	1.96573e-020	2.03162e-017	8.57199e-015	9.32202e-014	4.26898e-014	8.29836e-015	4.63024e-015	1.93171e-012	1.54843e-009	6.78875e-007	0.000140228	0.0110537	0.233727	0.685447	0.0683774	0.00124633	7.2423e-006	1.78998e-008	2.24172e-011	1.59912e-014	7.14195e-018	2.3762e-021	1.15131e-023	2.78928e-026	5.32396e-028	9.09347e-031	1.01113e-032	1.20389e-035	7.98054e-038	6.3152e-041	2.53605e-043	1.15757e-046	2.80665e-049	6.18993e-053	7.86145e-056	9.67286e-060	5.50745e-063	4.31085e-067	1.55277e-070	8.03856e-075	2.22518e-078	8.76753e-083	4.10872e-086	4.82902e-089	
N25	5.43351e-026	1.59376e-022	2.7026e-019	1.55975e-016	9.90082e-016	1.7336e-016	1.71724e-017	3.96282e-018	4.91456e-015	1.36508e-011	1.97787e-008	1.27146e-005	0.00285935	0.14934	0.796253	0.0511138	0.000420981	9.26888e-007	7.79304e-010	3.08285e-013	6.57514e-017	8.35073e-021	7.21955e-025	1.19625e-027	1.10505e-030	1.32512e-032	8.07046e-036	5.59441e-038	2.17013e-041	9.10563e-044	2.08929e-047	5.50491e-050	6.46954e-054	1.07164e-056	5.56022e-061	4.98827e-064	1.32054e-068	4.66256e-072	8.1181e-077	1.43969e-080	1.7133e-085	1.94547e-089	1.64266e-094	2.10302e-098	8.98588e-102	
N26	2.24243e-035	2.41619e-029	4.44178e-024	3.6083e-019	3.59887e-018	9.36417e-021	1.02902e-023	1.60966e-027	8.12638e-025	1.09588e-019	6.94256e-015	1.90031e-010	1.88265e-006	0.0044941	0.993243	0.00226085	5.33956e-007	3.25527e-011	7.47304e-016	7.43239e-021	3.43596e-026	1.14225e-030	1.76291e-033	8.60382e-036	1.0457e-037	1.43054e-038	1.90596e-040	1.86779e-041	2.11821e-043	1.44013e-044	1.37583e-046	6.322e-048	4.63657e-050	1.38614e-051	5.93334e-054	1.08898e-055	2.21017e-058	1.59007e-060	2.04309e-063	9.98464e-066	8.6308e-069	3.49947e-071	2.34141e-074	1.49282e-076	2.03909e-078	
N27	2.99992e-031	2.34296e-028	3.88106e-025	8.22285e-021	7.46857e-020	1.48356e-022	1.00133e-025	5.79796e-029	5.08317e-026	1.1412e-020	1.31002e-015	6.47981e-011	1.0741e-006	0.00378724	0.994334	0.00187745	2.9155e-007	1.02761e-011	1.26754e-016	6.93333e-022	1.93591e-027	3.0219e-033	7.49413e-039	1.12296e-041	1.385e-045	7.70575e-047	4.73133e-051	1.99087e-052	6.15904e-057	1.75684e-058	2.43939e-063	4.95142e-065	2.50027e-070	3.70239e-072	4.50751e-078	4.63766e-080	6.13991e-087	3.86136e-090	3.75335e-097	6.05806e-101	4.40442e-108	2.84671e-112	1.51319e-119	8.359e-124	2.01087e-126	
Ephelotermes_melachoma	0	0	0	0	0	0	0	0	0	0	0	0	0	0	1	0	0	0	0	0	0	0	0	0	0	0	0	0	0	0	0	0	0	0	0	0	0	0	0	0	0	0	0	0	0	
Protermes_sp	0	0	0	0	0	0	0	0	0	0	0	0	0	0	1	0	0	0	0	0	0	0	0	0	0	0	0	0	0	0	0	0	0	0	0	0	0	0	0	0	0	0	0	0	0	
Microtermes_sp	0	0	0	0	0	0	0	0	0	0	0	0	0	0	1	0	0	0	0	0	0	0	0	0	0	0	0	0	0	0	0	0	0	0	0	0	0	0	0	0	0	0	0	0	0	
N28	3.20154e-026	3.91687e-023	2.7376e-020	5.59861e-018	2.55976e-017	9.03193e-018	5.12002e-018	7.45462e-018	6.70996e-015	1.48359e-011	1.81646e-008	1.05296e-005	0.00231758	0.130931	0.810684	0.0555325	0.000522956	1.41108e-006	1.53922e-009	8.27396e-013	2.49103e-016	4.5982e-020	5.78784e-024	3.33108e-026	9.27609e-029	6.83677e-030	1.30465e-032	5.71048e-034	7.31749e-037	1.98218e-038	1.54994e-041	2.71782e-043	1.04171e-046	1.22153e-048	1.6439e-052	1.13615e-054	5.6618e-059	9.39331e-062	3.23162e-066	2.25936e-069	5.4797e-074	2.399e-077	4.21917e-082	2.88031e-085	1.28558e-087	
Ephelotermes_taylori	0	0	0	0	0	0	0	0	0	0	0	0	0	0	1	0	0	0	0	0	0	0	0	0	0	0	0	0	0	0	0	0	0	0	0	0	0	0	0	0	0	0	0	0	0	
Macrognathotermes_sunteri	0	0	0	0	0	0	0	0	0	0	0	0	0	0	1	0	0	0	0	0	0	0	0	0	0	0	0	0	0	0	0	0	0	0	0	0	0	0	0	0	0	0	0	0	0	
Lophotermes_septentrionalis	0	0	0	0	0	0	0	0	0	0	0	0	0	0	1	0	0	0	0	0	0	0	0	0	0	0	0	0	0	0	0	0	0	0	0	0	0	0	0	0	0	0	0	0	0	
N29	2.04982e-021	4.40372e-018	5.64643e-015	5.6495e-013	5.1506e-013	2.73766e-014	5.65761e-015	2.40607e-014	7.84355e-012	9.06139e-009	5.45919e-006	0.00141308	0.108747	0.494678	0.388314	0.00681068	3.10463e-005	5.59679e-008	4.94294e-011	2.44351e-014	7.40794e-018	1.47636e-021	2.06084e-025	3.97936e-029	1.45612e-032	3.50971e-035	1.65509e-038	2.73039e-041	9.68494e-045	1.00431e-047	2.69111e-051	1.74746e-054	3.34985e-058	1.32862e-061	1.59114e-065	3.73499e-069	2.60326e-073	3.40553e-077	1.47444e-081	1.35861e-085	3.93071e-090	2.92231e-094	6.5468e-099	6.22916e-103	8.65589e-107	
Procubitermes_sp	0	0	0	0	0	0	0	0	0	0	0	0	1	0	0	0	0	0	0	0	0	0	0	0	0	0	0	0	0	0	0	0	0	0	0	0	0	0	0	0	0	0	0	0	0	
N30	4.76744e-027	3.81847e-023	1.4318e-019	1.58797e-016	6.30069e-016	3.90011e-017	1.3094e-018	2.84949e-020	4.58915e-018	6.16658e-014	4.27929e-010	1.24824e-006	0.00106747	0.091445	0.903563	0.00392034	2.9146e-006	7.12348e-010	7.66091e-014	4.29256e-018	1.40831e-022	1.46219e-026	4.29209e-030	2.35744e-032	5.23975e-036	1.58693e-038	2.21263e-042	3.84194e-045	3.13337e-049	3.22494e-052	1.24467e-056	7.55336e-060	7.78965e-065	1.6296e-068	9.78849e-074	8.61021e-078	3.35868e-083	1.50612e-087	3.83578e-093	1.07049e-097	1.76904e-103	3.49424e-108	7.68792e-114	1.38923e-117	3.10648e-121	
Tuberculitermes_bycanistes	0	0	0	0	0	0	0	0	0	0	0	0	0	0	1	0	0	0	0	0	0	0	0	0	0	0	0	0	0	0	0	0	0	0	0	0	0	0	0	0	0	0	0	0	0	
Unguitermes_sp	0	0	0	0	0	0	0	0	0	0	0	0	0	0	1	0	0	0	0	0	0	0	0	0	0	0	0	0	0	0	0	0	0	0	0	0	0	0	0	0	0	0	0	0	0	
N31	1.43023e-017	2.99205e-015	5.71903e-013	5.43061e-011	1.85376e-010	2.80395e-011	1.77718e-012	1.1243e-012	3.15867e-010	8.8505e-008	1.36001e-005	0.00100744	0.0303567	0.28798	0.563112	0.112521	0.00493594	7.31061e-005	4.68953e-007	1.52883e-009	2.82992e-012	3.30388e-015	2.79848e-018	6.57394e-021	1.52972e-023	1.06408e-025	1.93479e-028	8.04266e-031	9.92431e-034	2.48596e-036	2.07062e-039	3.18976e-042	1.74124e-045	1.66493e-048	5.77865e-052	3.44454e-055	7.63248e-059	2.95548e-062	4.28371e-066	1.19723e-069	1.18222e-073	2.61256e-077	2.06886e-081	5.99133e-085	2.49768e-088	
N32	1.44518e-018	3.43434e-016	5.94915e-014	3.22349e-012	8.29318e-012	1.10318e-012	9.42873e-014	1.61691e-013	5.0277e-011	2.11856e-008	4.84267e-006	0.00051823	0.0215769	0.263885	0.597591	0.112223	0.00415277	4.84266e-005	2.3356e-007	5.54121e-010	7.28428e-013	5.83653e-016	3.3568e-019	5.91325e-021	2.70759e-023	2.44892e-024	6.66036e-027	3.88221e-028	6.08769e-031	2.38915e-032	2.09381e-035	5.63336e-037	2.66619e-040	4.79182e-042	1.22021e-045	1.31759e-047	1.94867e-051	1.02554e-053	1.06274e-057	2.94156e-060	2.28928e-064	3.78799e-067	2.27593e-071	2.7833e-074	4.82972e-077	
Macrotermes_bellicosus	0	0	0	0	0	0	0	0	0	0	0	0	0	0	1	0	0	0	0	0	0	0	0	0	0	0	0	0	0	0	0	0	0	0	0	0	0	0	0	0	0	0	0	0	0	
Odontotermes_sp	0	0	0	0	0	0	0	0	0	0	0	0	0	0	1	0	0	0	0	0	0	0	0	0	0	0	0	0	0	0	0	0	0	0	0	0	0	0	0	0	0	0	0	0	0	
Pseudacanthotermes_militaris	0	0	0	0	0	0	0	0	0	0	0	0	0	0	1	0	0	0	0	0	0	0	0	0	0	0	0	0	0	0	0	0	0	0	0	0	0	0	0	0	0	0	0	0	0	
N33	4.65527e-013	1.50153e-011	4.08802e-010	2.13347e-009	1.17834e-009	4.52508e-010	1.01526e-009	3.16363e-008	2.65781e-006	0.000146988	0.00409041	0.0507062	0.247485	0.421836	0.232093	0.0409458	0.00262205	7.05051e-005	9.03682e-007	6.12712e-009	2.39487e-011	7.01676e-014	2.34116e-016	4.72922e-018	2.83051e-020	4.68323e-022	1.70527e-024	1.59465e-026	4.06786e-029	2.39403e-030	2.21347e-031	5.82177e-032	4.81705e-033	2.09582e-033	5.61001e-034	3.77512e-034	5.35117e-035	1.32321e-035	6.63486e-037	6.73524e-038	1.65771e-039	1.16156e-040	2.40079e-042	2.61319e-043	5.15829e-044	
Coptotermes_acinaciformis	0	0	0	0	0	0	0	0	0	0	0	0	0	0	1	0	0	0	0	0	0	0	0	0	0	0	0	0	0	0	0	0	0	0	0	0	0	0	0	0	0	0	0	0	0	
N34	4.16378e-013	1.04831e-011	1.7847e-010	7.29197e-010	5.87418e-010	4.03613e-010	1.15695e-009	3.19467e-008	2.64784e-006	0.000146512	0.00408419	0.0507493	0.248007	0.422291	0.231619	0.0404686	0.0025628	6.83462e-005	8.73553e-007	5.94118e-009	2.33892e-011	6.62191e-014	1.85037e-016	4.80366e-017	2.67099e-019	1.37706e-019	4.22473e-022	1.51303e-022	2.58191e-025	6.43004e-026	6.22022e-029	1.06311e-029	6.0554e-033	6.8022e-034	2.43892e-037	1.68912e-038	4.15832e-042	1.68772e-043	3.09045e-047	7.34615e-049	1.05545e-052	1.52524e-054	1.77553e-058	1.67889e-060	5.29059e-063	
N35	2.0112e-017	7.93465e-015	2.58616e-012	3.41539e-010	1.29505e-009	1.95843e-010	1.23952e-011	1.88832e-012	2.24793e-010	5.85482e-008	8.69904e-006	0.000655066	0.0215744	0.24777	0.642042	0.0852292	0.00268888	3.18052e-005	1.77528e-007	5.39289e-010	9.84396e-013	1.2918e-015	1.59311e-018	7.88661e-021	2.11385e-023	1.25782e-025	2.36703e-028	8.49511e-031	1.07949e-033	2.39823e-036	2.04096e-039	2.87901e-042	1.62458e-045	1.48937e-048	5.60613e-052	3.46029e-055	8.84777e-059	3.89695e-062	6.92769e-066	2.32935e-069	2.96253e-073	8.16709e-077	9.2734e-081	3.87525e-084	2.3194e-087	
Reticulitermes_flavipes	0	0	0	0	0	0	0	0	0	0	0	0	0	0	1	0	0	0	0	0	0	0	0	0	0	0	0	0	0	0	0	0	0	0	0	0	0	0	0	0	0	0	0	0	0	
N36	1.2817e-020	1.31875e-017	7.88474e-015	1.47792e-012	2.70239e-012	6.35508e-014	1.58772e-015	1.67899e-016	4.2852e-014	6.09127e-011	4.80969e-008	1.82789e-005	0.00276534	0.121659	0.822771	0.0522426	0.000542661	1.75433e-006	2.39622e-009	1.65506e-012	6.50675e-016	1.60263e-019	2.94927e-023	8.03127e-026	1.02464e-028	1.10873e-030	9.39581e-034	6.22918e-036	3.37611e-039	1.43234e-041	4.79513e-045	1.33719e-047	2.63006e-051	4.78184e-054	5.30016e-058	5.7815e-061	3.63129e-065	1.88037e-068	7.97561e-073	2.41377e-076	7.24257e-081	1.5125e-084	3.36506e-089	7.35935e-093	3.64588e-096	
Reticulitermes_lucifugus	0	0	0	0	0	0	0	0	0	0	0	0	0	0	1	0	0	0	0	0	0	0	0	0	0	0	0	0	0	0	0	0	0	0	0	0	0	0	0	0	0	0	0	0	0	
Reticulitermes_urbis	0	0	0	0	0	0	0	0	0	0	0	0	0	0	1	0	0	0	0	0	0	0	0	0	0	0	0	0	0	0	0	0	0	0	0	0	0	0	0	0	0	0	0	0	0	
Schedorhinotermes_lamanianus	0	0	0	0	0	0	0	0	0	0	0	0	1	0	0	0	0	0	0	0	0	0	0	0	0	0	0	0	0	0	0	0	0	0	0	0	0	0	0	0	0	0	0	0	0	
N37	2.06016e-009	6.60867e-008	8.23667e-007	1.23204e-006	3.90318e-007	2.26221e-007	1.47815e-006	3.68228e-005	0.000877976	0.0121514	0.0843923	0.268152	0.365247	0.209693	0.0525411	0.00640097	0.000470607	3.04952e-005	1.77628e-006	7.41932e-008	1.98156e-009	1.07436e-010	3.59914e-012	9.69007e-013	2.13114e-014	3.44476e-015	4.16136e-017	3.87043e-018	2.70487e-020	1.50807e-021	6.35643e-024	2.1829e-025	5.78736e-028	1.25053e-029	2.16832e-032	2.99277e-034	3.54539e-037	3.21872e-039	2.67492e-042	1.60539e-044	9.63508e-048	4.02494e-050	1.82059e-053	6.6095e-056	3.58031e-058	
N38	4.65603e-010	9.07235e-009	8.44715e-008	2.19861e-007	1.66397e-007	9.03675e-008	5.56691e-007	2.26102e-005	0.000711354	0.0120391	0.0934523	0.298372	0.373424	0.181653	0.0362224	0.00367209	0.000369868	5.34526e-005	6.02257e-006	4.26483e-007	1.92656e-008	1.05258e-009	7.1095e-011	5.95166e-011	3.98762e-012	2.31336e-012	8.26325e-014	2.67892e-014	5.02436e-016	9.06256e-017	9.1299e-019	9.3269e-020	5.33027e-022	3.15489e-023	1.09182e-025	3.81807e-027	8.53472e-030	1.81144e-031	2.74977e-034	3.65053e-036	3.90659e-039	3.41212e-041	2.69252e-044	1.99514e-046	2.51594e-048	
N39	8.92533e-013	4.48407e-011	1.34635e-009	6.54909e-009	5.09356e-009	3.0475e-009	4.44076e-008	2.08053e-006	7.78913e-005	0.00189326	0.0276199	0.184002	0.42363	0.293749	0.0637986	0.00504531	0.000177604	3.62859e-006	5.35194e-008	5.72782e-010	4.13996e-012	3.13768e-014	3.09462e-016	4.97508e-018	4.55383e-020	3.94391e-022	1.81197e-024	7.95294e-027	1.79834e-029	4.11559e-032	4.88927e-035	6.05735e-038	4.0559e-041	3.08235e-044	1.21464e-047	7.1141e-051	1.76012e-054	1.00319e-057	1.7781e-061	1.08449e-064	1.70718e-068	1.26285e-071	7.38416e-075	1.53675e-077	2.73591e-080	
N40	2.26897e-013	5.89738e-012	2.95726e-010	6.09029e-009	3.79899e-008	2.64618e-007	3.18368e-006	4.78822e-005	0.000475939	0.00238592	0.00771846	0.0418348	0.198204	0.378898	0.27695	0.0820815	0.0107166	0.00066182	2.03101e-005	3.36835e-007	3.84328e-009	2.59011e-010	6.75951e-012	5.43015e-013	7.24095e-015	2.66805e-016	1.8675e-018	3.45875e-020	1.2854e-022	1.26589e-024	2.52198e-027	1.34331e-029	1.51625e-032	4.47891e-035	3.05278e-038	5.53105e-041	2.3755e-044	2.98595e-047	8.40661e-051	8.04481e-054	1.54834e-057	1.23463e-060	4.45574e-064	1.50382e-066	5.77989e-069	
N41	3.53009e-013	1.50451e-011	6.04688e-010	8.93154e-009	5.65297e-008	3.61047e-007	2.36513e-006	2.45888e-005	0.000284741	0.00184075	0.00846462	0.0516206	0.22045	0.384664	0.256851	0.0677373	0.00764766	0.000401251	1.04847e-005	1.48454e-007	1.36564e-009	2.92006e-011	5.41164e-013	1.92928e-014	1.92973e-016	3.27766e-018	1.63517e-020	2.17505e-022	6.14576e-025	3.96421e-026	9.80122e-029	1.04585e-029	1.62986e-032	1.25673e-033	1.24031e-036	6.53925e-038	4.39942e-041	1.56398e-042	7.63607e-046	1.81604e-047	6.74005e-051	1.06635e-052	3.11687e-056	3.33727e-058	5.7259e-061	
Bifiditermes_improbus	0	0	0	0	0	0	0	0	0	0	0	1	0	0	0	0	0	0	0	0	0	0	0	0	0	0	0	0	0	0	0	0	0	0	0	0	0	0	0	0	0	0	0	0	0	
Incisitermes_sp	0	0	0	0	0	0	0	0	0	0	0	0	0	0	1	0	0	0	0	0	0	0	0	0	0	0	0	0	0	0	0	0	0	0	0	0	0	0	0	0	0	0	0	0	0	
Neotermes_insularis	0	0	0	0	0	0	0	0	0	0	0	0	0	0	0	0	0	0	0	1	0	0	0	0	0	0	0	0	0	0	0	0	0	0	0	0	0	0	0	0	0	0	0	0	0	
N42	7.3073e-015	1.00987e-012	3.91002e-011	1.4619e-010	1.43486e-010	6.04281e-010	8.64848e-009	4.46668e-007	3.11394e-005	0.00134794	0.0273273	0.206354	0.462331	0.263863	0.0372522	0.00147278	1.98567e-005	1.11288e-007	3.06029e-010	4.68371e-013	4.35811e-016	3.58144e-019	3.46596e-022	3.84109e-024	5.17033e-027	4.87279e-029	3.95524e-032	2.29106e-034	1.10049e-037	3.98253e-040	1.1104e-043	2.49957e-046	4.15019e-050	5.69431e-053	5.97875e-057	4.93194e-060	3.48691e-064	1.76822e-067	8.81989e-072	2.95042e-075	1.07385e-079	2.61122e-083	7.49082e-088	2.02485e-091	1.05126e-094	
N43	4.36901e-014	1.24202e-012	1.38174e-011	4.14872e-011	9.04466e-011	1.04103e-009	6.03976e-008	4.73535e-006	0.000239921	0.00611973	0.0686713	0.296772	0.426457	0.179179	0.0216526	0.000888207	1.51596e-005	1.26308e-007	5.77682e-010	1.58283e-012	2.78361e-015	5.57591e-018	3.56617e-020	4.963e-021	4.69113e-023	4.35053e-024	2.66789e-026	1.57597e-027	5.88358e-030	2.26933e-031	4.66972e-034	1.1679e-035	1.26381e-038	1.87898e-040	1.1772e-043	9.11885e-046	3.80755e-049	1.55093e-051	4.57352e-055	1.14372e-057	2.40243e-061	4.3451e-064	7.38918e-068	3.07858e-070	4.33943e-072	
N44	1.84406e-013	5.9818e-012	1.80153e-010	8.21873e-009	1.36946e-007	8.38244e-007	3.46931e-006	6.49829e-005	0.00186733	0.024916	0.144768	0.3555	0.342431	0.116767	0.0131321	0.000538926	9.82064e-006	9.25443e-008	5.03171e-010	1.71878e-012	4.01997e-015	2.00087e-017	1.67039e-019	7.9128e-021	6.16036e-023	1.83516e-024	9.71526e-027	1.80276e-028	6.2612e-031	7.3667e-033	1.59995e-035	1.18598e-037	1.59356e-040	7.19354e-043	6.27351e-046	1.74653e-048	1.03167e-051	1.97212e-054	8.0911e-058	1.18845e-060	3.48017e-064	4.2796e-067	1.3892e-070	5.28282e-073	3.27239e-075	
N45	1.94691e-014	5.99328e-012	1.31203e-009	9.53752e-008	1.27993e-007	1.8909e-008	1.35844e-009	1.00943e-009	1.0495e-007	1.26046e-005	0.000753579	0.0199782	0.201709	0.579594	0.19047	0.00739249	8.95741e-005	4.89931e-007	1.5757e-009	1.27988e-011	8.18916e-014	1.47284e-015	5.89653e-018	5.62659e-020	1.27785e-022	6.84509e-025	9.15899e-028	2.90423e-030	2.38761e-033	4.65763e-036	2.45106e-039	3.06656e-042	1.06806e-045	9.10403e-049	2.15305e-052	1.34862e-055	2.22019e-059	1.09531e-062	1.28887e-066	5.27212e-070	4.68288e-074	2.01882e-077	1.11216e-080	2.13396e-083	3.58117e-086	
Cryptotermes_austrinus	0	0	0	0	0	0	0	0	0	0	0	0	0	1	0	0	0	0	0	0	0	0	0	0	0	0	0	0	0	0	0	0	0	0	0	0	0	0	0	0	0	0	0	0	0	
Cryptotermes_queenslandis	0	0	0	0	0	0	0	0	0	0	0	0	0	0	1	0	0	0	0	0	0	0	0	0	0	0	0	0	0	0	0	0	0	0	0	0	0	0	0	0	0	0	0	0	0	
Cryptotermes_primus	0	0	0	0	0	0	0	0	1	0	0	0	0	0	0	0	0	0	0	0	0	0	0	0	0	0	0	0	0	0	0	0	0	0	0	0	0	0	0	0	0	0	0	0	0	
Cryptotermes_brevis	0	0	0	0	0	0	0	0	0	0	0	1	0	0	0	0	0	0	0	0	0	0	0	0	0	0	0	0	0	0	0	0	0	0	0	0	0	0	0	0	0	0	0	0	0	
N46	3.20391e-015	1.82084e-013	9.80152e-012	3.92311e-010	6.03703e-009	2.77783e-008	1.33583e-007	1.64568e-006	3.89078e-005	0.000906002	0.014281	0.127746	0.409321	0.35805	0.0835749	0.00593002	0.000148695	1.5345e-006	7.45768e-009	2.15093e-011	7.79172e-014	7.44878e-015	7.19261e-017	5.05268e-018	2.50626e-020	9.30267e-022	2.34056e-024	4.90851e-026	6.10043e-029	7.31568e-031	4.63775e-034	3.00526e-036	1.08882e-039	3.59864e-042	8.29119e-046	1.46181e-048	2.24333e-052	2.41669e-055	2.50221e-059	1.89769e-062	1.34339e-066	8.00242e-070	1.22055e-073	6.46285e-076	3.74711e-078	
Cryptotermes_cynocephalus	0	0	0	0	0	0	0	0	0	0	0	0	0	0	0	1	0	0	0	0	0	0	0	0	0	0	0	0	0	0	0	0	0	0	0	0	0	0	0	0	0	0	0	0	0	
N47	3.79895e-015	2.5113e-013	3.09484e-011	1.56571e-009	1.4483e-008	4.19433e-008	2.09194e-007	5.68617e-006	0.000132765	0.0017669	0.0170639	0.127262	0.400394	0.360105	0.0866783	0.00641669	0.00017244	1.94876e-006	1.04571e-008	2.96309e-011	5.00493e-014	2.7437e-016	1.8955e-018	2.46253e-019	1.36709e-021	1.31379e-022	3.88758e-025	2.30077e-026	3.35747e-029	1.24456e-030	8.80463e-034	1.97854e-035	7.41963e-039	9.32298e-041	2.14864e-044	1.43744e-046	2.27418e-050	8.25624e-053	9.49694e-057	2.00753e-059	1.716e-063	2.33965e-066	1.57516e-070	3.26557e-073	3.07683e-075	
N48	6.41219e-013	1.84972e-011	5.03475e-010	4.10931e-008	4.06308e-006	0.000178281	0.00179164	0.00674416	0.0108817	0.0103646	0.0386619	0.164379	0.333775	0.296226	0.114817	0.0204114	0.00170095	6.40904e-005	9.99891e-007	7.75864e-009	3.45434e-011	1.32799e-013	8.44613e-016	5.14515e-017	5.79692e-019	2.47915e-020	1.89348e-022	4.73977e-024	2.4144e-026	3.63217e-028	1.15441e-030	1.05561e-032	1.98719e-035	1.07762e-037	1.25518e-040	4.04459e-043	3.08619e-046	6.6288e-049	3.42263e-052	5.56336e-055	2.0108e-058	2.71549e-061	9.63011e-065	3.16924e-067	1.82201e-069	
Cryptotermes_domesticus	0	0	0	0	0	0	0	0	1	0	0	0	0	0	0	0	0	0	0	0	0	0	0	0	0	0	0	0	0	0	0	0	0	0	0	0	0	0	0	0	0	0	0	0	0	
Procryptotermes_australiensis	0	0	0	0	0	0	0	0	0	0	0	0	0	0	0	0	0	1	0	0	0	0	0	0	0	0	0	0	0	0	0	0	0	0	0	0	0	0	0	0	0	0	0	0	0	
N49	1.83011e-013	1.14309e-011	5.47849e-010	7.87296e-009	1.1736e-008	5.89931e-009	4.22999e-009	9.04401e-008	5.68597e-006	0.000243664	0.00599332	0.0718768	0.331908	0.444877	0.132556	0.0120922	0.000439595	7.63935e-006	7.21064e-008	4.15347e-010	1.70445e-012	2.29032e-014	2.70453e-016	1.18118e-017	1.01595e-019	2.92413e-021	1.73665e-023	3.39554e-025	1.42794e-027	1.87307e-029	5.18343e-032	4.37649e-034	7.61932e-037	3.97398e-039	4.49882e-042	1.47583e-044	1.12749e-047	2.54159e-050	1.34218e-053	2.30045e-056	8.61426e-060	1.22364e-062	4.79608e-066	1.84356e-068	1.18446e-070	
Cryptotermes_dudleyi	0	0	0	0	0	0	0	0	0	0	0	0	0	1	0	0	0	0	0	0	0	0	0	0	0	0	0	0	0	0	0	0	0	0	0	0	0	0	0	0	0	0	0	0	0	
Cryptotermes_secundus	0	0	0	0	0	0	0	0	0	0	0	0	0	1	0	0	0	0	0	0	0	0	0	0	0	0	0	0	0	0	0	0	0	0	0	0	0	0	0	0	0	0	0	0	0	
Kalotermes_flavicollis	0	0	0	0	0	0	0	0	0	0	0	0	0	0	0	0	0	0	0	0	0	0	0	0	0	0	0	1	0	0	0	0	0	0	0	0	0	0	0	0	0	0	0	0	0	
N50	2.46348e-012	1.48234e-010	8.59009e-009	2.11071e-007	4.44615e-007	9.24743e-008	8.7736e-009	3.98372e-009	1.65601e-007	9.45101e-006	0.000337303	0.00685924	0.071387	0.321743	0.466516	0.122295	0.0104474	0.000396512	7.96745e-006	9.67123e-008	7.78117e-010	5.66557e-012	3.98513e-014	4.67111e-016	3.60993e-018	3.45671e-020	1.86225e-022	1.15543e-024	4.2372e-027	1.7516e-029	4.44796e-032	1.2717e-034	2.27673e-037	4.67956e-040	6.02867e-043	9.28535e-046	8.80785e-049	1.06075e-051	7.58895e-055	7.4546e-058	4.19754e-061	3.72458e-064	2.47016e-067	3.51748e-070	6.01715e-073	
Glyptotermes_brevicornis	0	0	0	0	0	0	0	0	0	0	0	0	0	0	1	0	0	0	0	0	0	0	0	0	0	0	0	0	0	0	0	0	0	0	0	0	0	0	0	0	0	0	0	0	0	
Glyptotermes_iridipennis	0	0	0	0	0	0	0	0	0	0	0	0	0	0	1	0	0	0	0	0	0	0	0	0	0	0	0	0	0	0	0	0	0	0	0	0	0	0	0	0	0	0	0	0	0	
N51	4.85948e-006	1.60267e-005	7.46868e-005	0.000354475	0.00162135	0.00716134	0.0247056	0.0516426	0.0635196	0.0577299	0.0717041	0.12837	0.188564	0.189786	0.129422	0.0605852	0.0195865	0.00438879	0.000679495	7.71125e-005	6.65476e-006	8.96209e-007	1.02176e-007	2.36489e-008	2.14137e-009	3.25533e-010	1.90057e-011	1.82351e-012	7.01203e-014	4.4292e-015	1.15611e-016	5.035e-018	9.25132e-020	2.92567e-021	3.92147e-023	9.41341e-025	9.51632e-027	1.80017e-028	1.40049e-030	2.1149e-032	1.27678e-034	1.60654e-036	9.83782e-039	2.02639e-040	6.97514e-042	
Stolotermes_sp	0	0	0	0	0	0	0	0	0	1	0	0	0	0	0	0	0	0	0	0	0	0	0	0	0	0	0	0	0	0	0	0	0	0	0	0	0	0	0	0	0	0	0	0	0	
N52	1.41894e-010	7.03991e-011	2.70932e-009	1.80812e-007	7.82696e-006	0.000179272	0.00117604	0.000300003	2.34846e-005	9.64704e-007	2.50513e-008	3.43976e-009	9.75257e-008	4.12246e-006	0.000117048	0.00211068	0.0225716	0.132242	0.359224	0.388668	0.0823078	0.0104369	0.000598853	2.96704e-005	6.87972e-007	1.50549e-008	1.71043e-010	1.96623e-012	1.26117e-014	8.61872e-017	3.41952e-019	1.51414e-021	3.95804e-024	1.212e-026	2.18739e-029	4.88039e-032	6.3107e-035	1.07272e-037	1.02525e-040	1.38605e-043	1.05187e-046	1.34096e-049	1.48613e-052	3.24957e-055	7.81802e-058	
Zootermopsis_angusticollis	0	0	0	0	0	0	0	0	0	0	0	0	0	0	0	0	0	0	0	1	0	0	0	0	0	0	0	0	0	0	0	0	0	0	0	0	0	0	0	0	0	0	0	0	0	
Zootermopsis_nevadensis	0	0	0	0	0	0	0	0	0	0	0	0	0	0	0	0	0	0	0	1	0	0	0	0	0	0	0	0	0	0	0	0	0	0	0	0	0	0	0	0	0	0	0	0	0	
N53	3.76867e-006	1.28078e-005	5.46318e-005	0.000189003	0.00049871	0.00121187	0.00323064	0.00885033	0.0213242	0.0428365	0.0726809	0.109646	0.150968	0.181874	0.17601	0.128897	0.0667756	0.0251468	0.00679147	0.00207401	0.000555587	0.00025387	7.20607e-005	3.12585e-005	7.36154e-006	2.55045e-006	4.80267e-007	1.33066e-007	2.0177e-008	4.57169e-009	5.66532e-010	1.0885e-010	1.15837e-011	2.09125e-012	2.21346e-013	4.45564e-014	5.14266e-015	1.07229e-015	1.08819e-016	1.84621e-017	1.42911e-018	2.03754e-019	2.0877e-020	5.37322e-021	1.69746e-021	
Mastotermes_darwiniensis	0	0	0	0	0	0	0	0	0	0	0	0	0	0	0	0	0	0	0	0	0	0	0	0	0	0	0	0	0	0	0	0	0	0	0	0	0	0	0	0	0	0	1	0	0	
Porotermes_adamsoni	0	0	0	0	0	0	0	0	0	0	0	0	0	1	0	0	0	0	0	0	0	0	0	0	0	0	0	0	0	0	0	0	0	0	0	0	0	0	0	0	0	0	0	0	0	
N54	0.000892425	0.00769033	0.0635585	0.249043	0.400587	0.236178	0.0390106	0.00289965	0.000131119	6.96294e-006	1.82117e-006	6.59278e-007	1.77051e-007	3.39114e-008	4.52986e-009	4.15137e-010	2.47571e-011	9.32108e-013	2.03193e-014	3.11056e-016	3.39836e-018	3.34732e-020	2.4905e-022	1.78595e-024	9.32104e-027	4.71334e-029	1.72138e-031	6.18298e-034	1.61937e-036	4.26797e-039	8.26378e-042	1.6554e-044	2.43967e-047	3.8426e-050	4.42531e-053	5.65055e-056	5.22364e-059	5.58503e-062	4.29146e-065	4.04352e-068	2.93579e-071	2.97707e-074	2.98014e-077	3.96632e-080	5.61232e-083	
N55	0.000882204	0.0189949	0.229774	0.523462	0.203718	0.0223236	0.000832332	1.33461e-005	1.18011e-007	1.0769e-009	2.1106e-011	4.4936e-013	6.87672e-015	7.21418e-017	5.15182e-019	2.48785e-021	8.01731e-024	1.71114e-026	2.41462e-029	2.35547e-032	1.65638e-035	8.85836e-039	3.70548e-042	1.27749e-045	3.5776e-049	1.04355e-052	2.91532e-056	4.73892e-059	2.97649e-062	8.78165e-065	4.77288e-068	1.12828e-070	4.87824e-074	9.07424e-077	3.09283e-080	4.51993e-083	1.20889e-086	1.38016e-089	2.87236e-093	2.52666e-096	4.0899e-100	2.74066e-103	3.55523e-107	1.98869e-110	6.33389e-114	
Cryptocercus_primarius	0	0	0	1	0	0	0	0	0	0	0	0	0	0	0	0	0	0	0	0	0	0	0	0	0	0	0	0	0	0	0	0	0	0	0	0	0	0	0	0	0	0	0	0	0	
Cryptocercus_relictus	0	0	1	0	0	0	0	0	0	0	0	0	0	0	0	0	0	0	0	0	0	0	0	0	0	0	0	0	0	0	0	0	0	0	0	0	0	0	0	0	0	0	0	0	0	
Cryptocercus_punctulatus	0	0	0	0	0	0	0	0	0	0	0	0	0	0	0	0	0	1	0	0	0	0	0	0	0	0	0	0	0	0	0	0	0	0	0	0	0	0	0	0	0	0	0	0	0	
N56	0.00120237	0.00415724	0.0154797	0.0461843	0.104552	0.179427	0.229632	0.209753	0.131988	0.056812	0.0168273	0.00344495	0.000487195	4.9444e-005	3.68644e-006	4.0482e-007	3.92248e-008	1.32481e-008	1.22829e-009	3.32613e-010	2.11984e-011	3.85348e-012	1.63094e-013	1.94256e-014	5.47079e-016	4.28608e-017	8.20277e-019	4.35656e-020	5.79946e-022	2.19314e-023	2.07081e-025	5.88964e-027	4.04526e-029	9.39325e-031	4.83293e-033	9.69783e-035	4.86922e-037	1.59795e-038	7.36564e-041	1.95784e-042	1.78295e-044	9.31214e-046	8.65575e-048	4.91598e-049	3.37623e-050	
N57	0.000231682	0.000803681	0.00360866	0.0158128	0.0568118	0.138681	0.21086	0.203437	0.143356	0.0960898	0.0664083	0.0395794	0.0169738	0.00558416	0.00132237	0.000357535	6.49219e-005	1.46972e-005	1.65183e-006	2.18225e-007	1.3791e-008	1.04135e-009	3.82841e-011	1.74181e-012	3.90415e-014	1.13554e-015	1.6185e-017	3.17951e-019	3.00662e-021	4.24267e-023	2.75861e-025	2.93811e-027	1.40857e-029	1.28171e-031	4.82885e-034	3.85642e-036	1.43976e-038	1.28818e-040	4.1556e-043	2.93461e-045	1.03672e-047	8.2421e-050	3.55272e-052	3.18284e-054	3.07106e-056	
N58	7.12935e-005	0.000327161	0.00240088	0.0156002	0.0682484	0.171058	0.228049	0.171023	0.0951837	0.0653489	0.0619357	0.0561379	0.0380594	0.0181745	0.00596453	0.00177349	0.000389317	0.000197732	3.59174e-005	1.78609e-005	1.90708e-006	5.62586e-007	3.45663e-008	5.95444e-009	2.203e-010	2.31761e-011	5.41631e-013	3.64725e-014	5.63056e-016	2.54992e-017	2.69764e-019	8.57679e-021	6.47188e-023	1.54363e-024	8.59028e-027	1.58989e-028	7.19213e-031	1.31947e-032	4.78286e-035	7.31147e-037	3.41731e-039	9.69004e-041	4.97765e-043	1.78378e-044	8.06955e-046	
N59	2.50204e-005	8.49922e-005	0.000620296	0.00703775	0.0514505	0.177847	0.259962	0.17859	0.0819272	0.0572797	0.0639993	0.0602964	0.0388492	0.0164747	0.00456596	0.000862807	0.000115015	1.20783e-005	9.62982e-007	6.21016e-008	2.765e-009	9.62765e-011	2.23779e-012	4.40814e-014	5.81774e-016	8.1318e-018	7.44942e-020	1.01682e-021	7.82233e-024	1.01566e-025	6.25294e-028	6.40895e-030	2.98764e-032	2.32703e-034	8.21825e-037	4.98334e-039	1.38095e-041	6.90061e-044	1.57588e-046	6.88608e-049	1.45854e-051	6.35874e-054	1.72903e-056	9.9706e-059	6.0673e-061	
Blatta_orientalis	0	0	0	0	0	0	0	0	0	0	0	0	0	0	0	0	0	1	0	0	0	0	0	0	0	0	0	0	0	0	0	0	0	0	0	0	0	0	0	0	0	0	0	0	0	
N60	8.06556e-006	1.14026e-005	2.69671e-005	0.000324903	0.00550132	0.0503	0.203147	0.334294	0.23745	0.115421	0.0426903	0.00954441	0.00119137	8.53563e-005	3.6744e-006	9.99449e-008	1.80012e-009	2.25085e-011	2.01377e-013	1.32103e-015	6.37787e-018	2.29835e-020	6.1815e-023	1.28677e-025	2.05822e-028	3.18522e-031	4.5155e-034	1.89271e-036	4.33126e-039	2.67787e-041	5.23871e-044	2.53675e-046	3.86694e-049	1.43036e-051	1.6966e-054	4.84482e-057	4.52259e-060	1.01562e-062	7.57338e-066	1.36681e-068	8.34319e-072	1.25216e-074	6.96631e-078	1.07936e-080	1.43645e-083	
N61	5.33245e-007	1.71149e-006	1.07587e-006	1.88519e-006	5.48389e-006	0.000268329	0.013817	0.237737	0.445351	0.254688	0.0470293	0.00108918	9.79543e-006	4.559e-008	1.23411e-010	3.04712e-013	5.7622e-016	2.31318e-018	3.65672e-021	1.07474e-023	1.01463e-026	1.77868e-029	1.0414e-032	1.17843e-035	4.66606e-039	3.82228e-042	1.11567e-045	7.08086e-049	1.5927e-052	7.89222e-056	1.36765e-059	5.26892e-063	6.99538e-067	2.15362e-070	2.18248e-074	5.55853e-078	4.76431e-082	1.36391e-085	1.00157e-089	2.87202e-093	3.32079e-097	1.5598e-100	1.96894e-104	9.98931e-108	4.96668e-111	
Periplaneta_americana	0	0	0	0	0	0	0	0	0	0	1	0	0	0	0	0	0	0	0	0	0	0	0	0	0	0	0	0	0	0	0	0	0	0	0	0	0	0	0	0	0	0	0	0	0	
Periplaneta_brunnea	0	0	0	0	0	0	0	1	0	0	0	0	0	0	0	0	0	0	0	0	0	0	0	0	0	0	0	0	0	0	0	0	0	0	0	0	0	0	0	0	0	0	0	0	0	
N62	4.35926e-007	6.16947e-008	1.42053e-008	7.86055e-007	9.79818e-005	0.00587841	0.132169	0.711909	0.142219	0.0075527	0.000171058	1.96009e-006	1.22712e-008	4.45262e-011	9.87408e-014	1.42875e-016	1.40936e-019	1.27523e-022	1.0139e-025	1.95881e-028	1.77201e-031	3.4205e-034	2.21808e-037	3.07768e-040	1.48289e-043	1.58053e-046	5.95213e-050	4.94703e-053	1.43852e-056	9.04294e-060	1.98149e-063	9.31586e-067	1.52815e-070	5.46485e-074	6.74371e-078	1.89023e-081	1.7757e-085	4.07306e-089	2.94586e-093	5.74955e-097	3.52953e-101	8.04059e-105	1.0666e-108	6.5788e-112	4.11585e-115	
Periplaneta_australasiae	0	0	0	0	0	0	0	1	0	0	0	0	0	0	0	0	0	0	0	0	0	0	0	0	0	0	0	0	0	0	0	0	0	0	0	0	0	0	0	0	0	0	0	0	0	
Periplaneta_fuliginosa	0	0	0	0	0	0	0	1	0	0	0	0	0	0	0	0	0	0	0	0	0	0	0	0	0	0	0	0	0	0	0	0	0	0	0	0	0	0	0	0	0	0	0	0	0	
Deropeltis_erythrocephala	0	0	0	0	0	0	0	0	0	0	0	0	0	0	0	0	0	0	1	0	0	0	0	0	0	0	0	0	0	0	0	0	0	0	0	0	0	0	0	0	0	0	0	0	0	
N63	6.4845e-005	0.000131164	0.000195889	0.000359971	0.00164849	0.0100428	0.0457635	0.134877	0.246379	0.274862	0.185073	0.0767298	0.0199301	0.00349219	0.000410208	3.73927e-005	2.40898e-006	1.46565e-007	6.18039e-009	2.8303e-010	8.15397e-012	2.71188e-013	5.34099e-015	1.27785e-016	1.78158e-018	3.18158e-020	3.30644e-022	4.59609e-024	3.7346e-026	4.16153e-028	2.70612e-030	2.43833e-032	1.28684e-034	9.5757e-037	4.10214e-039	2.54407e-041	9.15768e-044	5.04831e-046	1.53189e-048	7.43847e-051	2.13859e-053	1.11614e-055	4.25795e-058	3.09211e-060	2.57806e-062	
N64	2.75833e-006	7.12228e-006	1.35531e-005	8.91116e-005	0.000188676	0.000203262	0.000716044	0.0445254	0.212342	0.364402	0.274926	0.0914804	0.0110155	8.82378e-005	2.7767e-007	4.704e-010	4.90593e-013	4.15583e-016	2.86341e-019	2.94926e-022	1.99011e-025	1.86719e-028	8.90122e-032	5.62708e-035	1.8192e-038	7.8547e-042	1.76991e-045	5.42522e-049	8.74566e-053	1.97239e-056	2.32465e-060	3.98312e-064	3.49986e-068	4.69822e-072	3.12974e-076	3.37973e-080	1.7398e-084	1.56538e-088	6.34394e-093	4.92457e-097	1.8064e-101	1.70228e-105	1.49833e-109	2.74019e-113	4.69312e-117	
Eurycotis_floridana	0	0	0	0	0	0	0	1	0	0	0	0	0	0	0	0	0	0	0	0	0	0	0	0	0	0	0	0	0	0	0	0	0	0	0	0	0	0	0	0	0	0	0	0	0	
Pelmatosilpha_sp	0	0	0	0	0	0	0	0	0	0	0	0	1	0	0	0	0	0	0	0	0	0	0	0	0	0	0	0	0	0	0	0	0	0	0	0	0	0	0	0	0	0	0	0	0	
Periplaneta_japonica	0	0	0	0	0	0	0	0	0	0	1	0	0	0	0	0	0	0	0	0	0	0	0	0	0	0	0	0	0	0	0	0	0	0	0	0	0	0	0	0	0	0	0	0	0	
Lamproblatta_albipalpus	0	0	1	0	0	0	0	0	0	0	0	0	0	0	0	0	0	0	0	0	0	0	0	0	0	0	0	0	0	0	0	0	0	0	0	0	0	0	0	0	0	0	0	0	0	
N65	0.000123626	0.00038119	0.00171889	0.00830411	0.0346754	0.110002	0.237371	0.306995	0.212179	0.073979	0.0129798	0.00122101	6.43263e-005	5.22168e-006	2.62188e-007	6.83962e-008	2.2326e-009	3.38151e-010	6.06415e-012	5.16981e-013	5.29929e-015	2.5935e-016	1.54925e-018	4.29611e-020	1.54487e-022	2.4432e-024	5.47608e-027	5.21889e-029	7.501e-032	4.84814e-034	4.55219e-037	2.19982e-039	1.8368e-042	1.83894e-044	1.1982e-047	7.31522e-050	1.29266e-052	2.009e-054	9.87941e-058	4.21551e-060	5.25117e-063	5.80914e-065	2.68371e-068	1.61956e-070	1.40586e-072	
N66	0.000335987	0.00135387	0.00498529	0.0120146	0.0230787	0.0551066	0.134373	0.235737	0.263522	0.178963	0.0714665	0.0166036	0.00224698	0.000198807	1.23556e-005	1.11745e-006	7.08618e-008	6.97492e-009	2.82666e-010	1.60533e-011	3.75882e-013	1.24421e-014	1.75305e-016	3.58004e-018	3.15526e-020	4.2136e-022	2.40506e-024	2.23078e-026	8.5325e-029	5.84879e-031	1.54864e-033	8.28852e-036	1.60651e-038	7.54201e-041	1.16218e-043	5.22403e-046	9.56391e-049	6.12298e-051	1.0077e-053	4.93379e-056	1.05983e-058	6.3078e-061	1.57254e-063	1.0132e-065	6.8927e-068	
N67	0.000208458	0.0013368	0.00690498	0.0148768	0.0162549	0.0316428	0.0899948	0.189362	0.263164	0.229029	0.117265	0.0339812	0.00539013	0.000551595	3.29147e-005	4.85672e-006	2.07038e-007	3.8037e-008	8.43741e-010	8.55276e-011	1.01994e-012	5.7775e-014	4.03147e-016	1.35581e-017	5.95084e-020	1.25996e-021	3.69943e-024	5.21702e-026	1.08201e-028	1.08009e-030	1.64395e-033	1.21201e-035	1.42709e-038	9.13953e-041	8.20072e-044	4.23659e-046	4.78518e-049	5.87851e-051	3.76816e-054	2.01379e-056	3.05505e-059	4.22364e-061	2.66256e-064	2.25578e-066	2.72483e-068	
N68	4.18101e-006	6.73139e-005	0.000648368	0.00162266	0.00202981	0.00727078	0.0289272	0.0725166	0.134869	0.216923	0.255846	0.180686	0.0672738	0.0236084	0.00468601	0.00268433	0.000266189	6.77044e-005	2.52332e-006	2.60297e-007	5.1264e-009	4.68224e-010	1.16253e-011	9.61532e-013	1.40621e-014	5.71329e-016	4.08131e-018	8.27573e-020	3.02803e-022	3.3715e-024	6.58624e-027	4.29135e-029	5.43811e-032	3.75069e-034	2.94703e-037	1.29322e-039	1.64602e-042	1.29885e-044	5.53443e-048	1.34819e-050	9.62773e-054	4.10659e-056	1.24027e-059	2.92821e-062	8.27934e-065	
N69	2.3531e-006	2.41706e-005	0.000145842	0.000342482	0.000763339	0.00326815	0.0149706	0.0499822	0.117984	0.213437	0.270934	0.205636	0.0858165	0.0278052	0.00614478	0.00238856	0.000283026	6.75562e-005	2.94005e-006	7.34183e-007	2.61052e-008	2.9965e-008	1.88731e-009	2.5604e-009	1.20128e-010	1.22459e-010	4.01495e-012	2.85882e-012	6.23836e-014	2.82858e-014	3.98161e-016	1.07643e-016	1.0944e-018	2.34801e-019	1.61831e-021	2.24726e-022	1.65023e-024	3.10236e-025	1.12395e-027	7.77812e-029	2.94129e-031	3.18097e-032	5.83804e-035	2.22311e-036	1.39513e-037	
N70	9.51199e-008	6.89266e-007	2.42167e-006	5.95035e-006	2.30929e-005	0.00016671	0.00173653	0.0148498	0.0766021	0.214918	0.310744	0.230054	0.100241	0.0358674	0.0114236	0.00282583	0.000471802	6.11166e-005	4.97246e-006	5.19829e-007	2.59092e-008	2.59251e-009	7.64853e-011	4.22856e-012	7.3092e-014	2.0304e-015	2.12198e-017	2.96103e-019	1.78013e-021	1.26258e-023	5.51439e-026	3.15953e-027	5.06135e-028	1.1086e-028	1.25302e-029	1.4998e-030	9.18779e-032	7.21297e-033	2.59768e-034	1.23119e-035	2.8004e-037	1.41133e-038	5.11239e-040	7.68027e-041	1.3043e-041	
N71	2.56817e-008	1.35351e-007	6.97002e-007	2.91147e-006	1.08241e-005	9.08978e-005	0.00147496	0.0168685	0.0970131	0.255238	0.306166	0.178367	0.0678761	0.0365559	0.0238515	0.0112055	0.00382148	0.00105065	0.00023103	8.06314e-005	2.8334e-005	4.19091e-005	1.14278e-005	9.73271e-006	1.37203e-006	5.96442e-007	4.32377e-008	9.73029e-009	3.71885e-010	4.45482e-011	9.41028e-013	6.2382e-014	7.72012e-016	2.99877e-017	2.29281e-019	5.58694e-021	2.76247e-023	4.55529e-025	1.51325e-027	1.78972e-029	4.13322e-032	3.84647e-034	1.39628e-036	5.01193e-038	2.44383e-039	
N72	1.41385e-010	8.70151e-009	2.43048e-007	3.23514e-006	1.26142e-005	1.70157e-005	2.89725e-005	0.000245972	0.00598831	0.0667139	0.252975	0.359884	0.223404	0.0696582	0.0134042	0.00370172	0.00239006	0.00112401	0.000328961	8.48947e-005	2.45845e-005	8.00829e-006	1.81735e-006	2.79116e-007	2.30329e-008	1.1682e-009	3.09011e-011	5.20774e-013	4.89279e-015	3.34665e-017	1.3357e-019	4.92622e-022	1.04531e-024	3.28157e-027	5.34542e-030	1.84278e-032	2.53783e-035	7.06002e-038	7.13707e-041	1.40508e-043	1.05409e-046	1.75309e-049	2.38017e-052	6.66554e-055	1.79103e-057	
N73	2.45858e-011	1.23954e-009	3.79765e-008	7.0143e-007	4.90641e-006	1.42214e-005	2.66405e-005	7.10303e-005	0.00165399	0.0278452	0.16544	0.355041	0.305045	0.114977	0.0221769	0.00468909	0.00211212	0.000694224	0.000153854	3.87599e-005	1.17502e-005	3.08614e-006	4.83491e-007	4.37064e-008	1.99792e-009	5.05598e-011	6.43161e-013	4.72194e-015	1.90197e-017	4.90939e-020	7.6687e-023	8.84252e-026	6.67408e-029	5.28084e-032	2.43881e-035	3.68066e-038	1.10631e-041	9.27341e-044	3.69409e-047	8.10262e-049	3.10117e-052	6.37145e-054	3.7029e-056	1.18995e-057	2.68223e-059	
N74	6.83622e-013	6.59649e-011	7.54211e-009	3.65803e-007	2.67646e-006	4.34841e-006	6.08764e-006	2.55832e-005	0.000147572	0.00102315	0.0140857	0.112762	0.338004	0.35824	0.145477	0.0262966	0.00336807	0.00049325	5.62702e-005	6.55077e-006	4.81151e-007	2.95288e-008	7.50925e-010	1.54754e-011	1.08004e-013	1.1301e-015	2.47847e-018	2.56189e-020	2.76732e-023	2.05532e-025	1.34854e-028	5.78384e-031	2.4627e-034	6.65745e-037	1.93069e-040	3.70045e-043	7.88903e-047	1.32464e-049	2.75937e-053	6.39794e-056	1.72018e-059	5.06344e-062	6.17695e-065	4.57572e-067	2.85129e-069	
N75	1.38499e-012	2.02008e-010	1.84292e-008	2.72508e-007	8.34048e-007	1.03843e-006	3.64872e-006	8.98825e-006	1.81402e-005	0.000215995	0.00544643	0.0719159	0.313602	0.396576	0.176943	0.0321495	0.002931	0.00017915	8.145e-006	2.95609e-007	6.85961e-009	1.09602e-010	8.84439e-013	5.00263e-015	1.42554e-017	8.45949e-020	2.26916e-022	1.14164e-023	7.87978e-026	8.5527e-027	4.73858e-029	2.96562e-030	8.89634e-033	2.94539e-034	5.14452e-037	9.44418e-039	1.05037e-041	1.17544e-043	9.3982e-047	8.15736e-049	5.61983e-052	4.90392e-054	3.27493e-057	3.20522e-059	2.07756e-061	
Archimandrita_tessellata	0	0	0	0	0	0	0	0	0	0	0	0	0	0	0	0	1	0	0	0	0	0	0	0	0	0	0	0	0	0	0	0	0	0	0	0	0	0	0	0	0	0	0	0	0	
N76	1.75503e-013	3.33901e-011	3.25706e-009	2.51459e-009	1.4944e-010	5.31637e-012	2.5747e-011	2.24922e-009	3.4333e-007	5.93272e-005	0.00579842	0.208651	0.67257	0.107978	0.00485327	8.88275e-005	7.92495e-007	3.95858e-009	1.23552e-011	5.39136e-014	1.136e-014	3.24598e-015	6.58954e-016	9.81373e-017	1.13496e-017	4.32162e-018	1.16466e-018	1.06484e-018	1.66738e-019	6.07276e-020	2.88548e-021	1.25852e-022	7.32087e-025	9.16521e-027	2.09382e-029	1.19622e-031	1.40143e-034	4.33129e-037	3.0045e-040	5.69856e-043	2.59082e-046	3.39124e-049	1.12599e-052	1.25392e-055	1.09542e-058	
Blaberus_discoidalis	0	0	0	0	0	0	0	0	0	0	0	0	1	0	0	0	0	0	0	0	0	0	0	0	0	0	0	0	0	0	0	0	0	0	0	0	0	0	0	0	0	0	0	0	0	
Blaberus_giganteus	0	0	0	0	0	0	0	0	0	0	0	0	0	0	0	0	0	0	0	0	0	0	0	0	0	0	0	0	0	0	1	0	0	0	0	0	0	0	0	0	0	0	0	0	0	
Byrsotria_fumigata	0	0	0	0	0	0	0	0	0	0	0	0	0	0	0	0	0	1	0	0	0	0	0	0	0	0	0	0	0	0	0	0	0	0	0	0	0	0	0	0	0	0	0	0	0	
N77	2.02845e-010	2.96406e-008	1.32716e-007	1.93803e-007	6.411e-007	4.89371e-006	2.43766e-005	7.24441e-005	0.000213651	0.0124715	0.187456	0.353782	0.296841	0.122729	0.0241482	0.00194984	4.52315e-005	4.54652e-005	7.02037e-005	7.07789e-005	4.60381e-005	1.99553e-005	5.71133e-006	1.52802e-006	2.96481e-007	8.4019e-008	6.9602e-009	1.97343e-010	1.38819e-012	1.0495e-014	2.84153e-017	9.66469e-020	1.32706e-022	2.49866e-025	1.99627e-028	2.40303e-031	1.25403e-034	1.11267e-037	4.40601e-041	3.26475e-044	1.11452e-047	7.0462e-051	2.38175e-054	1.67485e-057	1.24524e-060	
Eublaberus_distanti	0	0	0	0	0	0	0	0	0	0	0	0	0	0	0	0	0	0	0	0	0	0	0	0	0	0	1	0	0	0	0	0	0	0	0	0	0	0	0	0	0	0	0	0	0	
Eublaberus_posticus	0	0	0	0	0	0	0	0	0	0	0	0	0	0	0	1	0	0	0	0	0	0	0	0	0	0	0	0	0	0	0	0	0	0	0	0	0	0	0	0	0	0	0	0	0	
Gromphadorhina_portentosa	0	0	0	0	0	0	0	0	0	0	0	0	0	0	0	0	0	0	0	0	0	0	0	0	0	1	0	0	0	0	0	0	0	0	0	0	0	0	0	0	0	0	0	0	0	
N78	7.56082e-010	1.80005e-009	2.45784e-009	7.67119e-009	9.95423e-008	9.16577e-006	0.000501723	0.00527486	0.0110146	0.00909393	0.00135059	4.6974e-005	1.06201e-005	1.04863e-005	7.09281e-006	3.15802e-006	2.26655e-006	3.86158e-005	0.000668386	0.00693566	0.0372381	0.107186	0.177298	0.302373	0.205561	0.113718	0.0200669	0.00154956	4.08712e-005	8.88618e-007	8.99089e-009	8.85175e-011	4.50951e-013	2.46164e-015	7.22818e-018	2.47633e-020	4.56583e-023	1.07344e-025	1.3221e-028	2.28937e-031	2.02631e-034	2.9815e-037	3.30836e-040	8.18714e-043	2.31624e-045	
Lanxoblatta_emarginata	0	0	0	0	0	0	0	0	0	0	0	0	0	0	0	0	0	0	0	0	0	0	0	0	0	0	1	0	0	0	0	0	0	0	0	0	0	0	0	0	0	0	0	0	0	
Phoetalia_sp	0	0	0	0	0	0	0	0	0	0	0	0	0	0	0	0	0	0	0	0	1	0	0	0	0	0	0	0	0	0	0	0	0	0	0	0	0	0	0	0	0	0	0	0	0	
N79	9.7672e-008	5.56145e-007	1.89887e-006	5.60519e-006	2.43314e-005	0.000164739	0.00162055	0.0137802	0.0719876	0.206281	0.307672	0.23783	0.107683	0.0380227	0.0116396	0.00277476	0.000451676	5.56149e-005	4.43942e-006	4.23285e-007	2.05121e-008	2.362e-009	5.54757e-011	1.07955e-011	7.8831e-014	3.7697e-014	1.16269e-016	6.10974e-017	1.198e-019	4.20078e-020	6.04534e-023	1.45377e-023	1.72844e-026	3.59552e-027	3.72659e-030	7.21002e-031	6.3655e-034	1.0596e-034	7.67721e-038	1.00781e-038	6.24918e-042	7.02731e-043	3.59709e-046	3.16693e-047	6.70902e-049	
N80	5.12e-009	1.04206e-007	1.7095e-006	7.62876e-006	6.22533e-006	2.44086e-006	3.20162e-006	1.86788e-005	0.000344161	0.00483903	0.0397514	0.173391	0.356602	0.301579	0.106405	0.0158346	0.00116195	5.01125e-005	1.41455e-006	3.79455e-008	8.63939e-010	2.69133e-011	5.13192e-013	1.14469e-014	1.4246e-016	2.01749e-018	1.64596e-020	1.54365e-022	8.54168e-025	5.5819e-027	2.16679e-029	1.03687e-031	2.92022e-034	1.07234e-036	2.26356e-039	6.63723e-042	1.08135e-044	2.61341e-047	3.3702e-050	6.92075e-053	7.72564e-056	1.68939e-058	3.64115e-061	1.51073e-063	6.75822e-066	
Epilampra_sp	0	0	0	0	0	0	0	0	0	0	0	0	0	0	1	0	0	0	0	0	0	0	0	0	0	0	0	0	0	0	0	0	0	0	0	0	0	0	0	0	0	0	0	0	0	
Nauphoeta_cinerea	0	0	0	0	0	0	0	0	0	0	0	0	1	0	0	0	0	0	0	0	0	0	0	0	0	0	0	0	0	0	0	0	0	0	0	0	0	0	0	0	0	0	0	0	0	
Pycnoscelus_surinamensis	0	0	0	0	0	0	0	0	0	0	0	1	0	0	0	0	0	0	0	0	0	0	0	0	0	0	0	0	0	0	0	0	0	0	0	0	0	0	0	0	0	0	0	0	0	
Macropanesthia_rhinoceros	0	0	0	0	0	0	0	0	0	0	0	0	0	0	0	0	0	0	0	0	0	0	0	0	0	0	0	0	0	0	0	0	0	1	0	0	0	0	0	0	0	0	0	0	0	
N81	6.7685e-006	5.66032e-005	0.00041723	0.00142106	0.00380895	0.0144307	0.040249	0.0712187	0.106403	0.162591	0.219004	0.204532	0.115719	0.044352	0.0118032	0.00326473	0.00059133	0.000108825	1.19361e-005	8.5075e-006	8.09761e-007	7.32917e-007	3.63194e-008	1.8436e-008	4.80836e-010	1.34579e-010	1.97393e-012	3.03711e-013	2.71298e-015	2.34875e-016	1.35889e-018	6.91387e-020	2.85155e-022	1.10588e-023	3.42663e-026	9.59613e-028	2.69815e-030	9.48038e-032	2.09463e-034	3.88425e-036	7.15705e-039	1.6582e-040	4.05393e-043	2.54606e-044	2.59677e-045	
Diploptera_punctata	0	0	0	0	0	0	0	0	0	0	0	0	0	0	0	0	0	1	0	0	0	0	0	0	0	0	0	0	0	0	0	0	0	0	0	0	0	0	0	0	0	0	0	0	0	
N82	9.93708e-006	4.711e-005	0.000302675	0.00178166	0.00871521	0.03043	0.0658781	0.0895942	0.0945184	0.114634	0.163094	0.185755	0.141594	0.0714665	0.0246704	0.00616109	0.00115171	0.000170512	2.11792e-005	3.34646e-006	4.75988e-007	1.00117e-007	1.0116e-008	1.71594e-009	1.09593e-010	1.60963e-011	6.99036e-013	7.99061e-014	2.36695e-015	1.88263e-016	3.84448e-018	2.11835e-019	3.09385e-021	1.24757e-022	1.35537e-024	4.21627e-026	3.59769e-028	9.3282e-030	6.51925e-032	1.40086e-033	8.21524e-036	1.5805e-037	1.19114e-039	4.83432e-041	3.08449e-042	
Galiblatta_sp	0	0	0	0	0	0	0	1	0	0	0	0	0	0	0	0	0	0	0	0	0	0	0	0	0	0	0	0	0	0	0	0	0	0	0	0	0	0	0	0	0	0	0	0	0	
Rhabdoblatta_sp	0	0	0	0	0	0	0	0	0	0	0	0	0	0	0	0	0	0	1	0	0	0	0	0	0	0	0	0	0	0	0	0	0	0	0	0	0	0	0	0	0	0	0	0	0	
N83	0.00149463	0.00304558	0.00740334	0.0196495	0.0517613	0.116874	0.199954	0.241168	0.198008	0.10897	0.0399947	0.00983308	0.00163923	0.000189174	1.54731e-005	9.31441e-007	4.25607e-008	1.73508e-009	6.64529e-011	4.83896e-012	2.6947e-013	2.60719e-014	1.21931e-015	8.82267e-017	3.06127e-018	1.60083e-019	4.09926e-021	1.57205e-022	2.97963e-024	8.56035e-026	1.20833e-027	2.67572e-029	2.84549e-031	5.03902e-033	4.1035e-035	6.02889e-037	3.85164e-039	4.90314e-041	2.54076e-043	2.88608e-045	1.36475e-047	1.89823e-049	2.73406e-051	9.06525e-053	3.48964e-054	
Margattea_sp	0	0	0	0	0	0	0	0	0	1	0	0	0	0	0	0	0	0	0	0	0	0	0	0	0	0	0	0	0	0	0	0	0	0	0	0	0	0	0	0	0	0	0	0	0	
Supella_longipalpa	0	0	0	1	0	0	0	0	0	0	0	0	0	0	0	0	0	0	0	0	0	0	0	0	0	0	0	0	0	0	0	0	0	0	0	0	0	0	0	0	0	0	0	0	0	
N84	0.00191729	0.00478241	0.0121041	0.0232542	0.0413829	0.0850305	0.161006	0.225191	0.217035	0.142027	0.0628721	0.0189033	0.00388013	0.000554305	5.59045e-005	4.22571e-006	2.44837e-007	1.37572e-008	7.01416e-010	4.73054e-011	2.37593e-012	1.39787e-013	5.28824e-015	2.24089e-016	6.1065e-018	1.87149e-019	3.72077e-021	8.48739e-023	1.2534e-024	2.19573e-026	2.45194e-028	3.40339e-030	2.92788e-032	3.32706e-034	2.24443e-036	2.15083e-038	1.16782e-040	9.88271e-043	4.5036e-045	3.6125e-047	1.85221e-049	2.13811e-051	2.44982e-053	3.93962e-055	6.98148e-057	
Ectobius_pallidus	0	0	0	0	1	0	0	0	0	0	0	0	0	0	0	0	0	0	0	0	0	0	0	0	0	0	0	0	0	0	0	0	0	0	0	0	0	0	0	0	0	0	0	0	0	
N85	1.24488e-029	3.01537e-021	7.83502e-010	6.64397e-013	4.30394e-029	5.02111e-029	5.32623e-029	5.1313e-029	4.47056e-029	2.92054e-019	1.80947e-006	0.666741	0.333257	2.4737e-007	2.19824e-020	3.18958e-030	2.40856e-030	2.54419e-030	2.19424e-030	2.48981e-030	2.09773e-030	2.28439e-030	1.80228e-030	1.85583e-030	1.36254e-030	1.33575e-030	9.11339e-031	8.57848e-031	5.46317e-031	5.02675e-031	2.99917e-031	2.73418e-031	1.57073e-031	1.49709e-031	8.51272e-032	8.61258e-032	5.38047e-032	6.42754e-032	4.33562e-032	5.434e-032	4.56474e-032	7.29563e-032	9.42793e-032	2.02633e-031	4.36533e-031	
Panchlora_nivea	0	0	0	0	0	0	0	0	0	0	0	1	0	0	0	0	0	0	0	0	0	0	0	0	0	0	0	0	0	0	0	0	0	0	0	0	0	0	0	0	0	0	0	0	0	
Panchlora_viridis	0	0	0	0	0	0	0	0	0	0	0	0	1	0	0	0	0	0	0	0	0	0	0	0	0	0	0	0	0	0	0	0	0	0	0	0	0	0	0	0	0	0	0	0	0	
N86	0.000130735	0.000414812	0.00175701	0.00795695	0.032553	0.10153	0.21505	0.285027	0.223273	0.101024	0.0266077	0.00422202	0.000417798	3.29902e-005	2.14842e-006	5.77993e-007	4.78029e-008	1.57046e-008	8.26821e-010	1.71167e-010	5.53832e-012	7.05473e-013	1.42082e-014	1.11018e-015	1.43007e-017	6.9481e-019	5.90118e-021	1.85721e-022	1.06829e-024	2.33261e-026	9.28339e-029	1.50242e-030	4.43573e-033	7.01516e-035	1.65769e-037	2.43465e-039	1.02957e-041	3.99949e-043	8.31258e-046	1.34038e-047	6.48362e-050	2.2335e-051	5.35971e-054	1.37998e-055	4.70581e-057	
N87	0.00072234	0.00200014	0.0067275	0.0218876	0.0628163	0.140242	0.222463	0.241171	0.176606	0.0875538	0.0295985	0.00692611	0.00113748	0.000135358	1.18799e-005	8.67996e-007	5.40567e-008	4.29138e-009	2.93239e-010	2.60529e-011	1.47543e-012	9.76178e-014	3.95543e-015	1.85728e-016	5.38673e-018	1.84162e-019	3.88768e-021	9.99646e-023	1.56499e-024	3.13167e-026	3.70403e-028	5.96206e-030	5.43821e-032	7.30213e-034	5.24471e-036	6.07605e-038	3.61759e-040	3.95415e-042	2.12634e-044	2.38335e-046	1.70051e-048	2.7929e-050	3.94697e-052	7.96836e-054	1.78926e-055	
N88	9.48745e-005	0.000793391	0.00801221	0.0529016	0.19143	0.338939	0.274773	0.107852	0.0223535	0.00264945	0.000191446	8.89557e-006	2.77014e-007	6.01831e-009	9.37566e-011	1.10293e-012	9.96687e-015	8.23383e-017	5.97268e-019	5.92778e-021	4.57846e-023	4.80017e-025	3.05956e-027	2.49105e-029	1.1965e-031	7.32558e-034	2.66203e-036	1.24876e-038	3.48114e-041	1.28015e-043	2.77404e-046	8.17504e-049	1.39515e-051	3.37123e-054	4.58429e-057	9.27668e-060	1.02192e-062	1.78788e-065	1.62465e-068	2.54251e-071	2.17059e-074	4.05831e-077	7.14651e-080	2.43155e-082	8.70448e-085	
N89	4.12976e-006	8.85582e-005	0.0023949	0.0350547	0.221585	0.468008	0.232018	0.038108	0.00264545	9.10908e-005	1.73447e-006	2.01454e-008	1.5138e-010	1.02572e-012	5.77753e-015	8.32938e-017	4.96487e-019	6.74089e-021	2.68263e-023	2.37983e-025	6.29484e-028	3.74756e-030	6.82767e-033	2.84549e-035	3.68358e-038	1.12036e-040	1.05634e-043	2.43656e-046	1.71212e-049	3.13536e-052	1.66818e-055	2.51231e-058	1.10178e-061	1.77157e-064	6.58796e-068	1.04139e-070	6.11508e-074	1.77655e-076	6.38929e-080	1.00814e-082	5.77932e-086	1.43487e-088	5.97803e-092	1.28296e-094	3.11087e-097	
Blattella_bisignata	0	0	0	0	0	1	0	0	0	0	0	0	0	0	0	0	0	0	0	0	0	0	0	0	0	0	0	0	0	0	0	0	0	0	0	0	0	0	0	0	0	0	0	0	0	
Blattella_germanica	0	0	0	0	0	1	0	0	0	0	0	0	0	0	0	0	0	0	0	0	0	0	0	0	0	0	0	0	0	0	0	0	0	0	0	0	0	0	0	0	0	0	0	0	0	
Blattella_sauteri	0	0	0	0	0	1	0	0	0	0	0	0	0	0	0	0	0	0	0	0	0	0	0	0	0	0	0	0	0	0	0	0	0	0	0	0	0	0	0	0	0	0	0	0	0	
Loboptera_decipiens	0	0	0	0	0	0	0	0	0	0	1	0	0	0	0	0	0	0	0	0	0	0	0	0	0	0	0	0	0	0	0	0	0	0	0	0	0	0	0	0	0	0	0	0	0	
N90	0.00014955	0.000416102	0.00142991	0.00500045	0.016816	0.0505465	0.121431	0.211048	0.249923	0.196497	0.101717	0.0351295	0.00817689	0.00145587	0.00020456	4.77029e-005	7.83501e-006	2.27399e-006	2.68299e-007	5.04474e-008	3.76865e-009	4.48016e-010	2.15627e-011	1.67842e-012	5.33409e-014	2.83474e-015	6.09557e-017	2.31421e-018	3.4543e-020	9.85432e-022	1.04572e-023	2.34609e-025	1.86356e-027	3.71799e-029	2.35584e-031	4.44845e-033	3.33331e-035	9.31458e-037	5.98884e-039	1.23404e-040	1.06675e-042	2.83165e-044	2.64338e-046	7.54409e-048	2.58014e-049	
N91	0.000124679	0.000377618	0.00139466	0.00451858	0.0132184	0.0378429	0.0954707	0.183469	0.246875	0.222328	0.130494	0.0495024	0.0121594	0.00198349	0.000219975	1.86932e-005	1.24547e-006	9.7155e-008	5.66049e-009	4.72734e-010	2.02783e-011	1.29989e-012	3.73563e-014	1.65754e-015	3.20888e-017	9.78245e-019	1.30151e-020	2.7903e-022	2.61303e-024	4.07234e-026	2.74738e-028	3.22041e-030	1.60689e-032	1.47635e-034	5.60947e-037	4.20267e-039	1.29609e-041	8.69749e-044	2.32223e-046	1.41892e-048	3.92481e-051	2.85148e-053	1.29397e-055	1.54075e-057	2.13458e-059	
N92	0.000121037	0.000362485	0.00145623	0.00566241	0.0191085	0.0534147	0.118565	0.200332	0.243779	0.201453	0.108533	0.0375235	0.00834713	0.00121538	0.000118625	8.11734e-006	4.04748e-007	1.76789e-008	6.42132e-010	4.70254e-011	1.75374e-012	2.24742e-013	6.43465e-015	6.8339e-016	1.38189e-017	1.05035e-018	1.51836e-020	8.25906e-022	8.72475e-024	3.4544e-025	2.72331e-027	8.00025e-029	4.80289e-031	1.07225e-032	4.98991e-035	8.6825e-037	3.20631e-039	4.54638e-041	1.36501e-043	1.62541e-045	4.24023e-048	4.9755e-050	1.6717e-052	4.50142e-054	1.94873e-055	
N93	2.27598e-005	0.000150948	0.00303906	0.0349062	0.0812986	0.0738544	0.0430147	0.0786963	0.18266	0.238821	0.17458	0.0714635	0.0157241	0.00169242	7.39365e-005	1.70805e-006	2.41564e-008	2.87651e-010	2.78517e-012	3.46917e-014	2.90387e-016	2.85419e-018	1.6404e-020	1.08021e-022	4.21479e-025	1.91378e-027	5.23625e-030	1.71083e-032	3.38003e-035	8.25979e-038	1.20735e-040	2.28459e-043	2.52524e-046	3.8267e-049	3.25962e-052	4.07713e-055	2.74511e-058	2.96764e-061	1.6347e-064	1.62343e-067	9.38226e-071	1.29564e-073	1.74875e-076	3.66983e-079	7.51573e-082	
Hemithyrsocera_sp	0	0	0	0	0	0	1	0	0	0	0	0	0	0	0	0	0	0	0	0	0	0	0	0	0	0	0	0	0	0	0	0	0	0	0	0	0	0	0	0	0	0	0	0	0	
Symplocodes_sp	0	0	0	0	0	0	0	0	0	0	0	0	0	1	0	0	0	0	0	0	0	0	0	0	0	0	0	0	0	0	0	0	0	0	0	0	0	0	0	0	0	0	0	0	0	
Symploce_sp	0	0	0	0	0	0	0	1	0	0	0	0	0	0	0	0	0	0	0	0	0	0	0	0	0	0	0	0	0	0	0	0	0	0	0	0	0	0	0	0	0	0	0	0	0	
Lobopterella_dimidiatipes	0	0	0	0	0	0	0	0	0	0	0	0	1	0	0	0	0	0	0	0	0	0	0	0	0	0	0	0	0	0	0	0	0	0	0	0	0	0	0	0	0	0	0	0	0	
Xestoblatta_sp	0	0	0	0	0	0	0	0	0	0	0	0	1	0	0	0	0	0	0	0	0	0	0	0	0	0	0	0	0	0	0	0	0	0	0	0	0	0	0	0	0	0	0	0	0	
