NODE	2	3	4	5	6	7	8	9	10	11	12	13	14	
N1	6.0376e-007	0.253435	1.60371e-005	2.68687e-007	0.746224	0.000324491	6.38221e-008	4.13699e-011	3.21811e-014	9.91791e-019	1.10708e-018	3.61706e-020	6.87505e-022	
N2	3.41906e-008	0.0202753	5.16129e-007	1.07003e-006	0.97971	1.26153e-005	1.35589e-009	3.5696e-013	6.75178e-014	4.26336e-014	6.54263e-009	1.64693e-013	1.08011e-015	
N3	1.58809e-008	0.00946821	9.01968e-008	1.16108e-006	0.99052	1.03175e-005	3.14819e-010	5.14815e-013	1.03746e-012	1.75726e-012	7.57079e-009	1.86079e-013	8.9965e-015	
N4	5.81397e-012	0.000278891	4.48701e-010	2.46364e-008	0.999721	4.2603e-007	2.79931e-013	3.2145e-017	1.73006e-017	3.79108e-016	9.30175e-009	1.57498e-014	7.74388e-018	
N5	8.1071e-012	6.17262e-005	4.15411e-010	1.34567e-007	0.999937	1.02085e-006	9.5612e-013	1.1849e-015	2.54025e-017	4.14703e-015	9.82661e-009	2.53603e-014	3.46098e-016	
N6	4.15724e-014	5.84404e-006	8.31152e-012	1.75028e-008	0.999994	1.09703e-007	4.76522e-015	2.42207e-018	9.76697e-018	5.87611e-014	1.00961e-008	2.27864e-015	2.7253e-018	
N7	1.40226e-014	7.16356e-007	1.22078e-011	3.17828e-008	0.999999	1.81342e-007	2.19476e-014	1.92433e-017	2.11921e-015	3.35273e-013	1.01575e-008	4.24712e-015	1.94588e-017	
N8	8.79319e-017	6.56039e-008	2.88546e-013	4.08757e-007	0.999999	1.96823e-008	2.13277e-016	3.86386e-017	1.24706e-013	6.96868e-012	1.01665e-008	3.64956e-016	3.05675e-019	
N9	5.69424e-018	1.58534e-010	5.76783e-013	2.69676e-006	0.0214787	1.70792e-009	2.06224e-016	1.39772e-013	2.68638e-005	0.822257	0.156235	1.4005e-008	2.28226e-011	
N10	8.77e-019	7.79487e-011	1.55038e-012	5.09615e-007	0.0154155	1.28494e-009	7.91519e-016	4.56251e-014	2.87886e-006	0.844801	0.13978	2.66622e-008	3.17175e-010	
N11	7.39169e-019	3.16836e-011	7.65708e-013	1.37872e-008	0.00364016	1.68375e-009	2.39664e-015	3.18371e-014	2.53505e-007	0.864286	0.132074	2.04525e-007	2.29944e-009	
N12	7.568e-019	1.33349e-011	6.1708e-013	6.5794e-009	0.00144204	1.09912e-009	8.25005e-015	2.21738e-012	4.88417e-007	0.864454	0.134102	8.77859e-007	5.38273e-008	
Atrachelacris_sp	0	0	0	0	0	0	0	0	0	1	0	0	0	
N13	6.28834e-020	3.31021e-012	2.39599e-014	5.31575e-010	8.75947e-005	5.68846e-011	4.49896e-014	1.81186e-011	5.79165e-007	0.81166	0.188233	1.85751e-005	1.54318e-007	
N14	2.3494e-022	3.84915e-014	1.26191e-016	1.88719e-013	6.4563e-006	2.28105e-012	2.9449e-014	1.2336e-012	1.40681e-008	0.0941395	0.905761	9.20239e-005	7.16479e-007	
N15	2.12754e-033	8.96584e-018	9.46311e-021	4.35335e-014	6.09063e-008	8.80782e-016	3.31391e-021	1.17382e-015	8.63609e-010	0.0943906	0.905609	2.18572e-007	2.75553e-011	
Leiotettix_pulcher	0	0	0	0	0	0	0	0	0	1	0	0	0	
Scotussa_lemniscata	0	0	0	0	0	0	0	0	0	0	1	0	0	
Scotussa_impudica	0	0	0	0	0	0	0	0	0	0	1	0	0	
Scotussa_daguerrei	0	0	0	0	0	0	0	0	0	1	0	0	0	
Dichromatos_lilloanus	0	0	0	0	0	0	0	0	0	1	0	0	0	
Ronderosia_sp	0	0	0	0	0	0	0	0	0	1	0	0	0	
N16	2.93247e-018	2.07491e-012	1.87745e-012	3.27528e-005	2.24992e-005	6.40551e-012	1.88129e-015	8.58122e-010	0.0121926	0.987505	0.000247178	4.08396e-010	1.4106e-013	
Chlorus_bolivianus	0	0	0	0	0	0	0	0	1	0	0	0	0	
Tropidostethus_sp	0	0	0	0	0	0	0	0	0	1	0	0	0	
N17	1.96601e-016	1.31305e-008	3.95134e-011	2.04655e-008	1	1.18159e-007	8.43674e-014	8.30784e-015	2.11542e-015	6.60884e-013	1.01714e-008	3.284e-015	5.4264e-017	
N18	1.61836e-016	1.03083e-008	4.23909e-011	2.0719e-007	1	5.75074e-008	2.80979e-015	2.52151e-016	8.48199e-015	1.06737e-012	1.0171e-008	1.52497e-015	2.32508e-017	
N19	6.43554e-020	5.11614e-011	5.13928e-015	1.58061e-011	0.00153183	1.29006e-010	1.35985e-016	3.15366e-017	6.11205e-015	2.07115e-008	0.998468	4.73854e-007	6.9903e-011	
Dichroplus_conspersus	0	0	0	0	0	0	0	0	0	0	1	0	0	
Ommexecha_sp	0	0	0	0	0	0	0	0	0	0	1	0	0	
N20	8.47207e-015	9.75766e-009	1.06201e-008	5.931e-005	0.999941	7.44694e-008	1.30536e-015	1.27086e-014	6.01084e-012	5.27676e-011	1.01132e-008	9.48663e-016	1.75996e-018	
N21	4.03837e-009	6.16324e-006	0.000703265	0.00348854	0.995799	3.04481e-006	3.15167e-011	1.26799e-011	1.80512e-011	2.78596e-010	9.50926e-009	2.9466e-014	2.61613e-016	
Dichroplus_democraticus	0	0	0	0	0	0	0	0	0	0	1	0	0	
Dichroplus_silveiraguidoi	0	0	1	0	0	0	0	0	0	0	0	0	0	
N22	2.1729e-014	8.22065e-009	1.42631e-008	0.000449641	0.987563	6.18271e-007	3.16465e-012	4.19215e-011	2.22814e-006	4.56138e-006	0.0119796	7.36364e-009	3.00769e-010	
N23	7.14266e-015	1.25517e-007	4.62379e-010	4.40285e-008	0.0739517	1.32444e-007	1.01643e-011	2.92257e-012	1.49442e-010	4.2036e-007	0.92604	7.21977e-006	4.98157e-008	
N24	1.21642e-020	5.98074e-012	4.74613e-016	3.10977e-012	0.000670955	2.60227e-011	4.37332e-018	1.05173e-018	5.38517e-016	1.77414e-008	0.999329	2.45931e-007	8.06986e-011	
Dichroplus_exilis	0	0	0	0	0	0	0	0	0	0	1	0	0	
Dichroplus_fuscus	0	0	0	0	0	0	0	0	0	0	1	0	0	
Dichroplus_schulzi	0	0	0	0	0	0	0	0	0	0	1	0	0	
Dichroplus_pratensis	0	0	0	0	0	0	0	0	1	0	0	0	0	
N25	3.70694e-017	2.94491e-009	2.77984e-012	1.33658e-009	0.0150384	9.75038e-009	6.47317e-014	1.63996e-014	8.06536e-011	1.27426e-005	0.984946	3.20309e-006	4.53921e-009	
Dichroplus_elongatus	0	0	0	0	0	0	0	0	0	0	1	0	0	
N26	1.22122e-028	2.74204e-013	2.42364e-017	1.1286e-010	0.000168675	2.42153e-012	8.13466e-021	1.32247e-017	1.52022e-011	0.00151007	0.998321	5.52421e-008	1.59006e-011	
Dichroplus_paraelongatus	0	0	0	0	0	0	0	0	0	0	1	0	0	
Dichroplus_patruelis	0	0	0	0	0	0	0	0	0	1	0	0	0	
Paulinia_acuminata	0	0	0	0	0	0	0	0	0	0	1	0	0	
N27	2.93255e-012	2.89009e-006	4.28933e-009	8.58941e-006	0.770481	2.53047e-006	2.00797e-011	1.07644e-011	2.88448e-007	0.000173835	0.229329	1.24079e-006	1.638e-007	
Leiotettix_flavipes	0	0	0	0	0	0	0	0	0	1	0	0	0	
Marellia_remipes	0	0	0	0	0	0	0	0	0	0	1	0	0	
Leiotettix_viridis	0	0	0	0	0	0	0	0	0	0	1	0	0	
N28	3.47754e-011	0.000253666	4.3374e-010	9.71928e-008	0.992371	8.24249e-007	4.81025e-013	1.27405e-015	9.75806e-012	1.17445e-009	0.00737431	4.80061e-009	4.38176e-010	
N29	1.65383e-010	7.32798e-005	4.57766e-008	3.03225e-005	0.880356	9.33595e-006	1.87841e-010	7.64527e-011	5.06216e-007	8.75299e-006	0.11952	2.19103e-006	1.23114e-007	
N30	1.78822e-010	6.24936e-006	4.38608e-007	0.00443548	0.782876	3.56778e-006	4.16557e-010	4.071e-008	0.000350774	0.0019005	0.210424	2.92571e-006	5.23668e-008	
Dichroplus_maculipennis	0	0	0	0	0	0	0	0	0	0	1	0	0	
Dichroplus_vittatus	0	0	0	0	0	0	0	0	1	0	0	0	0	
Pseudoscopas_nigrigena	0	0	0	0	0	0	0	0	0	0	1	0	0	
Ommatolampis_sp	0	0	0	0	0	0	0	0	0	0	1	0	0	
N31	5.01787e-010	0.000229397	2.01932e-008	3.50599e-007	0.223486	2.83892e-006	3.10793e-010	3.91588e-011	1.55947e-009	1.6927e-006	0.776241	3.75209e-005	8.16458e-007	
N32	5.58679e-012	9.0856e-006	5.21468e-010	3.22163e-008	0.0621062	2.76453e-007	6.1353e-012	1.23326e-012	1.06925e-010	1.53055e-006	0.937855	2.69945e-005	5.0928e-007	
Dichromorpha_sp	0	0	0	0	0	0	0	0	0	0	1	0	0	
N33	1.95997e-014	1.24967e-007	9.56028e-012	1.80385e-009	0.0102044	1.53179e-008	1.09176e-013	3.74944e-014	4.54138e-012	6.83609e-007	0.989784	1.09898e-005	9.97321e-008	
Hyalopteryx_rufipennis	0	0	0	0	0	0	0	0	0	0	1	0	0	
Leptysma_sp	0	0	0	0	0	0	0	0	0	0	1	0	0	
N34	1.47738e-012	2.51679e-006	3.11222e-010	1.8426e-008	0.0327923	1.54247e-007	6.15627e-012	1.79239e-012	1.0563e-010	1.95124e-006	0.96716	4.25766e-005	5.41893e-007	
N35	5.07091e-022	9.3295e-013	1.18476e-018	3.27926e-014	2.7906e-005	2.75662e-013	1.58427e-020	7.44897e-021	8.32023e-018	4.64026e-009	0.999972	8.52144e-008	3.40928e-012	
Schistocerca_cancellata	0	0	0	0	0	0	0	0	0	0	1	0	0	
Schistocerca_pallens	0	0	0	0	0	0	0	0	0	0	1	0	0	
Schistocerca_flavofasciata	0	0	0	0	0	0	0	0	0	0	1	0	0	
N36	2.42636e-008	0.00606262	1.51378e-007	1.48891e-006	0.725188	1.10629e-005	9.31688e-010	3.74264e-011	3.33765e-009	7.0254e-007	0.268727	7.60787e-006	6.9336e-007	
N37	6.88998e-010	0.000821947	1.21392e-008	2.04049e-007	0.43243	2.02305e-006	3.77753e-011	1.94454e-012	1.5504e-010	4.75955e-007	0.566733	1.18355e-005	2.48146e-007	
N38	4.83253e-010	0.000534314	4.13662e-009	1.71911e-007	0.386106	1.69691e-006	2.10169e-011	1.30716e-012	2.87159e-010	9.66661e-007	0.613343	1.30552e-005	9.22697e-007	
N39	5.47873e-011	2.91932e-005	5.81243e-009	1.7866e-007	0.123973	1.27167e-006	1.02544e-010	2.82068e-011	6.8574e-009	6.08153e-005	0.875862	7.12035e-005	2.64396e-006	
N40	5.93805e-017	2.25551e-009	1.18288e-013	1.01011e-008	0.00130122	4.53131e-010	1.28425e-015	5.6989e-014	4.05767e-009	0.00742399	0.991272	2.55278e-006	2.26104e-009	
Diponthus_sp	0	0	0	0	0	0	0	0	0	0	1	0	0	
Xyleus_laevipes	0	0	0	0	0	0	0	0	0	1	0	0	0	
Xyleus_insignis	0	0	0	0	0	0	0	0	0	0	1	0	0	
Prionolopha_serrata	0	0	0	0	0	0	0	0	0	0	1	0	0	
Xyleus_modestus	0	0	0	0	0	0	0	0	0	0	1	0	0	
N41	1.01675e-014	1.28579e-007	2.56582e-012	5.86768e-010	0.00470055	4.87973e-009	1.01746e-013	2.05416e-014	9.52548e-013	2.86747e-007	0.995286	1.30279e-005	8.61104e-009	
Zoniopoda_hempeli	0	0	0	0	0	0	0	0	0	0	1	0	0	
N42	2.8695e-018	8.25148e-010	6.91629e-016	3.13216e-012	0.000530781	3.06638e-011	5.36279e-018	1.16722e-018	7.85899e-016	2.37267e-008	0.999469	5.1528e-007	4.22047e-010	
Zoniopoda_omnicolor	0	0	0	0	0	0	0	0	0	0	1	0	0	
Zoniopoda_tarsata	0	0	0	0	0	0	0	0	0	0	1	0	0	
N43	5.14542e-011	4.41935e-005	2.44793e-009	2.25896e-008	0.0227122	2.23407e-007	1.94843e-010	1.63667e-011	2.50816e-010	2.23989e-006	0.977069	0.000171364	5.71023e-007	
Trimerotropis_ochraceipennis	0	0	0	0	0	0	0	0	0	0	1	0	0	
Trimerotropis_pallidipennis	0	0	0	0	0	0	0	0	0	0	1	0	0	
