NODE	13	14	15	16	17	18	19	20	21	22	23	24	25	26	27	28	29	30	31	32	33	34	35	36	37	38	39	40	41	42	43	44	45	46	47	48	49	50	51	
N1	5.62022e-019	1.92112e-019	1.37685e-017	3.43793e-011	7.90481e-008	6.35486e-005	0.0124058	0.345903	0.6224	0.0187964	0.000426868	4.94503e-006	7.45125e-009	1.74971e-012	2.60818e-018	2.74669e-020	2.61163e-022	2.22036e-024	2.30742e-026	1.12291e-025	7.12223e-025	1.44204e-024	1.49067e-024	1.49172e-024	1.49173e-024	1.49173e-024	1.49173e-024	1.49173e-024	1.49177e-024	1.49215e-024	1.49553e-024	1.52137e-024	1.6866e-024	2.53718e-024	5.85938e-024	1.47304e-023	2.7535e-023	3.02561e-023	2.4698e-023	
N2	9.178e-019	1.63947e-018	5.79356e-015	4.25102e-011	1.03683e-007	7.804e-005	0.0137766	0.358103	0.615652	0.0122691	0.000120752	5.22198e-007	3.85582e-010	8.86529e-014	7.89923e-018	4.11586e-022	3.10124e-025	7.68283e-028	1.24549e-030	1.40559e-032	8.91075e-036	3.14663e-037	8.85067e-041	2.23662e-042	2.57513e-046	4.35073e-048	1.65838e-052	1.9245e-054	1.97728e-059	1.43873e-061	4.54405e-067	1.3113e-069	4.00607e-075	1.20609e-077	2.74251e-083	6.06867e-086	7.53982e-092	4.27556e-095	3.06744e-099	
N3	1.18223e-019	9.88943e-019	8.79852e-016	6.63179e-012	2.18361e-008	2.41553e-005	0.00662348	0.280111	0.697218	0.0159557	6.7627e-005	9.95878e-008	5.728e-011	1.48084e-014	2.00444e-018	5.12006e-021	1.542e-023	1.19753e-024	4.51984e-027	5.55695e-028	2.77131e-030	2.14108e-031	5.37248e-034	2.04635e-035	1.95031e-038	4.07164e-040	1.06523e-043	1.28377e-045	8.3252e-050	4.29124e-052	1.22649e-056	1.61385e-059	3.06467e-064	2.85187e-067	3.98479e-072	2.5232e-075	1.34129e-079	8.81369e-082	4.93943e-084	
N4	2.62461e-019	3.16503e-020	8.86582e-018	8.89044e-014	4.98466e-010	1.16948e-006	0.000852349	0.110711	0.86095	0.027367	0.000118356	1.46665e-007	7.32527e-011	1.7988e-014	2.64431e-018	9.84762e-021	2.05155e-023	4.89201e-025	6.37102e-028	8.22529e-030	7.1387e-033	5.20898e-035	3.11235e-038	1.30478e-040	5.00267e-044	1.22238e-046	2.22687e-050	3.33062e-053	1.64005e-057	1.25494e-060	2.60325e-065	6.21761e-069	7.69699e-074	1.17189e-077	9.15254e-083	1.1608e-086	1.32099e-090	1.53368e-093	1.32861e-096	
N5	2.30065e-021	2.98568e-020	1.73645e-017	1.91355e-013	1.07718e-009	2.50094e-006	0.00166097	0.120493	0.863078	0.0147242	4.05203e-005	3.54152e-008	1.336e-011	2.59541e-015	2.91339e-019	2.97943e-023	2.8434e-026	2.00772e-027	3.89845e-030	1.64965e-031	2.24379e-034	5.67142e-036	5.57028e-039	8.50979e-041	5.80096e-044	5.41097e-046	2.0586e-049	1.21897e-051	1.29752e-055	5.05068e-058	1.06865e-062	1.08308e-065	1.45948e-070	6.15209e-074	5.57545e-079	1.45696e-082	3.02917e-087	9.71792e-090	3.02708e-092	
N6	5.48281e-023	1.63545e-024	1.91971e-022	1.03732e-017	3.05824e-013	4.00788e-009	1.76887e-005	0.0152294	0.974209	0.0105303	1.31872e-005	4.47742e-009	5.96889e-013	3.84637e-017	1.39239e-021	8.67748e-025	7.04153e-028	1.09367e-029	5.64567e-033	4.72585e-035	1.61965e-038	7.581e-041	1.75086e-044	4.64957e-047	6.37856e-051	9.8494e-054	4.77484e-058	2.16506e-060	2.87493e-063	2.09893e-064	1.41455e-067	2.79382e-069	1.31485e-072	1.48221e-074	4.94247e-078	4.37626e-080	1.44454e-082	2.03549e-083	2.24199e-084	
N7	2.48917e-036	1.56318e-038	2.51181e-036	1.39618e-029	1.27304e-022	3.45279e-016	2.98427e-010	6.05173e-005	0.99959	0.000349361	7.44145e-009	3.26222e-014	4.68028e-020	2.47642e-026	4.95578e-033	1.81128e-039	2.96475e-042	6.24496e-041	6.31409e-041	1.97279e-039	2.00037e-039	5.22052e-038	5.28238e-038	1.11396e-036	1.08999e-036	1.78778e-035	1.42457e-035	1.80376e-034	6.10858e-035	6.41496e-034	3.06135e-035	6.59228e-035	2.47006e-036	2.91181e-036	8.49377e-038	8.53901e-038	1.46946e-038	3.07643e-037	5.60687e-036	
N8	1.35108e-033	2.28187e-036	7.17397e-033	2.11326e-026	2.8071e-020	1.56699e-014	3.17142e-009	0.000172781	0.999053	0.000774493	5.28333e-008	8.80425e-013	5.22024e-018	1.29816e-023	1.47634e-029	1.31231e-034	3.9759e-038	1.1111e-041	2.04436e-045	6.55307e-047	1.45336e-046	4.40763e-044	1.03618e-045	4.47614e-045	8.2491e-047	2.15711e-046	3.47342e-048	5.59505e-048	6.48198e-050	6.98385e-050	1.12136e-053	1.2961e-053	2.84763e-055	2.05755e-054	9.46856e-057	9.78325e-057	2.03365e-057	3.54659e-055	4.12875e-053	
N9	3.44264e-030	1.61097e-032	2.83831e-029	1.33198e-023	3.56918e-018	4.84785e-013	2.76488e-008	0.000467329	0.998372	0.00116054	1.68098e-007	7.13446e-012	1.26062e-016	1.12204e-021	5.66455e-027	2.53374e-032	9.52021e-037	2.20781e-039	1.54068e-043	1.98217e-046	8.66206e-051	6.05649e-054	1.6981e-058	6.34988e-062	1.14346e-066	2.2082e-070	1.23451e-074	4.1873e-076	7.97224e-072	4.26157e-062	7.05586e-055	3.18947e-047	1.13485e-041	4.08334e-036	1.52575e-037	1.49827e-037	1.06642e-037	1.49191e-036	1.67234e-035	
N10	1.0323e-031	4.21339e-033	1.66153e-029	8.48056e-024	2.48883e-018	3.71193e-013	2.32476e-008	0.000430375	0.998539	0.00103076	1.31257e-007	4.88225e-012	7.55929e-017	5.91015e-022	2.63291e-027	7.84832e-033	1.96888e-037	3.80483e-039	7.42705e-043	8.71906e-045	1.15796e-048	8.04225e-051	7.6336e-055	3.18381e-057	2.23131e-061	5.53437e-064	2.87821e-068	4.09889e-071	1.33757e-075	1.05841e-078	7.25204e-085	2.92274e-089	1.18859e-095	2.66057e-100	6.4213e-107	1.07656e-111	5.06502e-117	2.97887e-120	1.20605e-123	
Amitermes_darwini	0	0	0	0	0	0	0	0	1	0	0	0	0	0	0	0	0	0	0	0	0	0	0	0	0	0	0	0	0	0	0	0	0	0	0	0	0	0	0	
Amitermes_germanus	0	0	0	0	0	0	0	0	1	0	0	0	0	0	0	0	0	0	0	0	0	0	0	0	0	0	0	0	0	0	0	0	0	0	0	0	0	0	0	
N11	9.32592e-038	4.65612e-038	2.68394e-035	1.4695e-029	1.24315e-022	3.58445e-016	2.82044e-010	5.21725e-005	0.999727	0.000220778	4.23893e-009	1.91646e-014	2.72336e-020	1.42994e-026	3.2747e-033	8.53989e-039	9.021e-042	1.37817e-041	2.11494e-043	2.47109e-043	3.12902e-045	2.58483e-045	2.76784e-047	1.60731e-047	1.47631e-049	5.88581e-050	4.55039e-052	1.1982e-052	6.17876e-055	1.06304e-055	1.21201e-059	1.22266e-061	9.77758e-066	5.45162e-068	2.96929e-072	1.34044e-074	1.25614e-077	2.60777e-078	3.9974e-079	
N12	2.15623e-034	1.12976e-037	7.36878e-036	3.73292e-029	3.00058e-022	7.7204e-016	4.78111e-010	6.51788e-005	0.999696	0.000238839	5.4094e-009	2.96397e-014	4.87237e-020	2.82798e-026	5.23122e-032	2.0061e-035	6.73669e-039	1.77614e-042	3.76266e-046	6.67344e-050	9.59727e-054	7.08235e-056	6.5993e-060	9.74332e-061	6.22204e-065	3.70602e-066	1.48901e-070	3.20549e-072	5.19551e-077	5.45989e-079	3.29098e-086	5.30178e-090	2.00991e-097	9.75151e-102	1.82259e-109	4.89821e-114	4.45947e-122	7.97794e-127	1.02488e-124	
Amitermes_parvus	0	0	0	0	0	0	0	0	1	0	0	0	0	0	0	0	0	0	0	0	0	0	0	0	0	0	0	0	0	0	0	0	0	0	0	0	0	0	0	
Pericapritermes_sp	0	0	0	0	0	0	0	0	1	0	0	0	0	0	0	0	0	0	0	0	0	0	0	0	0	0	0	0	0	0	0	0	0	0	0	0	0	0	0	
Drepanotermes_septentrionalis	0	0	0	0	0	0	0	0	1	0	0	0	0	0	0	0	0	0	0	0	0	0	0	0	0	0	0	0	0	0	0	0	0	0	0	0	0	0	0	
N13	5.80537e-030	3.93307e-030	5.11122e-027	1.01077e-021	1.14795e-016	6.51126e-012	1.54304e-007	0.00109058	0.996173	0.0027352	9.51635e-007	9.72757e-011	4.12346e-015	8.70852e-020	1.02466e-024	7.4167e-030	3.98183e-034	1.23743e-034	1.50137e-037	2.75682e-038	2.31554e-041	2.45981e-042	1.51126e-045	9.60186e-047	4.48805e-050	1.7177e-051	6.21624e-055	1.40717e-056	3.4373e-060	5.12631e-062	1.09766e-066	3.76636e-068	4.139e-070	2.34519e-069	1.70216e-071	1.76969e-071	5.20429e-072	5.26037e-070	4.00346e-068	
N14	2.68597e-028	1.53746e-030	2.64453e-027	5.77335e-022	7.20412e-017	4.56791e-012	1.22137e-007	0.00097445	0.996906	0.00211924	5.77283e-007	4.68913e-011	1.60516e-015	2.7905e-020	2.76572e-025	2.60078e-030	1.70702e-034	4.62314e-037	4.87621e-041	7.25659e-044	4.71671e-048	3.73069e-051	1.51209e-055	6.16265e-059	1.52919e-063	2.97931e-067	4.24176e-072	3.41053e-076	2.20318e-081	5.26613e-086	1.37204e-092	1.74209e-098	3.8691e-106	9.66708e-036	4.64309e-037	4.52493e-037	3.13409e-037	3.44939e-036	3.09764e-035	
Microcerotermes_boreus	0	0	0	0	0	0	0	0	1	0	0	0	0	0	0	0	0	0	0	0	0	0	0	0	0	0	0	0	0	0	0	0	0	0	0	0	0	0	0	
Microcerotermes_nervosus	0	0	0	0	0	0	0	0	1	0	0	0	0	0	0	0	0	0	0	0	0	0	0	0	0	0	0	0	0	0	0	0	0	0	0	0	0	0	0	
N15	1.53193e-031	2.78992e-034	8.18535e-031	7.61441e-025	3.79121e-019	9.17042e-014	9.12783e-009	0.000268892	0.999018	0.000713016	6.26608e-008	1.59936e-012	1.66491e-017	8.40404e-023	2.27501e-028	5.04717e-034	7.60571e-039	5.56899e-042	1.16132e-046	1.64175e-049	3.92045e-044	1.18143e-037	1.23715e-037	1.89513e-036	1.94767e-036	2.39127e-035	2.44746e-035	2.2628e-034	2.06803e-034	1.25988e-033	1.03962e-034	1.08077e-034	5.99127e-036	5.61302e-036	2.32168e-037	2.26274e-037	1.44754e-037	1.8483e-036	1.91251e-035	
N16	8.62913e-035	4.51443e-036	5.30859e-032	7.55476e-026	5.91852e-020	2.29149e-014	3.66913e-009	0.000172257	0.999373	0.000454464	2.44597e-008	3.75536e-013	2.34888e-018	7.21048e-024	1.21287e-029	1.23091e-035	6.96343e-041	1.56563e-042	1.7816e-046	2.21829e-048	1.55231e-052	9.77929e-055	4.25431e-059	1.32941e-061	3.51398e-066	5.10972e-069	7.45227e-074	4.48126e-077	2.41171e-082	5.03235e-086	1.74042e-093	4.74683e-099	1.7282e-107	5.64748e-038	4.21041e-040	4.2718e-040	7.42428e-041	6.13713e-039	3.89713e-037	
Nasutitermes_graveolus	0	0	0	0	0	0	0	0	1	0	0	0	0	0	0	0	0	0	0	0	0	0	0	0	0	0	0	0	0	0	0	0	0	0	0	0	0	0	0	
Nasutitermes_triodiae	0	0	0	0	0	0	0	0	1	0	0	0	0	0	0	0	0	0	0	0	0	0	0	0	0	0	0	0	0	0	0	0	0	0	0	0	0	0	0	
N17	8.35699e-035	2.34711e-036	3.04331e-032	4.72747e-026	4.03444e-020	1.70301e-014	2.98467e-009	0.000154629	0.999465	0.000380283	1.76725e-008	2.38963e-013	1.33094e-018	3.65718e-024	5.51476e-030	5.09767e-036	3.23855e-041	4.02428e-043	3.20523e-047	2.13641e-049	1.04616e-053	3.51467e-056	1.06998e-060	1.78008e-063	3.30205e-068	2.55273e-071	2.67633e-076	8.46171e-080	3.67e-085	3.8231e-089	1.28563e-096	1.9183e-102	6.42235e-111	9.96464e-038	9.58392e-040	9.54464e-040	2.66085e-040	1.59304e-038	7.29335e-037	
Nasutitermes_longipennis	0	0	0	0	0	0	0	0	1	0	0	0	0	0	0	0	0	0	0	0	0	0	0	0	0	0	0	0	0	0	0	0	0	0	0	0	0	0	0	
Tumulitermes_pastinator	0	0	0	0	0	0	0	0	1	0	0	0	0	0	0	0	0	0	0	0	0	0	0	0	0	0	0	0	0	0	0	0	0	0	0	0	0	0	0	
N18	3.91617e-034	1.99096e-037	1.75684e-035	2.17312e-028	1.17764e-021	1.58384e-015	6.79329e-010	7.91035e-005	0.999551	0.000370257	1.11623e-008	8.16458e-014	2.13933e-019	1.95344e-025	1.44271e-031	3.66696e-035	1.21556e-038	3.10062e-042	6.22378e-046	1.15474e-049	1.5063e-053	4.88083e-055	4.28851e-059	3.17784e-060	1.89487e-064	4.0086e-066	5.55976e-070	1.18034e-069	3.95602e-069	1.92407e-065	5.20999e-067	1.68155e-065	7.10588e-068	4.95896e-068	4.76952e-073	2.98133e-075	1.48011e-080	9.08723e-079	1.38504e-078	
N19	2.20849e-030	3.86094e-031	3.66509e-027	9.6612e-022	1.38085e-016	9.28583e-012	2.35094e-007	0.00149671	0.996881	0.00162158	3.24934e-007	1.88809e-011	4.53283e-016	5.45034e-021	3.69876e-026	1.72096e-031	8.81169e-036	2.37731e-037	6.54093e-041	1.01038e-042	1.81425e-046	1.58388e-048	1.93098e-052	9.57068e-055	8.08765e-059	2.22137e-061	1.46098e-065	5.20285e-067	2.25481e-067	2.80156e-064	2.55205e-064	5.18136e-063	6.32087e-064	9.28513e-064	8.62066e-068	5.69538e-070	1.98485e-072	4.68366e-073	8.02708e-074	
N20	4.55269e-030	1.22574e-031	7.15237e-029	3.32849e-023	8.5824e-018	1.06868e-012	5.24472e-008	0.00069471	0.99701	0.00229497	5.0604e-007	2.8502e-011	6.13033e-016	6.25177e-021	3.45055e-026	1.36882e-031	7.05645e-036	9.06777e-038	1.45598e-041	1.04828e-042	5.64301e-042	3.68527e-040	9.195e-042	7.49437e-042	1.5087e-043	8.54606e-044	1.45832e-045	5.56034e-046	6.07602e-048	1.57414e-048	6.36876e-052	1.1725e-053	3.20582e-057	4.05309e-059	7.66244e-063	8.6767e-065	3.56928e-067	1.32129e-067	3.70411e-068	
N21	1.50484e-030	6.28078e-031	1.27605e-027	3.37265e-022	5.05317e-017	3.74305e-012	1.13042e-007	0.000971359	0.996133	0.00289486	9.14553e-007	7.85177e-011	2.67868e-015	4.45625e-020	4.09716e-025	2.29658e-030	5.30386e-035	9.3873e-036	7.78687e-039	8.95737e-040	5.14363e-043	3.4518e-044	1.44431e-047	5.81181e-049	1.8e-052	4.40045e-054	9.24232e-058	1.40916e-059	1.30131e-063	1.34947e-065	1.89059e-071	9.33578e-075	9.48386e-081	1.73285e-084	1.2195e-090	1.42278e-094	8.4773e-100	8.28649e-102	6.09557e-104	
Crenetermes_albotarsalis	0	0	0	0	0	0	0	0	1	0	0	0	0	0	0	0	0	0	0	0	0	0	0	0	0	0	0	0	0	0	0	0	0	0	0	0	0	0	0	
Thoracotermes_macrothorax	0	0	0	0	0	0	0	0	1	0	0	0	0	0	0	0	0	0	0	0	0	0	0	0	0	0	0	0	0	0	0	0	0	0	0	0	0	0	0	
Cubitermes_sp	0	0	0	0	0	0	0	0	1	0	0	0	0	0	0	0	0	0	0	0	0	0	0	0	0	0	0	0	0	0	0	0	0	0	0	0	0	0	0	
N22	3.03835e-030	2.63409e-029	5.17028e-025	2.88911e-019	7.02564e-014	6.43569e-009	0.000155348	0.0346375	0.964872	0.000335575	2.08007e-008	4.41721e-013	4.13519e-018	1.9087e-023	4.62327e-029	7.73839e-035	7.50165e-039	4.25175e-039	7.46783e-041	3.62276e-041	5.38835e-043	1.90719e-043	2.44368e-045	6.22781e-046	6.95822e-048	1.23954e-048	1.21038e-050	1.42543e-051	1.11032e-053	7.68566e-055	3.26592e-058	2.47868e-060	6.37127e-064	3.78956e-066	6.42729e-070	3.45421e-072	1.03447e-074	8.97122e-076	5.80602e-077	
N23	1.64661e-031	1.10027e-032	9.72002e-029	1.47035e-022	1.0546e-016	3.13898e-011	2.6268e-006	0.00627548	0.993409	0.000312568	1.19876e-008	1.32223e-013	5.80003e-019	1.17924e-024	1.22753e-030	6.15755e-034	1.14623e-037	3.46091e-039	3.39893e-043	4.43673e-045	1.06606e-044	5.8547e-042	6.91781e-044	7.04285e-044	5.09088e-046	3.49612e-046	1.10828e-049	5.30005e-050	6.0615e-054	1.60418e-054	8.28372e-059	1.17513e-060	4.48053e-065	3.40431e-067	9.10681e-072	5.19991e-074	1.31444e-076	9.57066e-077	4.35417e-077	
Odontotermes_sp	0	0	0	0	0	0	0	0	1	0	0	0	0	0	0	0	0	0	0	0	0	0	0	0	0	0	0	0	0	0	0	0	0	0	0	0	0	0	0	
N24	3.68291e-032	1.14152e-033	7.84458e-030	6.37146e-024	2.74797e-018	5.52325e-013	4.12116e-008	0.000730687	0.998795	0.000474459	2.82028e-008	4.95924e-013	3.62202e-018	1.30882e-023	2.59411e-029	1.67651e-034	2.67134e-038	3.9805e-040	4.54123e-044	3.30667e-046	2.32099e-050	8.35043e-053	3.64401e-057	6.27403e-060	1.63216e-064	1.23902e-067	1.16737e-072	3.96207e-076	5.29652e-082	7.21723e-086	3.50312e-093	5.9206e-099	2.67461e-107	7.52069e-038	6.66073e-040	6.61649e-040	3.44387e-040	2.05616e-038	9.26357e-037	
Tuberculitermes_bycanistes	0	0	0	0	0	0	0	0	1	0	0	0	0	0	0	0	0	0	0	0	0	0	0	0	0	0	0	0	0	0	0	0	0	0	0	0	0	0	0	
Unguitermes_sp	0	0	0	0	0	0	0	0	1	0	0	0	0	0	0	0	0	0	0	0	0	0	0	0	0	0	0	0	0	0	0	0	0	0	0	0	0	0	0	
Procubitermes_sp	0	0	0	0	0	0	1	0	0	0	0	0	0	0	0	0	0	0	0	0	0	0	0	0	0	0	0	0	0	0	0	0	0	0	0	0	0	0	0	
N25	2.40298e-028	9.48902e-030	6.42901e-027	1.19042e-021	1.28734e-016	7.08752e-012	1.64269e-007	0.00113143	0.996012	0.00285566	1.02221e-006	1.06888e-010	4.64667e-015	1.01905e-019	1.27306e-024	1.21686e-029	1.28452e-033	2.48138e-035	8.082e-039	9.0525e-041	1.94431e-044	1.25664e-046	1.85755e-050	6.9624e-053	7.25815e-057	1.64227e-059	2.22725e-062	7.63956e-063	1.24856e-062	1.83058e-059	5.29769e-059	2.04065e-057	8.60802e-058	3.07227e-057	8.73274e-061	1.15059e-062	9.55117e-065	2.93154e-065	6.80124e-066	
N26	1.26694e-031	4.25661e-033	7.19276e-030	4.6525e-024	1.66872e-018	2.92673e-013	2.07691e-008	0.000417636	0.998083	0.00149917	2.36541e-007	9.86288e-012	1.59644e-016	1.23306e-021	5.15153e-027	1.32552e-032	1.74978e-037	2.50027e-039	3.52108e-043	1.46135e-044	1.54172e-043	2.92078e-041	6.37706e-043	6.39544e-043	1.16516e-044	8.13742e-045	1.21037e-046	5.79037e-047	5.00979e-049	1.70278e-049	4.52979e-053	1.31367e-054	2.62576e-058	3.70097e-060	5.38046e-064	5.84628e-066	7.54045e-069	3.44583e-069	1.24892e-069	
Ephelotermes_melachoma	0	0	0	0	0	0	0	0	1	0	0	0	0	0	0	0	0	0	0	0	0	0	0	0	0	0	0	0	0	0	0	0	0	0	0	0	0	0	0	
N27	2.78462e-032	3.94547e-033	1.54778e-029	8.49032e-024	2.5982e-018	3.93743e-013	2.46002e-008	0.00044705	0.998175	0.00137786	2.12278e-007	9.03356e-012	1.54059e-016	1.28225e-021	5.86154e-027	1.61552e-032	1.6954e-037	9.95919e-039	3.19774e-042	1.16342e-043	2.4297e-047	4.784e-049	6.712e-053	7.18557e-055	6.80317e-059	3.86656e-061	2.52533e-065	1.5324e-066	1.0205e-068	1.40411e-066	3.30099e-066	8.81883e-064	3.57394e-064	4.53429e-063	2.6999e-067	2.06474e-069	1.43179e-072	7.87299e-073	3.21261e-073	
N28	8.55525e-035	4.14801e-037	3.23357e-033	9.48992e-027	1.28407e-020	7.62792e-015	1.74368e-009	0.000118147	0.999574	0.000307596	1.15497e-008	1.26112e-013	5.37237e-019	1.02391e-024	9.3313e-031	4.57347e-037	4.5472e-041	2.91943e-041	3.1075e-043	1.45435e-043	1.21511e-045	3.79788e-046	2.50527e-048	5.09143e-049	2.62686e-051	3.28405e-052	1.27814e-054	8.87921e-056	2.18718e-058	7.0269e-060	4.068e-064	5.93427e-067	8.91904e-072	5.81488e-037	1.07224e-038	1.05454e-038	4.53285e-039	1.32523e-037	3.04149e-036	
N29	3.0655e-037	9.57584e-040	5.39107e-035	2.96229e-028	7.83407e-022	9.32084e-016	4.35713e-010	5.95978e-005	0.999779	0.000161212	3.02417e-009	1.60614e-014	3.38195e-020	3.27392e-026	1.57832e-032	1.28843e-038	9.53127e-043	1.6881e-046	1.03947e-050	1.05613e-052	3.99742e-057	2.86374e-059	6.73185e-064	2.09312e-066	2.98243e-071	3.93065e-074	3.06031e-079	1.59279e-082	4.38883e-088	8.08007e-092	9.1338e-100	1.47434e-105	1.7906e-114	1.3637e-038	6.22814e-041	6.39774e-041	8.41646e-042	1.2767e-039	1.31111e-037	
Ephelotermes_taylori	0	0	0	0	0	0	0	0	1	0	0	0	0	0	0	0	0	0	0	0	0	0	0	0	0	0	0	0	0	0	0	0	0	0	0	0	0	0	0	
Microtermes_sp	0	0	0	0	0	0	0	0	1	0	0	0	0	0	0	0	0	0	0	0	0	0	0	0	0	0	0	0	0	0	0	0	0	0	0	0	0	0	0	
Protermes_sp	0	0	0	0	0	0	0	0	1	0	0	0	0	0	0	0	0	0	0	0	0	0	0	0	0	0	0	0	0	0	0	0	0	0	0	0	0	0	0	
Macrognathotermes_sunteri	0	0	0	0	0	0	0	0	1	0	0	0	0	0	0	0	0	0	0	0	0	0	0	0	0	0	0	0	0	0	0	0	0	0	0	0	0	0	0	
Lophotermes_septentrionalis	0	0	0	0	0	0	0	0	1	0	0	0	0	0	0	0	0	0	0	0	0	0	0	0	0	0	0	0	0	0	0	0	0	0	0	0	0	0	0	
N30	1.71742e-021	3.29883e-022	3.3958e-020	4.75527e-016	4.02085e-012	1.70589e-008	2.97978e-005	0.0150296	0.958069	0.0267717	0.000100096	1.11703e-007	5.24137e-011	1.25163e-014	1.71847e-018	2.58764e-022	4.45151e-025	4.12828e-026	1.0372e-028	5.65265e-030	9.85869e-033	3.23406e-034	4.13377e-037	8.2907e-039	7.98933e-042	9.72444e-044	6.67526e-047	4.85825e-049	1.55151e-052	7.18931e-055	2.02819e-059	1.22954e-062	2.11147e-067	7.89321e-071	8.58545e-076	2.63824e-079	3.04596e-083	1.4677e-085	5.41362e-088	
Macrotermes_bellicosus	0	0	0	0	0	0	0	0	1	0	0	0	0	0	0	0	0	0	0	0	0	0	0	0	0	0	0	0	0	0	0	0	0	0	0	0	0	0	0	
Pseudacanthotermes_militaris	0	0	0	0	0	0	0	0	1	0	0	0	0	0	0	0	0	0	0	0	0	0	0	0	0	0	0	0	0	0	0	0	0	0	0	0	0	0	0	
Schedorhinotermes_lamanianus	0	0	0	0	0	0	1	0	0	0	0	0	0	0	0	0	0	0	0	0	0	0	0	0	0	0	0	0	0	0	0	0	0	0	0	0	0	0	0	
N31	1.13874e-017	1.65735e-018	5.01134e-017	2.11818e-013	5.55879e-010	7.19432e-007	0.000372873	0.053188	0.882376	0.0633894	0.000670928	2.17705e-006	3.00419e-009	2.1235e-012	8.73721e-016	1.3319e-018	6.92665e-021	4.98479e-022	1.98813e-024	8.26463e-026	2.29758e-028	5.72065e-030	1.16605e-032	1.76363e-034	2.6464e-037	2.41209e-039	2.33312e-042	1.27185e-044	4.45269e-048	1.50576e-050	1.38774e-054	1.25481e-057	6.91665e-062	4.09279e-065	1.44663e-069	7.35327e-073	2.22394e-076	9.74135e-079	3.39732e-081	
Coptotermes_acinaciformis	0	0	0	0	0	0	0	0	1	0	0	0	0	0	0	0	0	0	0	0	0	0	0	0	0	0	0	0	0	0	0	0	0	0	0	0	0	0	0	
N32	5.6583e-027	1.16735e-029	1.13961e-026	2.10527e-021	2.13542e-016	1.06181e-011	2.16071e-007	0.00128542	0.995594	0.00311905	1.26328e-006	1.48535e-010	7.12221e-015	1.67305e-019	2.15945e-024	2.94686e-029	1.62737e-033	1.52119e-036	9.45239e-041	8.96462e-044	1.21e-042	5.85014e-041	6.22157e-043	4.17909e-044	3.6883e-046	1.70284e-047	1.15492e-049	3.54892e-051	1.37411e-053	2.78068e-055	2.87368e-058	2.30686e-060	1.49184e-063	7.42012e-066	3.22292e-069	1.31209e-071	1.86696e-074	4.64112e-076	1.02233e-077	
Reticulitermes_flavipes	0	0	0	0	0	0	0	0	1	0	0	0	0	0	0	0	0	0	0	0	0	0	0	0	0	0	0	0	0	0	0	0	0	0	0	0	0	0	0	
N33	1.80719e-034	4.26869e-036	5.38506e-032	8.18197e-026	6.79797e-020	2.7466e-014	4.44322e-009	0.000198993	0.99913	0.00067118	4.45226e-008	7.68549e-013	5.12144e-018	1.62424e-023	2.7793e-029	2.82565e-035	7.39109e-041	6.68702e-043	5.0863e-047	3.00609e-049	1.40254e-053	4.21023e-056	1.20554e-060	1.79957e-063	2.95931e-068	2.09465e-071	1.58499e-076	4.97201e-080	9.35813e-086	1.1532e-089	3.173e-097	1.31738e-102	4.02605e-111	3.28191e-037	3.40139e-039	4.24609e-039	1.45731e-040	8.48283e-039	4.8509e-037	
Reticulitermes_lucifugus	0	0	0	0	0	0	0	0	1	0	0	0	0	0	0	0	0	0	0	0	0	0	0	0	0	0	0	0	0	0	0	0	0	0	0	0	0	0	0	
Reticulitermes_urbis	0	0	0	0	0	0	0	0	1	0	0	0	0	0	0	0	0	0	0	0	0	0	0	0	0	0	0	0	0	0	0	0	0	0	0	0	0	0	0	
N34	6.72596e-016	3.39731e-015	1.72538e-012	6.19859e-009	8.34902e-006	0.00106916	0.0351409	0.355427	0.595656	0.0126566	4.15301e-005	4.35999e-008	2.04362e-011	1.61821e-014	2.43779e-016	1.30456e-017	3.24527e-018	1.29483e-017	2.15342e-018	3.55173e-018	2.50778e-019	1.1345e-019	1.4175e-021	9.30206e-023	3.81396e-025	8.78685e-027	1.52715e-029	1.55767e-031	7.08501e-035	3.66905e-037	3.51482e-041	4.02674e-044	2.0613e-048	1.28888e-051	4.56014e-056	5.87733e-059	7.90264e-062	2.60674e-063	6.37733e-065	
N35	3.47394e-017	5.89775e-017	4.72445e-014	3.40999e-010	8.18787e-007	0.000331013	0.0141775	0.234383	0.722009	0.0289649	0.000133579	1.42577e-007	5.02978e-011	1.05697e-014	1.43629e-017	1.14765e-018	2.85755e-021	9.19575e-023	3.49268e-025	3.72895e-027	1.39009e-029	4.85584e-032	2.73234e-035	3.19517e-038	4.41876e-042	7.21056e-042	9.40922e-044	1.83728e-043	3.94905e-044	8.76487e-044	1.45016e-045	2.25099e-046	6.5449e-049	7.41395e-050	7.16744e-053	4.54809e-054	1.8171e-054	9.46829e-055	3.33341e-055	
N36	2.12519e-017	4.47172e-016	2.02217e-012	4.8687e-009	3.87945e-006	0.000745069	0.0173653	0.222003	0.718013	0.0415123	0.000357406	7.87493e-007	5.37793e-010	1.12745e-013	5.44586e-018	4.45854e-021	4.2919e-024	1.71329e-025	9.47803e-029	1.66438e-030	4.8465e-034	4.11888e-036	1.07564e-039	2.19607e-040	1.29767e-042	4.20085e-043	9.1776e-046	2.24218e-046	1.3101e-049	2.10304e-050	4.02249e-054	1.21122e-055	1.7445e-059	2.18961e-061	2.50848e-065	1.80141e-066	1.40354e-067	6.06961e-066	2.31169e-064	
N37	3.04567e-012	1.37658e-009	2.84126e-007	2.72861e-005	0.00114041	0.0162177	0.0342522	0.180195	0.673369	0.0910862	0.00365238	5.82503e-005	3.91447e-007	9.72222e-010	4.26055e-013	4.73814e-016	8.32938e-018	1.18026e-017	1.2732e-019	8.48862e-020	5.69771e-022	2.00332e-022	9.15116e-025	1.78671e-025	5.46642e-028	6.13944e-029	8.87704e-032	6.2837e-033	5.9436e-037	2.32949e-038	6.1451e-043	2.14125e-045	3.89874e-050	5.87871e-053	7.07098e-058	7.66442e-061	1.82533e-064	1.02884e-065	4.2741e-067	
Bifiditermes_improbus	0	0	0	0	0	1	0	0	0	0	0	0	0	0	0	0	0	0	0	0	0	0	0	0	0	0	0	0	0	0	0	0	0	0	0	0	0	0	0	
Neotermes_insularis	0	0	0	0	0	0	0	0	0	0	0	0	0	1	0	0	0	0	0	0	0	0	0	0	0	0	0	0	0	0	0	0	0	0	0	0	0	0	0	
N38	3.93861e-021	5.22693e-021	1.025e-016	1.423e-012	8.19877e-009	1.39603e-005	0.00392206	0.341488	0.638785	0.0157523	3.88098e-005	2.27996e-008	4.80696e-012	4.60045e-016	2.53238e-020	7.12838e-023	7.11591e-026	1.00581e-027	5.74908e-031	4.15167e-033	1.23897e-036	4.90034e-039	5.77726e-043	1.35442e-045	4.27856e-050	1.09065e-050	2.57652e-052	7.62054e-052	2.16462e-052	8.0998e-051	1.64971e-051	3.46154e-050	2.39923e-050	9.74424e-050	4.40412e-051	5.83541e-051	3.56762e-052	3.69615e-051	5.86426e-050	
N39	2.182e-021	4.18498e-021	1.99804e-016	2.97426e-012	1.34953e-008	1.95378e-005	0.00775474	0.525054	0.466521	0.000651263	1.28993e-007	7.67582e-012	1.89752e-016	2.32461e-021	1.5877e-026	3.5278e-031	2.28008e-035	1.61402e-038	6.60166e-043	1.68482e-044	3.34661e-044	4.92615e-045	2.30702e-047	7.10219e-049	2.54232e-051	4.11938e-038	5.69221e-038	8.91257e-036	4.61618e-035	8.93249e-034	4.16925e-034	1.10499e-033	1.58138e-034	1.65261e-034	1.21746e-035	1.16573e-035	7.35336e-036	6.0638e-035	4.23623e-034	
N40	5.81348e-027	4.38633e-026	7.9203e-022	1.06701e-016	6.37444e-012	1.3582e-007	0.000733509	0.51321	0.485758	0.000297758	2.99094e-008	9.71111e-013	1.37683e-017	1.02799e-022	1.68501e-027	3.53663e-029	1.25285e-032	1.72918e-034	3.51459e-038	2.65758e-040	2.76167e-044	1.2756e-046	5.88001e-051	1.80213e-053	3.1714e-058	6.71828e-061	3.75689e-066	5.29166e-069	7.99099e-075	5.13315e-078	3.29422e-084	2.25755e-088	9.3123e-095	2.93836e-099	7.47143e-106	1.61358e-110	1.99199e-115	1.96859e-118	1.29389e-121	
Cryptotermes_austrinus	0	0	0	0	0	0	0	1	0	0	0	0	0	0	0	0	0	0	0	0	0	0	0	0	0	0	0	0	0	0	0	0	0	0	0	0	0	0	0	
Cryptotermes_queenslandis	0	0	0	0	0	0	0	0	1	0	0	0	0	0	0	0	0	0	0	0	0	0	0	0	0	0	0	0	0	0	0	0	0	0	0	0	0	0	0	
N41	1.93338e-016	1.03363e-014	6.78609e-011	5.17982e-008	1.3183e-005	0.00134136	0.0516102	0.556509	0.390454	7.25998e-005	2.79379e-009	4.06235e-014	2.88539e-019	1.15586e-024	2.86246e-030	1.16007e-035	1.45536e-039	2.12511e-041	3.03547e-045	2.64426e-047	2.70902e-051	1.42342e-053	1.07666e-057	3.38254e-060	1.86749e-064	3.42288e-067	1.12632e-071	1.20192e-074	3.8182e-080	2.58113e-083	1.25026e-089	5.95282e-094	1.83233e-100	3.89058e-105	7.29249e-112	1.0404e-116	2.84015e-122	1.6134e-125	6.27052e-129	
Cryptotermes_primus	0	0	1	0	0	0	0	0	0	0	0	0	0	0	0	0	0	0	0	0	0	0	0	0	0	0	0	0	0	0	0	0	0	0	0	0	0	0	0	
Incisitermes_sp	0	0	0	0	0	0	0	0	1	0	0	0	0	0	0	0	0	0	0	0	0	0	0	0	0	0	0	0	0	0	0	0	0	0	0	0	0	0	0	
N42	3.82532e-021	6.15211e-019	2.86696e-016	3.28396e-013	1.0532e-009	1.69632e-006	0.00232235	0.410089	0.576604	0.0109782	4.5368e-006	2.6986e-010	4.06427e-015	1.94918e-020	4.05352e-026	8.41126e-029	6.12987e-030	1.74689e-029	1.16611e-030	2.17756e-030	1.13311e-031	1.41469e-031	5.1078e-033	4.47628e-033	8.07312e-035	5.62666e-035	6.27218e-037	3.51415e-037	1.5103e-039	6.44875e-040	6.37489e-043	7.30591e-044	5.2414e-047	2.31155e-048	1.2703e-051	3.49086e-053	4.41544e-056	2.29025e-056	1.26928e-056	
N43	3.63421e-021	4.27946e-019	3.4575e-016	1.0083e-012	2.12715e-009	2.41915e-006	0.00277525	0.431259	0.55645	0.00951053	3.18882e-006	1.21847e-010	7.7187e-016	1.48977e-021	1.14807e-027	9.15545e-034	9.44811e-039	5.89039e-040	2.67023e-042	9.2057e-042	1.55471e-043	3.98436e-042	4.25351e-044	8.25935e-043	4.56128e-045	7.21022e-044	1.8758e-046	2.50111e-045	1.73929e-048	2.01793e-047	1.10413e-051	7.07596e-051	1.62655e-055	1.21839e-055	2.41339e-060	5.68468e-061	9.7943e-066	1.10258e-066	3.19034e-066	
Cryptotermes_brevis	0	0	0	0	0	1	0	0	0	0	0	0	0	0	0	0	0	0	0	0	0	0	0	0	0	0	0	0	0	0	0	0	0	0	0	0	0	0	0	
N44	1.45587e-020	8.49066e-018	1.04544e-013	8.27218e-011	1.7982e-008	3.22819e-006	0.00294144	0.440834	0.546797	0.00941939	5.8479e-006	6.16724e-010	8.298e-015	3.17188e-020	3.76462e-026	8.52996e-031	5.00037e-034	1.24095e-035	8.32868e-039	9.3078e-038	2.3467e-039	1.62717e-038	2.87289e-040	1.25006e-039	5.08986e-042	1.83287e-041	2.04382e-044	6.28865e-044	1.48212e-047	3.55899e-047	1.51191e-051	6.80489e-052	2.1969e-056	7.57459e-058	1.9742e-062	3.07098e-064	5.24916e-069	3.51284e-068	1.02947e-067	
N45	4.60061e-010	5.42799e-008	2.36643e-006	8.12277e-006	1.03784e-005	0.000150962	0.0138219	0.434588	0.529942	0.0212592	0.000216979	6.3207e-007	1.38598e-010	1.09806e-014	4.24856e-019	6.81044e-023	2.36234e-025	8.9956e-026	2.25324e-028	4.60242e-029	7.94917e-032	9.25197e-033	1.16941e-035	7.92349e-037	7.36751e-040	2.90339e-041	1.47544e-044	3.58485e-046	8.07147e-051	1.04736e-052	7.22072e-058	7.53053e-061	3.59901e-066	1.43792e-069	4.23013e-075	1.36171e-078	1.40321e-082	2.8142e-084	4.02801e-086	
Cryptotermes_domesticus	0	0	1	0	0	0	0	0	0	0	0	0	0	0	0	0	0	0	0	0	0	0	0	0	0	0	0	0	0	0	0	0	0	0	0	0	0	0	0	
Procryptotermes_australiensis	0	0	0	0	0	0	0	0	0	0	0	1	0	0	0	0	0	0	0	0	0	0	0	0	0	0	0	0	0	0	0	0	0	0	0	0	0	0	0	
N46	3.47521e-025	7.44652e-023	2.33387e-018	4.63277e-014	4.99125e-010	2.38793e-006	0.00365334	0.876603	0.119222	0.000518491	4.56681e-007	1.41567e-010	2.01964e-014	1.55394e-018	7.1806e-023	7.27214e-027	5.15774e-030	6.76146e-032	4.37005e-035	3.77564e-037	1.72277e-040	9.92746e-043	3.45311e-046	1.27234e-048	3.39016e-052	7.65257e-055	1.35229e-058	1.85869e-061	1.2615e-065	1.12269e-068	1.4527e-073	3.38869e-077	2.67248e-082	2.86615e-086	1.3725e-091	1.21187e-095	3.20718e-100	3.13371e-103	2.46915e-106	
Cryptotermes_dudleyi	0	0	0	0	0	0	0	1	0	0	0	0	0	0	0	0	0	0	0	0	0	0	0	0	0	0	0	0	0	0	0	0	0	0	0	0	0	0	0	
Cryptotermes_secundus	0	0	0	0	0	0	0	1	0	0	0	0	0	0	0	0	0	0	0	0	0	0	0	0	0	0	0	0	0	0	0	0	0	0	0	0	0	0	0	
Cryptotermes_cynocephalus	0	0	0	0	0	0	0	0	0	1	0	0	0	0	0	0	0	0	0	0	0	0	0	0	0	0	0	0	0	0	0	0	0	0	0	0	0	0	0	
N47	1.59849e-018	3.14175e-020	1.94249e-018	1.55814e-014	6.92967e-011	1.4597e-007	0.000120628	0.0289114	0.943091	0.0277548	0.000122178	1.6634e-007	9.67768e-011	2.97206e-014	7.35025e-018	4.84821e-020	8.44285e-023	8.8949e-025	1.00451e-027	5.91586e-030	4.58014e-033	1.56349e-035	8.21937e-039	1.65703e-041	5.2044e-045	6.73325e-048	1.26683e-051	1.06812e-054	9.92017e-059	5.13273e-062	1.98719e-066	4.2173e-070	9.55554e-075	1.40063e-078	2.02824e-083	2.80362e-087	4.15443e-091	3.15111e-094	1.86831e-097	
Glyptotermes_brevicornis	0	0	0	0	0	0	0	0	1	0	0	0	0	0	0	0	0	0	0	0	0	0	0	0	0	0	0	0	0	0	0	0	0	0	0	0	0	0	0	
Glyptotermes_iridipennis	0	0	0	0	0	0	0	0	1	0	0	0	0	0	0	0	0	0	0	0	0	0	0	0	0	0	0	0	0	0	0	0	0	0	0	0	0	0	0	
Kalotermes_flavicollis	0	0	0	0	0	0	0	0	0	0	0	0	0	0	0	0	0	0	0	0	0	1	0	0	0	0	0	0	0	0	0	0	0	0	0	0	0	0	0	
N48	3.17449e-010	6.00321e-009	7.3647e-007	5.75489e-005	0.00215302	0.0362882	0.245535	0.519197	0.193007	0.00372835	3.29178e-005	4.94008e-007	7.93679e-009	6.13306e-011	2.10333e-013	3.93565e-016	1.62133e-018	8.50878e-019	1.83827e-020	6.21102e-021	8.40448e-023	1.57128e-023	1.45841e-025	1.57408e-026	1.05143e-028	6.60186e-030	3.00223e-032	1.08747e-033	2.07658e-036	4.71712e-038	1.27803e-041	7.23118e-044	1.2744e-047	4.48691e-050	5.61103e-054	1.33162e-056	3.32151e-060	5.73732e-062	1.06965e-063	
Porotermes_adamsoni	0	0	0	0	0	0	0	1	0	0	0	0	0	0	0	0	0	0	0	0	0	0	0	0	0	0	0	0	0	0	0	0	0	0	0	0	0	0	0	
N49	0.0148876	0.115312	0.394131	0.4468	0.0279447	0.000597859	6.26673e-006	1.15829e-005	6.9289e-005	0.0001218	8.63415e-005	2.76833e-005	3.95187e-006	2.02245e-007	1.68386e-010	1.83645e-013	3.44225e-016	3.85626e-018	4.83967e-021	2.69817e-023	2.07218e-026	6.35201e-029	3.28845e-032	5.85313e-035	2.10364e-038	2.20908e-041	5.19591e-045	3.18195e-048	3.95512e-052	1.40473e-055	6.51754e-060	1.0765e-063	2.83354e-068	3.10271e-072	5.15115e-077	4.75243e-081	2.82484e-085	1.0112e-088	3.0592e-092	
Stolotermes_sp	0	0	0	1	0	0	0	0	0	0	0	0	0	0	0	0	0	0	0	0	0	0	0	0	0	0	0	0	0	0	0	0	0	0	0	0	0	0	0	
N50	0.105288	0.0321886	0.00273283	7.4099e-005	3.5821e-007	5.57711e-010	3.93528e-013	1.13568e-012	2.88555e-010	2.93932e-008	1.25598e-006	2.19879e-005	0.000622703	0.781064	0.055644	0.0221724	0.000175872	1.38648e-005	3.02265e-008	8.18425e-010	2.1702e-013	2.65209e-015	2.37851e-019	1.44397e-021	6.06291e-026	1.88328e-028	4.39257e-033	6.8545e-036	9.87357e-041	7.31759e-044	6.94127e-049	2.39643e-052	1.51502e-057	3.23397e-061	1.4889e-066	8.81635e-070	2.93975e-072	9.5362e-075	2.18528e-077	
Zootermopsis_angusticollis	0	0	0	0	0	0	0	0	0	0	0	0	0	1	0	0	0	0	0	0	0	0	0	0	0	0	0	0	0	0	0	0	0	0	0	0	0	0	0	
Zootermopsis_nevadensis	0	0	0	0	0	0	0	0	0	0	0	0	0	1	0	0	0	0	0	0	0	0	0	0	0	0	0	0	0	0	0	0	0	0	0	0	0	0	0	
Mastotermes_darwiniensis	0	0	0	0	0	0	0	0	0	0	0	0	0	0	0	0	0	0	0	0	0	0	0	0	0	0	0	0	0	0	0	0	0	0	0	0	1	0	0	
