NODE	13	14	15	16	17	18	19	20	21	22	23	24	25	26	27	28	29	30	31	32	33	34	35	36	37	38	39	40	41	42	43	44	45	46	47	48	49	50	51	
N1	2.30739e-009	4.25337e-008	4.13346e-006	0.000283707	0.0082358	0.0883521	0.323851	0.393246	0.160512	0.024184	0.00130724	2.36797e-005	1.41529e-007	3.27252e-010	3.53943e-013	3.18742e-018	6.09572e-020	9.54998e-022	1.2596e-023	1.42211e-025	1.38815e-027	1.17935e-029	8.76849e-032	5.73483e-034	3.31651e-036	1.70475e-038	7.82825e-041	3.22718e-043	1.19994e-045	4.04199e-048	1.23876e-050	3.46954e-053	8.92896e-056	2.12879e-058	4.76772e-061	1.02563e-063	2.17841e-066	4.66205e-069	1.12221e-071	
N2	1.08887e-008	7.57422e-007	4.75806e-005	0.00154596	0.0238743	0.16022	0.412827	0.336917	0.0613666	0.00310822	9.11727e-005	1.87845e-006	2.17847e-008	1.32488e-010	4.41714e-013	1.00969e-015	3.13037e-018	1.50016e-019	1.16335e-021	4.25518e-023	1.98523e-025	4.03335e-027	1.12182e-029	1.34706e-031	2.18616e-034	1.62464e-036	1.54773e-039	7.27651e-042	4.23721e-045	1.266e-047	4.73318e-051	8.95888e-054	2.22419e-057	2.64589e-060	4.46465e-064	3.51863e-067	4.63726e-071	5.47297e-074	1.31863e-076	
N3	5.02194e-012	3.5862e-010	1.26497e-007	2.2105e-005	0.00156333	0.0385531	0.291178	0.535471	0.12935	0.00382841	3.36223e-005	1.31467e-007	3.49375e-010	6.52747e-012	2.42532e-014	7.7701e-016	1.57119e-018	2.7721e-020	2.83311e-023	2.91028e-025	1.5901e-028	9.89102e-031	3.07949e-034	1.17041e-036	2.22867e-040	5.14155e-043	6.43444e-047	9.04024e-050	7.91489e-054	7.07553e-057	4.5553e-061	2.87546e-064	1.43367e-068	7.34929e-072	3.04777e-076	1.44958e-079	4.17322e-083	2.34905e-085	1.73477e-087	
N4	9.58724e-019	7.58676e-018	3.04834e-014	7.38605e-011	8.6301e-008	4.09247e-005	0.00615075	0.203472	0.777211	0.0130844	4.12383e-005	4.38259e-008	2.07581e-011	6.06993e-015	2.09536e-018	9.76453e-021	8.1722e-024	2.87766e-026	1.45689e-029	2.73158e-032	8.46701e-036	8.91835e-039	1.61602e-042	9.93176e-046	9.90911e-050	3.56016e-053	1.94154e-057	3.86695e-061	1.21666e-065	1.29914e-069	2.49628e-074	1.78855e-078	2.19069e-083	1.20567e-087	9.95867e-093	5.10433e-097	3.03496e-101	8.46489e-105	1.89214e-108	
N5	1.8914e-023	7.09733e-023	1.56282e-018	2.29257e-014	1.65184e-010	4.87416e-007	0.000440705	0.0741129	0.915406	0.0100258	1.37346e-005	5.20689e-009	7.7986e-013	5.65396e-017	2.27077e-021	3.06579e-025	1.83174e-028	3.07167e-030	1.29593e-033	1.18444e-035	2.89936e-039	1.54785e-041	2.01419e-045	6.69435e-048	3.93582e-052	8.45872e-055	1.88439e-059	2.50004e-062	4.74154e-067	1.91532e-068	1.23736e-071	6.20249e-073	1.51013e-075	7.06924e-077	2.73289e-080	2.22063e-082	9.73597e-086	1.02974e-086	1.62109e-087	
N6	5.06497e-031	1.69446e-031	6.79429e-026	1.61302e-020	1.77972e-015	8.15927e-011	1.27178e-006	0.0043035	0.994036	0.00165853	2.86464e-007	1.27586e-011	2.11155e-016	1.53383e-021	5.37285e-027	1.02081e-032	5.07133e-037	1.35722e-037	1.73317e-039	4.99201e-040	5.06848e-042	9.66316e-043	7.87625e-045	9.77411e-046	6.03032e-048	1.12663e-048	5.58464e-049	5.55629e-046	5.27032e-044	1.02809e-040	1.66202e-039	2.35705e-037	7.38243e-037	9.17151e-036	5.5906e-037	5.46054e-037	5.12894e-038	6.37928e-037	1.07417e-035	
N7	6.72488e-035	9.10139e-034	7.34798e-028	3.54086e-022	8.36154e-017	8.63026e-012	3.08731e-007	0.00234151	0.996639	0.00101908	9.23503e-008	2.04931e-012	1.68185e-017	6.19097e-023	1.12837e-028	1.08245e-034	1.91168e-040	9.41015e-043	8.60726e-047	3.9046e-045	1.41601e-044	1.224e-042	2.3044e-044	5.04097e-044	6.72261e-046	1.03952e-045	7.29501e-048	8.66468e-048	1.38469e-050	1.40253e-050	1.35724e-053	1.00862e-052	5.47726e-054	3.73085e-053	4.14882e-055	4.91894e-055	5.58731e-057	3.7773e-055	4.6186e-053	
N8	7.4168e-031	3.13762e-031	6.64237e-026	9.98988e-021	8.23105e-016	3.28226e-011	5.16374e-007	0.0021892	0.995525	0.0022848	5.59362e-007	3.68186e-011	9.55043e-016	1.1984e-020	8.23811e-026	3.37702e-031	9.58233e-037	1.5502e-040	6.81787e-045	5.54002e-046	2.69128e-046	6.42365e-046	3.76017e-048	3.12457e-049	1.38384e-051	1.0094e-052	3.0615e-053	3.1813e-052	8.39954e-052	6.37108e-047	7.99962e-044	3.62926e-040	5.43104e-038	1.51497e-035	1.03294e-036	9.86915e-037	1.40179e-037	1.43196e-036	1.71396e-035	
N9	3.00062e-037	7.8545e-038	1.97125e-031	3.66737e-025	3.00413e-019	1.02528e-013	1.27091e-008	0.000382133	0.999203	0.000414654	1.4809e-008	1.27568e-013	3.98169e-019	5.19573e-025	3.00006e-031	1.00543e-037	2.17093e-042	1.09982e-043	7.67394e-046	3.228e-046	1.79109e-048	5.0788e-049	2.27314e-051	4.27069e-052	1.54208e-054	6.26638e-055	4.4987e-055	1.63957e-051	2.14756e-048	6.44276e-044	2.55741e-042	1.96106e-039	1.49993e-038	8.93773e-037	2.35954e-038	2.33041e-038	1.28877e-039	3.8224e-038	1.33199e-036	
N10	4.41287e-033	3.21792e-032	7.95514e-027	1.45016e-021	1.5143e-016	8.04526e-012	1.7982e-007	0.00119173	0.997565	0.00124321	1.95589e-007	9.12005e-012	1.78843e-016	1.78387e-021	1.01899e-026	3.61444e-032	9.15744e-038	2.17627e-040	4.15109e-044	6.87465e-046	8.93265e-050	8.75001e-052	8.13226e-056	4.78313e-058	3.28898e-062	1.1497e-064	5.94239e-069	1.18597e-071	4.07022e-076	4.40949e-079	4.17571e-085	1.30853e-089	6.82304e-096	1.43361e-100	4.37756e-107	7.15233e-112	7.49574e-118	5.15804e-121	2.88203e-124	
Amitermes_darwini	0	0	0	0	0	0	0	0	1	0	0	0	0	0	0	0	0	0	0	0	0	0	0	0	0	0	0	0	0	0	0	0	0	0	0	0	0	0	0	
Amitermes_germanus	0	0	0	0	0	0	0	0	1	0	0	0	0	0	0	0	0	0	0	0	0	0	0	0	0	0	0	0	0	0	0	0	0	0	0	0	0	0	0	
N11	4.61922e-033	5.02746e-034	1.35592e-029	1.71776e-023	7.93648e-018	1.09075e-012	5.06069e-008	0.000661439	0.998636	0.000702643	5.6703e-008	1.2842e-012	9.92511e-018	2.31701e-023	1.98767e-029	7.06153e-034	3.91847e-037	1.72473e-040	6.09797e-044	4.27345e-047	1.02444e-050	1.51034e-051	2.55621e-055	2.36732e-056	2.85491e-060	9.43235e-062	7.27124e-066	1.20347e-067	3.57606e-072	3.95844e-074	1.28384e-080	1.66565e-084	3.66645e-091	1.8323e-095	2.1057e-102	6.89403e-107	3.00087e-114	2.29001e-115	1.26322e-117	
Amitermes_parvus	0	0	0	0	0	0	0	0	1	0	0	0	0	0	0	0	0	0	0	0	0	0	0	0	0	0	0	0	0	0	0	0	0	0	0	0	0	0	0	
Pericapritermes_sp	0	0	0	0	0	0	0	0	1	0	0	0	0	0	0	0	0	0	0	0	0	0	0	0	0	0	0	0	0	0	0	0	0	0	0	0	0	0	0	
N12	9.10405e-031	2.86929e-029	2.93e-024	2.14758e-019	8.76572e-015	1.77181e-010	1.46399e-006	0.00346016	0.992919	0.00361804	1.59763e-006	2.0159e-010	1.03921e-014	2.65217e-019	3.76814e-024	3.22206e-029	1.89876e-034	2.04116e-036	1.27736e-039	9.41998e-041	4.0851e-044	1.75832e-045	5.55961e-049	1.43548e-050	3.36076e-054	5.27413e-056	8.39254e-060	8.20414e-062	5.85447e-066	3.84426e-068	9.50598e-074	2.2788e-077	3.87926e-083	4.31464e-087	4.84502e-093	3.93167e-097	7.85722e-103	3.40305e-105	1.62928e-107	
Drepanotermes_septentrionalis	0	0	0	0	0	0	0	0	1	0	0	0	0	0	0	0	0	0	0	0	0	0	0	0	0	0	0	0	0	0	0	0	0	0	0	0	0	0	0	
Odontotermes_sp	0	0	0	0	0	0	0	0	1	0	0	0	0	0	0	0	0	0	0	0	0	0	0	0	0	0	0	0	0	0	0	0	0	0	0	0	0	0	0	
N13	1.1573e-034	4.5927e-033	2.80339e-027	1.05092e-021	1.98129e-016	1.62063e-011	4.48079e-007	0.00259931	0.996154	0.00124629	1.38943e-007	3.73636e-012	3.66632e-017	1.63482e-022	3.77547e-028	4.91142e-034	4.49443e-040	1.94891e-042	2.05101e-046	2.19994e-045	1.03726e-045	1.63559e-044	2.50058e-046	3.66547e-046	4.40138e-048	4.29816e-048	3.82226e-050	2.51331e-050	8.2851e-053	4.1369e-053	5.71916e-057	9.00361e-059	9.11797e-063	7.10668e-065	4.92744e-069	3.0762e-071	5.1892e-075	2.49586e-075	1.17778e-075	
N14	1.2372e-030	7.51217e-028	6.242e-023	3.28093e-018	9.09981e-014	1.16967e-009	5.64924e-006	0.00703028	0.98961	0.00335213	1.49619e-006	1.9523e-010	1.04635e-014	2.76928e-019	4.05223e-024	3.53266e-029	2.14441e-034	5.53251e-036	4.77181e-039	6.53097e-040	3.85075e-043	3.01956e-044	1.28364e-047	5.92261e-049	1.86794e-052	5.09728e-054	1.13349e-057	1.84126e-059	1.90981e-063	2.03961e-065	2.54267e-070	8.36533e-072	9.88454e-076	7.87999e-078	5.08545e-082	3.23027e-084	6.77029e-088	3.8537e-088	1.95851e-088	
N15	1.31166e-026	6.91841e-026	2.12878e-021	4.87044e-017	6.37012e-013	4.21274e-009	1.16146e-005	0.0094211	0.981496	0.00906018	1.08338e-005	3.83795e-009	5.70042e-013	4.30112e-017	1.86207e-021	5.04792e-026	1.03765e-030	3.09133e-033	1.50225e-036	1.94404e-038	6.50203e-042	5.03443e-044	1.21948e-047	5.74364e-050	1.04444e-053	2.96963e-056	4.03308e-060	6.71641e-063	5.5311e-067	5.25477e-070	4.27478e-075	3.72603e-079	1.68956e-084	1.02516e-088	2.84684e-094	1.40481e-098	6.89232e-104	4.22261e-107	2.77467e-110	
Crenetermes_albotarsalis	0	0	0	0	0	0	0	0	1	0	0	0	0	0	0	0	0	0	0	0	0	0	0	0	0	0	0	0	0	0	0	0	0	0	0	0	0	0	0	
N16	1.27237e-028	4.95542e-028	3.18337e-023	1.50709e-018	4.06007e-014	5.49708e-010	3.07359e-006	0.00496975	0.989936	0.00508744	3.23131e-006	5.94689e-010	4.52572e-014	1.73258e-018	3.77661e-023	5.11326e-028	4.99801e-033	7.16918e-036	2.00253e-039	1.79844e-041	3.43887e-045	1.82243e-047	2.49149e-051	7.87872e-054	7.83544e-058	1.46735e-060	9.96168e-065	1.09484e-067	3.61975e-072	2.38617e-075	7.84041e-081	5.22499e-085	1.03623e-090	3.47135e-095	4.13904e-101	9.85188e-106	1.32472e-111	3.45583e-115	1.25325e-118	
Cubitermes_sp	0	0	0	0	0	0	0	0	1	0	0	0	0	0	0	0	0	0	0	0	0	0	0	0	0	0	0	0	0	0	0	0	0	0	0	0	0	0	0	
Thoracotermes_macrothorax	0	0	0	0	0	0	0	0	1	0	0	0	0	0	0	0	0	0	0	0	0	0	0	0	0	0	0	0	0	0	0	0	0	0	0	0	0	0	0	
N17	4.68452e-030	7.38578e-028	7.42763e-023	2.49414e-017	3.71272e-012	2.10896e-007	0.00318121	0.145439	0.851205	0.000175199	6.88856e-009	9.5095e-014	5.75634e-019	1.69055e-024	2.53656e-030	1.06414e-035	3.7716e-039	4.44916e-041	2.78472e-043	2.44261e-044	1.2407e-046	7.32077e-048	2.92594e-050	1.1086e-051	3.39421e-054	7.61307e-056	1.66462e-058	1.89241e-060	2.28752e-063	8.86469e-066	8.61367e-070	8.39023e-032	1.17523e-032	1.09038e-032	1.1469e-033	1.07402e-033	1.90931e-034	1.18111e-033	9.45177e-033	
Procubitermes_sp	0	0	0	0	0	0	1	0	0	0	0	0	0	0	0	0	0	0	0	0	0	0	0	0	0	0	0	0	0	0	0	0	0	0	0	0	0	0	0	
N18	4.47548e-034	1.99618e-033	4.46547e-027	6.36598e-021	4.45129e-015	1.27149e-009	9.75347e-005	0.0365775	0.963219	0.000106344	1.51034e-009	6.24895e-015	1.04724e-020	8.37493e-027	3.67686e-033	6.24624e-037	4.37158e-041	7.2106e-043	2.89265e-047	2.25923e-049	5.14348e-054	1.96929e-056	2.23813e-061	4.33574e-064	1.68116e-069	1.6713e-072	9.40576e-080	1.58091e-083	3.50605e-091	9.41134e-096	7.10355e-104	8.59596e-110	7.25236e-119	8.34624e-039	4.21147e-041	4.73517e-041	1.41847e-041	4.36343e-039	8.96179e-037	
Tuberculitermes_bycanistes	0	0	0	0	0	0	0	0	1	0	0	0	0	0	0	0	0	0	0	0	0	0	0	0	0	0	0	0	0	0	0	0	0	0	0	0	0	0	0	
Unguitermes_sp	0	0	0	0	0	0	0	0	1	0	0	0	0	0	0	0	0	0	0	0	0	0	0	0	0	0	0	0	0	0	0	0	0	0	0	0	0	0	0	
N19	7.28854e-027	4.41458e-026	1.40629e-021	3.35317e-017	4.60764e-013	3.23303e-009	9.57307e-006	0.00846955	0.982978	0.00853286	9.73542e-006	3.3246e-009	4.79855e-013	3.54147e-017	1.50774e-021	4.03347e-026	7.98337e-031	2.19414e-033	1.12973e-036	1.70102e-038	6.04522e-042	5.4772e-044	1.41207e-047	7.82466e-050	1.52045e-053	5.10925e-056	7.619e-060	1.4926e-062	1.52141e-066	1.61426e-069	1.3512e-074	1.16193e-078	5.24076e-084	3.34952e-088	9.21399e-094	4.8325e-098	2.70581e-103	1.93057e-106	1.38201e-109	
N20	4.38059e-031	5.40152e-031	1.05353e-025	1.45451e-020	1.09769e-015	4.00483e-011	5.77757e-007	0.00226991	0.995333	0.00239545	6.40619e-007	4.65525e-011	1.33597e-015	1.85226e-020	1.40328e-025	6.3129e-031	1.93815e-036	7.82332e-040	6.10765e-044	9.5071e-044	2.44921e-043	4.95925e-042	7.3774e-044	2.68211e-044	3.28733e-046	8.18612e-047	7.88363e-049	1.31991e-049	7.09537e-052	8.10143e-053	4.87814e-056	6.44053e-058	2.65563e-061	1.97725e-063	5.55078e-067	3.30671e-069	1.1668e-072	8.49454e-074	9.29066e-075	
Ephelotermes_melachoma	0	0	0	0	0	0	0	0	1	0	0	0	0	0	0	0	0	0	0	0	0	0	0	0	0	0	0	0	0	0	0	0	0	0	0	0	0	0	0	
N21	1.08453e-032	1.64974e-031	3.72824e-026	5.99949e-021	5.33226e-016	2.31513e-011	4.01247e-007	0.00190463	0.996079	0.00201525	4.46607e-007	2.7034e-011	6.52243e-016	7.6809e-021	4.99328e-026	1.94379e-031	5.1821e-037	2.46136e-039	6.97172e-043	2.34654e-044	4.51432e-048	8.68702e-050	1.17712e-053	1.32553e-055	1.24002e-059	8.32604e-062	4.5982e-066	1.91651e-068	3.74355e-073	1.04567e-075	8.54891e-082	1.06096e-085	5.88066e-092	2.60097e-096	9.20389e-103	2.46745e-107	9.8623e-114	9.93141e-117	1.43978e-119	
Ephelotermes_taylori	0	0	0	0	0	0	0	0	1	0	0	0	0	0	0	0	0	0	0	0	0	0	0	0	0	0	0	0	0	0	0	0	0	0	0	0	0	0	0	
Macrognathotermes_sunteri	0	0	0	0	0	0	0	0	1	0	0	0	0	0	0	0	0	0	0	0	0	0	0	0	0	0	0	0	0	0	0	0	0	0	0	0	0	0	0	
Lophotermes_septentrionalis	0	0	0	0	0	0	0	0	1	0	0	0	0	0	0	0	0	0	0	0	0	0	0	0	0	0	0	0	0	0	0	0	0	0	0	0	0	0	0	
N22	6.15877e-027	1.3422e-025	3.78666e-021	7.92144e-017	9.43053e-013	5.65771e-009	1.41144e-005	0.010343	0.980227	0.0094035	1.19642e-005	4.5522e-009	7.29494e-013	5.94562e-017	2.77552e-021	8.06569e-026	1.81501e-030	2.71209e-032	2.8231e-035	1.57331e-036	1.13251e-039	3.77812e-041	1.98744e-044	4.04801e-046	1.61672e-049	2.00045e-051	6.02435e-055	4.42091e-057	7.39757e-061	3.32309e-063	3.14098e-068	6.75951e-072	3.74138e-077	5.65651e-081	1.97036e-086	2.48939e-090	2.32009e-095	9.594e-098	4.51686e-099	
N23	5.56307e-026	1.37129e-025	3.71665e-021	7.51151e-017	8.75422e-013	5.21491e-009	1.31262e-005	0.00988777	0.979925	0.0101599	1.38715e-005	5.67247e-009	9.80788e-013	8.67296e-017	4.42428e-021	1.41985e-025	3.31827e-030	3.17295e-033	1.11213e-036	6.44812e-039	1.56648e-042	5.4144e-045	9.45589e-049	1.97156e-051	2.55668e-055	3.17775e-058	3.05315e-062	2.17384e-065	1.32031e-069	5.0001e-073	4.4468e-078	2.51148e-082	1.19434e-087	4.4024e-092	1.2297e-097	3.50072e-102	1.24655e-107	2.26927e-111	4.95559e-115	
Microcerotermes_boreus	0	0	0	0	0	0	0	0	1	0	0	0	0	0	0	0	0	0	0	0	0	0	0	0	0	0	0	0	0	0	0	0	0	0	0	0	0	0	0	
Microcerotermes_nervosus	0	0	0	0	0	0	0	0	1	0	0	0	0	0	0	0	0	0	0	0	0	0	0	0	0	0	0	0	0	0	0	0	0	0	0	0	0	0	0	
N24	7.82718e-029	6.00989e-029	5.08035e-024	3.16572e-019	1.12678e-014	2.0328e-010	1.53686e-006	0.00344193	0.992999	0.0035555	1.64066e-006	2.24357e-010	1.28618e-014	3.73858e-019	6.20906e-024	6.41664e-029	4.76777e-034	1.38289e-037	1.46888e-041	2.48832e-044	1.75974e-048	1.69663e-051	8.18559e-056	4.48514e-059	1.50156e-063	4.60308e-067	5.76184e-071	2.18449e-069	5.31305e-066	7.44678e-062	1.89107e-059	3.13047e-056	9.86145e-054	7.22307e-051	6.81738e-052	6.51062e-052	8.80434e-053	6.70511e-052	6.95233e-051	
N25	2.34351e-035	1.00493e-035	8.20068e-030	4.84123e-024	1.61578e-018	2.71403e-013	1.90002e-008	0.000390635	0.999202	0.00040751	2.06613e-008	3.07467e-013	1.90617e-018	5.94552e-024	1.04814e-029	1.13052e-035	8.54942e-042	1.12222e-045	2.59774e-050	2.14537e-053	3.06632e-058	1.33349e-061	1.18638e-066	2.62991e-070	1.42339e-075	1.49085e-079	4.45628e-085	1.92961e-089	2.18652e-095	3.1694e-100	1.25141e-107	4.74091e-114	1.77033e-122	2.46749e-036	9.26007e-038	9.06287e-038	6.64469e-039	1.27269e-037	3.01136e-036	
Nasutitermes_graveolus	0	0	0	0	0	0	0	0	1	0	0	0	0	0	0	0	0	0	0	0	0	0	0	0	0	0	0	0	0	0	0	0	0	0	0	0	0	0	0	
Nasutitermes_triodiae	0	0	0	0	0	0	0	0	1	0	0	0	0	0	0	0	0	0	0	0	0	0	0	0	0	0	0	0	0	0	0	0	0	0	0	0	0	0	0	
N26	6.07971e-033	1.7815e-032	5.09077e-027	1.06174e-021	1.25182e-016	7.36883e-012	1.77624e-007	0.00122061	0.9975	0.00127891	1.94558e-007	8.42709e-012	1.49349e-016	1.32076e-021	6.60019e-027	2.03013e-032	4.42896e-038	4.15972e-041	4.66016e-045	3.0491e-047	2.32816e-051	8.92878e-054	4.85824e-058	1.10658e-060	4.33899e-065	5.85452e-068	1.52077e-072	1.22191e-075	1.42026e-080	7.13298e-084	4.99491e-090	1.58491e-094	7.01745e-101	1.00777e-105	2.72886e-112	2.67677e-117	9.00553e-124	1.85809e-127	4.93168e-131	
Nasutitermes_longipennis	0	0	0	0	0	0	0	0	1	0	0	0	0	0	0	0	0	0	0	0	0	0	0	0	0	0	0	0	0	0	0	0	0	0	0	0	0	0	0	
Tumulitermes_pastinator	0	0	0	0	0	0	0	0	1	0	0	0	0	0	0	0	0	0	0	0	0	0	0	0	0	0	0	0	0	0	0	0	0	0	0	0	0	0	0	
N27	1.36321e-022	1.56193e-021	1.36221e-017	8.64098e-014	3.00775e-010	5.00273e-007	0.000319846	0.0530749	0.919263	0.0272333	0.00010862	1.26522e-007	6.06522e-011	1.45268e-014	1.96873e-018	1.69399e-022	1.98396e-026	5.94389e-028	8.34154e-031	2.56039e-032	2.45235e-035	4.38158e-037	3.0117e-040	3.17603e-042	1.56058e-045	9.71137e-048	2.87886e-051	1.08182e-053	1.09751e-057	2.49895e-060	5.90798e-065	1.71743e-068	2.40694e-073	4.3891e-077	3.83218e-082	5.581e-086	7.76083e-091	1.3252e-093	2.63292e-096	
Macrotermes_bellicosus	0	0	0	0	0	0	0	0	1	0	0	0	0	0	0	0	0	0	0	0	0	0	0	0	0	0	0	0	0	0	0	0	0	0	0	0	0	0	0	
N28	4.06037e-023	4.26398e-022	4.05668e-018	2.84199e-014	1.11866e-010	2.17088e-007	0.000169152	0.0365801	0.935002	0.0281365	0.000111697	1.29738e-007	6.2358e-011	1.5065e-014	2.07152e-018	1.78025e-022	1.25909e-026	1.24746e-028	1.59212e-031	4.29785e-033	3.81753e-036	6.13634e-038	3.95161e-041	3.84976e-043	1.77942e-046	1.05955e-048	3.06289e-052	1.13755e-054	1.32093e-058	3.10731e-061	1.08221e-065	1.88503e-067	1.07015e-069	6.98363e-071	7.81745e-074	1.12887e-075	1.14731e-078	1.21113e-079	2.42081e-080	
N29	1.54632e-029	6.66227e-030	8.14848e-025	7.18501e-020	3.55864e-015	8.79521e-011	8.96512e-007	0.00265707	0.994774	0.00256681	8.52299e-007	8.32618e-011	3.38095e-015	6.88832e-020	7.91456e-025	5.57747e-030	2.83302e-035	5.35075e-039	3.30372e-043	2.77417e-046	1.07315e-050	4.72065e-054	1.13932e-058	2.53802e-062	3.68732e-067	3.86257e-071	2.93239e-076	1.27432e-080	3.26529e-086	4.76958e-091	1.28657e-097	1.37784e-103	3.49342e-111	4.42635e-035	4.24068e-036	4.05847e-036	4.81883e-037	2.72421e-036	2.66118e-035	
Microtermes_sp	0	0	0	0	0	0	0	0	1	0	0	0	0	0	0	0	0	0	0	0	0	0	0	0	0	0	0	0	0	0	0	0	0	0	0	0	0	0	0	
Protermes_sp	0	0	0	0	0	0	0	0	1	0	0	0	0	0	0	0	0	0	0	0	0	0	0	0	0	0	0	0	0	0	0	0	0	0	0	0	0	0	0	
Pseudacanthotermes_militaris	0	0	0	0	0	0	0	0	1	0	0	0	0	0	0	0	0	0	0	0	0	0	0	0	0	0	0	0	0	0	0	0	0	0	0	0	0	0	0	
N30	5.0432e-022	3.08531e-019	2.27564e-015	1.04614e-011	2.41782e-008	2.32526e-005	0.00662921	0.241507	0.736727	0.015067	4.62912e-005	4.34804e-008	1.72429e-011	3.4705e-015	3.9914e-019	3.0484e-023	3.72711e-027	3.83065e-029	2.81813e-032	2.47722e-034	1.21871e-037	6.09164e-040	2.05848e-043	5.92259e-046	1.32176e-049	4.79489e-049	7.49555e-050	3.22458e-048	7.38213e-048	1.18431e-046	3.28444e-047	2.76843e-047	3.14135e-049	1.20255e-050	2.37127e-053	4.84937e-055	1.4194e-057	2.19228e-058	4.517e-059	
Coptotermes_acinaciformis	0	0	0	0	0	0	0	0	1	0	0	0	0	0	0	0	0	0	0	0	0	0	0	0	0	0	0	0	0	0	0	0	0	0	0	0	0	0	0	
N31	6.05824e-022	1.60643e-019	1.62576e-015	1.01099e-011	3.10134e-008	3.81479e-005	0.0126438	0.291482	0.688544	0.00727921	1.27904e-005	7.27352e-009	1.8096e-012	2.34206e-016	1.76437e-020	8.42948e-025	3.69395e-029	6.78856e-031	7.74051e-034	2.92644e-035	2.30448e-038	5.30651e-040	2.85184e-043	4.1561e-045	1.39113e-048	1.3403e-050	2.25932e-054	1.50113e-056	8.52323e-061	3.72141e-063	5.13404e-068	4.2694e-071	4.10871e-076	1.36042e-079	9.36396e-085	1.88005e-088	1.07552e-093	1.07704e-096	4.09242e-099	
N32	2.25576e-025	2.56677e-025	1.01792e-020	2.82216e-016	4.12546e-012	2.70105e-008	5.99705e-005	0.0258945	0.969256	0.00478622	3.35768e-006	7.13831e-010	6.40191e-014	2.91653e-018	7.6088e-023	2.49121e-027	4.05859e-031	1.83617e-033	3.52583e-037	8.81176e-040	1.11886e-043	1.52627e-046	1.30345e-050	9.59807e-054	4.94016e-058	2.1365e-061	1.19741e-064	9.95934e-064	4.17915e-063	1.92113e-061	2.11641e-061	1.13483e-060	2.08892e-061	9.625e-062	5.86731e-065	4.40172e-067	7.2814e-070	6.32681e-071	5.41928e-072	
Reticulitermes_flavipes	0	0	0	0	0	0	0	0	1	0	0	0	0	0	0	0	0	0	0	0	0	0	0	0	0	0	0	0	0	0	0	0	0	0	0	0	0	0	0	
N33	7.55393e-030	3.09053e-029	3.91789e-024	3.52374e-019	1.7167e-014	3.91462e-010	3.29117e-006	0.00650476	0.991079	0.00241203	7.01947e-007	5.80398e-011	1.95772e-015	3.28655e-020	3.11147e-025	1.85231e-030	2.05759e-035	2.25443e-037	4.47461e-041	4.06019e-043	5.44367e-047	2.82569e-049	2.59533e-053	7.85568e-056	4.50163e-060	8.19552e-063	2.095e-067	2.45625e-070	1.55059e-075	1.11195e-078	1.4125e-084	8.72595e-089	7.12243e-095	1.93088e-099	9.83805e-106	1.7502e-110	1.06111e-116	3.62003e-120	1.67233e-123	
Reticulitermes_lucifugus	0	0	0	0	0	0	0	0	1	0	0	0	0	0	0	0	0	0	0	0	0	0	0	0	0	0	0	0	0	0	0	0	0	0	0	0	0	0	0	
Reticulitermes_urbis	0	0	0	0	0	0	0	0	1	0	0	0	0	0	0	0	0	0	0	0	0	0	0	0	0	0	0	0	0	0	0	0	0	0	0	0	0	0	0	
Schedorhinotermes_lamanianus	0	0	0	0	0	0	1	0	0	0	0	0	0	0	0	0	0	0	0	0	0	0	0	0	0	0	0	0	0	0	0	0	0	0	0	0	0	0	0	
N34	1.92139e-014	6.27124e-012	9.33795e-009	6.27707e-006	0.00121663	0.0341686	0.279867	0.588684	0.0945446	0.00150768	5.37289e-006	6.58775e-009	3.8822e-012	2.85762e-015	5.4859e-018	1.03558e-019	1.42429e-021	1.52869e-022	9.81492e-025	4.19939e-026	1.11753e-028	1.98121e-030	2.08877e-033	1.67163e-035	7.05229e-039	2.43158e-040	2.05436e-040	1.80892e-039	3.85964e-040	3.76342e-040	5.07175e-042	4.10559e-043	2.038e-045	7.32219e-047	2.18339e-049	6.33155e-051	3.33597e-053	7.59762e-054	2.12729e-054	
N35	7.79234e-015	1.87817e-011	3.01664e-008	1.84984e-005	0.00279	0.0503502	0.310539	0.57349	0.0621968	0.000613388	1.29922e-006	1.03162e-009	2.88134e-012	2.9544e-014	1.85502e-016	1.07589e-018	3.99436e-020	1.46629e-019	7.69336e-021	1.30116e-020	2.42633e-022	1.36064e-022	5.05093e-025	7.36088e-026	6.33862e-029	3.9649e-030	9.42178e-034	2.94147e-035	2.16386e-039	2.94445e-041	9.15187e-046	3.39556e-048	6.56509e-053	8.77935e-056	1.14167e-060	7.38701e-064	7.08533e-069	1.15087e-071	1.11496e-073	
N36	3.24719e-013	4.49009e-010	2.79241e-007	6.03423e-005	0.00364394	0.0443182	0.250534	0.622368	0.0777133	0.0013561	6.04862e-006	9.10249e-009	5.37336e-012	1.58616e-015	5.83663e-019	1.4946e-020	3.30222e-023	9.41812e-025	2.53934e-027	2.15099e-029	3.86081e-032	1.29758e-034	3.36365e-038	5.11709e-041	2.82282e-045	1.95587e-048	4.00895e-053	1.65689e-056	1.53214e-061	4.28888e-065	2.21818e-070	2.86741e-074	9.39482e-080	7.20524e-084	1.76268e-089	2.4845e-093	2.17017e-096	1.88456e-098	1.04395e-100	
N37	3.24726e-007	1.81888e-005	0.000483906	0.00593835	0.0305834	0.0566419	0.156968	0.502726	0.214531	0.0302267	0.00182897	5.23791e-005	7.12438e-007	4.16441e-009	8.66764e-012	1.26383e-012	2.72332e-014	1.03241e-014	1.17584e-016	2.10965e-017	1.4704e-019	1.36841e-020	5.6393e-023	2.90907e-024	5.11223e-027	1.58793e-028	7.43534e-032	1.10988e-033	2.18415e-037	6.74239e-040	8.33088e-044	1.38047e-046	1.07457e-050	1.37438e-053	7.11643e-058	8.03136e-061	1.13347e-063	2.50519e-065	4.31077e-067	
Bifiditermes_improbus	0	0	0	0	0	1	0	0	0	0	0	0	0	0	0	0	0	0	0	0	0	0	0	0	0	0	0	0	0	0	0	0	0	0	0	0	0	0	0	
Neotermes_insularis	0	0	0	0	0	0	0	0	0	0	0	0	0	1	0	0	0	0	0	0	0	0	0	0	0	0	0	0	0	0	0	0	0	0	0	0	0	0	0	
N38	1.20331e-015	3.57934e-012	6.0407e-009	3.79246e-006	0.000671367	0.0243137	0.271519	0.658309	0.0448632	0.000319145	5.27799e-007	3.03762e-010	7.70547e-014	1.11836e-017	2.76591e-021	5.38366e-023	4.77358e-026	6.37262e-028	2.55887e-031	1.89781e-033	2.98575e-037	1.28518e-039	7.35044e-044	1.69833e-046	6.45792e-051	2.98471e-051	3.78555e-051	2.42305e-049	1.2424e-049	1.54693e-048	1.46731e-049	1.32788e-049	8.36425e-052	3.22301e-053	4.05345e-056	9.55007e-058	1.78228e-060	4.74381e-061	1.81144e-061	
N39	7.93521e-012	3.82506e-009	5.30156e-006	0.000452094	0.0125218	0.130055	0.461184	0.383919	0.0118424	2.05498e-005	1.09098e-008	2.57108e-012	3.2354e-016	2.43936e-020	1.21116e-024	1.67099e-028	4.8642e-032	1.22506e-034	3.1754e-038	4.87712e-041	9.16752e-045	8.59541e-048	1.16859e-051	6.74317e-055	6.24069e-059	2.20125e-062	1.17136e-066	2.41321e-070	5.05458e-075	3.95606e-079	4.81513e-084	2.27682e-088	1.70659e-093	6.23773e-098	3.08027e-103	9.80887e-108	1.81419e-112	3.46932e-116	5.72968e-120	
N40	4.22139e-017	6.59614e-015	4.75143e-011	6.28793e-008	2.50427e-005	0.00320903	0.116411	0.810327	0.0699417	8.59209e-005	2.61279e-008	3.61531e-012	4.42575e-014	2.00824e-015	1.84748e-018	3.51563e-020	1.42447e-023	1.33642e-025	8.30309e-030	3.74543e-032	1.01496e-036	2.29468e-039	3.54271e-044	4.07197e-047	4.05984e-052	2.33498e-055	1.6065e-060	4.42447e-064	2.14863e-069	2.79772e-073	9.2367e-079	7.92575e-083	1.77674e-088	1.18142e-092	2.12396e-098	1.01984e-101	2.24379e-104	4.14753e-107	5.48599e-110	
Cryptotermes_austrinus	0	0	0	0	0	0	0	1	0	0	0	0	0	0	0	0	0	0	0	0	0	0	0	0	0	0	0	0	0	0	0	0	0	0	0	0	0	0	0	
Cryptotermes_queenslandis	0	0	0	0	0	0	0	0	1	0	0	0	0	0	0	0	0	0	0	0	0	0	0	0	0	0	0	0	0	0	0	0	0	0	0	0	0	0	0	
Cryptotermes_primus	0	0	1	0	0	0	0	0	0	0	0	0	0	0	0	0	0	0	0	0	0	0	0	0	0	0	0	0	0	0	0	0	0	0	0	0	0	0	0	
N41	5.07994e-018	2.48766e-014	1.03534e-010	1.7967e-007	9.69177e-005	0.0107891	0.240397	0.703271	0.0451727	0.000272373	3.66051e-007	1.69151e-010	3.44474e-014	4.62494e-018	2.62538e-021	1.34273e-022	1.65278e-025	4.62906e-027	2.71407e-030	4.30079e-032	1.01004e-035	9.8514e-038	7.95065e-042	4.6987e-044	2.02515e-048	7.67342e-051	2.01375e-055	4.89471e-058	6.48692e-063	5.40481e-066	4.827e-071	1.49071e-074	9.34416e-080	1.59296e-083	6.91347e-089	8.38445e-093	2.07803e-097	7.11081e-100	1.97527e-102	
N42	1.02719e-013	5.82791e-013	1.21244e-011	2.4492e-008	3.86605e-005	0.0122194	0.266677	0.646789	0.0735522	0.000723405	4.7766e-007	7.06986e-011	3.6373e-015	8.25513e-020	1.01163e-024	3.24301e-028	5.0614e-032	8.05882e-033	3.55357e-034	2.22281e-034	8.09244e-036	3.53994e-036	9.18646e-038	2.91958e-038	4.56686e-040	1.07812e-040	8.28055e-043	1.33854e-043	3.97422e-046	1.74806e-047	3.68815e-050	8.92284e-052	1.33629e-054	2.62195e-056	2.87364e-059	5.26162e-061	5.76903e-063	1.80649e-063	4.63063e-064	
Cryptotermes_brevis	0	0	0	0	0	1	0	0	0	0	0	0	0	0	0	0	0	0	0	0	0	0	0	0	0	0	0	0	0	0	0	0	0	0	0	0	0	0	0	
N43	2.19622e-013	8.70836e-013	1.44177e-011	2.29651e-008	3.63254e-005	0.0115665	0.260331	0.647246	0.0799206	0.000898209	6.68394e-007	1.07539e-010	5.69609e-015	1.5674e-019	3.23808e-023	3.32867e-023	1.31306e-026	6.92861e-027	1.05953e-030	3.18665e-031	1.75298e-035	3.32987e-036	5.19688e-041	6.57434e-042	1.52251e-047	9.99573e-049	9.01797e-055	2.2019e-056	1.1254e-062	3.99734e-065	1.51005e-071	1.78783e-074	5.03304e-081	2.79108e-084	5.80655e-091	1.81801e-094	2.80893e-101	5.53688e-105	5.52398e-103	
Cryptotermes_cynocephalus	0	0	0	0	0	0	0	0	0	1	0	0	0	0	0	0	0	0	0	0	0	0	0	0	0	0	0	0	0	0	0	0	0	0	0	0	0	0	0	
N44	1.28593e-009	1.20853e-008	5.87704e-008	5.30944e-006	0.000614293	0.0247949	0.285912	0.594225	0.0927105	0.00173185	6.67417e-006	6.54181e-009	1.53059e-012	1.48322e-016	7.544e-021	2.812e-024	3.37964e-027	1.49827e-028	1.23164e-031	2.94667e-033	1.65868e-036	2.20432e-038	8.231e-042	6.16056e-044	9.12741e-048	4.38158e-050	1.81494e-054	5.21144e-057	6.64272e-062	4.99137e-065	4.14636e-070	1.03348e-073	5.81886e-079	7.24211e-083	2.56687e-088	2.49854e-092	4.33987e-097	1.18565e-099	2.64573e-102	
Cryptotermes_domesticus	0	0	1	0	0	0	0	0	0	0	0	0	0	0	0	0	0	0	0	0	0	0	0	0	0	0	0	0	0	0	0	0	0	0	0	0	0	0	0	
N45	1.52416e-011	5.62229e-012	6.66937e-011	3.85754e-010	1.04667e-008	7.16271e-006	0.00156952	0.0762606	0.717163	0.192221	0.0125617	0.000216568	1.60085e-007	3.21845e-009	1.17439e-011	4.81879e-013	7.83908e-016	1.27978e-017	7.92841e-021	6.57969e-023	1.62087e-026	7.64576e-029	8.09141e-033	2.18343e-035	1.06757e-039	1.44747e-042	3.77364e-047	1.93671e-050	3.17256e-055	6.31801e-059	6.31269e-064	8.7515e-068	5.56687e-073	6.24605e-077	2.73938e-082	4.62513e-086	5.1555e-089	9.39029e-092	1.24143e-094	
Incisitermes_sp	0	0	0	0	0	0	0	0	1	0	0	0	0	0	0	0	0	0	0	0	0	0	0	0	0	0	0	0	0	0	0	0	0	0	0	0	0	0	0	
Procryptotermes_australiensis	0	0	0	0	0	0	0	0	0	0	0	1	0	0	0	0	0	0	0	0	0	0	0	0	0	0	0	0	0	0	0	0	0	0	0	0	0	0	0	
N46	1.75541e-018	4.7691e-015	1.0864e-011	1.35411e-008	8.02818e-006	0.00182614	0.110232	0.836799	0.0506665	0.000467151	1.31318e-006	1.5552e-009	9.35242e-013	3.25006e-016	7.9357e-020	4.46952e-022	1.05328e-024	2.46853e-026	3.99129e-029	5.30717e-031	5.96735e-034	4.60747e-036	3.34737e-039	1.55048e-041	6.01012e-045	1.72217e-047	2.94881e-051	4.70356e-054	3.78414e-058	2.16322e-061	1.08633e-065	3.5578e-069	1.1381e-073	2.92019e-077	6.31348e-082	1.45411e-085	2.60761e-089	6.08847e-092	1.15752e-094	
Cryptotermes_dudleyi	0	0	0	0	0	0	0	1	0	0	0	0	0	0	0	0	0	0	0	0	0	0	0	0	0	0	0	0	0	0	0	0	0	0	0	0	0	0	0	
Cryptotermes_secundus	0	0	0	0	0	0	0	1	0	0	0	0	0	0	0	0	0	0	0	0	0	0	0	0	0	0	0	0	0	0	0	0	0	0	0	0	0	0	0	
Kalotermes_flavicollis	0	0	0	0	0	0	0	0	0	0	0	0	0	0	0	0	0	0	0	0	0	1	0	0	0	0	0	0	0	0	0	0	0	0	0	0	0	0	0	
N47	3.98903e-015	1.57108e-014	1.35281e-011	8.12777e-009	2.54029e-006	0.000357901	0.0187742	0.274177	0.661388	0.0446597	0.000637106	3.26646e-006	7.7926e-009	1.09219e-011	1.43312e-014	2.63946e-016	1.21148e-018	2.46107e-020	7.34416e-023	8.1429e-025	1.60363e-027	1.0016e-029	1.20885e-032	4.46618e-035	3.137e-038	7.01081e-041	2.79754e-044	3.63454e-047	8.21194e-051	5.53361e-054	7.60989e-058	3.61445e-061	3.2309e-065	1.2523e-068	7.83891e-073	3.0216e-076	1.37894e-079	2.78456e-082	4.7416e-085	
Glyptotermes_brevicornis	0	0	0	0	0	0	0	0	1	0	0	0	0	0	0	0	0	0	0	0	0	0	0	0	0	0	0	0	0	0	0	0	0	0	0	0	0	0	0	
Glyptotermes_iridipennis	0	0	0	0	0	0	0	0	1	0	0	0	0	0	0	0	0	0	0	0	0	0	0	0	0	0	0	0	0	0	0	0	0	0	0	0	0	0	0	
N48	0.0447944	0.196198	0.407836	0.30347	0.03785	0.00182248	0.000571685	0.00173439	0.00269918	0.00205719	0.000794461	0.000156586	1.49336e-005	5.63893e-007	2.64258e-009	6.03226e-012	1.21267e-014	1.4182e-016	5.47236e-019	5.78865e-021	1.44368e-023	8.65387e-026	1.46799e-028	5.24363e-031	6.10629e-034	1.32831e-036	1.01594e-039	1.35363e-042	6.34112e-046	5.19754e-049	1.51761e-052	8.06363e-056	1.53235e-059	5.96725e-063	7.78933e-067	2.52919e-070	3.98136e-074	2.95204e-077	2.67392e-080	
Stolotermes_sp	0	0	0	1	0	0	0	0	0	0	0	0	0	0	0	0	0	0	0	0	0	0	0	0	0	0	0	0	0	0	0	0	0	0	0	0	0	0	0	
N49	0.0158561	0.000651491	8.73306e-006	4.23717e-008	6.84188e-011	4.47027e-014	1.91273e-015	9.38782e-013	2.88893e-010	4.6594e-008	3.78746e-006	0.000142783	0.00462286	0.950884	0.0263707	0.00145484	4.62866e-006	5.18074e-008	4.71055e-011	1.81682e-013	4.79686e-017	7.5056e-020	8.45591e-024	6.10258e-027	3.59992e-031	1.3203e-034	4.53688e-039	9.21656e-043	1.94674e-047	2.40165e-051	3.19905e-056	2.64012e-060	2.25649e-065	1.34794e-069	8.21163e-075	8.42034e-079	2.74284e-082	1.09355e-085	3.11407e-089	
Zootermopsis_angusticollis	0	0	0	0	0	0	0	0	0	0	0	0	0	1	0	0	0	0	0	0	0	0	0	0	0	0	0	0	0	0	0	0	0	0	0	0	0	0	0	
Zootermopsis_nevadensis	0	0	0	0	0	0	0	0	0	0	0	0	0	1	0	0	0	0	0	0	0	0	0	0	0	0	0	0	0	0	0	0	0	0	0	0	0	0	0	
N50	3.9531e-007	6.87534e-006	0.00013265	0.00183556	0.0161013	0.0804787	0.208345	0.279838	0.232604	0.131217	0.0425617	0.00649299	0.000374924	1.16925e-005	3.43331e-007	1.21835e-007	2.28461e-008	2.29295e-008	3.7139e-009	2.59801e-009	3.34488e-010	1.62482e-010	1.53799e-011	5.22315e-012	3.28349e-013	7.73405e-014	3.10663e-015	4.83364e-016	1.32337e-017	1.37272e-018	2.93586e-020	2.86547e-021	7.22384e-023	9.22017e-024	2.0001e-025	1.9113e-026	9.50547e-028	2.9445e-028	7.94023e-029	
Mastotermes_darwiniensis	0	0	0	0	0	0	0	0	0	0	0	0	0	0	0	0	0	0	0	0	0	0	0	0	0	0	0	0	0	0	0	0	0	0	0	0	1	0	0	
Porotermes_adamsoni	0	0	0	0	0	0	0	1	0	0	0	0	0	0	0	0	0	0	0	0	0	0	0	0	0	0	0	0	0	0	0	0	0	0	0	0	0	0	0	
