NODE	7	8	9	10	11	12	13	14	15	16	17	18	19	20	21	22	23	24	25	26	27	28	29	30	31	32	33	34	35	36	37	38	39	40	41	42	43	44	45	46	47	48	49	50	51	
N1	7.06051e-005	0.000153392	0.000519824	0.00212568	0.00873058	0.0314597	0.0896196	0.185342	0.259786	0.234522	0.131807	0.0452149	0.00938003	0.0011749	8.91853e-005	4.13409e-006	1.18239e-007	2.11253e-009	2.39053e-011	1.73876e-013	8.05335e-018	4.51805e-019	2.08002e-020	7.91929e-022	2.51243e-023	6.69093e-025	1.50641e-026	2.88679e-028	4.73946e-030	6.70767e-032	8.23181e-034	8.80887e-036	8.26301e-038	6.82836e-040	4.99462e-042	3.24812e-044	1.88597e-046	9.8161e-049	4.59703e-051	1.94399e-053	7.44824e-056	2.5938e-058	8.23487e-061	2.39133e-063	7.07226e-066	
N2	0.000143519	0.000376673	0.00132307	0.00460118	0.0144021	0.039097	0.0887675	0.160256	0.218207	0.215256	0.150373	0.0738747	0.025609	0.00635802	0.00114679	0.000172466	2.34258e-005	9.11399e-006	2.1069e-006	1.23572e-006	2.16066e-007	8.82138e-008	1.05718e-008	2.9364e-009	2.40796e-010	4.58196e-011	2.58779e-012	3.41949e-013	1.34397e-014	1.26066e-015	3.48698e-017	2.39375e-018	4.71487e-020	2.46438e-021	3.49566e-023	1.44978e-024	1.54274e-026	5.84707e-028	4.95762e-030	1.90684e-031	2.66472e-033	2.18803e-034	6.3616e-036	6.70228e-037	7.8655e-038	
N3	0.000554469	0.00137885	0.00406719	0.0102277	0.0208453	0.0373725	0.0653398	0.10944	0.158775	0.185941	0.170853	0.122394	0.0683105	0.0299839	0.0103699	0.00302068	0.00074845	0.000245966	7.45358e-005	3.92853e-005	1.14323e-005	4.97788e-006	1.07067e-006	3.37713e-007	5.25861e-008	1.20768e-008	1.3689e-009	2.33057e-010	1.94169e-011	2.50562e-012	1.55131e-013	1.55416e-014	7.24388e-016	5.79244e-017	2.05773e-018	1.34874e-019	3.75681e-021	2.14936e-022	4.85627e-024	2.56965e-025	6.31102e-027	4.82583e-028	2.72706e-029	3.24658e-030	4.79144e-031	
N4	4.25223e-006	2.10827e-005	0.000108912	0.000397663	0.00083316	0.00102503	0.00149239	0.00437341	0.0140027	0.0380014	0.0835944	0.146472	0.197808	0.203992	0.155131	0.091091	0.0397	0.0154452	0.00463339	0.00145971	0.000324014	7.61254e-005	1.16642e-005	1.90077e-006	2.00837e-007	2.31115e-008	1.73565e-009	1.46133e-010	8.05136e-012	5.14069e-013	2.13782e-014	1.07157e-015	3.47862e-017	1.43049e-018	3.75845e-020	1.3239e-021	2.95239e-023	9.4174e-025	1.84112e-026	5.50713e-028	1.11075e-029	3.88233e-031	1.18743e-032	5.26051e-034	2.81694e-035	
N5	6.8336e-007	3.04148e-006	1.56284e-005	5.54163e-005	0.000115544	0.000200831	0.000603549	0.00239868	0.00842287	0.0245927	0.0595456	0.117899	0.183899	0.217518	0.187626	0.11778	0.0533837	0.0190277	0.00521997	0.00136048	0.000261149	6.02934e-005	7.77757e-006	1.90624e-006	1.61809e-007	4.86102e-008	2.94647e-009	9.4193e-010	4.47584e-011	1.28961e-011	5.12715e-013	1.30058e-013	4.64034e-015	1.07863e-015	3.54539e-017	7.41321e-018	2.16773e-019	3.90995e-020	9.61975e-022	1.43457e-022	3.01304e-024	3.94384e-025	7.64728e-027	1.07665e-027	1.17856e-028	
N6	5.18025e-008	4.17519e-007	3.62932e-006	1.68428e-005	3.31506e-005	3.96028e-005	0.000110519	0.00062076	0.00305172	0.0121937	0.0399022	0.102861	0.194441	0.252447	0.2161	0.120562	0.0443003	0.0110741	0.00195661	0.000258099	2.62067e-005	2.17611e-006	1.46213e-007	8.72942e-009	4.29112e-010	2.02364e-011	7.59822e-013	2.83366e-014	7.95951e-016	2.28856e-017	4.8099e-019	1.08278e-020	1.76661e-022	3.19442e-024	4.16527e-026	6.01618e-028	6.26313e-030	7.06819e-032	5.78785e-034	5.0761e-036	3.35995e-038	2.50685e-040	1.69023e-042	1.46392e-044	1.41779e-046	
N7	6.0945e-010	9.61711e-009	1.22604e-007	5.37844e-007	7.08391e-007	6.90922e-007	2.92619e-006	3.6336e-005	0.000441743	0.00388972	0.023291	0.090124	0.213451	0.295932	0.234237	0.1058	0.02786	0.00444863	0.000451279	3.07195e-005	1.46052e-006	5.20741e-008	1.38201e-009	3.61727e-011	7.07416e-013	2.76462e-014	4.99185e-016	2.22309e-017	3.00775e-019	9.99299e-021	9.58951e-023	2.26157e-024	1.54982e-026	2.61934e-028	1.29923e-030	1.59901e-032	5.83144e-035	5.32314e-037	1.45149e-039	1.00255e-041	2.08387e-044	1.11889e-046	1.93045e-049	9.75222e-052	3.97805e-054	
N8	2.40828e-012	7.56996e-011	2.10616e-009	2.12281e-008	4.44285e-008	2.64912e-008	3.31683e-008	5.05902e-007	1.71693e-005	0.000398993	0.00548683	0.0419353	0.167288	0.327654	0.300544	0.12768	0.0260966	0.00273504	0.000157283	5.29618e-006	1.10491e-007	1.57023e-009	1.66634e-011	2.61879e-013	3.89083e-015	1.08435e-016	1.33453e-018	2.49922e-020	2.04162e-022	2.47201e-024	1.36868e-026	1.11129e-028	4.26221e-031	2.39819e-033	6.48943e-036	2.60921e-038	5.067e-041	1.50134e-043	2.1274e-046	4.79553e-049	5.04991e-052	9.01966e-055	7.78142e-058	1.42994e-060	2.81224e-063	
N9	2.93549e-015	2.62387e-013	1.94653e-011	5.32596e-010	2.00419e-009	1.09464e-009	3.31971e-010	2.90573e-009	2.6686e-007	1.74522e-005	0.000629434	0.01145	0.094963	0.319561	0.387315	0.159741	0.0246503	0.00161972	5.09569e-005	8.46812e-007	8.05687e-009	4.87049e-011	2.16187e-013	2.46536e-015	2.34901e-017	5.87042e-019	3.98288e-021	5.99738e-023	2.57236e-025	2.38803e-027	6.62863e-030	3.94855e-032	7.23604e-035	2.8535e-037	3.52485e-040	9.46075e-043	8.05566e-046	1.51693e-048	9.09791e-052	1.24643e-054	5.36929e-058	5.58894e-061	1.83999e-064	1.83064e-067	1.82843e-070	
N10	2.36561e-017	3.25196e-015	3.7617e-013	1.93418e-011	8.49622e-011	4.49179e-011	1.41447e-011	2.78523e-011	4.6853e-009	7.27954e-007	6.28022e-005	0.0026672	0.04808	0.298475	0.47416	0.160728	0.0152769	0.000539645	8.5807e-006	7.02583e-008	3.27001e-010	9.41195e-013	1.84704e-015	8.02271e-018	4.80481e-020	1.23787e-021	6.25794e-024	9.96374e-026	3.29694e-028	3.26234e-030	7.0414e-033	4.47123e-035	6.25245e-038	2.5957e-040	2.36567e-043	6.47389e-046	3.94011e-049	7.20064e-052	3.01856e-055	3.81868e-058	1.13318e-061	1.06022e-064	2.40036e-068	2.23345e-071	2.37833e-074	
N11	4.19481e-023	8.6366e-020	1.27223e-016	3.47895e-014	1.2713e-013	1.1486e-014	5.38347e-016	7.4293e-015	1.14986e-011	1.03199e-008	4.07932e-006	0.000603399	0.027192	0.287288	0.530622	0.146577	0.0076123	0.000100285	4.30396e-007	7.28922e-010	5.63411e-013	2.23134e-016	5.08134e-020	4.28965e-023	3.72991e-026	3.37162e-028	1.76025e-030	1.81609e-030	7.61272e-032	3.19085e-032	7.01305e-034	2.09901e-034	2.9843e-036	6.546e-037	6.15729e-039	9.52489e-040	6.25426e-042	6.54239e-043	3.20549e-045	2.2488e-046	8.6337e-049	4.1934e-050	1.30032e-052	4.80822e-054	7.26944e-056	
N12	4.00013e-023	4.48464e-020	2.69015e-017	3.07457e-015	1.05106e-014	1.75879e-015	2.9108e-016	8.68095e-015	1.13122e-011	9.82058e-009	3.86171e-006	0.00057864	0.0266253	0.286282	0.532579	0.146326	0.00750712	9.79957e-005	4.22758e-007	7.36579e-010	6.02597e-013	2.59833e-016	6.63095e-020	1.20978e-021	4.16034e-024	1.5642e-024	2.54102e-027	6.11937e-028	4.52381e-031	7.36894e-032	2.38282e-035	2.67951e-036	3.72282e-040	2.79472e-041	1.77532e-045	7.92904e-047	2.73673e-051	6.13674e-053	1.40024e-057	1.43858e-059	2.44654e-064	1.18624e-066	1.58654e-071	4.00568e-074	1.47588e-077	
N13	8.36337e-023	2.37023e-020	6.40292e-018	8.88242e-016	1.43041e-014	3.03477e-014	3.09651e-014	5.80185e-013	2.36665e-010	7.56337e-008	1.29564e-005	0.00103238	0.0317127	0.285426	0.519512	0.152039	0.0100485	0.000214169	1.88368e-006	8.08579e-009	1.90684e-011	2.69875e-014	2.50216e-017	1.31965e-019	1.15138e-021	1.13005e-022	7.38417e-025	4.16874e-026	1.84334e-028	6.15533e-030	1.71491e-032	3.51257e-034	5.27116e-037	6.79157e-039	4.84113e-042	3.6504e-044	1.36917e-047	5.10779e-050	1.22096e-053	2.32481e-056	3.76694e-060	4.53837e-063	5.11181e-067	5.67447e-070	1.12118e-072	
N14	1.17217e-021	5.10736e-019	1.73286e-016	2.07742e-014	2.28863e-013	3.13537e-013	2.93975e-013	3.14295e-012	8.56227e-010	1.99896e-007	2.54017e-005	0.00154623	0.0379987	0.29469	0.510726	0.144747	0.0100247	0.000239075	2.46956e-006	1.29089e-008	3.81199e-011	6.90763e-014	8.29293e-017	2.46526e-019	1.67631e-021	1.03084e-022	6.31909e-025	2.33827e-026	9.91184e-029	2.22734e-030	6.30501e-033	8.81401e-035	1.51154e-037	1.33141e-039	1.22673e-042	6.51022e-045	3.31492e-048	9.4327e-051	3.07929e-054	5.07152e-057	1.1223e-060	1.26902e-063	1.9876e-067	2.06389e-070	2.70891e-073	
N15	6.03966e-022	4.24303e-019	2.40187e-016	5.38765e-014	6.70452e-013	4.95587e-013	1.49297e-013	1.74219e-013	4.90016e-011	1.91986e-008	4.16028e-006	0.000434099	0.0182135	0.233597	0.590746	0.148945	0.00792248	0.000136954	9.9666e-007	3.6113e-009	7.31723e-012	9.06409e-015	7.60414e-018	2.63237e-020	1.24361e-022	3.87218e-024	1.40579e-026	2.59727e-028	6.32569e-031	7.11837e-033	1.12192e-035	7.90447e-038	7.47815e-041	3.32433e-043	1.76866e-046	4.74174e-049	1.48545e-052	2.24535e-055	4.59291e-059	4.25663e-062	5.94064e-066	3.87295e-069	3.86652e-073	2.37635e-076	1.88602e-079	
N16	3.26227e-023	2.39347e-020	1.19967e-017	2.3911e-015	2.43281e-014	1.4888e-014	4.25717e-015	3.3819e-015	1.46179e-012	1.1673e-009	5.08206e-007	0.000104126	0.00824391	0.184259	0.671797	0.131129	0.00442158	4.41565e-005	1.76294e-007	3.39292e-010	3.57177e-013	2.25586e-016	9.36294e-020	1.83411e-022	5.87017e-025	1.88839e-026	4.49597e-029	8.61182e-031	1.32907e-033	1.57507e-035	1.49532e-038	1.13585e-040	6.04374e-044	2.96763e-046	8.16003e-050	2.41944e-052	3.64188e-056	5.59807e-059	5.50271e-063	4.65571e-066	3.19471e-070	1.73186e-073	8.55227e-078	3.8429e-081	2.06347e-084	
N17	1.2054e-024	8.34306e-022	4.5143e-019	1.30347e-016	2.16773e-015	1.83798e-015	6.89309e-016	4.6991e-016	1.72793e-013	1.85635e-010	1.13131e-007	3.37087e-005	0.00403812	0.140098	0.742818	0.110362	0.00263171	1.87913e-005	5.51257e-008	8.02275e-011	6.55875e-014	3.29144e-017	1.0993e-020	1.67934e-023	5.31253e-026	2.06034e-027	5.17632e-030	1.2057e-031	2.09718e-034	3.01136e-036	3.43772e-039	3.13569e-041	2.05832e-044	1.2149e-046	3.83375e-050	1.36974e-052	2.0732e-056	3.34362e-059	3.26828e-063	2.72237e-066	1.83632e-070	9.97463e-074	4.7892e-078	2.40155e-081	2.1043e-084	
Amitermes_darwini	0	0	0	0	0	0	0	0	0	0	0	0	0	0	1	0	0	0	0	0	0	0	0	0	0	0	0	0	0	0	0	0	0	0	0	0	0	0	0	0	0	0	0	0	0	
Amitermes_germanus	0	0	0	0	0	0	0	0	0	0	0	0	0	0	1	0	0	0	0	0	0	0	0	0	0	0	0	0	0	0	0	0	0	0	0	0	0	0	0	0	0	0	0	0	0	
Amitermes_parvus	0	0	0	0	0	0	0	0	0	0	0	0	0	0	1	0	0	0	0	0	0	0	0	0	0	0	0	0	0	0	0	0	0	0	0	0	0	0	0	0	0	0	0	0	0	
Drepanotermes_septentrionalis	0	0	0	0	0	0	0	0	0	0	0	0	0	0	1	0	0	0	0	0	0	0	0	0	0	0	0	0	0	0	0	0	0	0	0	0	0	0	0	0	0	0	0	0	0	
N18	1.23108e-021	3.84643e-018	7.06701e-015	1.21699e-012	1.25563e-012	3.83317e-014	4.25808e-015	6.29297e-015	1.95307e-012	2.81475e-009	2.06813e-006	0.000642388	0.0590752	0.422446	0.505926	0.0118412	6.68144e-005	1.41541e-007	1.40712e-010	7.54284e-014	2.39829e-017	4.86022e-021	6.6712e-025	8.97189e-029	1.83195e-032	2.12079e-035	7.32032e-039	6.5197e-042	1.60768e-045	8.75739e-049	1.52946e-052	5.11374e-056	6.0806e-060	2.84861e-057	8.28141e-057	3.0837e-056	2.24216e-056	8.83724e-058	7.50019e-060	1.19751e-061	7.52671e-064	1.02191e-065	5.21729e-068	1.09524e-069	6.03173e-070	
Procubitermes_sp	0	0	0	0	0	0	0	0	0	0	0	0	1	0	0	0	0	0	0	0	0	0	0	0	0	0	0	0	0	0	0	0	0	0	0	0	0	0	0	0	0	0	0	0	0	
N19	2.69475e-024	9.32925e-021	1.46943e-017	4.52381e-015	5.07063e-015	2.3814e-016	4.74653e-017	1.08288e-017	5.13294e-015	2.35326e-011	5.40148e-008	4.97979e-005	0.0126453	0.275583	0.699149	0.0125341	3.83459e-005	3.69909e-008	1.50576e-011	3.07718e-015	3.55664e-019	1.51721e-022	2.13327e-025	1.01764e-026	9.50619e-030	2.66709e-031	1.37459e-034	2.43003e-036	6.34941e-040	7.4222e-042	8.09636e-046	6.20581e-048	1.73448e-052	5.14186e-055	8.72247e-060	1.13705e-062	1.37134e-067	8.82986e-071	7.94953e-076	2.88836e-079	1.96278e-084	4.56285e-088	2.66818e-093	2.41422e-096	8.89877e-099	
Tuberculitermes_bycanistes	0	0	0	0	0	0	0	0	0	0	0	0	0	0	1	0	0	0	0	0	0	0	0	0	0	0	0	0	0	0	0	0	0	0	0	0	0	0	0	0	0	0	0	0	0	
Unguitermes_sp	0	0	0	0	0	0	0	0	0	0	0	0	0	0	1	0	0	0	0	0	0	0	0	0	0	0	0	0	0	0	0	0	0	0	0	0	0	0	0	0	0	0	0	0	0	
N20	8.24981e-021	8.80841e-018	6.9127e-015	2.15222e-012	1.36794e-011	2.03201e-012	1.22061e-013	1.34065e-014	2.23658e-012	1.38878e-009	4.92943e-007	8.78158e-005	0.00660846	0.158797	0.706207	0.124083	0.00417005	4.59455e-005	2.18331e-007	5.29101e-010	7.32185e-013	6.29894e-016	3.6272e-019	2.34625e-022	2.4444e-025	1.26376e-027	1.81426e-030	6.58951e-033	6.75988e-036	1.50878e-038	1.1052e-041	1.53003e-044	7.69772e-048	6.59243e-051	2.12488e-054	1.1248e-057	2.2489e-061	7.46181e-065	9.52853e-069	2.23013e-072	2.53171e-076	1.8791e-079	1.01592e-082	1.58425e-085	2.43882e-088	
N21	5.93636e-025	2.78701e-021	7.78228e-018	5.91552e-015	2.19972e-014	4.01985e-016	4.87195e-018	8.97642e-019	1.79162e-015	6.24281e-012	1.09497e-008	8.18309e-006	0.00206648	0.120406	0.781703	0.0945065	0.00130645	4.27038e-006	4.8094e-009	2.34246e-012	5.73693e-016	7.86799e-020	6.63436e-024	3.06271e-027	2.2362e-030	2.89527e-032	1.34988e-035	1.04843e-037	5.13819e-040	5.96779e-040	1.30006e-041	6.6343e-042	8.50181e-044	3.33009e-044	2.54551e-046	3.1292e-046	3.44935e-047	1.01281e-046	2.95216e-048	9.05785e-049	2.58977e-051	1.3812e-052	2.66456e-055	1.04179e-056	2.66713e-058	
Ephelotermes_melachoma	0	0	0	0	0	0	0	0	0	0	0	0	0	0	1	0	0	0	0	0	0	0	0	0	0	0	0	0	0	0	0	0	0	0	0	0	0	0	0	0	0	0	0	0	0	
N22	6.71003e-025	1.05518e-021	9.15354e-019	1.97166e-016	6.2422e-016	1.86181e-017	8.29864e-019	2.1568e-018	2.68079e-015	7.55608e-012	1.14378e-008	7.8472e-006	0.00193823	0.116407	0.787153	0.0931984	0.00129099	4.4809e-006	5.71402e-009	3.34841e-012	1.04221e-015	1.90582e-019	2.2383e-023	1.24246e-025	4.95772e-028	9.46051e-029	2.34156e-031	2.76792e-032	3.96848e-035	3.10041e-036	2.28526e-039	1.24502e-040	3.90746e-044	1.51568e-045	1.60963e-049	3.96962e-051	1.45601e-055	1.13167e-057	2.81589e-062	7.68873e-065	1.45529e-069	1.88302e-072	2.73903e-077	2.35488e-080	6.56925e-083	
Ephelotermes_taylori	0	0	0	0	0	0	0	0	0	0	0	0	0	0	1	0	0	0	0	0	0	0	0	0	0	0	0	0	0	0	0	0	0	0	0	0	0	0	0	0	0	0	0	0	0	
Macrognathotermes_sunteri	0	0	0	0	0	0	0	0	0	0	0	0	0	0	1	0	0	0	0	0	0	0	0	0	0	0	0	0	0	0	0	0	0	0	0	0	0	0	0	0	0	0	0	0	0	
Lophotermes_septentrionalis	0	0	0	0	0	0	0	0	0	0	0	0	0	0	1	0	0	0	0	0	0	0	0	0	0	0	0	0	0	0	0	0	0	0	0	0	0	0	0	0	0	0	0	0	0	
N23	2.7116e-020	1.75589e-017	1.00023e-014	1.91859e-012	1.3475e-011	3.70455e-012	3.89872e-013	7.46798e-013	2.34723e-010	6.71376e-008	1.05293e-005	0.000792894	0.0242877	0.238497	0.533415	0.187266	0.0153146	0.000411351	4.58615e-006	2.49317e-008	7.415e-011	1.31849e-013	1.51608e-016	2.00188e-019	4.40321e-022	5.0661e-024	1.41977e-026	1.07411e-028	2.09073e-031	9.39422e-034	1.28319e-036	3.46933e-039	3.19786e-042	5.1926e-045	2.97456e-048	2.90279e-051	1.00003e-054	5.92781e-058	1.27967e-061	5.18619e-065	7.34583e-069	2.294e-072	2.37268e-076	7.75763e-080	2.80486e-083	
Crenetermes_albotarsalis	0	0	0	0	0	0	0	0	0	0	0	0	0	0	1	0	0	0	0	0	0	0	0	0	0	0	0	0	0	0	0	0	0	0	0	0	0	0	0	0	0	0	0	0	0	
N24	5.32809e-020	1.49072e-017	2.89699e-015	1.7081e-013	8.46999e-013	3.53058e-013	9.81162e-014	5.23246e-013	1.4417e-010	4.56599e-008	7.97094e-006	0.000663143	0.0221753	0.233273	0.542361	0.186641	0.0145107	0.00036325	3.72502e-006	1.84593e-008	4.97279e-011	7.95594e-014	8.18323e-017	5.19428e-019	4.09539e-021	9.69007e-022	4.88822e-024	7.65922e-025	2.19203e-027	2.3624e-028	3.71237e-031	2.81211e-032	2.32932e-035	1.22081e-036	5.25447e-040	1.75227e-041	4.2374e-045	7.65718e-047	1.25413e-050	1.21143e-052	1.48557e-056	8.24575e-059	7.91256e-063	2.81129e-065	2.59702e-068	
Cubitermes_sp	0	0	0	0	0	0	0	0	0	0	0	0	0	0	1	0	0	0	0	0	0	0	0	0	0	0	0	0	0	0	0	0	0	0	0	0	0	0	0	0	0	0	0	0	0	
Thoracotermes_macrothorax	0	0	0	0	0	0	0	0	0	0	0	0	0	0	1	0	0	0	0	0	0	0	0	0	0	0	0	0	0	0	0	0	0	0	0	0	0	0	0	0	0	0	0	0	0	
N25	1.01186e-019	5.76942e-018	3.5105e-016	1.46875e-014	2.39802e-013	1.21556e-012	4.44675e-012	1.09122e-010	1.36836e-008	1.45906e-006	9.2541e-005	0.00309702	0.0476019	0.276032	0.459853	0.187893	0.024152	0.00124585	3.06922e-005	4.08905e-007	3.22814e-009	1.62197e-011	5.61383e-014	9.83345e-016	2.84372e-017	7.96882e-018	1.84883e-019	3.10458e-020	5.20486e-022	5.27796e-023	6.13099e-025	3.79806e-026	2.62739e-028	1.01096e-029	3.41801e-032	7.6565e-034	1.35219e-036	1.46401e-038	1.64544e-041	9.81629e-044	7.31167e-047	3.09422e-049	1.61781e-052	7.46778e-055	7.03853e-057	
N26	2.97573e-018	8.49785e-016	2.01592e-013	1.99517e-011	1.19178e-010	4.43827e-011	7.00195e-012	2.87448e-012	2.91481e-010	6.12942e-008	7.78698e-006	0.000530607	0.0168424	0.20005	0.598126	0.171591	0.0125034	0.000344961	4.48285e-006	3.15355e-008	1.32277e-010	3.5642e-013	6.5774e-016	1.20461e-018	3.16507e-021	3.93482e-023	1.70388e-025	1.70444e-027	5.39541e-030	3.44877e-032	7.91355e-035	3.28077e-037	5.32163e-040	1.4425e-042	1.58976e-045	2.84273e-048	2.09141e-051	2.52562e-054	1.26508e-057	1.10523e-060	3.88548e-064	2.66076e-067	7.12381e-071	4.90846e-074	3.42433e-077	
Microcerotermes_boreus	0	0	0	0	0	0	0	0	0	0	0	0	0	0	1	0	0	0	0	0	0	0	0	0	0	0	0	0	0	0	0	0	0	0	0	0	0	0	0	0	0	0	0	0	0	
Microcerotermes_nervosus	0	0	0	0	0	0	0	0	0	0	0	0	0	0	1	0	0	0	0	0	0	0	0	0	0	0	0	0	0	0	0	0	0	0	0	0	0	0	0	0	0	0	0	0	0	
Pericapritermes_sp	0	0	0	0	0	0	0	0	0	0	0	0	0	0	1	0	0	0	0	0	0	0	0	0	0	0	0	0	0	0	0	0	0	0	0	0	0	0	0	0	0	0	0	0	0	
N27	1.13179e-019	1.23517e-016	9.86933e-014	3.0576e-011	1.30989e-010	8.65297e-012	2.2136e-013	9.8382e-015	1.89121e-012	1.13869e-009	3.95829e-007	7.05392e-005	0.00549106	0.143292	0.729056	0.118264	0.0037853	4.11093e-005	1.97261e-007	4.90255e-010	7.02407e-013	6.29939e-016	3.78403e-019	2.007e-022	1.2215e-025	2.37738e-028	2.3679e-031	4.14726e-034	2.98586e-037	3.31171e-040	1.68927e-043	1.2046e-046	4.29066e-050	1.98873e-053	4.81631e-057	1.47259e-060	2.38916e-064	4.97802e-068	5.47248e-072	8.2619e-076	6.33768e-080	7.45962e-084	4.44233e-088	5.35003e-092	6.53158e-096	
N28	5.29866e-021	4.68618e-018	2.43695e-015	3.56802e-013	1.00934e-012	3.99118e-014	6.39055e-016	1.78926e-016	7.70362e-014	9.63804e-011	6.75689e-008	2.29271e-005	0.00311768	0.124007	0.765724	0.104859	0.00225516	1.43573e-005	3.70185e-008	4.66e-011	3.24217e-014	1.36295e-017	3.74755e-021	6.21949e-024	1.81728e-026	1.00418e-027	2.04301e-030	7.15429e-032	8.99328e-035	2.09205e-036	1.55771e-039	2.49362e-041	1.01967e-044	1.13103e-046	2.26643e-050	1.62082e-052	1.3742e-056	3.95047e-059	2.26327e-063	3.29884e-066	1.39852e-070	1.2247e-073	3.95563e-078	2.52509e-081	1.59419e-084	
Nasutitermes_graveolus	0	0	0	0	0	0	0	0	0	0	0	0	0	0	1	0	0	0	0	0	0	0	0	0	0	0	0	0	0	0	0	0	0	0	0	0	0	0	0	0	0	0	0	0	0	
Nasutitermes_triodiae	0	0	0	0	0	0	0	0	0	0	0	0	0	0	1	0	0	0	0	0	0	0	0	0	0	0	0	0	0	0	0	0	0	0	0	0	0	0	0	0	0	0	0	0	0	
N29	1.64247e-023	2.96458e-020	3.10603e-017	1.08021e-014	1.94704e-014	3.23125e-016	1.2736e-017	5.87293e-019	9.30634e-017	3.40027e-013	7.19453e-010	7.66009e-007	0.000340379	0.0456584	0.913378	0.040353	0.000268983	5.46392e-007	4.66515e-010	2.0152e-013	4.96824e-017	7.61558e-021	7.80734e-025	1.61623e-028	8.84873e-032	4.90689e-034	2.70839e-037	9.30144e-040	3.6825e-043	7.78578e-046	2.18549e-049	2.8828e-052	5.31722e-056	4.38948e-059	4.52307e-063	2.24793e-066	1.06336e-070	2.35655e-074	6.93246e-079	9.05296e-083	1.76184e-087	1.65775e-091	2.27018e-096	2.14071e-100	2.87782e-104	
Nasutitermes_longipennis	0	0	0	0	0	0	0	0	0	0	0	0	0	0	1	0	0	0	0	0	0	0	0	0	0	0	0	0	0	0	0	0	0	0	0	0	0	0	0	0	0	0	0	0	0	
Tumulitermes_pastinator	0	0	0	0	0	0	0	0	0	0	0	0	0	0	1	0	0	0	0	0	0	0	0	0	0	0	0	0	0	0	0	0	0	0	0	0	0	0	0	0	0	0	0	0	0	
N30	1.85656e-015	7.93955e-014	2.62084e-012	3.0436e-011	9.03431e-011	1.30114e-010	3.06542e-010	8.25907e-009	5.74139e-007	2.82864e-005	0.0008133	0.0124331	0.0918165	0.294997	0.375619	0.18383	0.0369278	0.00337457	0.000155237	3.92424e-006	5.86344e-008	5.54685e-010	3.68588e-012	1.01341e-013	3.08426e-015	5.16425e-016	1.15303e-017	1.16796e-018	1.67079e-020	1.05353e-021	9.47397e-024	3.82536e-025	2.10925e-027	5.48968e-029	1.84637e-031	3.03379e-033	6.47218e-036	6.58005e-038	9.46904e-041	6.22154e-043	6.27683e-046	2.88932e-048	2.12568e-051	8.47424e-054	3.50498e-056	
Macrotermes_bellicosus	0	0	0	0	0	0	0	0	0	0	0	0	0	0	1	0	0	0	0	0	0	0	0	0	0	0	0	0	0	0	0	0	0	0	0	0	0	0	0	0	0	0	0	0	0	
N31	9.92038e-016	2.70171e-014	9.68298e-013	2.16208e-011	1.77119e-010	5.10304e-010	1.25274e-009	1.79659e-008	8.7663e-007	3.56098e-005	0.000885861	0.0122466	0.0858752	0.276225	0.37162	0.2012	0.0465325	0.00507985	0.000289073	9.33987e-006	1.83832e-007	2.34709e-009	2.09033e-011	3.75297e-013	1.1051e-014	1.81652e-015	5.00342e-017	5.36218e-018	9.91806e-020	6.84981e-021	8.39463e-023	3.82957e-024	3.05549e-026	9.29823e-028	4.81753e-030	9.72736e-032	3.36272e-034	4.49897e-036	1.08185e-038	9.89792e-041	1.70888e-043	1.13264e-045	1.45804e-048	8.308e-051	4.08577e-053	
N32	4.55237e-018	2.00016e-015	7.12087e-013	1.10112e-010	4.53477e-010	5.20935e-011	2.57426e-012	1.79503e-013	1.31422e-011	4.56289e-009	9.74189e-007	0.000114436	0.00646443	0.140309	0.726543	0.12162	0.00487218	7.539e-005	5.64484e-007	2.34044e-009	5.88676e-012	9.64991e-015	1.09336e-017	1.07704e-020	1.14955e-023	3.53754e-026	6.46056e-029	2.02624e-031	2.76049e-034	5.74391e-037	5.62827e-040	7.90838e-043	5.56972e-046	5.4046e-049	2.72735e-052	1.87041e-055	6.77543e-059	3.3805e-062	8.87553e-066	3.3458e-069	6.47781e-073	1.94032e-076	3.01551e-080	9.07096e-084	2.70545e-087	
Microtermes_sp	0	0	0	0	0	0	0	0	0	0	0	0	0	0	1	0	0	0	0	0	0	0	0	0	0	0	0	0	0	0	0	0	0	0	0	0	0	0	0	0	0	0	0	0	0	
Protermes_sp	0	0	0	0	0	0	0	0	0	0	0	0	0	0	1	0	0	0	0	0	0	0	0	0	0	0	0	0	0	0	0	0	0	0	0	0	0	0	0	0	0	0	0	0	0	
N33	3.81286e-019	3.01314e-016	1.86125e-013	5.15886e-011	2.02519e-010	1.1898e-011	3.08864e-013	8.06421e-015	4.71203e-013	2.94512e-010	1.13189e-007	2.39431e-005	0.0024318	0.0939392	0.819904	0.0818344	0.00185053	1.59903e-005	6.67151e-008	1.54119e-010	2.16013e-013	1.97301e-016	1.24419e-019	6.69461e-023	3.7645e-026	5.66304e-029	5.41394e-032	8.58497e-035	6.14177e-038	6.44648e-041	3.29394e-044	2.32122e-047	8.46357e-051	4.09131e-054	1.06108e-057	3.59816e-061	6.64573e-065	1.62586e-068	2.15724e-072	3.9487e-076	3.82735e-080	5.50929e-084	4.26251e-088	6.11604e-092	8.62645e-096	
Odontotermes_sp	0	0	0	0	0	0	0	0	0	0	0	0	0	0	1	0	0	0	0	0	0	0	0	0	0	0	0	0	0	0	0	0	0	0	0	0	0	0	0	0	0	0	0	0	0	
Pseudacanthotermes_militaris	0	0	0	0	0	0	0	0	0	0	0	0	0	0	1	0	0	0	0	0	0	0	0	0	0	0	0	0	0	0	0	0	0	0	0	0	0	0	0	0	0	0	0	0	0	
N34	3.64181e-013	6.76132e-012	1.1493e-010	7.97824e-010	2.30295e-009	5.47319e-009	3.10354e-008	8.8001e-007	2.78589e-005	0.000581145	0.00717381	0.0492616	0.178222	0.32407	0.287186	0.123667	0.0266117	0.0030025	0.000187719	6.86917e-006	1.54725e-007	2.27035e-009	2.3488e-011	5.02495e-013	1.36246e-014	1.50513e-015	3.44413e-017	2.41086e-018	3.55431e-020	1.55929e-021	1.48937e-023	4.21447e-025	2.61984e-027	4.86981e-029	1.99213e-031	2.45993e-033	6.77236e-036	5.64133e-038	1.07507e-040	6.23518e-043	8.43109e-046	3.56604e-048	3.57214e-051	1.31209e-053	4.27579e-056	
N35	3.27651e-013	3.24757e-012	3.64065e-011	2.91889e-010	1.78329e-009	8.57037e-009	5.93073e-008	1.12583e-006	2.92289e-005	0.000561211	0.00664264	0.0449878	0.164739	0.311092	0.294141	0.139111	0.0338837	0.0044601	0.000335058	1.51566e-005	4.33723e-007	8.96376e-009	1.73137e-010	5.25464e-011	2.62208e-012	1.28257e-012	3.96982e-014	1.29518e-014	2.48962e-016	5.53383e-017	6.73293e-019	1.02819e-019	8.13391e-022	8.49076e-023	4.53392e-025	3.19909e-026	1.20515e-028	5.72146e-030	1.58521e-032	5.12638e-034	1.07835e-036	2.44489e-038	4.01929e-041	7.10961e-043	8.21119e-045	
Coptotermes_acinaciformis	0	0	0	0	0	0	0	0	0	0	0	0	0	0	1	0	0	0	0	0	0	0	0	0	0	0	0	0	0	0	0	0	0	0	0	0	0	0	0	0	0	0	0	0	0	
N36	1.15728e-014	1.36683e-012	1.43773e-010	6.18919e-009	1.9066e-008	4.3983e-009	4.3276e-010	1.46306e-010	8.50771e-009	8.44077e-007	5.226e-005	0.00182819	0.0321798	0.237763	0.531879	0.177469	0.0180337	0.000776323	1.7006e-005	2.13244e-007	1.66076e-009	8.67903e-012	3.24682e-014	1.20355e-016	4.76962e-019	3.69291e-021	1.7785e-023	1.16874e-025	4.08264e-028	1.80807e-030	4.49032e-033	1.37184e-035	2.45027e-038	5.31443e-041	6.89915e-044	1.09283e-046	1.04319e-049	1.24375e-052	8.85182e-056	8.21181e-059	4.44604e-062	3.37335e-065	1.56322e-068	1.26786e-071	1.10278e-074	
Reticulitermes_flavipes	0	0	0	0	0	0	0	0	0	0	0	0	0	0	1	0	0	0	0	0	0	0	0	0	0	0	0	0	0	0	0	0	0	0	0	0	0	0	0	0	0	0	0	0	0	
N37	6.37549e-019	3.04728e-016	9.50267e-014	9.9471e-012	1.78067e-011	7.16609e-013	2.90079e-014	3.12015e-015	4.5845e-013	3.57148e-010	1.61742e-007	3.73388e-005	0.00372774	0.122801	0.771734	0.0992273	0.00245224	2.02009e-005	7.27231e-008	1.3477e-010	1.43539e-013	9.5439e-017	4.2795e-020	3.30056e-023	4.65583e-026	4.40336e-028	6.2055e-031	3.86863e-033	3.65381e-036	1.47476e-038	9.28588e-042	2.48991e-044	1.02281e-047	1.83385e-050	4.77096e-054	5.58803e-057	9.1074e-061	6.60005e-064	7.30496e-068	3.4952e-071	2.75906e-075	9.45349e-079	5.55051e-083	1.61057e-086	3.4892e-090	
Reticulitermes_lucifugus	0	0	0	0	0	0	0	0	0	0	0	0	0	0	1	0	0	0	0	0	0	0	0	0	0	0	0	0	0	0	0	0	0	0	0	0	0	0	0	0	0	0	0	0	0	
Reticulitermes_urbis	0	0	0	0	0	0	0	0	0	0	0	0	0	0	1	0	0	0	0	0	0	0	0	0	0	0	0	0	0	0	0	0	0	0	0	0	0	0	0	0	0	0	0	0	0	
Schedorhinotermes_lamanianus	0	0	0	0	0	0	0	0	0	0	0	0	1	0	0	0	0	0	0	0	0	0	0	0	0	0	0	0	0	0	0	0	0	0	0	0	0	0	0	0	0	0	0	0	0	
N38	2.45528e-010	1.99765e-009	1.37901e-008	4.15277e-008	6.76276e-008	1.94082e-007	1.9392e-006	3.08569e-005	0.000429002	0.00417352	0.0261577	0.100522	0.227822	0.296603	0.220205	0.0947561	0.0246361	0.00413374	0.00048396	4.20001e-005	2.74687e-006	1.36657e-007	5.27256e-009	4.03538e-010	2.99973e-011	8.91282e-012	5.65373e-013	1.16536e-013	4.87464e-015	6.62664e-016	1.85116e-017	1.69501e-018	3.20929e-020	2.0128e-021	2.62705e-023	1.14477e-024	1.0509e-026	3.23213e-028	2.13212e-030	4.72458e-032	2.28538e-034	3.75071e-036	1.3859e-038	1.93522e-040	2.12648e-042	
N39	4.45361e-012	9.78633e-011	1.95739e-009	2.20838e-008	9.63471e-008	1.98502e-007	8.98538e-007	2.02218e-005	0.000392363	0.00498396	0.0377216	0.153188	0.309485	0.30062	0.142444	0.0378325	0.00914782	0.00304914	0.000906558	0.000181719	2.39155e-005	2.13185e-006	1.33482e-007	8.18539e-009	5.45045e-010	9.28149e-011	7.26764e-012	9.38577e-013	4.53399e-014	3.38659e-015	9.94351e-017	4.42562e-018	8.10634e-020	2.24636e-021	2.64845e-023	4.77692e-025	3.7386e-027	4.57995e-029	2.44812e-031	2.12282e-033	7.96156e-036	5.1167e-038	1.46094e-040	8.7043e-043	5.55769e-045	
N40	6.90241e-014	3.02263e-012	1.7334e-010	4.12313e-009	1.91943e-008	3.88952e-008	3.08201e-007	9.52113e-006	0.000177528	0.00192602	0.0153096	0.0896586	0.277196	0.363128	0.195159	0.0485813	0.00764273	0.00107937	0.000122598	8.75193e-006	3.66809e-007	9.23889e-009	1.49957e-010	1.95903e-012	2.75822e-014	4.74475e-016	6.23315e-018	6.83346e-020	4.70374e-022	2.68133e-024	9.7134e-027	2.96819e-029	5.98555e-032	1.03348e-034	1.22077e-037	1.28539e-040	9.25882e-044	6.97167e-047	3.22461e-050	2.98249e-053	1.18696e-056	2.79517e-059	2.38828e-062	1.17573e-064	4.50211e-067	
N41	3.03291e-012	3.20641e-011	4.47475e-010	6.08341e-009	1.08497e-007	2.45844e-006	4.18577e-005	0.000388754	0.00191571	0.00560417	0.0145845	0.0549818	0.175441	0.304228	0.270577	0.129592	0.0358018	0.00610554	0.000680928	5.16909e-005	2.72956e-006	1.44388e-007	1.02669e-008	5.17208e-009	5.13175e-010	1.86135e-010	1.13286e-011	2.40745e-012	8.80494e-014	1.14007e-014	2.47771e-016	1.98562e-017	2.62171e-019	1.29737e-020	1.09985e-022	3.43343e-024	1.97409e-026	4.19642e-028	1.71143e-030	2.74785e-032	8.37888e-035	1.10962e-036	3.0553e-039	6.14298e-041	2.44751e-042	
Bifiditermes_improbus	0	0	0	0	0	0	0	0	0	0	0	1	0	0	0	0	0	0	0	0	0	0	0	0	0	0	0	0	0	0	0	0	0	0	0	0	0	0	0	0	0	0	0	0	0	
Neotermes_insularis	0	0	0	0	0	0	0	0	0	0	0	0	0	0	0	0	0	0	0	1	0	0	0	0	0	0	0	0	0	0	0	0	0	0	0	0	0	0	0	0	0	0	0	0	0	
N42	8.74934e-015	1.06533e-012	7.70138e-011	1.11818e-009	1.71013e-009	1.13066e-009	8.53007e-009	4.95654e-007	2.16255e-005	0.000586534	0.00955877	0.0816195	0.297492	0.394102	0.181696	0.0321222	0.00266643	0.000130706	4.17765e-006	8.30138e-008	9.80099e-010	6.97767e-012	3.1072e-014	1.15308e-016	3.46879e-019	5.28752e-021	2.07724e-023	4.25813e-025	1.21514e-027	1.76421e-029	3.37381e-032	3.33426e-034	4.18121e-037	2.77848e-039	2.34631e-042	1.05823e-044	6.33904e-048	2.02862e-050	9.3073e-054	2.34941e-056	9.09557e-060	2.03489e-062	7.16975e-066	1.55929e-068	1.73625e-071	
N43	8.67278e-014	4.70493e-012	1.91948e-010	2.99707e-009	1.16498e-008	2.4054e-008	5.0152e-008	9.09056e-007	3.88535e-005	0.00101326	0.0141729	0.097852	0.303778	0.380128	0.17192	0.0289117	0.00210616	7.60988e-005	1.51473e-006	1.80317e-008	1.37059e-010	7.48367e-013	3.54964e-015	5.45001e-017	6.17767e-019	1.56295e-020	1.33306e-022	2.11308e-024	1.24432e-026	1.24865e-028	5.02539e-031	3.25796e-033	8.81217e-036	3.76762e-038	6.83808e-041	1.9893e-043	2.46558e-046	5.152e-049	4.47385e-052	7.16274e-055	4.49157e-058	5.87875e-061	3.08051e-064	4.93694e-067	1.01516e-069	
N44	3.94301e-015	3.9964e-013	3.77679e-011	1.35344e-009	4.43506e-009	2.72329e-009	1.10612e-009	5.60053e-009	4.6619e-007	3.43522e-005	0.00135167	0.0250893	0.189388	0.468997	0.274382	0.0388026	0.00191269	4.15786e-005	4.64447e-007	3.0103e-009	1.28682e-011	1.4078e-013	1.54431e-015	7.51447e-017	6.00686e-019	1.80037e-020	8.8481e-023	1.66544e-024	5.13797e-027	6.27325e-029	1.24352e-031	1.00132e-033	1.31569e-036	7.0589e-039	6.37348e-042	2.32035e-044	1.48685e-047	3.80588e-050	1.77205e-053	3.34848e-056	1.152e-059	1.69693e-062	4.94153e-066	1.08843e-068	4.59378e-071	
Cryptotermes_austrinus	0	0	0	0	0	0	0	0	0	0	0	0	0	1	0	0	0	0	0	0	0	0	0	0	0	0	0	0	0	0	0	0	0	0	0	0	0	0	0	0	0	0	0	0	0	
Cryptotermes_queenslandis	0	0	0	0	0	0	0	0	0	0	0	0	0	0	1	0	0	0	0	0	0	0	0	0	0	0	0	0	0	0	0	0	0	0	0	0	0	0	0	0	0	0	0	0	0	
N45	4.67269e-013	6.31603e-011	4.7662e-010	7.52067e-009	9.05949e-007	5.6497e-006	1.71249e-005	2.60634e-005	0.00141775	0.0224346	0.126225	0.311923	0.348791	0.163963	0.0251363	6.00879e-005	5.01543e-008	2.01209e-011	4.51081e-015	6.20625e-019	5.59589e-023	3.54567e-027	1.72884e-031	1.5899e-035	1.82675e-039	5.66583e-043	6.19223e-047	1.28814e-050	9.97493e-055	1.32448e-058	7.10874e-063	6.05549e-067	2.18433e-071	1.19684e-075	2.82271e-080	1.00209e-084	1.5318e-089	3.61424e-094	3.59211e-099	5.87816e-104	3.82948e-109	4.5492e-114	2.11577e-119	2.43401e-124	2.82631e-129	
Cryptotermes_primus	0	0	0	0	0	0	0	0	1	0	0	0	0	0	0	0	0	0	0	0	0	0	0	0	0	0	0	0	0	0	0	0	0	0	0	0	0	0	0	0	0	0	0	0	0	
Incisitermes_sp	0	0	0	0	0	0	0	0	0	0	0	0	0	0	1	0	0	0	0	0	0	0	0	0	0	0	0	0	0	0	0	0	0	0	0	0	0	0	0	0	0	0	0	0	0	
N46	5.31077e-016	5.12367e-014	3.38071e-012	5.23066e-011	1.65355e-010	4.84561e-010	5.91197e-009	2.49335e-007	1.05065e-005	0.000324674	0.00673993	0.0724134	0.302686	0.414428	0.176864	0.0251365	0.00136382	3.29512e-005	4.03728e-007	2.74549e-009	1.09954e-011	2.94473e-014	6.69215e-017	1.34426e-018	7.10607e-021	2.12868e-022	6.81513e-025	1.24791e-026	2.40254e-029	2.776e-031	3.20091e-034	2.36222e-036	1.65042e-039	7.726e-042	3.42223e-045	1.01053e-047	3.01655e-051	5.76367e-054	1.22484e-057	1.61741e-060	2.55716e-064	2.52232e-067	3.13718e-071	2.79112e-074	2.34721e-077	
N47	2.71719e-016	1.66952e-014	1.42179e-012	4.26824e-011	4.34392e-010	4.33529e-009	7.6618e-008	1.67853e-006	3.54806e-005	0.000569893	0.00810258	0.0768717	0.304434	0.407768	0.175377	0.0254331	0.00137487	3.10828e-005	3.2727e-007	1.76268e-009	5.26227e-012	1.14514e-014	4.01331e-017	3.82269e-018	2.70003e-020	1.863e-021	6.99319e-024	2.8156e-025	5.59587e-028	1.3791e-029	1.43923e-032	2.19651e-034	1.23289e-037	1.12935e-039	3.69347e-043	1.93592e-045	4.08557e-049	1.2219e-051	1.79074e-055	3.23967e-058	3.42836e-062	4.08608e-065	3.24501e-069	3.42209e-072	6.55982e-075	
N48	8.48928e-015	3.86512e-013	1.45692e-011	2.46955e-010	2.43746e-009	2.5473e-008	2.28448e-007	1.75068e-006	2.72942e-005	0.000614795	0.009773	0.0814853	0.289546	0.388468	0.19084	0.0362187	0.00291105	0.000111065	2.23839e-006	2.61655e-008	1.9552e-010	4.36332e-012	1.16732e-013	3.12548e-014	6.45196e-016	1.20909e-016	1.81213e-018	2.40206e-019	2.45945e-021	2.24615e-022	1.37731e-024	8.35787e-026	2.95572e-028	1.12277e-029	2.44263e-032	5.45432e-034	8.00592e-037	1.05657e-038	1.10508e-041	9.34241e-044	7.09822e-047	4.27723e-049	2.52787e-052	2.08621e-054	5.20278e-056	
Cryptotermes_brevis	0	0	0	0	0	0	0	0	0	0	0	1	0	0	0	0	0	0	0	0	0	0	0	0	0	0	0	0	0	0	0	0	0	0	0	0	0	0	0	0	0	0	0	0	0	
Cryptotermes_cynocephalus	0	0	0	0	0	0	0	0	0	0	0	0	0	0	0	1	0	0	0	0	0	0	0	0	0	0	0	0	0	0	0	0	0	0	0	0	0	0	0	0	0	0	0	0	0	
N49	1.52514e-013	4.72163e-012	1.86774e-010	1.36895e-008	8.84809e-007	2.75749e-005	0.000291257	0.00127625	0.00275872	0.00512116	0.0258992	0.121165	0.291481	0.33086	0.173016	0.0426713	0.00511973	0.000302497	8.89151e-006	1.41902e-007	1.34706e-009	9.19567e-012	7.431e-014	6.70521e-015	1.6437e-016	1.50492e-017	2.53645e-019	1.38916e-020	1.57732e-022	5.32406e-024	3.88018e-026	8.23805e-028	3.68154e-030	4.90645e-032	1.36539e-034	1.13162e-036	2.06908e-039	1.12112e-041	1.39641e-044	5.47409e-047	4.76546e-050	1.49009e-052	1.04148e-055	4.64924e-058	3.79271e-060	
Cryptotermes_domesticus	0	0	0	0	0	0	0	0	1	0	0	0	0	0	0	0	0	0	0	0	0	0	0	0	0	0	0	0	0	0	0	0	0	0	0	0	0	0	0	0	0	0	0	0	0	
Procryptotermes_australiensis	0	0	0	0	0	0	0	0	0	0	0	0	0	0	0	0	0	1	0	0	0	0	0	0	0	0	0	0	0	0	0	0	0	0	0	0	0	0	0	0	0	0	0	0	0	
N50	5.50913e-014	2.67256e-012	1.15921e-010	1.72108e-009	3.79928e-009	3.00363e-009	3.805e-009	9.69981e-008	5.82719e-006	0.000231875	0.0051289	0.0561074	0.261532	0.42973	0.208423	0.0360415	0.00269552	0.000101031	2.1172e-006	2.69744e-008	2.23371e-010	1.43059e-012	9.74387e-015	3.28602e-016	5.43098e-018	2.13131e-019	2.56464e-021	6.34348e-023	5.37117e-025	8.4993e-027	4.94764e-029	5.08011e-031	1.97702e-033	1.33592e-035	3.46652e-038	1.5837e-040	2.794e-043	9.1575e-046	1.12618e-048	2.85259e-051	2.51897e-054	5.30085e-057	4.02019e-060	1.17125e-062	4.87922e-065	
Cryptotermes_dudleyi	0	0	0	0	0	0	0	0	0	0	0	0	0	1	0	0	0	0	0	0	0	0	0	0	0	0	0	0	0	0	0	0	0	0	0	0	0	0	0	0	0	0	0	0	0	
Cryptotermes_secundus	0	0	0	0	0	0	0	0	0	0	0	0	0	1	0	0	0	0	0	0	0	0	0	0	0	0	0	0	0	0	0	0	0	0	0	0	0	0	0	0	0	0	0	0	0	
Kalotermes_flavicollis	0	0	0	0	0	0	0	0	0	0	0	0	0	0	0	0	0	0	0	0	0	0	0	0	0	0	0	1	0	0	0	0	0	0	0	0	0	0	0	0	0	0	0	0	0	
N51	3.37315e-010	3.80498e-009	5.03101e-008	3.50133e-007	8.976e-007	9.27168e-007	9.77537e-007	5.13163e-006	7.05918e-005	0.000857376	0.0071971	0.0391842	0.13197	0.262151	0.294467	0.183524	0.0649437	0.0136649	0.00179752	0.000155416	9.20911e-006	4.01049e-007	1.35403e-008	4.93979e-010	1.82711e-011	1.03865e-012	4.01193e-014	1.87641e-015	5.35642e-017	1.75949e-018	3.64233e-020	8.5619e-022	1.30308e-023	2.25238e-025	2.55609e-027	3.33758e-029	2.86492e-031	2.9049e-033	1.91528e-035	1.5537e-037	8.06683e-040	5.53699e-042	2.63577e-044	2.03883e-046	1.90644e-048	
Glyptotermes_brevicornis	0	0	0	0	0	0	0	0	0	0	0	0	0	0	1	0	0	0	0	0	0	0	0	0	0	0	0	0	0	0	0	0	0	0	0	0	0	0	0	0	0	0	0	0	0	
Glyptotermes_iridipennis	0	0	0	0	0	0	0	0	0	0	0	0	0	0	1	0	0	0	0	0	0	0	0	0	0	0	0	0	0	0	0	0	0	0	0	0	0	0	0	0	0	0	0	0	0	
N52	1.16278e-007	4.65974e-007	3.43971e-006	2.91886e-005	0.00022236	0.00125828	0.00463914	0.0105537	0.0155192	0.0184808	0.0291406	0.0646075	0.130169	0.196795	0.214753	0.168009	0.0941821	0.0379133	0.0109992	0.00231955	0.000358727	4.23809e-005	3.94865e-006	3.94631e-007	4.01365e-008	6.70854e-009	7.44499e-010	1.06549e-010	8.78821e-012	8.87416e-013	5.31109e-014	3.84265e-015	1.69228e-016	9.00161e-018	2.95812e-019	1.18618e-020	2.94767e-022	9.13653e-024	1.74025e-025	4.2813e-027	6.37834e-029	1.30515e-030	1.73163e-032	3.85997e-034	1.11652e-035	
Stolotermes_sp	0	0	0	0	0	0	0	0	0	1	0	0	0	0	0	0	0	0	0	0	0	0	0	0	0	0	0	0	0	0	0	0	0	0	0	0	0	0	0	0	0	0	0	0	0	
N53	4.40416e-011	8.83349e-011	2.93814e-009	1.15593e-007	3.00549e-006	4.24656e-005	0.000191657	9.64475e-005	1.57008e-005	1.3869e-006	8.72288e-008	3.55622e-008	7.4631e-007	2.06873e-005	0.000398085	0.00499563	0.0383938	0.166574	0.357445	0.321822	0.0944242	0.0142166	0.00124907	0.000103871	5.16288e-006	2.51329e-007	6.86149e-009	1.87371e-010	3.00385e-012	5.00328e-014	5.10179e-016	5.5916e-018	3.84768e-020	2.93947e-022	1.42565e-024	7.9427e-027	2.80781e-029	1.18457e-031	3.13791e-034	1.03868e-036	2.15143e-039	6.06925e-042	1.26126e-044	4.36368e-047	1.73152e-049	
Zootermopsis_angusticollis	0	0	0	0	0	0	0	0	0	0	0	0	0	0	0	0	0	0	0	1	0	0	0	0	0	0	0	0	0	0	0	0	0	0	0	0	0	0	0	0	0	0	0	0	0	
Zootermopsis_nevadensis	0	0	0	0	0	0	0	0	0	0	0	0	0	0	0	0	0	0	0	1	0	0	0	0	0	0	0	0	0	0	0	0	0	0	0	0	0	0	0	0	0	0	0	0	0	
Mastotermes_darwiniensis	0	0	0	0	0	0	0	0	0	0	0	0	0	0	0	0	0	0	0	0	0	0	0	0	0	0	0	0	0	0	0	0	0	0	0	0	0	0	0	0	0	0	1	0	0	
Porotermes_adamsoni	0	0	0	0	0	0	0	0	0	0	0	0	0	1	0	0	0	0	0	0	0	0	0	0	0	0	0	0	0	0	0	0	0	0	0	0	0	0	0	0	0	0	0	0	0	
N54	0.0144503	0.0239477	0.0474283	0.0872819	0.1302	0.148836	0.132639	0.103198	0.0832989	0.0731412	0.0618697	0.0452725	0.0273229	0.0134369	0.005356	0.00173934	0.000459603	0.00010032	1.80583e-005	2.78562e-006	3.65556e-007	4.46366e-008	4.84247e-009	5.38846e-010	5.24357e-011	5.31084e-012	4.39968e-013	3.7126e-014	2.47735e-015	1.67505e-016	8.89234e-018	4.81566e-019	2.04701e-020	8.98877e-022	3.09414e-023	1.11896e-024	3.16265e-026	9.60414e-028	2.27845e-029	6.02256e-031	1.28846e-032	3.31454e-034	7.88788e-036	2.37054e-037	9.30118e-039	
N55	0.0393484	0.0944154	0.217754	0.300404	0.223108	0.0948222	0.0251107	0.00443635	0.00054797	4.89156e-005	3.22911e-006	1.60737e-007	6.13085e-009	1.81941e-010	4.25617e-012	7.94995e-014	1.19853e-015	1.47497e-017	1.49512e-019	1.26234e-021	8.9441e-024	5.39293e-026	2.78213e-028	1.26079e-030	5.01698e-033	1.88646e-035	6.51801e-038	2.50277e-040	8.94928e-043	3.98215e-045	1.45202e-047	6.37956e-050	2.09418e-052	8.05071e-055	2.26832e-057	7.427e-060	1.78467e-062	4.99215e-065	1.03181e-067	2.51398e-070	4.66436e-073	1.06213e-075	2.05842e-078	5.07073e-081	1.29775e-083	
Cryptocercus_primarius	0	0	0	1	0	0	0	0	0	0	0	0	0	0	0	0	0	0	0	0	0	0	0	0	0	0	0	0	0	0	0	0	0	0	0	0	0	0	0	0	0	0	0	0	0	
Cryptocercus_relictus	0	0	1	0	0	0	0	0	0	0	0	0	0	0	0	0	0	0	0	0	0	0	0	0	0	0	0	0	0	0	0	0	0	0	0	0	0	0	0	0	0	0	0	0	0	
Cryptocercus_punctulatus	0	0	0	0	0	0	0	0	0	0	0	0	0	0	0	0	0	1	0	0	0	0	0	0	0	0	0	0	0	0	0	0	0	0	0	0	0	0	0	0	0	0	0	0	0	
N56	0.0024103	0.00450549	0.00912239	0.0176909	0.0348583	0.0669149	0.113462	0.160635	0.184688	0.169704	0.12275	0.0693144	0.0303033	0.0102786	0.0026993	0.000558684	9.12292e-005	1.24253e-005	1.40811e-006	1.53694e-007	1.49411e-008	1.58417e-009	1.38967e-010	1.28174e-011	8.96535e-013	6.41331e-014	3.41708e-015	1.86891e-016	7.61853e-018	3.237e-019	1.02402e-020	3.45006e-022	8.60236e-024	2.34807e-025	4.68234e-027	1.05717e-028	1.71459e-030	3.28633e-032	4.45788e-034	7.63364e-036	9.88755e-038	1.84586e-039	3.29001e-041	7.88681e-043	2.31657e-044	
N57	0.000247395	0.000633693	0.00189121	0.0050806	0.0125694	0.0289919	0.0592707	0.104838	0.157264	0.194316	0.18644	0.136009	0.0720024	0.0292199	0.00844187	0.00224557	0.000416266	0.000103849	1.44747e-005	3.1337e-006	2.99643e-007	4.49996e-008	2.84096e-009	2.87273e-010	1.22689e-011	8.61141e-013	2.55938e-014	1.28477e-015	2.7424e-017	1.02142e-018	1.59587e-020	4.49793e-022	5.32602e-024	1.19934e-025	1.07856e-027	1.93315e-029	1.4341e-031	2.40432e-033	1.40003e-035	1.94935e-037	1.17901e-039	2.08107e-041	1.55345e-043	3.47565e-045	9.10194e-047	
N58	0.0001016	0.000276198	0.00100615	0.00343767	0.00988597	0.0235793	0.047021	0.081198	0.126643	0.174834	0.196026	0.166741	0.102792	0.0464017	0.014968	0.004041	0.000779917	0.000222039	3.15778e-005	1.24763e-005	1.20701e-006	4.21043e-007	2.68942e-008	6.76221e-009	2.94541e-010	5.19607e-011	1.59018e-012	1.9952e-013	4.42539e-015	4.0625e-016	6.6762e-018	4.56918e-019	5.73986e-021	3.05647e-022	2.97062e-024	1.23438e-025	9.86821e-028	3.65218e-029	2.33164e-031	6.91132e-033	4.45056e-035	1.74458e-036	1.0459e-038	5.21596e-040	3.97678e-041	
N59	7.91398e-006	3.56305e-005	0.000273616	0.00191141	0.00931494	0.0272346	0.045951	0.0506488	0.0512583	0.0693575	0.118108	0.178412	0.194796	0.14544	0.0731343	0.0258864	0.00642357	0.00146875	0.000259796	6.58885e-005	9.263e-006	1.79144e-006	1.5541e-007	1.8306e-008	9.61716e-010	7.00477e-011	2.31156e-012	1.08857e-013	2.34636e-015	7.47151e-017	1.08885e-018	2.44135e-020	2.48309e-022	4.07866e-024	2.97333e-026	3.70136e-028	2.00113e-030	1.99068e-032	8.20226e-035	6.76275e-037	2.46371e-039	2.26189e-041	1.45525e-043	2.29082e-045	4.0402e-047	
N60	5.85332e-006	2.71911e-005	0.000223276	0.00174759	0.00915171	0.027367	0.0454968	0.0487965	0.05057	0.0732097	0.126551	0.186419	0.196059	0.139595	0.0667233	0.021885	0.00507197	0.000932541	0.000142285	2.15645e-005	2.5542e-006	2.75126e-007	1.99881e-008	1.26677e-009	5.35929e-011	2.12125e-012	5.41616e-014	1.98555e-015	3.34825e-017	2.37789e-018	3.02437e-020	2.77769e-021	2.6698e-023	1.98295e-024	1.44377e-026	8.17429e-028	4.6325e-030	2.04063e-031	9.19221e-034	3.22152e-035	1.24186e-037	3.84672e-039	1.47036e-041	5.36076e-043	1.68765e-044	
Blatta_orientalis	0	0	0	0	0	0	0	0	0	0	0	0	0	0	0	0	0	1	0	0	0	0	0	0	0	0	0	0	0	0	0	0	0	0	0	0	0	0	0	0	0	0	0	0	0	
N61	1.51232e-006	2.98996e-006	1.40776e-005	0.000149906	0.00162903	0.0117607	0.0530055	0.15091	0.266572	0.278873	0.166778	0.057176	0.0115695	0.00143683	0.000113954	5.99852e-006	2.17515e-007	5.63832e-009	1.08248e-010	1.59089e-012	1.83454e-014	1.69032e-016	1.25156e-018	7.5516e-021	3.70103e-023	1.60916e-025	6.15344e-028	3.29992e-030	1.59421e-032	1.29699e-034	6.20938e-037	4.34253e-039	1.66655e-041	9.0357e-044	2.73241e-046	1.15811e-048	2.77631e-051	9.37384e-054	1.80247e-056	4.96948e-059	7.9043e-062	1.88919e-064	2.96633e-067	7.77809e-070	2.01815e-072	
N62	2.11974e-007	6.06498e-007	1.18656e-006	3.53404e-006	1.82955e-005	0.000556206	0.0130627	0.130126	0.359183	0.356949	0.127169	0.0124177	0.000501454	1.02977e-005	1.21248e-007	9.05623e-010	4.57744e-012	2.10974e-014	8.81011e-017	7.02274e-019	3.2393e-021	2.37729e-023	7.81763e-026	3.94558e-028	9.04548e-031	3.19879e-033	5.22267e-036	1.33409e-038	1.58065e-041	3.00429e-044	2.62694e-047	3.82775e-050	2.50975e-053	2.89048e-056	1.44188e-059	1.35163e-062	5.22e-066	4.13828e-069	1.25946e-072	8.80288e-076	2.46699e-079	2.22326e-082	1.70665e-085	3.16625e-088	5.54531e-091	
Periplaneta_americana	0	0	0	0	0	0	0	0	0	0	1	0	0	0	0	0	0	0	0	0	0	0	0	0	0	0	0	0	0	0	0	0	0	0	0	0	0	0	0	0	0	0	0	0	0	
Periplaneta_brunnea	0	0	0	0	0	0	0	1	0	0	0	0	0	0	0	0	0	0	0	0	0	0	0	0	0	0	0	0	0	0	0	0	0	0	0	0	0	0	0	0	0	0	0	0	0	
N63	1.75171e-007	2.04244e-007	1.2457e-006	3.87589e-005	0.00104896	0.0161503	0.120821	0.361975	0.347301	0.128877	0.0218071	0.00188608	9.06341e-005	2.58438e-006	4.61602e-008	5.41313e-010	4.33429e-012	2.50296e-014	1.08562e-016	5.48829e-019	2.87244e-021	4.21372e-023	2.59778e-025	3.42038e-027	1.56309e-029	1.47943e-031	4.93304e-034	3.3852e-036	8.29566e-039	4.19595e-041	7.64172e-044	2.90675e-046	3.98638e-049	1.16746e-051	1.22156e-054	2.82609e-057	2.28402e-060	4.28877e-063	2.70693e-066	4.23603e-069	2.12904e-072	2.97448e-075	1.96817e-078	6.40908e-081	2.7132e-083	
Periplaneta_australasiae	0	0	0	0	0	0	0	1	0	0	0	0	0	0	0	0	0	0	0	0	0	0	0	0	0	0	0	0	0	0	0	0	0	0	0	0	0	0	0	0	0	0	0	0	0	
Periplaneta_fuliginosa	0	0	0	0	0	0	0	1	0	0	0	0	0	0	0	0	0	0	0	0	0	0	0	0	0	0	0	0	0	0	0	0	0	0	0	0	0	0	0	0	0	0	0	0	0	
Deropeltis_erythrocephala	0	0	0	0	0	0	0	0	0	0	0	0	0	0	0	0	0	0	1	0	0	0	0	0	0	0	0	0	0	0	0	0	0	0	0	0	0	0	0	0	0	0	0	0	0	
Periplaneta_japonica	0	0	0	0	0	0	0	0	0	0	1	0	0	0	0	0	0	0	0	0	0	0	0	0	0	0	0	0	0	0	0	0	0	0	0	0	0	0	0	0	0	0	0	0	0	
N64	1.03945e-005	2.31256e-005	8.25252e-005	0.00042351	0.000743444	0.000846043	0.0043684	0.0431302	0.168076	0.308846	0.29324	0.144109	0.0331759	0.00280333	0.000117904	2.94701e-006	4.79895e-008	5.56711e-010	4.7573e-012	3.3136e-014	1.86673e-016	9.96557e-019	4.5086e-021	2.09157e-023	7.82516e-026	2.96844e-028	8.69494e-031	2.56454e-033	5.79892e-036	1.33124e-038	2.34934e-041	4.27103e-044	5.97955e-047	8.7835e-050	9.90761e-053	1.19871e-055	1.10738e-058	1.12859e-061	8.74607e-065	7.8165e-068	5.54488e-071	4.9809e-074	4.18063e-077	4.52997e-080	5.13017e-083	
Eurycotis_floridana	0	0	0	0	0	0	0	1	0	0	0	0	0	0	0	0	0	0	0	0	0	0	0	0	0	0	0	0	0	0	0	0	0	0	0	0	0	0	0	0	0	0	0	0	0	
Pelmatosilpha_sp	0	0	0	0	0	0	0	0	0	0	0	0	1	0	0	0	0	0	0	0	0	0	0	0	0	0	0	0	0	0	0	0	0	0	0	0	0	0	0	0	0	0	0	0	0	
Lamproblatta_albipalpus	0	0	1	0	0	0	0	0	0	0	0	0	0	0	0	0	0	0	0	0	0	0	0	0	0	0	0	0	0	0	0	0	0	0	0	0	0	0	0	0	0	0	0	0	0	
N65	8.36522e-005	0.000201314	0.000732773	0.00298664	0.0115478	0.0379972	0.0980675	0.186122	0.246923	0.220703	0.129896	0.0498802	0.0125229	0.00208261	0.000233048	1.92275e-005	1.20551e-006	2.6548e-007	2.78575e-008	1.67355e-008	1.32536e-009	5.67432e-010	3.04004e-011	8.9482e-012	3.26457e-013	6.60046e-014	1.66483e-015	2.31355e-016	4.11431e-018	3.95071e-019	5.0516e-021	3.39639e-022	3.17449e-024	1.53118e-025	1.05751e-027	3.77865e-029	1.96191e-031	5.72199e-033	2.2351e-035	5.59504e-037	2.98974e-039	2.26287e-040	2.19129e-042	2.57677e-043	3.45935e-044	
N66	0.00077827	0.00187179	0.00518262	0.0120743	0.023883	0.0461065	0.08908	0.150959	0.200997	0.200613	0.147322	0.079107	0.0309501	0.0088711	0.00186486	0.000297994	3.65576e-005	4.1957e-006	4.31637e-007	5.85201e-008	5.86802e-009	6.87556e-010	4.93147e-011	3.91993e-012	1.88893e-013	1.01261e-014	3.31307e-016	1.22962e-017	2.78112e-019	7.362e-021	1.1724e-022	2.28145e-024	2.60691e-026	3.84854e-028	3.21291e-030	3.70875e-032	2.31817e-034	2.18389e-036	1.05948e-038	8.70269e-041	4.19297e-043	4.36486e-045	4.1987e-047	5.90371e-049	9.01416e-051	
N67	0.000783769	0.00191623	0.00534469	0.0123028	0.023634	0.0445813	0.086051	0.14734	0.198805	0.201436	0.150435	0.0823353	0.0328744	0.00966979	0.00207446	0.000360474	4.31418e-005	1.06511e-005	6.67426e-007	7.75287e-007	2.27636e-008	4.24879e-008	7.57852e-010	1.23075e-009	1.53689e-011	1.88146e-011	1.73512e-013	1.56256e-013	1.09607e-015	7.30193e-016	3.98366e-018	1.98091e-018	8.59327e-021	3.2412e-021	1.13525e-023	3.26508e-024	9.51906e-027	2.23296e-027	5.34154e-030	9.60395e-031	2.26921e-033	5.92309e-034	9.63573e-037	1.74777e-037	7.25427e-038	
N68	9.3571e-005	0.000295466	0.00102796	0.00265924	0.00458457	0.00638159	0.0119852	0.030478	0.071566	0.133674	0.190367	0.205327	0.164445	0.101058	0.0462535	0.0194203	0.00646744	0.00278889	0.000780114	0.00027883	5.31754e-005	1.26907e-005	1.5897e-006	2.54593e-007	2.15913e-008	2.41541e-009	1.43119e-010	1.16065e-011	4.9438e-013	3.01396e-014	9.43019e-016	4.45122e-017	1.05268e-018	4.0349e-020	7.35601e-022	2.35858e-023	3.62173e-025	1.12453e-026	1.50224e-028	4.35996e-030	6.7561e-032	2.45774e-033	5.6661e-035	2.51436e-036	1.31361e-037	
N69	1.88748e-006	1.31652e-005	9.84159e-005	0.000508479	0.00137001	0.00168772	0.00188973	0.00522993	0.0178896	0.0502569	0.109442	0.182174	0.225916	0.202702	0.125431	0.0544534	0.0161123	0.00398505	0.000689174	0.000132082	1.46446e-005	2.1632e-006	1.5207e-007	1.60525e-008	7.11435e-010	4.96023e-011	1.36282e-012	6.05646e-014	1.04488e-015	3.00747e-017	3.36256e-019	6.49689e-021	4.89875e-023	6.64891e-025	3.50604e-027	3.47751e-029	1.34957e-031	1.04373e-033	3.10091e-036	1.92498e-038	4.89607e-041	2.88449e-043	8.79987e-046	7.27801e-048	6.70501e-050	
N70	4.4283e-009	4.36696e-008	4.5656e-007	4.02594e-006	2.11189e-005	7.08438e-005	0.000285056	0.00157184	0.00781227	0.0274457	0.0677031	0.127227	0.192676	0.229444	0.192768	0.105917	0.0363597	0.00886945	0.00142933	0.000330706	4.32427e-005	1.83529e-005	1.96489e-006	6.77209e-007	3.9819e-008	7.19305e-009	2.11101e-010	1.92538e-011	2.90596e-013	1.39599e-014	1.1432e-016	3.05269e-018	1.43718e-020	2.25802e-022	6.43931e-025	6.26674e-027	1.14225e-029	7.33075e-032	8.90143e-035	3.92093e-037	3.41291e-040	1.18117e-042	8.82902e-046	3.91684e-048	2.33743e-050	
N71	2.73091e-009	2.23721e-008	2.0883e-007	1.91553e-006	1.31397e-005	6.29851e-005	0.000311397	0.00184106	0.00919558	0.0300428	0.0670326	0.116566	0.171975	0.214549	0.199517	0.123799	0.0490063	0.0130632	0.00244821	0.00045207	7.8959e-005	2.69984e-005	5.5117e-006	7.49465e-006	1.14268e-006	2.47525e-006	2.15743e-007	2.92336e-007	1.42068e-008	1.13574e-008	3.18075e-010	1.52453e-010	2.5818e-012	7.56876e-013	8.15052e-015	1.49058e-015	1.07502e-017	1.26357e-018	6.35982e-021	4.92704e-022	1.82345e-024	1.01112e-025	2.8563e-028	1.24666e-029	3.81486e-031	
N72	6.89151e-010	3.17754e-009	1.81877e-008	1.76347e-007	2.21045e-006	2.65048e-005	0.00026714	0.00176396	0.00742225	0.0237868	0.0554374	0.0844386	0.0987678	0.127909	0.174333	0.182645	0.128578	0.059866	0.0190607	0.00480899	0.0013145	0.00117929	0.0012499	0.00454726	0.00385072	0.00832922	0.00385242	0.00451404	0.00114865	0.000748097	0.000107477	4.00267e-005	3.34387e-006	7.32814e-007	3.67088e-008	4.89084e-009	1.51616e-010	1.27833e-011	2.52915e-013	1.4123e-014	1.84122e-016	7.21366e-018	7.17277e-020	3.35792e-021	2.7792e-022	
N73	2.92086e-011	3.1185e-010	3.37988e-009	3.53967e-008	4.91359e-007	7.83099e-006	0.000112839	0.00129767	0.00948974	0.0363851	0.0691893	0.0701517	0.0522377	0.0518115	0.0727912	0.11385	0.155872	0.155063	0.105232	0.0487677	0.0162621	0.00764251	0.0065662	0.00985951	0.0080204	0.00588904	0.00246713	0.000833801	0.000170043	2.74726e-005	2.74727e-006	2.21197e-007	1.12457e-008	4.69631e-010	1.27427e-011	2.88225e-013	4.3848e-015	5.67351e-017	5.05458e-019	4.02379e-021	2.18519e-023	1.24273e-025	7.65179e-028	1.90959e-029	7.15556e-031	
N74	2.70353e-011	4.43593e-010	8.71959e-009	1.35065e-007	1.41885e-006	1.11487e-005	0.000101355	0.00107443	0.0079888	0.0321848	0.0665536	0.0762063	0.0626421	0.0543461	0.0614939	0.0928652	0.137168	0.152481	0.119294	0.0654921	0.0267429	0.0120279	0.00960527	0.00960606	0.00689488	0.00362117	0.00124109	0.000301116	4.82087e-005	5.48959e-006	4.21381e-007	2.3438e-008	9.04914e-010	2.66517e-011	5.52678e-013	1.37527e-014	1.94826e-016	1.49858e-017	1.8132e-019	1.70691e-020	1.50314e-022	1.0385e-023	1.01102e-025	1.00553e-026	1.16243e-027	
N75	3.55788e-010	5.98433e-009	9.09993e-008	6.88778e-007	2.98493e-006	9.55726e-006	2.2739e-005	7.977e-005	0.000673008	0.00488541	0.0218891	0.0592651	0.103382	0.134054	0.148257	0.142073	0.122907	0.104919	0.078592	0.045162	0.0209081	0.00871293	0.00314665	0.000865654	0.000167176	2.2084e-005	1.99e-006	1.23299e-007	5.31059e-009	1.61355e-010	3.51147e-012	5.56955e-014	6.54317e-016	5.80931e-018	3.95616e-020	2.16675e-022	9.82337e-025	5.55031e-027	3.62277e-029	5.81447e-031	8.5547e-033	2.11292e-034	4.56318e-036	8.83818e-038	1.55843e-039	
N76	8.6454e-013	3.463e-011	1.98363e-009	5.13937e-008	2.61548e-007	3.3474e-007	5.586e-007	8.67164e-007	1.82296e-006	1.89858e-005	0.000371066	0.00493054	0.0351155	0.129103	0.25517	0.288218	0.19263	0.0751744	0.0168548	0.00222026	0.000180026	9.36771e-006	3.19042e-007	7.17136e-009	1.07046e-010	1.07558e-012	7.38447e-015	3.54572e-017	1.21014e-019	3.04538e-022	5.68365e-025	8.84417e-028	1.09671e-030	1.83317e-033	2.41976e-036	6.37791e-039	8.53914e-042	2.2152e-044	2.65283e-047	6.40024e-050	8.86277e-053	2.64887e-055	6.91006e-058	2.09727e-060	5.45675e-063	
Archimandrita_tessellata	0	0	0	0	0	0	0	0	0	0	0	0	0	0	0	0	1	0	0	0	0	0	0	0	0	0	0	0	0	0	0	0	0	0	0	0	0	0	0	0	0	0	0	0	0	
N77	1.05137e-012	4.45078e-011	1.63354e-009	1.89981e-008	6.79308e-008	1.64044e-007	4.91613e-007	9.59789e-007	2.25361e-006	1.45301e-005	0.000274032	0.00434433	0.0353507	0.138305	0.275599	0.297826	0.178853	0.0583555	0.0100747	0.000946813	5.11277e-005	1.66929e-006	3.41069e-008	4.46387e-010	3.81483e-012	2.18874e-014	8.58545e-017	4.37032e-019	1.57246e-021	1.33291e-022	4.70054e-025	4.04014e-026	1.04788e-028	7.97788e-030	2.14359e-032	1.97717e-033	5.91394e-036	5.14431e-037	1.25028e-039	8.36799e-041	1.50817e-043	7.50727e-045	1.03909e-047	4.16052e-049	4.70204e-051	
N78	2.86218e-015	4.664e-013	4.55628e-011	2.61001e-011	1.02408e-012	3.07609e-014	2.57037e-013	1.28545e-010	5.57126e-008	1.51394e-005	0.0022411	0.135453	0.715208	0.138376	0.00846369	0.000238651	3.54448e-006	2.98303e-008	1.49889e-010	6.20657e-013	1.19081e-013	6.186e-014	2.21983e-014	5.52511e-015	9.59547e-016	1.16659e-016	9.92663e-018	7.74957e-019	6.87871e-020	1.85113e-020	1.24522e-021	4.40936e-023	3.21494e-025	3.3761e-027	1.09448e-029	5.61134e-032	1.0387e-034	3.07907e-037	3.59132e-040	6.70818e-043	5.20662e-046	6.56901e-049	3.88802e-052	4.10611e-055	3.41551e-058	
Blaberus_discoidalis	0	0	0	0	0	0	0	0	0	0	0	0	1	0	0	0	0	0	0	0	0	0	0	0	0	0	0	0	0	0	0	0	0	0	0	0	0	0	0	0	0	0	0	0	0	
Blaberus_giganteus	0	0	0	0	0	0	0	0	0	0	0	0	0	0	0	0	0	0	0	0	0	0	0	0	0	0	0	0	0	0	1	0	0	0	0	0	0	0	0	0	0	0	0	0	0	
Byrsotria_fumigata	0	0	0	0	0	0	0	0	0	0	0	0	0	0	0	0	0	1	0	0	0	0	0	0	0	0	0	0	0	0	0	0	0	0	0	0	0	0	0	0	0	0	0	0	0	
N79	8.18845e-010	8.867e-009	3.81057e-008	9.33076e-008	6.04853e-007	4.3151e-006	1.9143e-005	6.84671e-005	0.000560311	0.00789014	0.0522515	0.138755	0.195205	0.165164	0.0846809	0.026945	0.0151802	0.0360945	0.0696081	0.0854781	0.0683569	0.03653	0.0132688	0.00330797	0.000559148	6.56837e-005	5.14351e-006	3.95497e-007	2.1811e-008	1.74362e-009	6.63666e-011	3.43372e-012	8.10864e-014	2.66264e-015	4.19684e-017	9.3144e-019	1.03104e-020	1.60492e-022	1.27875e-024	1.43294e-026	8.42328e-029	7.145e-031	3.56374e-033	2.85784e-035	2.24475e-037	
Eublaberus_distanti	0	0	0	0	0	0	0	0	0	0	0	0	0	0	0	0	0	0	0	0	0	0	0	0	0	0	1	0	0	0	0	0	0	0	0	0	0	0	0	0	0	0	0	0	0	
Eublaberus_posticus	0	0	0	0	0	0	0	0	0	0	0	0	0	0	0	1	0	0	0	0	0	0	0	0	0	0	0	0	0	0	0	0	0	0	0	0	0	0	0	0	0	0	0	0	0	
Gromphadorhina_portentosa	0	0	0	0	0	0	0	0	0	0	0	0	0	0	0	0	0	0	0	0	0	0	0	0	0	1	0	0	0	0	0	0	0	0	0	0	0	0	0	0	0	0	0	0	0	
N80	6.4692e-010	3.13541e-009	1.85259e-008	1.25144e-007	1.7923e-006	2.69241e-005	0.000252884	0.00119408	0.00265644	0.00285732	0.00158351	0.000888176	0.00105089	0.00124847	0.00110919	0.000883513	0.0018155	0.00851433	0.0333726	0.0912592	0.167293	0.209278	0.180035	0.134774	0.0792732	0.0515728	0.01992	0.00739875	0.00143994	0.000270078	2.7742e-005	2.88198e-006	1.72365e-007	1.09738e-008	4.16231e-010	1.76742e-011	4.55926e-013	1.37831e-014	2.55176e-016	5.76025e-018	8.04011e-020	1.44678e-021	1.8064e-023	3.38989e-025	7.69398e-027	
Lanxoblatta_emarginata	0	0	0	0	0	0	0	0	0	0	0	0	0	0	0	0	0	0	0	0	0	0	0	0	0	0	1	0	0	0	0	0	0	0	0	0	0	0	0	0	0	0	0	0	0	
Phoetalia_sp	0	0	0	0	0	0	0	0	0	0	0	0	0	0	0	0	0	0	0	0	1	0	0	0	0	0	0	0	0	0	0	0	0	0	0	0	0	0	0	0	0	0	0	0	0	
Macropanesthia_rhinoceros	0	0	0	0	0	0	0	0	0	0	0	0	0	0	0	0	0	0	0	0	0	0	0	0	0	0	0	0	0	0	0	0	0	1	0	0	0	0	0	0	0	0	0	0	0	
Pycnoscelus_surinamensis	0	0	0	0	0	0	0	0	0	0	0	1	0	0	0	0	0	0	0	0	0	0	0	0	0	0	0	0	0	0	0	0	0	0	0	0	0	0	0	0	0	0	0	0	0	
N81	5.15204e-009	3.65335e-008	3.39784e-007	2.51116e-006	1.33376e-005	5.78509e-005	0.000254111	0.00120219	0.00536592	0.0194404	0.0536932	0.113454	0.185548	0.229742	0.203307	0.122372	0.0489813	0.0134412	0.00260715	0.000435508	6.35506e-005	1.48543e-005	2.10556e-006	7.24102e-007	6.37591e-008	2.45939e-008	1.38017e-009	4.74136e-010	1.8838e-011	4.92874e-012	1.46134e-013	2.89942e-014	6.54101e-016	9.88966e-017	1.68021e-018	1.89429e-019	2.40614e-021	1.98797e-022	1.8955e-024	1.1443e-025	8.42825e-028	3.91059e-029	2.35336e-031	1.02166e-032	4.58546e-034	
Epilampra_sp	0	0	0	0	0	0	0	0	0	0	0	0	0	0	1	0	0	0	0	0	0	0	0	0	0	0	0	0	0	0	0	0	0	0	0	0	0	0	0	0	0	0	0	0	0	
N82	3.61491e-008	1.71077e-007	1.10313e-006	6.5004e-006	3.36283e-005	0.000151461	0.000548801	0.0015373	0.00374229	0.00983738	0.027944	0.0704686	0.138986	0.204495	0.220135	0.171644	0.0965253	0.0392525	0.0116217	0.00256296	0.000429478	6.45094e-005	8.9803e-006	2.25697e-006	4.06414e-007	1.23383e-007	1.76565e-008	3.98054e-009	4.15734e-010	6.82625e-011	5.2894e-012	6.46643e-013	3.78009e-014	3.50307e-015	1.55978e-016	1.11063e-017	3.78664e-019	2.10085e-020	5.512e-022	2.42621e-023	4.94749e-025	1.78582e-026	3.1509e-028	1.25008e-029	6.91247e-031	
Nauphoeta_cinerea	0	0	0	0	0	0	0	0	0	0	0	0	1	0	0	0	0	0	0	0	0	0	0	0	0	0	0	0	0	0	0	0	0	0	0	0	0	0	0	0	0	0	0	0	0	
Rhabdoblatta_sp	0	0	0	0	0	0	0	0	0	0	0	0	0	0	0	0	0	0	1	0	0	0	0	0	0	0	0	0	0	0	0	0	0	0	0	0	0	0	0	0	0	0	0	0	0	
N83	1.19122e-005	3.89414e-005	0.000151629	0.000482623	0.00113898	0.00221266	0.00452829	0.0105226	0.0255342	0.0586951	0.115085	0.178644	0.211051	0.185914	0.120767	0.0578042	0.0205303	0.00552211	0.00114675	0.000189958	2.54846e-005	3.07866e-006	3.30468e-007	6.9129e-008	1.04663e-008	4.16807e-009	5.68796e-010	1.8513e-010	1.92994e-011	4.74763e-012	3.78126e-013	7.08741e-014	4.33703e-015	6.2439e-016	2.94438e-017	3.28092e-018	1.20125e-019	1.0515e-020	3.01464e-022	2.11116e-023	4.83976e-025	2.82083e-026	5.60066e-028	3.41473e-029	2.63983e-030	
Diploptera_punctata	0	0	0	0	0	0	0	0	0	0	0	0	0	0	0	0	0	1	0	0	0	0	0	0	0	0	0	0	0	0	0	0	0	0	0	0	0	0	0	0	0	0	0	0	0	
Galiblatta_sp	0	0	0	0	0	0	0	1	0	0	0	0	0	0	0	0	0	0	0	0	0	0	0	0	0	0	0	0	0	0	0	0	0	0	0	0	0	0	0	0	0	0	0	0	0	
N84	1.03909e-014	2.71779e-011	3.75767e-008	1.65461e-009	1.15599e-012	4.45949e-016	2.53256e-017	9.76895e-014	4.30636e-010	1.09003e-006	0.00132241	0.514951	0.482633	0.00109174	7.90566e-007	2.7543e-010	5.49246e-014	6.98825e-018	6.00146e-022	3.70041e-026	1.66841e-030	5.86481e-035	1.59117e-039	3.6474e-044	6.63576e-049	1.07035e-053	1.329e-058	1.43686e-063	1.12097e-068	7.24673e-074	3.15506e-079	1.05996e-084	2.16277e-090	2.94423e-096	1.88009e-102	4.68366e-109	1.67145e-072	1.78565e-032	1.51133e-032	1.44681e-032	1.28603e-032	1.36072e-032	1.45273e-032	1.87091e-032	2.5076e-032	
Panchlora_nivea	0	0	0	0	0	0	0	0	0	0	0	1	0	0	0	0	0	0	0	0	0	0	0	0	0	0	0	0	0	0	0	0	0	0	0	0	0	0	0	0	0	0	0	0	0	
Panchlora_viridis	0	0	0	0	0	0	0	0	0	0	0	0	1	0	0	0	0	0	0	0	0	0	0	0	0	0	0	0	0	0	0	0	0	0	0	0	0	0	0	0	0	0	0	0	0	
Ectobius_pallidus	0	0	0	0	1	0	0	0	0	0	0	0	0	0	0	0	0	0	0	0	0	0	0	0	0	0	0	0	0	0	0	0	0	0	0	0	0	0	0	0	0	0	0	0	0	
N85	0.00738204	0.0115769	0.0220529	0.0428933	0.0771413	0.121078	0.160166	0.17495	0.155886	0.112734	0.06595	0.0312444	0.0119932	0.00375107	0.000957763	0.000202295	3.53983e-005	5.33954e-006	6.94176e-007	8.9291e-008	1.08151e-008	1.59179e-009	2.05786e-010	3.12134e-011	3.59458e-012	4.59379e-013	4.31158e-014	4.45441e-015	3.37348e-016	2.83335e-017	1.7402e-018	1.20359e-019	6.04106e-021	3.4919e-022	1.44349e-023	7.07863e-025	2.43286e-026	1.03087e-027	2.98814e-029	1.12936e-030	3.00406e-032	1.19315e-033	4.3726e-035	2.48992e-036	1.96638e-037	
Margattea_sp	0	0	0	0	0	0	0	0	0	1	0	0	0	0	0	0	0	0	0	0	0	0	0	0	0	0	0	0	0	0	0	0	0	0	0	0	0	0	0	0	0	0	0	0	0	
Supella_longipalpa	0	0	0	1	0	0	0	0	0	0	0	0	0	0	0	0	0	0	0	0	0	0	0	0	0	0	0	0	0	0	0	0	0	0	0	0	0	0	0	0	0	0	0	0	0	
N86	0.000584436	0.00124264	0.0035529	0.0105606	0.0286691	0.0659343	0.122763	0.179905	0.203824	0.176786	0.116718	0.0586407	0.0224322	0.00658618	0.0014896	0.00026751	3.84764e-005	5.1452e-006	6.32926e-007	1.02154e-007	1.37787e-008	2.2691e-009	2.49618e-010	3.10656e-011	2.51205e-012	2.28472e-013	1.35405e-014	9.1408e-016	4.01018e-017	2.05381e-018	6.74967e-020	2.68517e-021	6.69941e-023	2.12395e-024	4.07733e-026	1.05649e-027	1.58964e-029	3.48477e-031	4.23027e-033	8.31304e-035	1.00559e-036	2.48782e-038	5.90306e-040	2.09987e-041	8.87834e-043	
N87	0.00062964	0.00129205	0.00357759	0.0103551	0.0276759	0.0635257	0.119167	0.176772	0.203152	0.178994	0.120184	0.0614987	0.0239716	0.00718888	0.00165525	0.000307589	4.44573e-005	6.96368e-006	8.01565e-007	2.21354e-007	2.33765e-008	8.10312e-009	6.49726e-010	1.86334e-010	1.10987e-011	2.45804e-012	1.10439e-013	1.87345e-014	6.44588e-016	8.43017e-017	2.2493e-018	2.29081e-019	4.80585e-021	3.87215e-022	6.44727e-024	4.15075e-025	5.59852e-027	2.99422e-028	3.26692e-030	1.43943e-031	1.39158e-033	6.38497e-035	6.51661e-037	4.84994e-038	5.96458e-039	
N88	0.0017007	0.00324224	0.00796935	0.0199175	0.0452216	0.0878256	0.140638	0.181562	0.186486	0.151482	0.0970296	0.0490721	0.0196229	0.00624767	0.00158819	0.00032927	5.57189e-005	8.49061e-006	1.13932e-006	1.95294e-007	2.92519e-008	6.55416e-009	9.3702e-010	1.85604e-010	2.13481e-011	3.35665e-012	3.04217e-013	3.79207e-014	2.72038e-015	2.72178e-016	1.55635e-017	1.26753e-018	5.82271e-020	3.92054e-021	1.45721e-022	8.23358e-024	2.502e-025	1.21194e-026	3.03971e-028	1.28981e-029	2.85374e-031	1.24929e-032	4.2621e-034	3.33233e-035	3.69092e-036	
N89	0.0016313	0.00516212	0.0212381	0.0710032	0.164857	0.250737	0.24479	0.154298	0.0640868	0.0180758	0.00355944	0.000504063	5.25114e-005	4.1299e-006	2.49153e-007	1.18416e-008	4.47326e-010	1.39923e-011	3.61992e-013	8.47853e-015	1.73715e-016	3.7052e-018	6.97784e-020	1.44733e-021	2.43326e-023	4.3891e-025	6.08487e-027	8.95977e-029	1.00267e-030	1.19922e-032	1.08827e-034	1.06905e-036	7.94879e-039	6.50596e-041	4.00374e-043	2.76858e-045	1.42622e-047	8.47511e-050	3.71639e-052	1.9579e-054	7.88254e-057	4.1977e-059	2.05633e-061	1.38729e-063	1.07335e-065	
N90	2.51951e-005	0.000303173	0.00470609	0.0450446	0.21389	0.410195	0.25451	0.0632425	0.00756603	0.000496782	1.9534e-005	4.96191e-007	8.50493e-009	1.08101e-010	1.02753e-012	9.97594e-015	8.00014e-017	9.51635e-019	7.00244e-021	7.31056e-023	4.00207e-025	3.07282e-027	1.22274e-029	6.9603e-032	2.05457e-034	8.92931e-037	1.99502e-039	6.79981e-042	1.17236e-044	3.22285e-047	4.34978e-050	9.86078e-053	1.06878e-055	2.09679e-058	1.85214e-061	3.22066e-064	2.59631e-067	4.82593e-070	3.54391e-073	6.29824e-076	5.72309e-079	1.32056e-081	1.68958e-084	4.68003e-087	1.26641e-089	
Blattella_bisignata	0	0	0	0	0	1	0	0	0	0	0	0	0	0	0	0	0	0	0	0	0	0	0	0	0	0	0	0	0	0	0	0	0	0	0	0	0	0	0	0	0	0	0	0	0	
Blattella_germanica	0	0	0	0	0	1	0	0	0	0	0	0	0	0	0	0	0	0	0	0	0	0	0	0	0	0	0	0	0	0	0	0	0	0	0	0	0	0	0	0	0	0	0	0	0	
Blattella_sauteri	0	0	0	0	0	1	0	0	0	0	0	0	0	0	0	0	0	0	0	0	0	0	0	0	0	0	0	0	0	0	0	0	0	0	0	0	0	0	0	0	0	0	0	0	0	
Loboptera_decipiens	0	0	0	0	0	0	0	0	0	0	1	0	0	0	0	0	0	0	0	0	0	0	0	0	0	0	0	0	0	0	0	0	0	0	0	0	0	0	0	0	0	0	0	0	0	
N91	4.80143e-005	0.000128233	0.000335672	0.000625477	0.00105993	0.00290994	0.0111412	0.0384046	0.100362	0.187644	0.242617	0.214777	0.128669	0.0528652	0.0149076	0.00301306	0.000437828	5.01219e-005	4.42158e-006	3.50913e-007	2.22215e-008	1.35696e-009	6.33182e-011	2.84614e-012	9.46149e-014	3.04544e-015	7.22626e-017	1.69066e-018	2.93001e-020	5.12709e-022	6.65519e-024	8.95918e-026	8.92535e-028	9.50623e-030	7.42481e-032	6.41717e-034	4.0333e-036	2.93026e-038	1.54712e-040	1.00912e-042	5.23925e-045	3.69579e-047	2.4499e-049	1.97787e-051	1.72035e-053	
N92	1.32079e-005	5.00987e-005	0.000264162	0.0010686	0.0027266	0.00527976	0.0137474	0.0474997	0.129022	0.230454	0.262803	0.190112	0.0868248	0.0249884	0.00456155	0.000540404	4.28227e-005	2.36295e-006	9.36224e-008	2.93925e-009	7.52401e-011	2.56158e-012	7.59956e-014	3.88468e-015	1.05476e-016	4.33607e-018	8.72788e-020	2.61772e-021	3.90587e-023	8.71184e-025	9.79267e-027	1.66358e-028	1.43013e-030	1.89309e-032	1.26133e-034	1.32948e-036	6.95397e-039	5.96572e-041	2.47972e-043	1.76825e-045	5.95417e-048	3.69997e-050	1.26008e-052	1.08363e-054	1.24806e-056	
Hemithyrsocera_sp	0	0	0	0	0	0	1	0	0	0	0	0	0	0	0	0	0	0	0	0	0	0	0	0	0	0	0	0	0	0	0	0	0	0	0	0	0	0	0	0	0	0	0	0	0	
Symplocodes_sp	0	0	0	0	0	0	0	0	0	0	0	0	0	1	0	0	0	0	0	0	0	0	0	0	0	0	0	0	0	0	0	0	0	0	0	0	0	0	0	0	0	0	0	0	0	
N93	1.7684e-006	5.90684e-006	1.89759e-005	3.17483e-005	3.5354e-005	8.45882e-005	0.00056715	0.00422739	0.0232981	0.0856465	0.199793	0.284693	0.240138	0.118986	0.0351071	0.00650598	0.000781015	7.22901e-005	5.04711e-006	4.80083e-007	3.1601e-008	3.26613e-009	1.62003e-010	1.19245e-011	4.05217e-013	2.0558e-014	4.8919e-016	1.76725e-017	3.02758e-019	8.05128e-021	1.0163e-022	2.0485e-024	1.94481e-026	3.05645e-028	2.2192e-030	2.78624e-032	1.57672e-034	1.63311e-036	7.30016e-039	6.38735e-041	2.42189e-043	2.15444e-045	1.30975e-047	2.27983e-049	4.70995e-051	
Lobopterella_dimidiatipes	0	0	0	0	0	0	0	0	0	0	0	0	1	0	0	0	0	0	0	0	0	0	0	0	0	0	0	0	0	0	0	0	0	0	0	0	0	0	0	0	0	0	0	0	0	
Xestoblatta_sp	0	0	0	0	0	0	0	0	0	0	0	0	1	0	0	0	0	0	0	0	0	0	0	0	0	0	0	0	0	0	0	0	0	0	0	0	0	0	0	0	0	0	0	0	0	
Symploce_sp	0	0	0	0	0	0	0	1	0	0	0	0	0	0	0	0	0	0	0	0	0	0	0	0	0	0	0	0	0	0	0	0	0	0	0	0	0	0	0	0	0	0	0	0	0	
