NODE	9	10	11	12	13	14	15	16	17	18	19	20	21	22	23	24	25	26	27	28	29	30	31	32	33	34	35	36	37	38	39	40	41	42	
N1	0.123381	0.119236	0.111805	0.102197	0.0913911	0.0801622	0.0690744	0.0585167	0.0487561	0.0399775	0.0322978	0.0257673	0.0203893	0.016138	0.0127786	0.0101248	0.00802907	0.00637384	0.00506558	0.00402984	0.00320748	0.00255197	0.00202703	0.00160483	0.00126426	0.000989395	0.000768165	0.000591209	0.000451013	0.000341311	0.000256746	0.000192795	0.000146145	0.000116578	
N2	0.41553	0.12536	0.0577282	0.0413878	0.0372894	0.0378905	0.0417187	0.047318	0.052124	0.053297	0.0284984	0.0201031	0.0112022	0.00734409	0.00417586	0.00266195	0.00160437	0.00118775	0.000964484	0.00104361	0.00118529	0.00151258	0.00170036	0.00187647	0.00169552	0.00143489	0.000979851	0.000619376	0.000318404	0.00015187	6.18385e-005	2.31101e-005	7.69285e-006	2.73399e-006	
N3	0.415214	0.125046	0.0573375	0.0410225	0.0370915	0.0379784	0.0421205	0.0479135	0.052696	0.0543725	0.0283707	0.0200066	0.0108517	0.00711944	0.00395742	0.00255034	0.00152178	0.00116491	0.000954451	0.00107558	0.00121919	0.00158475	0.00174691	0.00193332	0.00169541	0.00142696	0.00093778	0.000587273	0.000287758	0.000134568	5.22551e-005	1.91491e-005	6.18115e-006	2.639e-006	
N4	0.378695	0.110456	0.0496635	0.0384989	0.0418661	0.0519679	0.0636667	0.0705249	0.0685213	0.058622	0.0217662	0.0120566	0.00485952	0.00294121	0.0015936	0.00141129	0.00132802	0.00194748	0.00245171	0.00358337	0.00370593	0.00389995	0.002725	0.0018815	0.000839905	0.000379344	0.000106899	3.27576e-005	5.95338e-006	1.40615e-006	2.69601e-007	5.81256e-008	1.00889e-008	1.89481e-009	
N5	0.356934	0.105514	0.0506423	0.044122	0.0527283	0.0658487	0.0742878	0.0726325	0.0626946	0.0494075	0.0159724	0.00828037	0.00302851	0.00213721	0.00155427	0.00224457	0.00285762	0.00473439	0.00534912	0.006508	0.00497152	0.00400494	0.001936	0.00107914	0.000337654	0.000147347	3.12937e-005	1.15081e-005	1.34607e-006	4.01205e-007	7.31545e-008	2.63665e-008	6.89155e-009	2.15519e-009	
N6	0.339055	0.119756	0.0788998	0.0804425	0.0772967	0.0563361	0.0315429	0.0147122	0.00654345	0.00365436	0.00178893	0.00303753	0.0054242	0.0143725	0.0244313	0.0406547	0.0388708	0.0341847	0.0173225	0.00842727	0.0024039	0.000698781	0.000119815	2.20036e-005	2.35646e-006	2.84555e-007	1.95251e-008	1.64217e-009	7.62605e-011	4.88891e-012	2.36834e-013	1.20913e-014	4.79821e-016	2.00655e-017	
N7	0.340173	0.126064	0.0830363	0.0737241	0.0560991	0.0314302	0.0141452	0.00657478	0.00465286	0.00642868	0.00396278	0.0106225	0.0154333	0.0373224	0.046597	0.0600195	0.0413982	0.0276407	0.0098384	0.0038561	0.00073982	0.000210142	2.38246e-005	6.30736e-006	5.08933e-007	1.45016e-007	1.03509e-008	2.82127e-009	7.1943e-011	1.25226e-011	8.1737e-013	1.9827e-013	2.71371e-014	5.38542e-015	
N8	0.316021	0.11689	0.0561487	0.0278513	0.0128881	0.00586584	0.00289953	0.00209877	0.00388962	0.0155141	0.0292519	0.0712769	0.0907163	0.108165	0.073936	0.0438245	0.0157214	0.00545233	0.00118655	0.000327939	5.6383e-005	1.54006e-005	2.30718e-006	5.43178e-007	6.37879e-008	1.13056e-008	9.34317e-010	1.21772e-010	6.39061e-012	6.78847e-013	4.90312e-014	4.64039e-015	3.12067e-016	2.52641e-017	
Acanthoxyla_geisovii	0	0	0	0	0	0	0	0	0	0	1	0	0	0	0	0	0	0	0	0	0	0	0	0	0	0	0	0	0	0	0	0	0	0	
N9	0.0313128	0.00142872	3.14407e-005	6.97461e-007	1.67343e-008	2.66521e-009	5.88462e-007	0.000168856	0.021015	0.678344	0.236621	0.0296667	0.00136884	4.05666e-005	6.54501e-007	8.36066e-009	6.86089e-011	5.88679e-013	3.43478e-015	2.59469e-017	1.20069e-019	7.28036e-022	2.53419e-024	1.12868e-026	2.89395e-029	9.42607e-032	1.80083e-034	4.455e-037	6.64567e-040	1.31569e-042	1.92977e-045	3.10487e-048	3.88495e-051	5.1105e-054	
Acanthoxyla_inermis	0	0	0	0	0	0	0	0	0	1	0	0	0	0	0	0	0	0	0	0	0	0	0	0	0	0	0	0	0	0	0	0	0	0	
Clitarchus_hookeri	0	0	0	0	0	0	0	0	0	1	0	0	0	0	0	0	0	0	0	0	0	0	0	0	0	0	0	0	0	0	0	0	0	0	
N10	0.257943	0.0594869	0.0138432	0.00477618	0.00433756	0.00631793	0.00968764	0.0207085	0.0650958	0.168307	0.147493	0.133939	0.0681196	0.0295986	0.00807742	0.00186812	0.000321286	6.40198e-005	1.20299e-005	2.86284e-006	4.87521e-007	1.07431e-007	1.44572e-008	2.6246e-009	2.60839e-010	3.48527e-011	2.48333e-012	2.4731e-013	1.35628e-014	1.06702e-015	6.1164e-017	3.62322e-018	1.61342e-019	7.66903e-021	
N11	0.000757473	0.000371076	0.000376606	0.000492697	0.00577256	0.0572647	0.240833	0.419213	0.218342	0.0514994	0.00419456	0.00030515	6.07356e-005	0.000117498	0.000156445	0.000146184	6.99687e-005	2.37089e-005	2.52275e-006	3.16531e-007	1.73304e-008	1.43114e-009	4.73597e-011	2.31886e-012	4.77659e-014	1.4403e-015	1.87437e-017	3.67648e-019	2.97067e-021	4.20481e-023	3.46536e-025	4.03585e-027	3.07579e-029	2.82104e-031	
Ctenomorpha_sp	0	0	0	0	0	0	0	1	0	0	0	0	0	0	0	0	0	0	0	0	0	0	0	0	0	0	0	0	0	0	0	0	0	0	
Phobaeticus_sp	0	0	0	0	0	0	0	0	0	0	0	0	0	0	0	0	0	1	0	0	0	0	0	0	0	0	0	0	0	0	0	0	0	0	
Extatosoma_tiaratum	0	0	0	0	0	0	0	0	0	1	0	0	0	0	0	0	0	0	0	0	0	0	0	0	0	0	0	0	0	0	0	0	0	0	
N12	0.349498	0.124915	0.0826845	0.0791507	0.0698293	0.0472545	0.0248074	0.011244	0.00570507	0.00507311	0.00235525	0.0044243	0.00783968	0.0183904	0.0300372	0.0431165	0.0392648	0.0305619	0.0147135	0.0066797	0.00176684	0.000569205	8.42054e-005	3.03677e-005	2.63903e-006	1.79355e-006	1.41497e-007	1.40696e-007	5.44495e-009	4.03438e-009	3.64994e-010	3.38724e-010	1.382e-010	1.17614e-010	
Acrophylla_titan	0	0	0	0	0	0	0	0	0	1	0	0	0	0	0	0	0	0	0	0	0	0	0	0	0	0	0	0	0	0	0	0	0	0	
Podacanthus_wilkinsoni	0	0	0	0	0	0	0	0	0	1	0	0	0	0	0	0	0	0	0	0	0	0	0	0	0	0	0	0	0	0	0	0	0	0	
N13	0.34659	0.109842	0.0606319	0.0569096	0.0635948	0.0682203	0.0657325	0.0574531	0.0477341	0.0397967	0.0145698	0.009731	0.00494023	0.00540207	0.00513449	0.00732883	0.00767465	0.00894082	0.00712011	0.00589356	0.00328548	0.00201987	0.000814827	0.000419936	0.000131533	6.30382e-005	1.55215e-005	6.73364e-006	1.04424e-006	4.1347e-007	1.24084e-007	5.98985e-008	2.24645e-008	9.37268e-009	
N14	0.370292	0.126344	0.064201	0.046142	0.0431877	0.0448406	0.0443459	0.0435297	0.047562	0.057082	0.0335355	0.0289419	0.0180837	0.0133116	0.00750525	0.00467809	0.00266741	0.00183489	0.0010332	0.000565879	0.000213165	7.78351e-005	1.89713e-005	4.91571e-006	8.30432e-007	1.65449e-007	2.11047e-008	3.50331e-009	3.83227e-010	5.4428e-011	6.11709e-012	6.67829e-013	5.82746e-014	5.27309e-015	
N15	0.275832	0.0773442	0.0328613	0.027958	0.0367389	0.0427492	0.0396028	0.0426026	0.0720522	0.134883	0.0722086	0.062913	0.0250244	0.0163741	0.00639994	0.00688924	0.00538634	0.0082505	0.00477638	0.00524712	0.00189351	0.00143729	0.000344166	0.00018517	3.16384e-005	1.27338e-005	1.57634e-006	4.69671e-007	2.48274e-008	4.81364e-009	3.64453e-010	7.85093e-011	9.12246e-012	1.98868e-012	
N16	0.0265331	0.00427589	0.000449307	3.27745e-005	2.14286e-006	2.94243e-006	0.000201151	0.010455	0.158912	0.474946	0.238097	0.0749962	0.00987717	0.00114944	6.71867e-005	3.26941e-006	8.61256e-008	1.89835e-009	2.45929e-011	2.76852e-013	1.93845e-015	1.23691e-017	5.07065e-020	2.14528e-022	2.151e-024	2.15217e-025	2.03145e-026	2.60845e-027	2.64952e-028	4.01362e-029	5.65126e-030	8.54761e-031	1.13516e-031	1.49092e-032	
N17	0.0261209	0.00418671	0.000436642	3.13244e-005	2.0471e-006	2.90863e-006	0.000200203	0.0105029	0.15999	0.475476	0.237945	0.0742392	0.00968886	0.00110984	6.37869e-005	3.04592e-006	7.8255e-008	1.70388e-009	2.11529e-011	3.06191e-013	1.61431e-015	3.85498e-016	2.17283e-019	9.10673e-019	2.27928e-022	8.67324e-022	1.10065e-025	3.14452e-025	1.5791e-029	2.95619e-029	1.37263e-033	2.25475e-033	1.07345e-037	1.70729e-037	
Bacillus_atticus	0	0	0	0	0	0	0	0	1	0	0	0	0	0	0	0	0	0	0	0	0	0	0	0	0	0	0	0	0	0	0	0	0	0	
Bacillus_grandii_benazzii	0	0	0	0	0	0	0	0	1	0	0	0	0	0	0	0	0	0	0	0	0	0	0	0	0	0	0	0	0	0	0	0	0	0	
Bacillus_grandii_grandii	0	0	0	0	0	0	0	0	1	0	0	0	0	0	0	0	0	0	0	0	0	0	0	0	0	0	0	0	0	0	0	0	0	0	
Bacillus_lynceorum	0	0	0	0	0	0	0	0	0	0	0	0	0	0	0	0	0	1	0	0	0	0	0	0	0	0	0	0	0	0	0	0	0	0	
N18	0.406209	0.252522	0.163142	0.0616898	0.0143266	0.00372727	0.00808748	0.0219788	0.0349387	0.0277052	0.00499823	0.000628602	4.34667e-005	2.5285e-006	9.79048e-008	3.40693e-009	8.30115e-011	1.96387e-012	3.30259e-014	5.86607e-016	7.3923e-018	1.03832e-019	1.02626e-021	1.1598e-023	9.35844e-026	8.88749e-028	6.33859e-030	5.46432e-032	3.74711e-034	3.03999e-036	2.14785e-038	1.58124e-040	1.01487e-042	6.74006e-045	
N19	0.020814	0.000523855	9.43739e-006	6.56543e-007	2.85214e-007	5.86477e-007	3.81759e-005	0.00176487	0.0509338	0.874203	0.0487007	0.00297999	3.0344e-005	5.06418e-007	2.06321e-009	1.14385e-009	9.62722e-010	1.4257e-009	2.76421e-010	6.69714e-012	2.05201e-014	1.31077e-016	1.70684e-019	3.03805e-021	5.78584e-023	3.45274e-024	3.76137e-026	9.07328e-028	1.07732e-030	6.87949e-033	1.36027e-035	6.60419e-038	1.32578e-040	4.0621e-043	
Clonopsis_felicitatis	0	0	0	0	0	0	0	0	0	1	0	0	0	0	0	0	0	0	0	0	0	0	0	0	0	0	0	0	0	0	0	0	0	0	
N20	3.82858e-006	3.47295e-006	2.50014e-006	8.63089e-007	2.23018e-007	1.61408e-005	0.000928992	0.02389	0.247109	0.72796	5.1724e-005	2.47165e-009	3.04149e-010	2.88423e-010	7.83303e-011	1.11729e-010	5.51336e-010	9.56197e-008	1.44459e-006	9.81808e-007	3.03323e-008	9.53765e-009	1.5496e-008	5.43992e-007	1.13061e-006	1.19027e-005	6.27849e-006	1.01769e-005	2.00959e-010	4.70187e-014	1.36317e-019	5.93237e-012	7.95307e-015	3.95242e-016	
Clonopsis_gallica	0	0	0	0	0	0	0	0	0	0	0	0	0	0	0	0	0	0	1	0	0	0	0	0	0	0	0	0	0	0	0	0	0	0	
Clonopsis_soumiae	0	0	0	0	0	0	0	0	0	0	0	0	0	0	0	0	0	0	0	0	0	0	0	0	0	0	0	1	0	0	0	0	0	0	
Clonopsis_maroccana	0	0	1	0	0	0	0	0	0	0	0	0	0	0	0	0	0	0	0	0	0	0	0	0	0	0	0	0	0	0	0	0	0	0	
N21	0.0135532	0.0201946	0.00198969	0.000118516	5.5033e-006	2.73258e-007	1.95429e-007	1.35932e-005	0.00144551	0.062501	0.286111	0.47201	0.122107	0.0185463	0.00132607	7.47149e-005	2.47279e-006	7.13133e-008	1.32225e-009	2.2805e-011	2.65908e-013	3.02445e-015	2.40484e-017	1.93548e-019	1.11721e-021	6.71636e-024	2.96041e-026	1.38523e-028	4.85532e-031	1.82281e-033	5.78567e-036	1.79931e-038	4.82756e-041	1.27634e-043	
Leptynia_attenuata	0	0	0	0	0	0	0	0	0	1	0	0	0	0	0	0	0	0	0	0	0	0	0	0	0	0	0	0	0	0	0	0	0	0	
N22	0.000415128	0.00182025	5.73856e-005	6.73192e-007	8.7682e-009	4.76282e-010	5.02078e-010	5.81576e-008	3.78902e-005	0.00844163	0.290954	0.628589	0.0671715	0.00247688	3.50693e-005	3.44708e-007	1.51898e-009	1.16061e-011	3.86514e-014	1.34707e-015	8.36307e-018	2.61855e-019	1.14726e-021	2.17945e-023	6.06663e-026	7.14273e-028	1.12913e-030	8.33408e-033	4.57624e-036	2.1621e-038	8.59661e-042	3.15231e-044	1.19071e-047	4.53208e-050	
Leptynia_caprai	0	0	0	0	0	0	0	0	0	0	0	1	0	0	0	0	0	0	0	0	0	0	0	0	0	0	0	0	0	0	0	0	0	0	
Leptynia_montana	0	0	0	0	0	0	0	0	0	0	1	0	0	0	0	0	0	0	0	0	0	0	0	0	0	0	0	0	0	0	0	0	0	0	
N23	0.363118	0.108478	0.0511044	0.0428186	0.0490833	0.0596916	0.0674109	0.0671802	0.0597198	0.0501203	0.0187119	0.0116913	0.00483585	0.00395278	0.00230197	0.00300418	0.00266504	0.00440916	0.00438698	0.00638179	0.00511075	0.00565719	0.00311512	0.00275308	0.00101898	0.000837358	0.000220261	0.000176792	2.36057e-005	1.45825e-005	2.44409e-006	1.84787e-006	7.73297e-007	6.93794e-007	
N24	0.308899	0.0996542	0.0529732	0.0471213	0.0508036	0.0532695	0.0517213	0.0484532	0.0470562	0.0500251	0.0236438	0.0209579	0.0119861	0.013385	0.0107802	0.0151016	0.0140392	0.0185646	0.0150984	0.0161819	0.0104045	0.00900476	0.00459175	0.003384	0.0014154	0.000925552	0.000311011	0.000177869	3.76027e-005	1.87203e-005	6.42527e-006	3.88749e-006	1.78987e-006	9.91431e-007	
Carausius_morosus	0	0	0	0	0	0	0	0	0	0	0	0	0	0	0	0	0	0	0	0	0	0	0	0	1	0	0	0	0	0	0	0	0	0	
N25	0.305167	0.0988398	0.0537757	0.0476288	0.0498076	0.0509612	0.049546	0.0479681	0.048243	0.0494894	0.0252807	0.0207574	0.0135571	0.0142441	0.0134251	0.0170909	0.0173116	0.019864	0.0167233	0.0152604	0.010002	0.00727536	0.00378002	0.00228075	0.000966858	0.000491769	0.000165184	6.86208e-005	1.71075e-005	6.95858e-006	2.56568e-006	1.15042e-006	4.3102e-007	1.71015e-007	
Orxines_sp	0	0	0	0	0	0	0	0	0	0	1	0	0	0	0	0	0	0	0	0	0	0	0	0	0	0	0	0	0	0	0	0	0	0	
N26	0.0430675	0.0177449	0.0180467	0.0320132	0.0595697	0.0944099	0.125196	0.142091	0.141657	0.12915	0.0646511	0.0528177	0.035137	0.0237195	0.0117313	0.0056779	0.00213639	0.000816303	0.00025188	8.33257e-005	2.24793e-005	6.84278e-006	1.68643e-006	4.91895e-007	1.15524e-007	3.30783e-008	7.64719e-009	2.13247e-009	4.87016e-010	1.31714e-010	3.34914e-011	9.38616e-012	2.45961e-012	6.56863e-013	
Pseudophasma_sp	0	0	0	1	0	0	0	0	0	0	0	0	0	0	0	0	0	0	0	0	0	0	0	0	0	0	0	0	0	0	0	0	0	0	
Sipyloidea_sipylus	0	0	0	0	0	0	0	0	0	0	0	0	0	0	0	0	0	0	0	0	0	0	0	0	0	0	0	0	0	0	0	1	0	0	
Phalces_sp	0	0	0	0	0	0	0	0	0	1	0	0	0	0	0	0	0	0	0	0	0	0	0	0	0	0	0	0	0	0	0	0	0	0	
N27	0.0855296	0.0137294	0.00141766	0.000143692	1.35208e-005	1.87249e-006	1.20639e-005	0.0006737	0.0249695	0.366441	0.335904	0.140963	0.0256128	0.00406161	0.000453737	6.10182e-005	9.70414e-006	2.09973e-006	4.0569e-007	8.15721e-008	1.34971e-008	2.31938e-009	3.60774e-010	1.02875e-010	6.61325e-011	5.39665e-011	2.86091e-011	9.74282e-012	1.31419e-012	1.12583e-013	6.2781e-015	2.69489e-016	8.75382e-018	2.58257e-019	
Bacillus_rossius	0	0	0	0	0	0	0	0	0	1	0	0	0	0	0	0	0	0	0	0	0	0	0	0	0	0	0	0	0	0	0	0	0	0	
Baculum_sp	0	0	0	0	0	0	0	0	0	0	0	0	0	0	0	0	0	0	0	0	0	0	0	0	0	0	0	1	0	0	0	0	0	0	
Phyllium_bioculatum	0	0	0	0	0	0	0	0	1	0	0	0	0	0	0	0	0	0	0	0	0	0	0	0	0	0	0	0	0	0	0	0	0	0	
N28	0.000571092	0.00261101	0.0269576	0.182998	0.357061	0.282228	0.114692	0.0278712	0.00447303	0.000507795	2.77137e-005	1.60614e-006	6.79394e-008	2.75656e-009	8.78031e-011	2.56502e-012	6.06749e-014	1.3185e-015	2.37558e-017	3.97561e-019	5.62396e-021	7.46516e-023	8.51195e-025	9.17878e-027	8.61943e-029	7.69955e-031	6.06088e-033	4.55781e-035	3.05192e-037	1.95839e-039	1.14501e-041	6.35815e-044	3.2427e-046	1.63734e-048	
Timema_poppensis	0	0	0	1	0	0	0	0	0	0	0	0	0	0	0	0	0	0	0	0	0	0	0	0	0	0	0	0	0	0	0	0	0	0	
Timema_shepardi	0	0	0	1	0	0	0	0	0	0	0	0	0	0	0	0	0	0	0	0	0	0	0	0	0	0	0	0	0	0	0	0	0	0	
