NODE	13	14	15	16	17	18	19	20	21	22	23	24	25	26	27	28	29	30	31	32	33	34	35	36	37	38	39	40	41	42	43	44	45	46	47	48	49	50	51	
N1	2.31734e-011	1.47922e-011	4.42674e-010	1.47362e-007	3.09374e-005	0.00202419	0.0352949	0.165504	0.331286	0.32047	0.129854	0.0151193	0.000413704	3.08124e-006	7.83704e-009	8.26874e-012	1.48852e-017	2.47831e-019	3.18677e-021	3.28019e-023	2.7779e-025	1.97603e-027	1.19916e-029	6.28228e-032	2.86794e-034	1.14975e-036	4.07503e-039	1.2846e-041	3.62163e-044	9.17773e-047	2.10036e-049	4.35972e-052	8.24079e-055	1.4238e-057	2.25661e-060	3.29327e-063	4.44629e-066	5.59474e-069	7.00626e-072	
N2	1.14908e-010	4.67085e-010	8.10083e-008	8.68959e-006	0.000424574	0.00892853	0.0742766	0.228311	0.360334	0.251123	0.070849	0.00561596	0.000127029	1.00082e-006	3.25803e-009	5.08036e-012	4.28088e-015	4.08789e-018	1.6767e-020	1.15179e-021	5.71163e-024	2.18705e-025	6.74294e-028	1.47856e-029	2.64986e-032	3.59436e-034	3.45356e-037	3.13192e-039	1.75421e-042	1.11671e-044	3.96008e-048	1.80571e-050	3.88283e-054	1.21466e-056	1.47408e-060	2.71566e-063	2.03988e-067	2.01511e-070	5.36237e-074	
N3	8.13467e-018	7.06818e-017	1.71105e-013	4.71966e-010	4.94436e-007	0.000154799	0.0120296	0.220455	0.690929	0.0748838	0.00154026	7.23965e-006	9.77931e-009	4.99676e-012	1.26281e-015	3.69848e-019	4.19278e-022	8.44245e-024	1.81335e-026	2.07988e-028	1.80478e-031	9.64048e-034	3.44214e-037	9.22309e-040	1.46873e-043	2.0975e-046	1.73141e-050	3.10677e-053	7.48487e-055	2.57868e-055	4.89829e-057	4.99516e-058	2.44618e-060	4.26446e-062	1.82665e-065	5.58053e-068	7.88097e-072	1.02914e-074	4.82827e-078	
N4	5.38196e-020	3.29427e-020	1.05166e-016	9.02228e-013	3.57347e-009	5.24405e-006	0.00205501	0.136162	0.808154	0.0531883	0.000435283	8.38656e-007	5.54361e-010	1.59423e-013	2.33997e-017	5.90633e-021	8.19395e-024	2.38314e-025	2.87294e-028	4.3827e-030	3.17923e-033	2.69181e-035	1.0463e-038	5.33322e-041	9.08209e-045	2.99199e-047	2.13595e-051	4.52279e-054	1.46986e-058	1.82598e-061	3.17982e-066	2.01669e-069	2.24073e-074	7.1001e-078	5.38616e-083	8.83318e-087	5.6438e-092	2.5963e-095	2.95857e-098	
N5	1.84156e-020	2.12078e-021	2.39079e-018	2.00585e-014	9.33391e-011	2.07506e-007	0.000176967	0.0390129	0.915845	0.0446745	0.000290206	5.36612e-007	3.99383e-010	1.45884e-013	2.9746e-017	5.34069e-021	4.58807e-024	1.42322e-025	2.32593e-028	4.28711e-030	4.77045e-033	5.08526e-035	4.00781e-038	2.50406e-040	1.34317e-043	4.946e-046	1.43431e-049	3.23976e-052	3.23089e-056	4.27109e-059	1.5245e-063	6.87392e-067	1.49441e-071	3.45363e-075	4.74125e-080	7.83668e-084	1.56774e-088	1.63864e-091	1.98059e-094	
N6	1.61734e-024	1.14635e-025	5.0187e-022	1.69132e-017	3.16643e-013	2.86372e-009	1.0118e-005	0.00951253	0.970172	0.0202587	4.65916e-005	2.82272e-008	6.58993e-012	7.33583e-016	4.46012e-020	1.6872e-024	1.00426e-028	1.29592e-030	8.27379e-034	9.5427e-036	4.10965e-039	2.74919e-041	8.31016e-045	3.29045e-047	6.81625e-051	1.61968e-053	1.94715e-057	2.86495e-060	1.23109e-064	1.15388e-067	1.03244e-072	2.71277e-076	1.49381e-081	1.66517e-085	6.00724e-091	4.14758e-095	1.43303e-100	5.02081e-104	3.20051e-107	
N7	3.65332e-030	6.97089e-032	1.62156e-027	4.94752e-022	8.02045e-017	6.07701e-012	1.75001e-007	0.00130234	0.993714	0.00498191	2.04641e-006	1.94278e-010	6.56423e-015	9.93937e-020	7.75798e-025	3.4496e-030	1.42337e-035	3.06076e-038	2.99855e-042	3.70281e-044	2.20218e-043	1.18539e-041	1.62158e-043	5.18378e-044	5.65427e-046	1.2282e-046	9.60111e-049	1.43027e-049	4.91642e-052	5.33464e-053	2.03465e-056	4.89667e-058	1.3154e-061	1.25508e-063	2.44677e-067	1.53903e-069	3.25903e-073	1.81867e-074	1.91776e-075	
N8	6.46522e-033	9.78859e-034	1.05089e-028	4.79817e-023	1.16525e-017	1.34216e-012	6.05685e-008	0.000738794	0.996756	0.00250426	5.35033e-007	2.79124e-011	5.41498e-016	4.84668e-021	2.26651e-026	5.98701e-032	1.17298e-037	7.36149e-040	1.21229e-043	1.84696e-043	5.30727e-042	1.74322e-039	6.08004e-041	1.42135e-040	4.14399e-042	6.63624e-042	1.48634e-043	1.64696e-043	1.73601e-045	1.44928e-045	5.29728e-049	4.93808e-050	1.41065e-053	4.1328e-055	8.88517e-059	1.68375e-060	5.04167e-064	3.0064e-064	2.6462e-064	
N9	3.7396e-036	4.39995e-037	2.58362e-031	4.99452e-025	4.73858e-019	1.90995e-013	2.50702e-008	0.000635108	0.998087	0.00127747	1.01763e-007	1.6627e-012	9.03045e-018	2.09566e-023	2.39688e-029	1.47477e-035	7.53428e-042	7.22447e-043	1.10837e-044	2.35361e-044	3.01229e-046	4.32826e-046	4.63694e-048	4.52852e-048	4.05757e-050	2.6766e-050	1.81987e-052	8.17953e-053	2.69936e-055	8.90346e-056	6.8109e-060	1.73767e-061	1.03494e-065	8.32146e-068	3.63491e-072	1.86956e-074	1.35279e-078	3.36674e-079	1.01974e-079	
N10	1.47507e-028	1.46303e-029	1.79251e-025	2.1311e-020	1.4246e-015	4.70098e-011	6.25193e-007	0.00231748	0.992053	0.00562568	3.39666e-006	5.48186e-010	3.4722e-014	1.06563e-018	1.80917e-023	1.89701e-028	3.68229e-033	7.15765e-035	2.85153e-038	4.59968e-040	1.20403e-043	1.12108e-045	2.03392e-049	1.11011e-051	1.44605e-055	8.09242e-058	6.03535e-060	4.87539e-060	2.77851e-059	2.97691e-057	5.33853e-058	1.44111e-057	4.20346e-059	1.09454e-059	2.92277e-063	3.08488e-065	4.73976e-068	1.30879e-068	2.97856e-069	
N11	4.8943e-027	2.66824e-028	4.4899e-024	2.78989e-019	1.00206e-014	1.84199e-010	1.43119e-006	0.00331785	0.990687	0.00598941	4.64303e-006	1.06972e-009	1.03822e-013	5.14195e-018	1.46683e-022	2.71717e-027	8.39333e-032	5.85782e-034	1.99273e-037	1.26871e-039	2.94441e-043	1.12074e-045	1.86437e-049	4.29714e-052	5.30028e-056	7.3121e-059	6.76621e-063	5.3542e-066	3.32507e-070	1.36402e-073	6.80668e-079	3.67509e-083	9.88963e-089	3.51089e-093	5.51513e-099	1.52933e-103	6.76171e-109	1.81255e-112	4.11522e-116	
Amitermes_darwini	0	0	0	0	0	0	0	0	1	0	0	0	0	0	0	0	0	0	0	0	0	0	0	0	0	0	0	0	0	0	0	0	0	0	0	0	0	0	0	
Amitermes_germanus	0	0	0	0	0	0	0	0	1	0	0	0	0	0	0	0	0	0	0	0	0	0	0	0	0	0	0	0	0	0	0	0	0	0	0	0	0	0	0	
N12	8.15624e-027	5.43783e-027	5.84674e-023	2.41205e-018	5.71433e-014	6.86001e-010	3.44615e-006	0.00511921	0.984634	0.0102304	1.33306e-005	5.03401e-009	7.84845e-013	6.14327e-017	2.7314e-021	7.5711e-026	2.80213e-030	1.96358e-031	2.81283e-034	2.19423e-035	2.1794e-038	1.02404e-039	7.44688e-043	2.14972e-044	1.18357e-047	2.09386e-049	8.5449e-053	9.14025e-055	2.09554e-058	1.38989e-060	1.12496e-065	5.31385e-069	2.84272e-074	6.79437e-078	2.36243e-083	4.27771e-087	4.45844e-092	2.40012e-094	1.16781e-096	
Amitermes_parvus	0	0	0	0	0	0	0	0	1	0	0	0	0	0	0	0	0	0	0	0	0	0	0	0	0	0	0	0	0	0	0	0	0	0	0	0	0	0	0	
Drepanotermes_septentrionalis	0	0	0	0	0	0	0	0	1	0	0	0	0	0	0	0	0	0	0	0	0	0	0	0	0	0	0	0	0	0	0	0	0	0	0	0	0	0	0	
N13	3.13407e-031	1.5124e-031	1.75998e-026	5.2314e-021	7.03324e-016	3.83338e-011	6.85816e-007	0.00257979	0.995478	0.00194151	4.3715e-007	2.7099e-011	6.61112e-016	7.41283e-021	4.16201e-026	5.04938e-031	5.45192e-034	6.25143e-037	5.53934e-040	1.00348e-041	6.08659e-045	1.08227e-045	4.73632e-049	4.35257e-050	1.42048e-053	7.05796e-055	1.68259e-058	4.70624e-060	5.99229e-064	1.04297e-065	1.01044e-071	4.47401e-075	3.08065e-081	4.5662e-085	2.0003e-091	1.97476e-095	3.61782e-101	5.54741e-103	6.26285e-105	
N14	1.08446e-028	4.54474e-030	7.19728e-026	9.82216e-021	7.44525e-016	2.78539e-011	4.25454e-007	0.00186167	0.993939	0.0041965	1.9722e-006	2.54103e-010	1.30639e-014	3.27765e-019	4.53559e-024	3.9078e-029	7.74613e-034	6.27591e-036	1.29831e-039	3.56695e-041	3.01135e-040	2.05235e-038	6.17553e-040	3.98818e-040	1.00032e-041	4.52317e-042	9.83698e-044	2.97927e-044	4.66838e-046	9.0344e-047	9.18501e-050	1.72557e-051	1.10544e-054	1.64441e-056	7.21748e-060	9.86886e-062	2.1598e-064	5.46271e-065	1.18499e-065	
N15	1.99093e-031	4.20468e-032	1.74873e-027	4.96715e-022	7.66608e-017	5.65608e-012	1.62248e-007	0.00123326	0.995282	0.00348303	1.12909e-006	9.07081e-011	2.7236e-015	3.8159e-020	2.85679e-025	1.25366e-030	5.63009e-036	1.22896e-037	4.067e-041	1.18386e-042	2.57874e-046	4.17014e-048	6.21223e-052	5.70983e-054	5.71683e-058	1.68252e-059	1.96111e-061	4.0375e-061	1.98258e-060	1.24357e-057	1.7961e-058	3.46613e-057	1.0038e-058	8.88893e-059	1.37219e-062	1.99255e-064	4.58481e-068	2.41113e-068	1.68775e-068	
N16	2.96867e-029	1.35562e-029	3.5505e-025	3.4773e-020	1.94916e-015	5.52628e-011	6.53517e-007	0.00226852	0.992896	0.00483177	2.80268e-006	4.61895e-010	3.11018e-014	1.04475e-018	1.98497e-023	2.33685e-028	3.34131e-033	1.44267e-034	1.10528e-037	5.87689e-039	3.12017e-042	9.98595e-044	3.88073e-047	7.62437e-049	2.24669e-052	2.70029e-054	5.94067e-058	4.29843e-060	5.31441e-064	2.38662e-066	8.15226e-072	2.25641e-075	5.19252e-081	6.7105e-085	1.00024e-090	9.70521e-095	4.62919e-100	1.70019e-102	5.5199e-105	
Ephelotermes_melachoma	0	0	0	0	0	0	0	0	1	0	0	0	0	0	0	0	0	0	0	0	0	0	0	0	0	0	0	0	0	0	0	0	0	0	0	0	0	0	0	
Ephelotermes_taylori	0	0	0	0	0	0	0	0	1	0	0	0	0	0	0	0	0	0	0	0	0	0	0	0	0	0	0	0	0	0	0	0	0	0	0	0	0	0	0	
Macrognathotermes_sunteri	0	0	0	0	0	0	0	0	1	0	0	0	0	0	0	0	0	0	0	0	0	0	0	0	0	0	0	0	0	0	0	0	0	0	0	0	0	0	0	
Lophotermes_septentrionalis	0	0	0	0	0	0	0	0	1	0	0	0	0	0	0	0	0	0	0	0	0	0	0	0	0	0	0	0	0	0	0	0	0	0	0	0	0	0	0	
N17	8.82772e-026	2.74596e-024	1.18872e-019	7.34544e-015	2.34972e-010	3.20312e-006	0.0123622	0.26211	0.724587	0.000937312	2.36159e-007	2.13576e-011	9.06598e-016	2.10243e-020	2.93641e-025	2.82967e-030	5.2363e-035	9.63494e-038	1.17664e-041	1.77596e-044	1.44742e-048	1.2615e-051	7.03062e-056	3.4933e-059	1.36043e-063	1.67235e-066	8.96198e-069	3.71947e-070	2.01144e-072	6.74498e-074	4.77364e-073	4.01853e-071	1.34353e-070	1.04076e-069	2.86963e-073	1.00436e-075	8.72605e-079	2.29355e-080	5.40631e-082	
Procubitermes_sp	0	0	0	0	0	0	1	0	0	0	0	0	0	0	0	0	0	0	0	0	0	0	0	0	0	0	0	0	0	0	0	0	0	0	0	0	0	0	0	
N18	3.44971e-034	1.11427e-036	1.14275e-030	3.37149e-024	4.69873e-018	2.63289e-012	4.13171e-007	0.00230232	0.997607	9.05891e-005	1.148e-009	4.43792e-015	7.08229e-021	5.43111e-027	2.3457e-033	2.22841e-037	3.03379e-042	1.2781e-045	5.98371e-051	5.53687e-055	3.6318e-061	3.29653e-036	3.25397e-036	8.3187e-035	6.79561e-035	1.25124e-033	8.37312e-035	8.5612e-034	3.48922e-035	1.68317e-034	5.26207e-036	6.78038e-036	1.61304e-037	1.65289e-037	3.03938e-039	3.07324e-039	3.9913e-039	1.50598e-037	4.35692e-036	
Tuberculitermes_bycanistes	0	0	0	0	0	0	0	0	1	0	0	0	0	0	0	0	0	0	0	0	0	0	0	0	0	0	0	0	0	0	0	0	0	0	0	0	0	0	0	
Unguitermes_sp	0	0	0	0	0	0	0	0	1	0	0	0	0	0	0	0	0	0	0	0	0	0	0	0	0	0	0	0	0	0	0	0	0	0	0	0	0	0	0	
N19	1.36447e-025	4.61282e-027	5.11511e-023	2.09614e-018	4.97268e-014	6.04985e-010	3.12119e-006	0.00483615	0.986796	0.00835516	9.3138e-006	3.11746e-009	4.4238e-013	3.2187e-017	1.35428e-021	3.84602e-026	2.0601e-030	9.94152e-033	3.34647e-036	1.33676e-038	3.07462e-042	7.35104e-045	1.21387e-048	1.76056e-051	2.16107e-055	1.88183e-058	1.74582e-062	8.7402e-066	5.57468e-070	1.38679e-073	1.10001e-078	4.99958e-083	2.00831e-088	6.66468e-093	1.56364e-098	4.16854e-103	2.66212e-108	4.5081e-112	6.50077e-116	
Microcerotermes_boreus	0	0	0	0	0	0	0	0	1	0	0	0	0	0	0	0	0	0	0	0	0	0	0	0	0	0	0	0	0	0	0	0	0	0	0	0	0	0	0	
Microcerotermes_nervosus	0	0	0	0	0	0	0	0	1	0	0	0	0	0	0	0	0	0	0	0	0	0	0	0	0	0	0	0	0	0	0	0	0	0	0	0	0	0	0	
N20	5.62689e-025	2.94366e-025	1.37517e-021	3.24227e-017	4.43926e-013	3.10571e-009	9.18382e-006	0.00815911	0.975022	0.0167715	3.79077e-005	2.52776e-008	7.0228e-012	9.85495e-016	7.89793e-020	3.9927e-024	2.9497e-028	2.01468e-029	3.71873e-032	2.62364e-033	3.34089e-036	1.43003e-037	1.32997e-040	3.52546e-042	2.49594e-045	4.08059e-047	2.24578e-050	2.19026e-052	8.38498e-056	4.59435e-058	7.29151e-063	3.15604e-066	3.05838e-071	8.36817e-075	5.12373e-080	1.16339e-083	2.89676e-088	1.42134e-090	5.94405e-093	
N21	5.74492e-025	5.39166e-026	4.20078e-022	1.22753e-017	2.0691e-013	1.7792e-009	6.44731e-006	0.00696302	0.979746	0.0132612	2.30257e-005	1.17785e-008	2.51687e-012	2.72479e-016	1.68898e-020	6.73563e-025	3.88991e-029	4.25969e-031	2.77681e-034	3.04742e-036	1.35663e-039	8.87729e-042	2.83363e-045	1.1195e-047	2.6393e-051	6.22674e-054	1.07034e-057	1.45576e-060	1.50262e-064	1.12047e-067	1.16565e-072	1.46896e-076	8.6695e-082	6.20761e-086	2.16246e-091	1.15225e-095	7.41729e-101	3.19372e-104	1.32826e-107	
Crenetermes_albotarsalis	0	0	0	0	0	0	0	0	1	0	0	0	0	0	0	0	0	0	0	0	0	0	0	0	0	0	0	0	0	0	0	0	0	0	0	0	0	0	0	
Cubitermes_sp	0	0	0	0	0	0	0	0	1	0	0	0	0	0	0	0	0	0	0	0	0	0	0	0	0	0	0	0	0	0	0	0	0	0	0	0	0	0	0	
Thoracotermes_macrothorax	0	0	0	0	0	0	0	0	1	0	0	0	0	0	0	0	0	0	0	0	0	0	0	0	0	0	0	0	0	0	0	0	0	0	0	0	0	0	0	
N22	3.5962e-022	6.99862e-023	1.81696e-019	1.87481e-015	1.12414e-011	3.4532e-008	4.49771e-005	0.0176872	0.949126	0.0329869	0.000154676	2.17066e-007	1.28279e-010	3.8627e-014	6.69361e-018	7.57826e-022	1.33199e-025	3.29835e-027	5.38661e-030	1.28068e-031	1.45481e-034	2.10725e-036	1.75876e-039	1.58132e-041	1.00673e-044	5.59128e-047	2.7159e-050	9.01825e-053	2.82736e-056	5.55436e-059	9.0972e-063	1.82256e-064	2.97357e-067	5.31584e-069	5.96113e-072	9.54395e-074	2.45203e-076	3.33058e-077	4.67038e-078	
N23	7.26246e-033	1.17443e-035	1.6883e-030	1.43574e-024	6.48373e-019	1.407e-013	1.23609e-008	0.000314525	0.998918	0.000766922	6.90811e-008	1.72822e-012	1.70681e-017	7.9848e-023	1.969e-028	2.81675e-034	4.51553e-040	8.27199e-044	1.00664e-048	1.54063e-049	1.64533e-043	1.82163e-037	1.92204e-037	2.35821e-036	2.40947e-036	2.35313e-035	2.22088e-035	1.65386e-034	1.09466e-034	6.03959e-034	7.38139e-035	1.23416e-034	1.11236e-035	1.20284e-035	8.28996e-037	7.99446e-037	8.76182e-038	6.09552e-037	5.68637e-036	
N24	1.79644e-036	2.71883e-037	1.03881e-031	1.34252e-025	9.52077e-020	3.3263e-014	4.77252e-009	0.000198243	0.999359	0.000442867	2.22224e-008	3.10668e-013	1.74589e-018	4.78021e-024	7.14514e-030	6.27983e-036	5.55683e-042	6.216e-044	6.38282e-048	9.07784e-050	5.73188e-054	4.13111e-056	1.62027e-060	5.79104e-063	1.37082e-067	2.28238e-070	2.87209e-075	2.00739e-078	8.24762e-084	2.09469e-087	6.01833e-095	1.86261e-100	5.85279e-109	2.45854e-038	1.79243e-040	1.86414e-040	6.15352e-042	5.87674e-040	5.023e-038	
Nasutitermes_graveolus	0	0	0	0	0	0	0	0	1	0	0	0	0	0	0	0	0	0	0	0	0	0	0	0	0	0	0	0	0	0	0	0	0	0	0	0	0	0	0	
Nasutitermes_triodiae	0	0	0	0	0	0	0	0	1	0	0	0	0	0	0	0	0	0	0	0	0	0	0	0	0	0	0	0	0	0	0	0	0	0	0	0	0	0	0	
N25	2.44943e-036	2.34185e-037	9.07751e-032	1.18381e-025	8.47431e-020	2.99777e-014	4.38648e-009	0.000188295	0.99942	0.00039196	1.82354e-008	2.42367e-013	1.31315e-018	3.4911e-024	5.08117e-030	4.35172e-036	4.12402e-042	3.34584e-044	2.71092e-048	2.42381e-050	1.20752e-054	5.45807e-057	1.69028e-061	3.78708e-064	7.12878e-069	7.42581e-072	7.7342e-077	3.3245e-080	1.29039e-085	1.91403e-089	5.81737e-097	1.08723e-102	3.45061e-111	3.80194e-038	3.46018e-040	3.48637e-040	1.86332e-041	1.39019e-039	8.86015e-038	
Nasutitermes_longipennis	0	0	0	0	0	0	0	0	1	0	0	0	0	0	0	0	0	0	0	0	0	0	0	0	0	0	0	0	0	0	0	0	0	0	0	0	0	0	0	
Tumulitermes_pastinator	0	0	0	0	0	0	0	0	1	0	0	0	0	0	0	0	0	0	0	0	0	0	0	0	0	0	0	0	0	0	0	0	0	0	0	0	0	0	0	
Pericapritermes_sp	0	0	0	0	0	0	0	0	1	0	0	0	0	0	0	0	0	0	0	0	0	0	0	0	0	0	0	0	0	0	0	0	0	0	0	0	0	0	0	
N26	4.19324e-023	8.46031e-025	2.41058e-021	5.82821e-017	7.81407e-013	5.13413e-009	1.36122e-005	0.0102233	0.966153	0.0235427	6.67916e-005	5.1708e-008	1.58105e-011	2.34068e-015	1.9043e-019	1.02639e-023	9.39488e-028	3.5654e-030	1.31706e-033	4.57312e-036	4.5013e-036	4.46079e-035	1.63891e-036	3.51737e-037	1.03068e-038	1.55001e-039	3.76616e-041	3.80954e-042	6.15752e-044	3.96646e-045	1.70091e-047	3.88326e-049	1.05103e-051	1.71862e-053	3.19163e-056	4.66698e-058	1.54385e-060	1.11539e-061	8.96893e-063	
N27	5.72151e-027	2.11839e-027	3.08941e-023	1.73567e-018	5.3419e-014	7.85367e-010	4.44563e-006	0.00653085	0.976262	0.0171746	2.8112e-005	1.13551e-008	1.70842e-012	1.20011e-016	4.53253e-021	1.01543e-025	1.84636e-030	3.6159e-032	3.39655e-035	1.67097e-036	1.0436e-039	3.02083e-041	1.24945e-044	2.22876e-046	5.62466e-050	6.49229e-052	8.14101e-056	6.41545e-058	2.52607e-062	1.39813e-064	5.6683e-070	6.49331e-073	1.73604e-078	6.43701e-082	1.24183e-087	2.23392e-091	3.39726e-097	1.99129e-100	6.11953e-103	
Macrotermes_bellicosus	0	0	0	0	0	0	0	0	1	0	0	0	0	0	0	0	0	0	0	0	0	0	0	0	0	0	0	0	0	0	0	0	0	0	0	0	0	0	0	
N28	2.83404e-031	2.76217e-033	2.13018e-028	7.58055e-023	1.49042e-017	1.44918e-012	5.80927e-008	0.000680962	0.997722	0.00159623	2.97783e-007	1.55519e-011	3.25903e-016	3.32024e-021	1.84809e-026	6.17483e-032	2.32709e-037	2.25308e-040	1.17181e-044	2.95453e-046	3.69517e-045	2.3578e-043	2.4644e-045	4.13585e-046	3.67189e-048	4.23415e-049	3.13571e-051	2.37785e-052	1.14772e-054	5.56735e-056	2.71576e-059	2.54847e-061	8.25993e-065	4.20026e-067	9.05499e-071	3.73132e-073	1.41281e-076	5.83214e-078	2.6788e-079	
Microtermes_sp	0	0	0	0	0	0	0	0	1	0	0	0	0	0	0	0	0	0	0	0	0	0	0	0	0	0	0	0	0	0	0	0	0	0	0	0	0	0	0	
N29	8.41498e-036	8.91059e-037	2.92879e-031	3.25481e-025	1.98145e-019	5.91223e-014	7.16862e-009	0.000246884	0.999158	0.00059502	3.75046e-008	6.38305e-013	4.2929e-018	1.39378e-023	2.45992e-029	2.55079e-035	2.45919e-041	1.672e-043	1.55412e-047	1.553e-049	8.87319e-054	4.49861e-056	1.59212e-060	4.00335e-063	8.41893e-068	9.90715e-071	1.04521e-075	5.27565e-079	1.586e-084	3.03089e-088	9.61022e-096	3.51652e-101	1.24345e-109	6.56292e-038	6.13397e-040	6.69735e-040	1.53861e-041	1.01194e-039	7.24845e-038	
Odontotermes_sp	0	0	0	0	0	0	0	0	1	0	0	0	0	0	0	0	0	0	0	0	0	0	0	0	0	0	0	0	0	0	0	0	0	0	0	0	0	0	0	
Protermes_sp	0	0	0	0	0	0	0	0	1	0	0	0	0	0	0	0	0	0	0	0	0	0	0	0	0	0	0	0	0	0	0	0	0	0	0	0	0	0	0	
Pseudacanthotermes_militaris	0	0	0	0	0	0	0	0	1	0	0	0	0	0	0	0	0	0	0	0	0	0	0	0	0	0	0	0	0	0	0	0	0	0	0	0	0	0	0	
N30	2.93952e-019	2.79479e-018	2.06349e-015	9.27514e-012	2.03705e-008	1.78666e-005	0.00451406	0.177048	0.769387	0.0486144	0.000418251	9.99136e-007	9.34572e-010	4.18486e-013	1.02293e-016	1.5794e-020	5.0981e-024	3.4522e-025	9.55111e-028	4.91948e-029	9.18191e-032	2.72854e-033	3.57751e-036	6.27103e-038	5.56669e-041	5.88941e-043	2.90089e-046	1.95261e-048	3.50565e-052	1.53157e-054	5.88304e-059	7.13887e-062	1.72711e-066	8.89778e-070	1.43778e-074	4.65811e-078	7.6265e-083	1.47447e-085	5.0884e-088	
N31	3.92261e-018	5.56664e-018	3.57467e-015	1.02183e-011	1.59186e-008	1.11857e-005	0.00272735	0.141667	0.784275	0.0703511	0.000964464	3.94952e-006	6.67315e-009	5.61943e-012	2.67046e-015	2.22884e-018	1.82451e-020	5.757e-021	4.56624e-023	8.11273e-024	4.2849e-026	4.46602e-027	1.51075e-029	9.68089e-031	1.75159e-033	7.33887e-035	4.72515e-038	1.35958e-039	2.87595e-043	4.9594e-045	3.81643e-049	1.62453e-051	8.60289e-056	1.67431e-058	6.29107e-063	7.88053e-066	4.22383e-070	6.19759e-072	1.24884e-073	
Coptotermes_acinaciformis	0	0	0	0	0	0	0	0	1	0	0	0	0	0	0	0	0	0	0	0	0	0	0	0	0	0	0	0	0	0	0	0	0	0	0	0	0	0	0	
N32	6.03857e-023	7.1357e-025	2.69625e-021	6.25591e-017	8.11798e-013	5.18451e-009	1.33839e-005	0.00988431	0.973731	0.0163342	3.71468e-005	2.45532e-008	6.63333e-012	8.89215e-016	6.71016e-020	4.19152e-024	6.44355e-028	1.7386e-030	5.32073e-034	9.21686e-037	1.873e-040	1.85516e-043	2.60297e-047	1.48749e-050	1.43107e-054	8.85915e-058	6.30946e-060	7.584e-061	7.4691e-060	3.27362e-058	1.04446e-057	7.98711e-057	4.14097e-057	2.61597e-057	4.55076e-060	4.52459e-062	1.25499e-064	5.06406e-066	2.28894e-067	
Reticulitermes_flavipes	0	0	0	0	0	0	0	0	1	0	0	0	0	0	0	0	0	0	0	0	0	0	0	0	0	0	0	0	0	0	0	0	0	0	0	0	0	0	0	
N33	4.93849e-028	9.43845e-029	2.25529e-024	1.936e-019	9.14849e-015	2.07556e-010	1.82276e-006	0.00418549	0.986856	0.00894811	8.09116e-006	1.87379e-009	1.65426e-013	6.93015e-018	1.58114e-022	2.1739e-027	3.09319e-032	4.99298e-034	2.63485e-037	6.12841e-039	2.15517e-042	2.92474e-044	6.87405e-048	5.62692e-050	8.18654e-054	4.19975e-056	3.07659e-060	1.03897e-062	2.43029e-067	5.55284e-070	1.32638e-075	5.44763e-079	8.41268e-085	1.16407e-088	1.22755e-094	8.45798e-099	7.15363e-105	2.48292e-108	2.845e-111	
Reticulitermes_lucifugus	0	0	0	0	0	0	0	0	1	0	0	0	0	0	0	0	0	0	0	0	0	0	0	0	0	0	0	0	0	0	0	0	0	0	0	0	0	0	0	
Reticulitermes_urbis	0	0	0	0	0	0	0	0	1	0	0	0	0	0	0	0	0	0	0	0	0	0	0	0	0	0	0	0	0	0	0	0	0	0	0	0	0	0	0	
Schedorhinotermes_lamanianus	0	0	0	0	0	0	1	0	0	0	0	0	0	0	0	0	0	0	0	0	0	0	0	0	0	0	0	0	0	0	0	0	0	0	0	0	0	0	0	
N34	9.99528e-018	1.11879e-016	5.68515e-013	2.03072e-009	2.53722e-006	0.000482685	0.0227943	0.313881	0.625571	0.0369863	0.000281512	4.92269e-007	3.5534e-010	1.35724e-012	1.32295e-014	7.59405e-017	3.1002e-019	1.76889e-019	1.34675e-020	1.65503e-020	5.25492e-022	1.93409e-022	1.47213e-024	1.23259e-025	2.70799e-028	3.08121e-029	5.5794e-030	1.56769e-027	1.63521e-026	3.15845e-024	1.84396e-024	3.22508e-023	3.5801e-024	6.02376e-024	4.28266e-026	8.26703e-027	3.30601e-029	5.87852e-030	4.08325e-030	
N35	1.05203e-018	4.08045e-017	2.04014e-013	7.82178e-010	9.57982e-007	0.000252177	0.0143712	0.288077	0.651329	0.0455852	0.000384448	7.14627e-007	4.229e-010	1.29158e-013	8.16634e-017	1.49259e-019	4.28712e-022	2.36083e-023	2.16456e-025	3.97099e-027	2.28083e-029	1.70679e-031	1.5634e-034	4.75895e-037	9.79451e-041	1.34057e-043	8.90675e-048	6.93675e-051	1.75405e-055	1.29668e-058	1.09426e-063	5.55621e-067	2.62254e-072	8.4377e-076	2.75981e-081	5.00357e-085	2.11088e-089	7.16284e-092	1.62172e-094	
N36	3.59372e-013	3.2162e-012	5.79687e-010	1.91682e-007	2.60837e-005	0.0012316	0.0182919	0.18692	0.65943	0.129073	0.0049688	5.77361e-005	2.45324e-007	4.17625e-010	3.05946e-013	1.0324e-015	1.12862e-017	2.5583e-018	1.60383e-020	1.70407e-021	6.39845e-024	3.49702e-025	8.22106e-028	2.44786e-029	3.16235e-032	5.53129e-034	2.74388e-037	3.02539e-039	3.27283e-043	1.63374e-045	7.97043e-050	9.58739e-053	2.97806e-057	1.9267e-060	3.83449e-065	1.87364e-068	1.58952e-072	1.25405e-074	8.3478e-077	
N37	1.4218e-007	7.86728e-006	0.000216041	0.00288243	0.0173713	0.0372885	0.0191332	0.118108	0.454729	0.283861	0.060725	0.00546134	0.000213466	3.16574e-006	8.48171e-009	1.28458e-011	6.27461e-014	9.87997e-015	8.72675e-017	7.46314e-018	4.11767e-020	1.9358e-021	7.31922e-024	1.97896e-025	5.23713e-028	8.23196e-030	1.34533e-032	1.23198e-034	7.03964e-038	3.78205e-040	7.22921e-044	1.26002e-046	1.46385e-050	1.49599e-053	1.11405e-057	8.87207e-061	1.16009e-064	5.81147e-067	3.18546e-069	
Bifiditermes_improbus	0	0	0	0	0	1	0	0	0	0	0	0	0	0	0	0	0	0	0	0	0	0	0	0	0	0	0	0	0	0	0	0	0	0	0	0	0	0	0	
Neotermes_insularis	0	0	0	0	0	0	0	0	0	0	0	0	0	1	0	0	0	0	0	0	0	0	0	0	0	0	0	0	0	0	0	0	0	0	0	0	0	0	0	
N38	6.25868e-016	7.71893e-017	2.83707e-014	3.90679e-011	2.86971e-008	9.99503e-006	0.00149156	0.0812	0.812685	0.102492	0.00210808	1.33592e-005	3.54951e-008	4.76632e-011	3.79932e-014	1.26689e-016	6.0097e-019	1.64188e-020	5.51237e-023	8.41918e-025	1.77236e-027	1.5988e-029	2.00394e-032	1.14852e-034	8.42624e-038	3.36743e-040	1.8039e-043	5.23705e-046	1.76137e-049	3.43604e-052	5.58209e-056	5.65786e-059	5.71212e-063	3.50327e-066	2.3608e-070	1.0521e-073	8.1621e-078	1.18301e-080	2.33541e-083	
Glyptotermes_brevicornis	0	0	0	0	0	0	0	0	1	0	0	0	0	0	0	0	0	0	0	0	0	0	0	0	0	0	0	0	0	0	0	0	0	0	0	0	0	0	0	
Glyptotermes_iridipennis	0	0	0	0	0	0	0	0	1	0	0	0	0	0	0	0	0	0	0	0	0	0	0	0	0	0	0	0	0	0	0	0	0	0	0	0	0	0	0	
N39	2.79773e-022	5.1491e-019	6.12339e-015	3.69848e-011	9.6184e-008	8.48051e-005	0.0170358	0.477659	0.492356	0.0128213	4.3035e-005	3.85056e-008	1.31803e-011	2.13003e-015	1.8633e-019	1.43587e-023	5.102e-027	5.05778e-029	3.1085e-032	1.73239e-034	6.83801e-038	2.09732e-040	5.20275e-044	9.19482e-047	1.30734e-050	1.61647e-051	5.32328e-053	3.29539e-052	4.27075e-052	4.33258e-051	5.8537e-052	2.47604e-052	1.66255e-054	3.81994e-056	3.97848e-059	4.7283e-061	5.59229e-064	3.39464e-065	3.1514e-066	
N40	3.27672e-017	1.50457e-015	1.8947e-012	2.9534e-009	1.98868e-006	0.00049831	0.0369328	0.515957	0.435855	0.0107056	4.95307e-005	7.61118e-008	5.1463e-011	1.81156e-014	3.71707e-018	1.02407e-021	1.90926e-024	9.76714e-026	2.17403e-028	6.50091e-030	1.01178e-032	1.79206e-034	2.02173e-037	2.14457e-039	1.67724e-042	1.07244e-044	4.54569e-048	1.81239e-050	2.09093e-054	4.65092e-057	2.06205e-061	1.32796e-064	3.72004e-069	1.33332e-072	2.40551e-077	6.73583e-081	2.93637e-085	7.93887e-088	2.07832e-090	
N41	5.95342e-014	4.6084e-012	2.00871e-008	5.42001e-006	0.000485946	0.0168594	0.209094	0.661726	0.111514	0.000314434	1.96738e-007	4.68727e-011	5.44906e-015	3.56871e-019	1.44689e-023	4.32456e-028	3.55506e-032	2.80977e-034	1.23704e-037	7.46974e-040	2.40128e-043	9.00875e-046	2.17294e-049	5.07213e-052	8.98992e-056	1.29438e-058	1.44897e-062	1.28933e-065	5.41396e-070	3.02549e-073	3.33374e-078	5.51912e-082	3.76258e-087	3.16011e-091	1.39086e-096	8.2369e-101	4.52801e-106	1.58435e-109	7.23831e-113	
N42	1.53227e-019	2.38109e-018	1.69018e-014	9.5379e-011	1.86797e-007	0.000123108	0.0229636	0.77149	0.204985	0.000437942	1.96468e-007	3.15362e-011	4.36544e-015	9.87185e-017	1.31015e-019	2.57248e-021	1.81708e-024	1.63125e-026	2.98185e-030	1.54159e-032	1.07938e-036	3.40087e-039	1.11281e-043	2.14207e-046	3.67045e-051	4.13719e-054	4.00378e-059	2.37474e-062	1.37975e-067	3.45659e-071	1.2851e-076	1.18989e-080	2.68408e-086	1.62434e-090	2.27486e-096	1.48184e-100	6.16311e-104	5.94156e-107	3.87751e-110	
Cryptotermes_austrinus	0	0	0	0	0	0	0	1	0	0	0	0	0	0	0	0	0	0	0	0	0	0	0	0	0	0	0	0	0	0	0	0	0	0	0	0	0	0	0	
Cryptotermes_queenslandis	0	0	0	0	0	0	0	0	1	0	0	0	0	0	0	0	0	0	0	0	0	0	0	0	0	0	0	0	0	0	0	0	0	0	0	0	0	0	0	
Cryptotermes_primus	0	0	1	0	0	0	0	0	0	0	0	0	0	0	0	0	0	0	0	0	0	0	0	0	0	0	0	0	0	0	0	0	0	0	0	0	0	0	0	
Incisitermes_sp	0	0	0	0	0	0	0	0	1	0	0	0	0	0	0	0	0	0	0	0	0	0	0	0	0	0	0	0	0	0	0	0	0	0	0	0	0	0	0	
N43	1.11435e-019	7.71143e-018	2.15468e-014	1.07197e-010	2.82085e-007	0.000243775	0.0287535	0.535367	0.425968	0.0096448	2.26711e-005	1.47265e-008	3.87003e-012	5.04954e-016	3.71768e-020	2.28837e-024	1.33945e-027	8.0384e-029	1.10688e-031	3.89219e-033	3.65234e-036	7.55533e-038	4.76613e-041	6.01307e-043	2.25381e-046	1.82212e-048	3.02203e-052	1.65316e-054	6.96887e-059	2.3305e-061	2.90414e-066	2.36504e-069	1.95346e-074	6.1651e-078	3.47868e-083	6.60051e-087	4.29086e-092	8.22298e-095	2.47759e-097	
Cryptotermes_brevis	0	0	0	0	0	1	0	0	0	0	0	0	0	0	0	0	0	0	0	0	0	0	0	0	0	0	0	0	0	0	0	0	0	0	0	0	0	0	0	
N44	4.66875e-016	2.03445e-014	1.37503e-012	2.32338e-010	8.76118e-008	2.19079e-005	0.00706966	0.485988	0.481091	0.0257499	7.95508e-005	5.13401e-008	1.09588e-011	1.01625e-015	5.21394e-020	2.13945e-022	2.52219e-025	6.14909e-027	4.19389e-030	5.09569e-032	2.12528e-035	1.35342e-037	3.15216e-041	1.10474e-043	9.0846e-048	6.6206e-043	2.36365e-045	4.15988e-046	5.30534e-049	4.62922e-050	3.51476e-053	9.48739e-055	1.3278e-057	1.02113e-058	1.19197e-061	1.72795e-063	5.78448e-066	1.57945e-066	3.47025e-067	
N45	2.43094e-010	8.92354e-010	1.96364e-009	8.12885e-008	3.35089e-006	7.73708e-005	0.00599653	0.331771	0.556652	0.104307	0.0011894	2.85607e-006	1.79007e-009	4.26002e-013	4.86013e-017	1.05434e-019	3.7577e-022	4.451e-023	9.21589e-026	5.48311e-027	7.19601e-030	2.29987e-031	1.97018e-034	3.51484e-036	1.69221e-039	1.79147e-041	2.87038e-045	1.96927e-047	3.45553e-052	5.61291e-055	5.91638e-060	2.49376e-063	1.69623e-068	4.11091e-072	1.79913e-077	3.30289e-081	2.29509e-085	1.17739e-087	4.42454e-090	
Cryptotermes_cynocephalus	0	0	0	0	0	0	0	0	0	1	0	0	0	0	0	0	0	0	0	0	0	0	0	0	0	0	0	0	0	0	0	0	0	0	0	0	0	0	0	
N46	2.75131e-006	6.49413e-005	0.000585503	0.000292714	8.6282e-005	0.00179285	0.0408199	0.342208	0.49109	0.117175	0.00580642	7.58091e-005	4.89676e-008	1.12193e-011	1.26973e-015	8.80601e-020	1.40293e-023	5.14795e-025	6.81215e-028	1.86956e-029	1.70834e-032	2.77979e-034	1.85916e-037	1.81849e-039	9.0191e-043	5.23591e-045	1.66417e-048	5.63791e-051	3.46753e-055	6.88804e-058	1.56203e-062	1.22113e-065	1.64569e-070	4.02201e-074	3.43839e-079	5.77763e-083	5.54976e-088	7.0723e-091	1.36977e-093	
Cryptotermes_domesticus	0	0	1	0	0	0	0	0	0	0	0	0	0	0	0	0	0	0	0	0	0	0	0	0	0	0	0	0	0	0	0	0	0	0	0	0	0	0	0	
Procryptotermes_australiensis	0	0	0	0	0	0	0	0	0	0	0	1	0	0	0	0	0	0	0	0	0	0	0	0	0	0	0	0	0	0	0	0	0	0	0	0	0	0	0	
N47	6.02739e-023	9.35777e-020	8.72359e-016	5.28378e-012	1.70981e-008	2.43572e-005	0.0111038	0.808794	0.177505	0.0025665	6.74718e-006	5.98118e-009	2.38773e-012	5.0733e-016	6.39991e-020	6.2843e-024	2.04596e-027	4.32722e-029	5.51171e-032	9.00948e-034	8.37256e-037	8.72527e-039	5.99836e-042	3.97146e-044	2.03256e-047	8.32207e-050	2.69852e-053	6.82515e-056	8.05083e-060	1.28568e-062	4.79391e-067	3.02065e-070	6.54239e-075	1.562e-078	2.09051e-083	3.66832e-087	5.60087e-092	5.62539e-095	8.06634e-098	
Cryptotermes_dudleyi	0	0	0	0	0	0	0	1	0	0	0	0	0	0	0	0	0	0	0	0	0	0	0	0	0	0	0	0	0	0	0	0	0	0	0	0	0	0	0	
Cryptotermes_secundus	0	0	0	0	0	0	0	1	0	0	0	0	0	0	0	0	0	0	0	0	0	0	0	0	0	0	0	0	0	0	0	0	0	0	0	0	0	0	0	
Kalotermes_flavicollis	0	0	0	0	0	0	0	0	0	0	0	0	0	0	0	0	0	0	0	0	0	1	0	0	0	0	0	0	0	0	0	0	0	0	0	0	0	0	0	
N48	0.00192206	0.0196695	0.0985364	0.193551	0.113067	0.0272982	0.00636977	0.0319625	0.133003	0.205858	0.129062	0.035285	0.00422047	0.000193897	1.91401e-006	8.01497e-009	2.03812e-011	4.31528e-013	5.568e-015	3.72878e-016	3.17116e-018	1.20106e-019	7.03605e-022	1.58702e-023	6.66635e-026	9.1574e-028	2.68656e-030	2.24888e-032	4.04801e-035	2.05004e-037	1.72593e-040	5.0615e-043	2.46431e-046	4.42751e-049	1.3797e-052	1.70822e-055	4.22698e-059	7.66766e-062	2.08932e-064	
Stolotermes_sp	0	0	0	1	0	0	0	0	0	0	0	0	0	0	0	0	0	0	0	0	0	0	0	0	0	0	0	0	0	0	0	0	0	0	0	0	0	0	0	
N49	0.0199006	0.00498488	0.000425795	1.60414e-005	2.87197e-007	2.53656e-009	3.06426e-011	1.97906e-009	3.95818e-007	3.74461e-005	0.00162638	0.0303088	0.206115	0.644945	0.0704552	0.0206224	0.000525574	3.56574e-005	3.03748e-007	7.51382e-009	2.67612e-011	3.09834e-013	5.14269e-016	3.20435e-018	2.70368e-021	9.75972e-024	4.50012e-027	9.70294e-030	2.59696e-033	3.36517e-036	5.50967e-040	4.3868e-043	4.59569e-047	2.51176e-050	1.75992e-054	8.23335e-058	3.65715e-061	8.34677e-064	1.54161e-066	
Zootermopsis_angusticollis	0	0	0	0	0	0	0	0	0	0	0	0	0	1	0	0	0	0	0	0	0	0	0	0	0	0	0	0	0	0	0	0	0	0	0	0	0	0	0	
Zootermopsis_nevadensis	0	0	0	0	0	0	0	0	0	0	0	0	0	1	0	0	0	0	0	0	0	0	0	0	0	0	0	0	0	0	0	0	0	0	0	0	0	0	0	
N50	4.43199e-009	6.00396e-008	2.02793e-006	5.355e-005	0.000948914	0.0101909	0.0588898	0.161258	0.214669	0.248992	0.213557	0.0828708	0.00828574	0.00027631	6.56546e-006	1.42928e-007	4.9997e-009	2.63924e-009	3.6394e-010	2.1899e-010	2.57397e-011	1.11208e-011	1.09054e-012	3.36788e-013	2.59034e-014	5.73129e-015	3.13477e-016	5.10802e-017	1.93853e-018	2.36039e-019	6.27329e-021	6.10316e-022	1.6421e-023	2.70082e-024	1.14701e-025	1.5466e-026	3.38593e-028	2.8002e-029	2.53184e-030	
Mastotermes_darwiniensis	0	0	0	0	0	0	0	0	0	0	0	0	0	0	0	0	0	0	0	0	0	0	0	0	0	0	0	0	0	0	0	0	0	0	0	0	1	0	0	
Porotermes_adamsoni	0	0	0	0	0	0	0	1	0	0	0	0	0	0	0	0	0	0	0	0	0	0	0	0	0	0	0	0	0	0	0	0	0	0	0	0	0	0	0	
