NODE	13	14	15	16	17	18	19	20	21	22	23	24	25	26	27	28	29	30	31	32	33	34	35	36	37	38	39	40	41	42	43	44	45	46	47	48	49	50	51	
N1	3.87422e-011	3.63648e-012	1.21338e-010	9.16164e-008	3.72182e-005	0.00422953	0.106955	0.470592	0.331874	0.0735585	0.0118673	0.000871654	1.49627e-005	6.24866e-008	8.1168e-011	4.20118e-017	6.43289e-019	7.18077e-021	6.15424e-023	4.20968e-025	2.3639e-027	1.11176e-029	4.44236e-032	1.52435e-034	4.53036e-037	1.1747e-039	2.67482e-042	5.38031e-045	9.61217e-048	1.53282e-050	2.19169e-053	2.82139e-056	3.28217e-059	3.46228e-062	3.32295e-065	2.9131e-068	2.34701e-071	1.75812e-074	1.30806e-077	
N2	9.46153e-011	2.25969e-010	5.10684e-008	7.95479e-006	0.000564171	0.0166893	0.176096	0.497604	0.265517	0.0369224	0.00617814	0.000412493	7.42314e-006	4.30592e-008	9.6746e-011	9.97989e-014	5.54605e-017	3.32333e-019	2.37014e-021	2.15816e-022	9.77034e-025	4.67189e-026	1.30143e-028	3.47807e-030	5.27229e-033	8.50614e-035	5.52234e-038	5.74723e-040	1.49893e-043	9.77031e-046	1.48267e-049	6.44419e-052	7.15245e-056	2.33395e-058	1.66867e-062	3.36506e-065	1.53559e-069	1.55996e-072	8.12249e-076	
N3	4.21065e-017	2.43757e-016	4.25221e-013	1.0782e-009	1.13033e-006	0.000392317	0.0325629	0.43756	0.511987	0.0172409	0.00025375	1.42582e-006	2.48552e-009	1.66511e-012	5.59573e-016	1.13826e-018	1.36592e-021	1.16182e-023	7.68305e-027	3.68872e-029	1.25622e-032	3.66088e-035	6.35757e-039	1.16961e-041	1.0316e-045	1.18756e-048	5.46351e-053	3.67317e-056	1.0065e-060	3.91845e-064	8.87086e-069	3.37016e-072	9.48764e-077	4.88228e-080	1.33154e-084	6.39902e-088	1.5884e-092	8.40881e-096	6.44339e-099	
N4	2.44769e-021	6.44076e-022	1.57183e-018	4.06585e-014	4.70183e-010	1.89502e-006	0.00177241	0.174872	0.807037	0.0162759	4.09679e-005	2.74838e-008	6.82602e-012	7.6112e-016	4.60983e-020	4.7378e-023	2.78925e-026	1.81876e-028	6.20026e-032	1.9959e-034	4.08337e-038	6.86846e-041	8.03583e-045	7.4251e-048	4.02521e-052	1.38551e-052	6.77605e-055	8.80967e-055	2.93526e-055	1.3333e-054	1.07341e-055	6.12885e-056	4.25986e-058	1.68079e-059	9.32718e-063	7.90767e-065	1.78863e-067	1.40368e-068	9.60299e-070	
N5	2.78431e-022	8.19393e-021	2.92752e-017	3.346e-013	1.87246e-009	4.14511e-006	0.00249093	0.175496	0.808754	0.0132223	3.18195e-005	2.32269e-008	7.10835e-012	1.09735e-015	9.63305e-020	5.92202e-024	2.78793e-027	5.49751e-028	1.45878e-030	1.7714e-031	3.28438e-034	2.35487e-035	3.03523e-038	1.31983e-039	1.02055e-042	2.83835e-044	8.49293e-048	1.65471e-049	9.47352e-054	1.17721e-055	1.73057e-060	4.57593e-063	4.69567e-068	4.33146e-071	3.25021e-076	1.63996e-079	1.40874e-084	9.32222e-087	1.11898e-088	
N6	5.48439e-023	2.18982e-024	3.71554e-021	1.12069e-016	1.82851e-012	1.37683e-008	3.72582e-005	0.0224794	0.965618	0.0118467	1.8811e-005	8.59462e-009	1.60175e-012	1.48215e-016	7.76754e-021	1.74709e-024	1.43112e-027	2.13931e-029	1.26609e-032	1.03876e-034	4.13879e-038	1.92233e-040	5.32236e-044	1.40858e-046	2.51545e-050	3.8028e-053	2.92158e-057	2.71973e-060	8.07194e-065	1.57729e-066	1.58482e-069	3.75203e-071	1.83572e-073	1.78554e-074	1.00752e-077	8.93335e-080	2.23661e-082	2.46337e-083	2.24575e-084	
N7	2.99729e-030	2.43875e-032	3.78418e-028	1.42689e-022	2.93495e-017	2.8803e-012	1.08709e-007	0.00105756	0.99697	0.00197193	4.13113e-007	2.26997e-011	4.80349e-016	4.83792e-021	2.64833e-026	9.80495e-032	1.68866e-036	4.83472e-039	3.61313e-043	6.02932e-046	2.82835e-050	2.52112e-053	7.65156e-058	3.60964e-061	6.94332e-066	3.47775e-069	1.97357e-070	4.08652e-069	1.16785e-063	9.22745e-056	1.78454e-050	3.26515e-044	2.62738e-040	2.90553e-036	1.12921e-037	1.1245e-037	1.12649e-038	1.84409e-037	3.12574e-036	
N8	2.21826e-031	2.81056e-032	1.11686e-027	3.20657e-022	5.11092e-017	3.97571e-012	1.23124e-007	0.00104586	0.99699	0.00196319	4.41556e-007	2.74084e-011	6.7861e-016	8.20232e-021	5.4914e-026	2.24702e-031	1.85713e-036	4.3054e-038	1.14519e-041	2.0851e-043	3.61708e-047	3.70466e-049	4.37376e-053	2.5338e-055	2.07617e-059	6.69545e-062	7.7166e-066	2.76224e-065	3.5635e-064	1.28725e-061	1.95206e-062	1.20421e-061	2.25304e-063	5.23945e-064	4.92648e-068	3.24681e-070	1.66214e-073	4.90319e-074	1.17494e-074	
N9	1.18583e-029	2.1606e-029	8.99416e-025	1.00995e-019	6.10684e-015	1.71379e-010	1.75401e-006	0.00421216	0.992934	0.00285125	1.03471e-006	1.10141e-010	4.88111e-015	1.09121e-019	1.38808e-024	1.11184e-029	1.8908e-034	4.58568e-036	1.79742e-039	3.50905e-041	9.35301e-045	1.07997e-046	2.05893e-050	1.42917e-052	2.01644e-056	8.34186e-059	8.78392e-063	2.09015e-065	1.40869e-069	1.84953e-072	3.73403e-078	2.92251e-082	3.46856e-088	1.57047e-092	1.52513e-098	2.71131e-101	2.22762e-104	4.28443e-105	6.51747e-106	
N10	1.54029e-029	4.36163e-031	7.93423e-027	1.48938e-021	1.58956e-016	8.53991e-012	1.9047e-007	0.0012387	0.996545	0.00221507	6.14615e-007	5.00159e-011	1.69652e-015	2.90558e-020	2.83306e-025	1.84415e-030	4.79079e-035	3.81637e-037	6.96747e-041	3.5518e-043	4.23975e-047	1.22307e-049	9.90791e-054	1.61422e-056	8.99603e-061	8.03679e-064	3.54203e-068	8.66908e-070	1.30478e-068	7.57547e-064	1.38517e-061	4.74939e-058	1.29318e-055	3.30218e-052	1.06922e-053	1.04754e-053	1.94786e-054	4.1194e-053	7.49176e-052	
N11	1.46731e-032	2.56012e-034	1.79428e-029	9.16084e-024	2.65681e-018	3.89829e-013	2.39916e-008	0.000436965	0.998731	0.000832419	8.64433e-008	2.64145e-012	3.37004e-017	2.16719e-022	7.8894e-028	1.81488e-033	9.97533e-039	3.66842e-041	2.76297e-045	7.15334e-048	3.3152e-052	4.54195e-055	1.30999e-059	9.20247e-063	1.61931e-067	5.40586e-071	5.38408e-076	7.40618e-080	3.10392e-085	1.37286e-089	1.15301e-096	1.35012e-102	1.06185e-110	7.08875e-037	1.69174e-038	1.65118e-038	2.7308e-039	6.88975e-038	1.48367e-036	
Amitermes_darwini	0	0	0	0	0	0	0	0	1	0	0	0	0	0	0	0	0	0	0	0	0	0	0	0	0	0	0	0	0	0	0	0	0	0	0	0	0	0	0	
Amitermes_germanus	0	0	0	0	0	0	0	0	1	0	0	0	0	0	0	0	0	0	0	0	0	0	0	0	0	0	0	0	0	0	0	0	0	0	0	0	0	0	0	
N12	7.43439e-032	2.6984e-033	1.36251e-028	5.01565e-023	1.0428e-017	1.09212e-012	4.78206e-008	0.00061784	0.99818	0.00120214	1.7883e-007	7.77867e-012	1.40531e-016	1.27278e-021	6.48394e-027	2.05361e-032	1.44978e-037	1.07634e-039	1.35952e-043	7.23143e-046	5.62303e-050	1.57067e-052	7.60349e-057	1.0829e-059	3.19585e-064	2.15567e-067	3.56607e-072	9.94135e-076	6.54837e-081	6.0585e-085	6.93586e-092	1.53157e-097	1.70294e-105	4.80556e-037	9.62443e-039	9.45866e-039	1.26038e-039	3.89185e-038	1.02752e-036	
Amitermes_parvus	0	0	0	0	0	0	0	0	1	0	0	0	0	0	0	0	0	0	0	0	0	0	0	0	0	0	0	0	0	0	0	0	0	0	0	0	0	0	0	
Drepanotermes_septentrionalis	0	0	0	0	0	0	0	0	1	0	0	0	0	0	0	0	0	0	0	0	0	0	0	0	0	0	0	0	0	0	0	0	0	0	0	0	0	0	0	
N13	1.08115e-029	1.0761e-028	8.03035e-024	2.67119e-018	3.99472e-013	2.29511e-008	0.000351918	0.0524343	0.946746	0.000467812	3.9402e-008	1.10803e-012	1.36926e-017	8.41907e-023	2.76226e-028	5.23638e-034	4.56771e-039	1.30253e-039	2.17665e-041	1.042e-041	1.47702e-043	5.1541e-044	6.29571e-046	1.58005e-046	1.68281e-048	2.94823e-049	2.72883e-051	3.16003e-052	2.24518e-054	1.5632e-055	7.08703e-059	5.53318e-061	1.55742e-064	8.936e-067	1.66326e-070	8.38352e-073	8.49885e-076	6.81139e-077	4.44456e-078	
N14	3.11573e-030	6.64363e-031	5.05194e-026	2.48937e-020	6.02815e-015	6.21907e-010	1.82943e-005	0.0163646	0.982984	0.000632803	5.09629e-008	1.19976e-012	1.14061e-017	5.13415e-023	1.20555e-028	3.65259e-032	1.41773e-035	8.93176e-037	2.19373e-040	6.61042e-042	1.09098e-045	1.67335e-047	1.84254e-051	1.51657e-053	8.8858e-058	4.288e-060	1.66497e-065	2.43253e-066	3.00186e-070	6.21796e-071	3.83052e-075	4.68976e-077	2.10486e-081	1.42966e-083	4.43421e-088	2.31358e-090	2.47321e-093	1.53411e-093	6.0246e-094	
Odontotermes_sp	0	0	0	0	0	0	0	0	1	0	0	0	0	0	0	0	0	0	0	0	0	0	0	0	0	0	0	0	0	0	0	0	0	0	0	0	0	0	0	
N15	1.67459e-039	3.31259e-040	1.504e-036	3.65635e-029	2.47535e-022	5.43156e-016	3.55847e-010	6.10205e-005	0.999891	4.83241e-005	2.94474e-010	5.37615e-016	3.17827e-022	6.42977e-029	3.76651e-036	6.96044e-043	3.29785e-043	1.42304e-041	1.44077e-041	5.36632e-040	5.4442e-040	1.68383e-038	1.71156e-038	4.23603e-037	4.24002e-037	7.96263e-036	6.19565e-036	8.98607e-035	2.70118e-035	3.24181e-034	1.4047e-035	1.50646e-035	4.46376e-037	4.33308e-037	9.60571e-039	9.3944e-039	2.56646e-039	6.73287e-038	1.43356e-036	
Tuberculitermes_bycanistes	0	0	0	0	0	0	0	0	1	0	0	0	0	0	0	0	0	0	0	0	0	0	0	0	0	0	0	0	0	0	0	0	0	0	0	0	0	0	0	
Unguitermes_sp	0	0	0	0	0	0	0	0	1	0	0	0	0	0	0	0	0	0	0	0	0	0	0	0	0	0	0	0	0	0	0	0	0	0	0	0	0	0	0	
Procubitermes_sp	0	0	0	0	0	0	1	0	0	0	0	0	0	0	0	0	0	0	0	0	0	0	0	0	0	0	0	0	0	0	0	0	0	0	0	0	0	0	0	
N16	4.98145e-028	2.25262e-029	2.03636e-025	2.15838e-020	1.31364e-015	4.06153e-011	5.27199e-007	0.00202711	0.993806	0.00416385	2.18451e-006	3.34957e-010	2.13479e-014	6.86059e-019	1.25528e-023	1.49501e-028	4.85542e-033	5.70465e-035	1.7881e-038	1.49634e-040	3.09875e-044	1.49705e-046	2.13841e-050	5.99574e-053	6.0549e-057	9.75225e-060	2.84657e-063	6.9936e-064	1.32908e-062	6.62668e-060	1.24276e-059	2.27709e-058	6.65207e-059	1.09437e-058	4.10097e-062	4.5096e-064	1.12852e-066	2.21272e-067	3.56663e-068	
N17	5.23552e-031	3.44735e-032	9.33069e-028	2.5682e-022	3.98681e-017	3.08807e-012	9.82702e-008	0.000899168	0.996949	0.0021511	5.29247e-007	3.61141e-011	9.88864e-016	1.32938e-020	9.9496e-026	4.56942e-031	3.39358e-036	4.38098e-038	9.74852e-042	1.12102e-043	1.63155e-047	1.05499e-049	1.04196e-053	3.79345e-056	2.55737e-060	5.14544e-063	3.97679e-067	8.34946e-068	1.0053e-066	8.75874e-064	5.73791e-064	1.66451e-062	1.98076e-063	3.07388e-063	3.96485e-067	2.74853e-069	1.02922e-072	2.15448e-073	4.15415e-074	
N18	5.8768e-032	3.73377e-033	1.74004e-028	6.0641e-023	1.2086e-017	1.22104e-012	5.16275e-008	0.000642517	0.998008	0.00134921	2.20764e-007	1.04159e-011	2.02775e-016	1.98122e-021	1.09818e-026	3.80562e-032	2.4269e-037	2.99608e-039	5.68937e-043	6.08116e-045	7.85897e-049	4.96206e-051	4.58411e-055	1.73459e-057	1.18179e-061	2.6538e-064	1.32423e-068	1.71236e-071	5.00715e-076	3.69837e-079	3.06748e-085	1.37981e-089	6.99459e-096	1.57325e-100	4.76316e-107	7.76369e-112	1.12832e-117	5.63858e-121	2.14637e-124	
Ephelotermes_melachoma	0	0	0	0	0	0	0	0	1	0	0	0	0	0	0	0	0	0	0	0	0	0	0	0	0	0	0	0	0	0	0	0	0	0	0	0	0	0	0	
Ephelotermes_taylori	0	0	0	0	0	0	0	0	1	0	0	0	0	0	0	0	0	0	0	0	0	0	0	0	0	0	0	0	0	0	0	0	0	0	0	0	0	0	0	
Macrognathotermes_sunteri	0	0	0	0	0	0	0	0	1	0	0	0	0	0	0	0	0	0	0	0	0	0	0	0	0	0	0	0	0	0	0	0	0	0	0	0	0	0	0	
Lophotermes_septentrionalis	0	0	0	0	0	0	0	0	1	0	0	0	0	0	0	0	0	0	0	0	0	0	0	0	0	0	0	0	0	0	0	0	0	0	0	0	0	0	0	
N19	5.89956e-031	4.63876e-032	6.22019e-028	1.90339e-022	3.25717e-017	2.74486e-012	9.3364e-008	0.000891178	0.996706	0.00240218	6.22308e-007	4.30386e-011	1.16292e-015	1.51284e-020	1.07966e-025	4.69354e-031	4.55188e-036	9.90624e-038	2.56752e-041	4.18138e-043	7.06605e-047	6.49253e-049	7.50304e-053	3.93163e-055	3.18848e-059	2.361e-061	1.75909e-063	9.76737e-064	3.39459e-063	9.66233e-061	1.53677e-061	9.47683e-061	2.66479e-062	1.08491e-062	1.26863e-066	9.36233e-069	6.41859e-072	1.96595e-072	4.82933e-073	
N20	8.23843e-029	2.19694e-029	2.47294e-025	2.53634e-020	1.49539e-015	4.47759e-011	5.62637e-007	0.00209332	0.99345	0.00445381	2.48237e-006	4.02307e-010	2.70077e-014	9.12114e-019	1.75101e-023	2.1045e-028	4.89587e-033	2.73563e-034	2.04827e-037	9.74918e-039	5.01221e-042	1.42489e-043	5.30193e-047	9.16653e-049	2.55699e-052	2.67217e-054	5.5873e-058	3.4355e-060	4.38137e-064	1.80289e-066	5.83698e-071	7.67383e-073	1.21389e-076	1.02269e-078	1.09811e-082	7.68724e-085	5.38109e-088	1.50205e-088	3.34036e-089	
N21	3.73526e-030	4.58587e-032	9.46068e-028	2.6118e-022	4.01121e-017	3.05917e-012	9.62526e-008	0.000881195	0.997119	0.00199875	4.74032e-007	3.18173e-011	8.6639e-016	1.16033e-020	8.59288e-026	3.98902e-031	4.12394e-036	1.19892e-038	1.06757e-042	2.73192e-044	2.15001e-043	1.03214e-041	1.5153e-043	4.04489e-044	4.99254e-046	9.20933e-047	9.7588e-049	1.18287e-049	9.36329e-052	6.85178e-053	3.86596e-056	3.55882e-058	1.25794e-061	8.24419e-064	1.93072e-067	1.10626e-069	1.21894e-072	1.01631e-073	7.07387e-075	
N22	3.90164e-033	6.33544e-034	4.16248e-029	1.99072e-023	5.29078e-018	6.94187e-013	3.70723e-008	0.000561149	0.998096	0.00134298	1.95836e-007	7.77464e-012	1.22823e-016	9.46395e-022	4.02543e-027	1.02988e-032	3.45041e-038	8.63191e-040	2.14303e-043	5.60837e-045	9.46773e-049	1.41639e-050	1.70061e-054	1.48605e-056	1.27924e-060	6.57737e-063	3.68852e-067	1.13773e-069	2.69365e-074	5.36896e-077	2.853e-083	3.13732e-087	1.12377e-093	4.42147e-098	1.01508e-104	2.40072e-109	1.42743e-115	1.68001e-118	1.69958e-121	
Crenetermes_albotarsalis	0	0	0	0	0	0	0	0	1	0	0	0	0	0	0	0	0	0	0	0	0	0	0	0	0	0	0	0	0	0	0	0	0	0	0	0	0	0	0	
Cubitermes_sp	0	0	0	0	0	0	0	0	1	0	0	0	0	0	0	0	0	0	0	0	0	0	0	0	0	0	0	0	0	0	0	0	0	0	0	0	0	0	0	
Thoracotermes_macrothorax	0	0	0	0	0	0	0	0	1	0	0	0	0	0	0	0	0	0	0	0	0	0	0	0	0	0	0	0	0	0	0	0	0	0	0	0	0	0	0	
N23	3.99358e-036	4.04125e-037	6.43604e-034	9.6731e-028	3.48901e-021	3.4585e-015	1.06957e-009	9.47312e-005	0.999674	0.000231095	5.9328e-009	4.19501e-014	1.04328e-019	8.5087e-026	2.59234e-032	1.73864e-037	9.90074e-041	8.88175e-042	3.42582e-044	3.08631e-045	4.17985e-042	7.47901e-038	7.7195e-038	1.15927e-036	1.19771e-036	1.44044e-035	1.47824e-035	1.33804e-034	1.20671e-034	7.26388e-034	7.18311e-035	7.76772e-035	5.21542e-036	4.91598e-036	2.46348e-037	2.34575e-037	6.00553e-038	6.89911e-037	7.0976e-036	
N24	6.36793e-039	1.01733e-040	7.93614e-035	3.74684e-028	8.91375e-022	9.91159e-016	4.46266e-010	5.97326e-005	0.999827	0.000113637	1.60646e-009	6.71925e-015	1.13649e-020	8.99501e-027	3.59723e-033	7.55467e-040	2.9409e-046	6.59932e-049	6.83608e-054	4.54786e-057	6.65561e-063	1.43679e-041	1.44405e-041	1.26591e-039	1.27364e-039	8.68642e-038	8.70609e-038	4.40604e-036	3.97553e-036	1.39346e-034	2.26097e-036	2.76824e-036	3.25189e-038	3.25788e-038	2.84809e-040	2.82175e-040	4.71734e-041	3.2913e-039	1.77929e-037	
Nasutitermes_graveolus	0	0	0	0	0	0	0	0	1	0	0	0	0	0	0	0	0	0	0	0	0	0	0	0	0	0	0	0	0	0	0	0	0	0	0	0	0	0	0	
Nasutitermes_triodiae	0	0	0	0	0	0	0	0	1	0	0	0	0	0	0	0	0	0	0	0	0	0	0	0	0	0	0	0	0	0	0	0	0	0	0	0	0	0	0	
N25	1.05626e-036	4.46006e-040	1.87877e-035	1.96438e-028	7.91019e-022	1.07182e-015	5.16202e-010	6.84903e-005	0.999754	0.000177177	3.10492e-009	1.4252e-014	2.44372e-020	1.65771e-026	5.22936e-033	1.1988e-037	1.81481e-041	2.10095e-045	1.87817e-049	3.07348e-053	1.67612e-057	4.06485e-059	1.34357e-063	1.95466e-065	3.69945e-070	1.77387e-072	1.53603e-077	2.9018e-080	5.9058e-086	4.50701e-089	3.10068e-097	1.59817e-102	1.29919e-111	2.03594e-039	4.54565e-042	5.69318e-042	8.63977e-045	2.2823e-041	6.59541e-039	
Nasutitermes_longipennis	0	0	0	0	0	0	0	0	1	0	0	0	0	0	0	0	0	0	0	0	0	0	0	0	0	0	0	0	0	0	0	0	0	0	0	0	0	0	0	
Tumulitermes_pastinator	0	0	0	0	0	0	0	0	1	0	0	0	0	0	0	0	0	0	0	0	0	0	0	0	0	0	0	0	0	0	0	0	0	0	0	0	0	0	0	
N26	1.886e-027	8.25071e-029	6.32281e-025	5.56084e-020	2.80634e-015	7.19006e-011	7.72593e-007	0.00245529	0.992456	0.00508457	3.25108e-006	6.06311e-010	4.69371e-014	1.83061e-018	4.06262e-023	5.87872e-028	2.1762e-032	2.42234e-034	8.18786e-038	6.60719e-040	1.47658e-043	6.88601e-046	1.06277e-049	2.88124e-052	3.1503e-056	4.87263e-059	6.22337e-063	7.1493e-064	1.11407e-062	3.0954e-060	4.18162e-060	4.83819e-059	1.02346e-059	1.07974e-059	4.13116e-063	4.0614e-065	9.42013e-068	1.46169e-068	1.8846e-069	
N27	9.0605e-030	7.86357e-031	1.71928e-026	2.8392e-021	2.67044e-016	1.26463e-011	2.48295e-007	0.00141692	0.995507	0.00307428	1.11855e-006	1.15272e-010	4.84408e-015	1.01348e-019	1.19638e-024	8.81143e-030	1.10484e-034	1.78861e-036	5.76151e-040	8.39212e-042	1.84055e-045	1.57865e-047	2.4733e-051	1.26617e-053	1.44997e-057	4.39789e-060	3.51561e-064	6.23844e-067	2.51729e-071	2.6962e-074	4.52662e-080	4.27854e-084	4.51934e-090	1.89125e-094	1.22428e-100	3.46148e-105	6.06713e-111	3.97202e-114	2.22527e-117	
Microcerotermes_boreus	0	0	0	0	0	0	0	0	1	0	0	0	0	0	0	0	0	0	0	0	0	0	0	0	0	0	0	0	0	0	0	0	0	0	0	0	0	0	0	
Pericapritermes_sp	0	0	0	0	0	0	0	0	1	0	0	0	0	0	0	0	0	0	0	0	0	0	0	0	0	0	0	0	0	0	0	0	0	0	0	0	0	0	0	
Microcerotermes_nervosus	0	0	0	0	0	0	0	0	1	0	0	0	0	0	0	0	0	0	0	0	0	0	0	0	0	0	0	0	0	0	0	0	0	0	0	0	0	0	0	
N28	6.61124e-024	3.97511e-025	5.59918e-022	1.86303e-017	3.44216e-013	3.06136e-009	1.0595e-005	0.0097245	0.970958	0.0192657	4.10297e-005	2.31638e-008	5.09095e-012	5.38644e-016	3.13764e-020	1.31421e-024	2.61612e-028	5.17253e-030	3.50584e-033	4.18819e-035	1.87334e-038	1.27793e-040	3.97743e-044	1.56909e-046	3.47434e-050	2.8596e-052	5.43436e-054	1.9515e-054	5.68374e-054	4.537e-052	2.57501e-052	1.2867e-051	1.24084e-052	5.2657e-053	5.15637e-056	9.15615e-058	3.01617e-060	6.89062e-061	1.4153e-061	
Macrotermes_bellicosus	0	0	0	0	0	0	0	0	1	0	0	0	0	0	0	0	0	0	0	0	0	0	0	0	0	0	0	0	0	0	0	0	0	0	0	0	0	0	0	
N29	3.05629e-025	1.40065e-025	5.47573e-022	1.72244e-017	3.0586e-013	2.66832e-009	9.3033e-006	0.00891623	0.97145	0.0195817	4.29605e-005	2.533e-008	5.88267e-012	6.64355e-016	4.16683e-020	1.61168e-024	9.82113e-029	8.03476e-030	1.36372e-032	1.05975e-033	1.24263e-036	5.74331e-038	4.83768e-041	1.36102e-042	8.05812e-046	1.40884e-047	4.99849e-051	5.66906e-053	7.32835e-057	5.80064e-059	6.13683e-064	4.56756e-066	1.64091e-069	4.51416e-071	1.43945e-074	2.59965e-076	1.18115e-079	3.74504e-080	1.76509e-080	
N30	4.06634e-034	2.919e-037	6.63876e-032	9.60679e-026	7.28107e-020	2.64433e-014	3.93243e-009	0.000174464	0.999478	0.000347442	1.53507e-008	1.99904e-013	1.05608e-018	2.65398e-024	3.47303e-030	2.66349e-036	3.41744e-042	3.47999e-046	1.53602e-051	5.04929e-056	3.13592e-062	2.85089e-037	2.95483e-037	3.39387e-036	3.5243e-036	3.23687e-035	3.26619e-035	2.2616e-034	1.83883e-034	8.78586e-034	1.15016e-034	1.4641e-034	1.35383e-035	1.30264e-035	8.98457e-037	8.42856e-037	1.74154e-037	1.45499e-036	1.2139e-035	
Microtermes_sp	0	0	0	0	0	0	0	0	1	0	0	0	0	0	0	0	0	0	0	0	0	0	0	0	0	0	0	0	0	0	0	0	0	0	0	0	0	0	0	
Protermes_sp	0	0	0	0	0	0	0	0	1	0	0	0	0	0	0	0	0	0	0	0	0	0	0	0	0	0	0	0	0	0	0	0	0	0	0	0	0	0	0	
Pseudacanthotermes_militaris	0	0	0	0	0	0	0	0	1	0	0	0	0	0	0	0	0	0	0	0	0	0	0	0	0	0	0	0	0	0	0	0	0	0	0	0	0	0	0	
Schedorhinotermes_lamanianus	0	0	0	0	0	0	1	0	0	0	0	0	0	0	0	0	0	0	0	0	0	0	0	0	0	0	0	0	0	0	0	0	0	0	0	0	0	0	0	
N31	4.88236e-019	5.59803e-019	2.64012e-016	1.1633e-012	2.8993e-009	3.36455e-006	0.0014159	0.133152	0.822207	0.0428698	0.000350327	8.86924e-007	9.54688e-010	5.24509e-013	1.65797e-016	1.61188e-019	1.43564e-021	5.02589e-022	3.59759e-024	7.10707e-025	3.53324e-027	4.06482e-028	1.44922e-030	9.81298e-032	2.28613e-034	9.32413e-036	8.67512e-039	2.36745e-040	4.29462e-044	6.55714e-046	3.94702e-050	8.89814e-053	3.5274e-057	4.39157e-060	1.15473e-064	1.10702e-067	1.71111e-071	3.79818e-073	6.94281e-075	
Coptotermes_acinaciformis	0	0	0	0	0	0	0	0	1	0	0	0	0	0	0	0	0	0	0	0	0	0	0	0	0	0	0	0	0	0	0	0	0	0	0	0	0	0	0	
N32	7.15693e-025	2.26068e-027	6.79638e-024	5.23197e-019	2.05617e-014	3.71582e-010	2.5777e-006	0.00474407	0.986305	0.00893966	9.09125e-006	2.48158e-009	2.64083e-013	1.32743e-017	3.52391e-022	9.03543e-027	7.64699e-031	2.71902e-032	7.72034e-034	1.54796e-034	3.76209e-036	5.38089e-037	1.12058e-038	1.13598e-039	2.01236e-041	1.40996e-042	1.93055e-044	8.91353e-046	6.67032e-048	2.01822e-049	5.9175e-052	7.7577e-054	1.44295e-056	1.41344e-058	1.82107e-061	1.63599e-063	5.61138e-066	2.54443e-067	1.11219e-068	
N33	6.13824e-029	3.39364e-030	8.10368e-026	1.40189e-020	1.28143e-015	5.39736e-011	8.34074e-007	0.00309006	0.989914	0.00699115	4.32809e-006	6.3768e-010	3.40959e-014	8.33252e-019	1.07193e-023	8.10821e-029	6.84747e-034	2.58873e-035	1.46877e-038	8.99259e-040	3.2055e-043	1.13665e-044	2.45084e-048	5.38137e-050	6.23072e-054	9.035e-056	4.41787e-060	4.47372e-062	5.63752e-067	4.04708e-069	3.74177e-075	3.75799e-078	2.35529e-084	6.81655e-088	3.0772e-094	3.85986e-098	1.35015e-104	8.32042e-108	2.8888e-110	
Reticulitermes_flavipes	0	0	0	0	0	0	0	0	1	0	0	0	0	0	0	0	0	0	0	0	0	0	0	0	0	0	0	0	0	0	0	0	0	0	0	0	0	0	0	
Reticulitermes_lucifugus	0	0	0	0	0	0	0	0	1	0	0	0	0	0	0	0	0	0	0	0	0	0	0	0	0	0	0	0	0	0	0	0	0	0	0	0	0	0	0	
Reticulitermes_urbis	0	0	0	0	0	0	0	0	1	0	0	0	0	0	0	0	0	0	0	0	0	0	0	0	0	0	0	0	0	0	0	0	0	0	0	0	0	0	0	
N34	7.24582e-020	1.40552e-017	4.29184e-014	5.20304e-010	2.06428e-006	0.000894509	0.0506548	0.509602	0.430827	0.00799618	2.35349e-005	1.93087e-008	5.76573e-012	9.21152e-016	4.06612e-019	4.12799e-022	1.53655e-024	2.67299e-025	1.60226e-027	1.08889e-028	3.14157e-030	5.69749e-030	2.11163e-031	4.83301e-032	4.5294e-034	4.09591e-035	1.53171e-037	1.34411e-038	5.04687e-041	7.20722e-042	1.42624e-044	7.38429e-046	1.11473e-048	4.18754e-050	5.07664e-053	1.35742e-054	1.91886e-057	2.15675e-058	4.42109e-059	
N35	9.22796e-021	5.42092e-017	1.07269e-012	8.8208e-009	1.99135e-005	0.00333343	0.0869755	0.545485	0.358561	0.00561217	1.24644e-005	6.97251e-009	1.48544e-012	1.6925e-015	7.7614e-018	1.99266e-020	4.20409e-023	1.60382e-022	1.35616e-023	6.84423e-023	6.50042e-023	1.44218e-020	1.14135e-020	3.36403e-019	6.88579e-020	9.27452e-019	6.01014e-020	4.973e-019	6.7865e-021	3.69712e-020	7.63492e-023	9.85781e-023	1.3605e-025	5.92957e-026	6.28822e-029	1.28767e-029	1.13687e-032	5.27015e-033	1.89128e-032	
N36	3.01323e-017	1.79114e-014	6.31956e-011	8.86187e-008	4.04026e-005	0.00442018	0.0934815	0.541346	0.351015	0.0096454	5.15349e-005	8.24176e-008	4.80572e-011	1.14355e-014	1.63931e-018	2.00865e-020	9.3775e-023	1.76907e-023	9.1123e-026	5.45056e-027	5.05682e-029	9.51441e-031	1.38554e-033	1.21593e-035	2.98383e-039	1.45004e-041	8.54749e-046	3.34977e-048	5.26098e-053	1.8372e-055	1.03846e-060	6.59443e-064	2.40519e-069	6.84372e-073	1.64694e-078	2.96109e-082	1.64536e-086	1.13693e-088	5.95929e-091	
N37	1.11615e-006	5.89595e-005	0.00151513	0.0187013	0.101981	0.187986	0.0470011	0.163608	0.30894	0.142973	0.0252012	0.00196308	6.81349e-005	8.91758e-007	1.52019e-009	1.14675e-011	1.18579e-013	1.19551e-014	6.96509e-017	3.45413e-018	1.25554e-020	3.40122e-022	8.48819e-025	1.30928e-026	2.28905e-029	2.00697e-031	2.08964e-034	1.01724e-036	2.35903e-040	4.926e-043	5.686e-047	4.4166e-050	2.93704e-054	1.74623e-057	7.45042e-062	4.03288e-065	1.76131e-068	7.35875e-071	2.43225e-073	
Bifiditermes_improbus	0	0	0	0	0	1	0	0	0	0	0	0	0	0	0	0	0	0	0	0	0	0	0	0	0	0	0	0	0	0	0	0	0	0	0	0	0	0	0	
Neotermes_insularis	0	0	0	0	0	0	0	0	0	0	0	0	0	1	0	0	0	0	0	0	0	0	0	0	0	0	0	0	0	0	0	0	0	0	0	0	0	0	0	
N38	5.91086e-021	6.2861e-018	1.54552e-014	8.41462e-011	2.62894e-007	0.000274311	0.0433167	0.693949	0.260136	0.00232258	1.31335e-006	1.66951e-010	7.53446e-015	1.41889e-019	1.35172e-024	7.35613e-028	3.72606e-030	3.15219e-030	1.51304e-031	8.61225e-032	2.84448e-033	1.12103e-033	1.9885e-035	5.76442e-036	4.50813e-038	9.62824e-039	4.79232e-041	7.95004e-042	3.37283e-044	4.76188e-045	8.77151e-048	4.46693e-049	5.90627e-052	1.62959e-053	1.60498e-056	3.18711e-058	7.22827e-061	1.57216e-061	3.58764e-062	
N39	5.40998e-014	9.76399e-013	8.42431e-009	2.96945e-006	0.00033456	0.0141766	0.207203	0.710283	0.0679311	6.85263e-005	1.70631e-008	1.70689e-012	8.56973e-017	2.45053e-021	4.37542e-026	2.81436e-030	4.86823e-034	9.0828e-037	1.15987e-040	1.13071e-041	2.76465e-041	1.40473e-041	2.40806e-043	2.52645e-044	3.67143e-046	2.66573e-047	2.76557e-049	1.33223e-050	4.81295e-053	1.37493e-054	2.43761e-057	2.76072e-059	3.15856e-062	2.86543e-064	2.2925e-067	2.02129e-069	1.03169e-071	6.84744e-073	3.8314e-074	
N40	8.35479e-019	1.07118e-017	1.07458e-013	5.29472e-010	7.60079e-007	0.000341656	0.0411602	0.828283	0.130112	0.000102377	1.72031e-008	1.05756e-012	3.19295e-015	2.83694e-016	2.97019e-019	1.11421e-020	5.11706e-024	9.34731e-026	4.0925e-030	4.20241e-032	6.73938e-037	3.98337e-039	3.1542e-044	1.05692e-046	4.78713e-052	8.55537e-055	2.43017e-060	2.02351e-063	6.92101e-069	1.08014e-070	1.94005e-074	4.69385e-076	4.85426e-079	5.21613e-080	6.3787e-084	2.12241e-085	1.14985e-085	6.48895e-086	2.6381e-086	
Cryptotermes_austrinus	0	0	0	0	0	0	0	1	0	0	0	0	0	0	0	0	0	0	0	0	0	0	0	0	0	0	0	0	0	0	0	0	0	0	0	0	0	0	0	
N41	6.8255e-027	3.75404e-029	1.21888e-024	2.53446e-019	2.52109e-014	9.91707e-010	1.11913e-005	0.0193171	0.980277	0.00039512	2.66922e-008	6.00269e-013	6.03734e-018	6.60705e-023	6.45641e-027	2.16444e-029	2.22289e-033	3.51642e-036	2.04774e-040	1.57887e-043	4.88149e-048	1.90718e-051	2.59973e-056	5.31011e-060	2.42661e-065	2.52414e-069	2.76082e-075	1.15002e-079	2.53422e-086	8.21297e-092	4.97896e-099	3.54099e-105	2.07625e-113	3.08568e-037	7.41233e-039	1.07981e-038	1.04646e-037	2.36674e-036	4.1069e-035	
Cryptotermes_queenslandis	0	0	0	0	0	0	0	0	1	0	0	0	0	0	0	0	0	0	0	0	0	0	0	0	0	0	0	0	0	0	0	0	0	0	0	0	0	0	0	
Incisitermes_sp	0	0	0	0	0	0	0	0	1	0	0	0	0	0	0	0	0	0	0	0	0	0	0	0	0	0	0	0	0	0	0	0	0	0	0	0	0	0	0	
Cryptotermes_primus	0	0	1	0	0	0	0	0	0	0	0	0	0	0	0	0	0	0	0	0	0	0	0	0	0	0	0	0	0	0	0	0	0	0	0	0	0	0	0	
N42	3.1884e-020	2.00388e-017	1.99308e-014	6.45442e-011	1.63743e-007	0.000215921	0.0408403	0.696657	0.259951	0.00233424	8.86626e-007	5.22735e-011	8.62715e-016	5.58438e-021	1.84417e-026	8.1377e-029	1.27466e-032	2.38034e-033	4.42898e-035	4.21989e-034	4.73676e-036	3.74384e-035	1.66132e-037	1.11691e-036	1.57208e-039	8.71695e-039	4.75913e-042	1.97745e-041	4.84852e-045	1.14638e-044	1.57996e-048	8.35488e-049	9.75302e-053	1.87238e-053	1.92187e-057	1.84275e-058	1.64357e-062	3.67125e-062	2.02962e-061	
Cryptotermes_brevis	0	0	0	0	0	1	0	0	0	0	0	0	0	0	0	0	0	0	0	0	0	0	0	0	0	0	0	0	0	0	0	0	0	0	0	0	0	0	0	
N43	1.65055e-017	1.69868e-015	2.88201e-013	2.19743e-010	1.83643e-007	9.78344e-005	0.0290329	0.688305	0.27861	0.00395173	2.94692e-006	3.29414e-010	7.56837e-015	5.72336e-020	1.29423e-024	1.81153e-025	8.21042e-029	4.45145e-030	1.16756e-033	2.18517e-033	5.52094e-035	2.50321e-034	2.21247e-036	7.995e-036	8.49525e-039	2.30822e-038	7.24716e-042	1.08011e-041	1.81509e-045	8.93391e-046	1.13039e-049	9.10379e-051	9.50138e-055	3.22803e-056	2.62321e-060	5.87361e-062	3.78345e-064	1.58131e-063	4.27228e-063	
N44	2.43706e-014	2.1007e-012	4.64428e-011	5.27883e-009	7.65432e-007	0.000109017	0.0272174	0.660597	0.303294	0.00876197	2.02811e-005	9.23718e-009	8.41557e-013	1.96616e-017	6.3851e-022	3.90845e-023	1.53364e-025	3.1345e-025	6.7684e-028	4.06367e-028	5.14927e-031	1.08506e-031	6.44705e-035	7.67085e-036	6.66388e-040	5.52884e-041	5.46505e-046	2.81232e-047	5.27293e-053	3.28886e-055	4.32538e-061	3.32411e-064	3.10165e-070	1.02143e-073	5.61621e-080	1.23341e-083	3.37796e-090	8.08828e-089	2.63217e-090	
Cryptotermes_cynocephalus	0	0	0	0	0	0	0	0	0	1	0	0	0	0	0	0	0	0	0	0	0	0	0	0	0	0	0	0	0	0	0	0	0	0	0	0	0	0	0	
N45	1.80953e-007	6.07636e-006	8.31244e-005	0.000152208	0.000136241	0.00244999	0.0676321	0.594367	0.310284	0.0243096	0.000574559	4.21396e-006	3.96303e-009	1.42687e-012	2.62734e-016	2.19558e-019	1.18427e-021	2.38398e-022	9.26444e-025	1.04395e-025	2.81352e-028	1.85396e-029	3.66866e-032	1.42277e-033	2.01482e-036	4.54483e-038	2.82438e-041	4.11113e-043	2.65584e-047	1.44536e-049	4.88064e-054	6.11151e-057	1.37898e-061	8.91048e-065	1.28705e-069	6.79117e-073	1.11021e-076	1.42846e-078	1.42052e-080	
Cryptotermes_domesticus	0	0	1	0	0	0	0	0	0	0	0	0	0	0	0	0	0	0	0	0	0	0	0	0	0	0	0	0	0	0	0	0	0	0	0	0	0	0	0	
Procryptotermes_australiensis	0	0	0	0	0	0	0	0	0	0	0	1	0	0	0	0	0	0	0	0	0	0	0	0	0	0	0	0	0	0	0	0	0	0	0	0	0	0	0	
N46	3.05459e-023	4.69737e-020	5.98851e-016	4.41922e-012	1.66502e-008	2.65742e-005	0.0129502	0.927164	0.0595054	0.000353382	5.37396e-007	3.16642e-010	9.02931e-014	1.43236e-017	1.41003e-021	5.68086e-025	5.64469e-028	5.96733e-030	4.67223e-033	2.93432e-035	1.64483e-038	6.26769e-041	2.60755e-044	6.04611e-047	1.81766e-050	2.50601e-053	4.32023e-057	3.58854e-060	2.10063e-064	9.42662e-068	2.46998e-072	4.15422e-076	6.46273e-081	7.45304e-085	7.32801e-090	7.3849e-094	3.70634e-098	2.58705e-101	1.48978e-104	
Cryptotermes_dudleyi	0	0	0	0	0	0	0	1	0	0	0	0	0	0	0	0	0	0	0	0	0	0	0	0	0	0	0	0	0	0	0	0	0	0	0	0	0	0	0	
Cryptotermes_secundus	0	0	0	0	0	0	0	1	0	0	0	0	0	0	0	0	0	0	0	0	0	0	0	0	0	0	0	0	0	0	0	0	0	0	0	0	0	0	0	
Kalotermes_flavicollis	0	0	0	0	0	0	0	0	0	0	0	0	0	0	0	0	0	0	0	0	0	1	0	0	0	0	0	0	0	0	0	0	0	0	0	0	0	0	0	
N47	2.3374e-015	6.29435e-016	1.19387e-013	1.86135e-010	1.57219e-007	5.92971e-005	0.00773417	0.229253	0.70557	0.0565472	0.000831667	4.05171e-006	8.72303e-009	1.0046e-011	9.70006e-015	5.15666e-016	4.70435e-018	3.8912e-019	2.29954e-021	1.0535e-022	4.2921e-025	1.12187e-026	3.08372e-029	4.66001e-031	6.93958e-034	6.49054e-036	4.18775e-039	2.4225e-041	6.02079e-045	1.58191e-047	2.21549e-051	2.49259e-054	2.12504e-058	1.78976e-061	1.00112e-065	7.87381e-069	7.09387e-072	4.68114e-074	2.40784e-076	
Glyptotermes_brevicornis	0	0	0	0	0	0	0	0	1	0	0	0	0	0	0	0	0	0	0	0	0	0	0	0	0	0	0	0	0	0	0	0	0	0	0	0	0	0	0	
Glyptotermes_iridipennis	0	0	0	0	0	0	0	0	1	0	0	0	0	0	0	0	0	0	0	0	0	0	0	0	0	0	0	0	0	0	0	0	0	0	0	0	0	0	0	
N48	0.0137566	0.102063	0.33046	0.385007	0.0855211	0.00715952	0.000527213	0.00316669	0.0159741	0.0280653	0.0205324	0.00674707	0.000969929	4.9858e-005	2.34888e-007	4.64653e-010	9.59909e-013	2.92658e-014	1.54801e-016	3.62399e-018	1.17271e-020	1.50523e-022	3.29171e-025	2.4596e-027	3.78601e-030	1.6813e-032	1.74573e-035	4.57229e-038	2.6873e-041	4.15927e-044	1.08608e-047	9.00562e-051	1.39677e-054	7.55201e-058	7.597e-062	3.09949e-065	3.58969e-069	3.64206e-072	4.4982e-075	
Stolotermes_sp	0	0	0	1	0	0	0	0	0	0	0	0	0	0	0	0	0	0	0	0	0	0	0	0	0	0	0	0	0	0	0	0	0	0	0	0	0	0	0	
N49	0.0968136	0.0535551	0.00864719	0.000530598	1.19321e-005	1.0822e-007	7.99721e-010	1.45158e-008	1.55517e-006	7.21502e-005	0.00145921	0.0123309	0.0399743	0.573795	0.123243	0.086753	0.00244855	0.0003603	3.02165e-006	1.58852e-007	3.84118e-010	9.54061e-012	8.77011e-015	1.15932e-016	4.95891e-020	3.64623e-022	8.3153e-026	3.39065e-028	4.54588e-032	9.95388e-035	8.4394e-039	9.93819e-042	5.55896e-046	4.18238e-049	1.5925e-053	1.05256e-056	1.54516e-059	9.25714e-062	4.09066e-064	
Zootermopsis_angusticollis	0	0	0	0	0	0	0	0	0	0	0	0	0	1	0	0	0	0	0	0	0	0	0	0	0	0	0	0	0	0	0	0	0	0	0	0	0	0	0	
Zootermopsis_nevadensis	0	0	0	0	0	0	0	0	0	0	0	0	0	1	0	0	0	0	0	0	0	0	0	0	0	0	0	0	0	0	0	0	0	0	0	0	0	0	0	
N50	2.52089e-009	3.52568e-008	1.68365e-006	6.26903e-005	0.00152049	0.0211945	0.142955	0.359686	0.262669	0.136118	0.0609711	0.0139974	0.00080982	1.49028e-005	2.17522e-007	1.28416e-008	1.53629e-009	1.44004e-009	1.77954e-010	1.20396e-010	1.26044e-011	6.0246e-012	5.26929e-013	1.75359e-013	1.16923e-014	2.66611e-015	1.08681e-016	1.70972e-017	3.56595e-019	3.51538e-020	4.69292e-022	3.13855e-023	3.93776e-025	4.63701e-026	1.14628e-027	1.533e-028	6.03145e-030	1.17159e-030	1.59685e-031	
Mastotermes_darwiniensis	0	0	0	0	0	0	0	0	0	0	0	0	0	0	0	0	0	0	0	0	0	0	0	0	0	0	0	0	0	0	0	0	0	0	0	0	1	0	0	
Porotermes_adamsoni	0	0	0	0	0	0	0	1	0	0	0	0	0	0	0	0	0	0	0	0	0	0	0	0	0	0	0	0	0	0	0	0	0	0	0	0	0	0	0	
