NODE	13	14	15	16	17	18	19	20	21	22	23	24	25	26	27	28	29	30	31	32	33	34	35	36	37	38	39	40	41	42	43	44	45	46	47	48	49	50	51	
N1	3.13644e-017	2.08113e-017	5.98507e-012	1.87542e-008	1.70621e-005	0.00325931	0.10496	0.449518	0.355913	0.0802127	0.00603101	8.90568e-005	1.7639e-007	6.92097e-011	1.78361e-017	1.15294e-019	4.99758e-022	1.5596e-024	3.7004e-027	6.95955e-030	1.07003e-032	1.37415e-035	1.49487e-038	1.38979e-041	1.11053e-044	4.9112e-042	6.55559e-043	6.45199e-043	7.3408e-043	4.39762e-043	1.40033e-043	2.44311e-044	2.47743e-045	1.76824e-046	1.02144e-047	5.43532e-049	2.78089e-050	1.38796e-051	7.10705e-053	
N2	4.62655e-014	1.48393e-012	1.56938e-009	7.26757e-007	0.000126431	0.00765648	0.132344	0.454048	0.33693	0.064879	0.00396596	4.87346e-005	1.32499e-007	1.14262e-010	3.80339e-014	5.82184e-018	5.12408e-022	7.12473e-024	1.88113e-026	1.3683e-027	2.11302e-030	7.84681e-032	6.67936e-035	1.38736e-036	5.00268e-040	6.48391e-042	7.11912e-046	5.98236e-048	2.33849e-052	1.16938e-054	2.58718e-059	8.11283e-062	1.11246e-066	2.07112e-069	1.7181e-074	1.2723e-077	7.22643e-083	1.97959e-086	8.32502e-090	
N3	9.56873e-019	2.6751e-017	1.33918e-013	4.58862e-010	6.28039e-007	0.000276938	0.0290767	0.468204	0.481339	0.0208959	0.000205793	4.30236e-007	2.69834e-010	6.91031e-014	9.02275e-018	9.43313e-021	1.04034e-023	1.40595e-025	8.99857e-029	6.86023e-030	2.08122e-031	7.42813e-032	3.72666e-034	2.7781e-035	3.04041e-038	8.57916e-040	3.10097e-043	3.51843e-045	7.1126e-049	4.73574e-051	8.32304e-055	5.23496e-057	5.78654e-061	2.21184e-063	1.35063e-067	2.13146e-070	8.6392e-075	1.04505e-077	3.55351e-080	
N4	2.11344e-021	4.29069e-021	3.84742e-017	4.24703e-013	2.24649e-009	4.62722e-006	0.00261516	0.208281	0.776079	0.0129844	3.55873e-005	2.86029e-008	9.11926e-012	1.39608e-015	1.18585e-019	8.03516e-023	9.08914e-026	1.59694e-027	1.19846e-030	1.12376e-032	5.42872e-036	2.8312e-038	8.22584e-042	2.49624e-044	3.46114e-048	6.47617e-051	3.07008e-055	3.37982e-058	5.34757e-063	2.09288e-066	2.11447e-071	4.64757e-075	3.16755e-080	3.83541e-084	1.74853e-089	1.26088e-093	1.20098e-098	8.25015e-102	5.47344e-105	
N5	8.42094e-024	8.92259e-025	9.76175e-021	2.53522e-016	3.56982e-012	2.34107e-008	5.58113e-005	0.029899	0.960534	0.0094978	1.30093e-005	5.32761e-009	9.12663e-013	7.90211e-017	3.91022e-021	3.38963e-025	1.91993e-028	2.89335e-030	1.58562e-033	1.34474e-035	5.04049e-039	2.45792e-041	6.49173e-045	1.8361e-047	3.16978e-051	5.2465e-054	4.10226e-058	4.19897e-061	7.54872e-066	3.55326e-069	2.90889e-074	3.70944e-078	1.88071e-083	1.37579e-087	4.40056e-093	2.41181e-097	2.28557e-102	1.53034e-105	4.0283e-108	
N6	4.30241e-033	1.41866e-032	8.8889e-030	1.63588e-025	3.17678e-019	1.83964e-013	2.28436e-008	0.000554572	0.998638	0.000807	5.31317e-008	7.95083e-013	3.17336e-018	3.9142e-024	4.57755e-030	2.41553e-033	7.71433e-036	7.86582e-036	2.3553e-037	2.03483e-037	5.07258e-039	3.075e-039	6.50889e-041	2.74189e-041	4.79347e-043	1.3812e-043	1.64434e-045	3.27553e-046	1.20919e-048	1.7326e-049	1.32543e-052	3.18142e-054	1.74507e-057	2.29498e-059	9.01476e-063	9.46606e-065	7.02146e-068	1.11374e-068	2.03561e-069	
N7	1.86765e-037	1.95076e-040	2.68712e-034	2.41773e-027	8.58251e-021	1.10505e-014	4.32301e-009	0.000311097	0.999065	0.000623854	1.94143e-008	1.10898e-013	1.92796e-019	1.25913e-025	3.4274e-032	1.41494e-038	5.39164e-042	1.16191e-043	2.20121e-045	2.25982e-045	2.13288e-047	2.28176e-046	1.41272e-048	1.02819e-047	3.64299e-050	1.85729e-049	2.72914e-052	1.06516e-051	2.87957e-055	9.2198e-055	1.23723e-059	2.5125e-060	2.75295e-065	1.41463e-066	1.2395e-071	2.87551e-073	1.92387e-078	2.63917e-080	1.35233e-078	
N8	9.44462e-028	2.03608e-028	5.37877e-024	3.23863e-019	1.12768e-014	2.00976e-010	1.51435e-006	0.00340727	0.991125	0.00546271	3.88217e-006	8.21876e-010	7.34091e-014	3.34993e-018	8.81454e-023	1.47579e-027	3.36016e-032	4.96879e-034	2.47025e-037	4.01233e-039	1.37001e-042	1.34203e-044	3.31897e-048	1.99391e-050	3.71082e-054	1.35638e-056	1.94898e-060	4.16574e-063	4.40885e-067	5.17242e-070	1.07222e-074	4.67039e-077	9.55244e-081	7.55527e-083	1.0837e-084	1.07142e-084	1.78131e-085	3.75014e-084	6.94443e-083	
N9	8.14935e-032	2.8562e-033	3.52977e-028	1.18553e-022	2.19501e-017	1.99743e-012	7.40029e-008	0.000783707	0.997671	0.00154488	2.74405e-007	1.35182e-011	2.66022e-016	2.54252e-021	1.32956e-026	4.15293e-032	1.34832e-037	2.84036e-040	2.20692e-044	1.36969e-046	2.85595e-046	8.28533e-045	8.0101e-047	2.06383e-047	1.65763e-049	2.93508e-050	1.96969e-052	8.63785e-053	4.27873e-053	5.87522e-052	2.9703e-053	7.66696e-053	2.82551e-053	3.62606e-052	1.19357e-053	1.18583e-053	8.91712e-055	1.8531e-053	4.13715e-052	
N10	1.44105e-032	9.76928e-034	1.74081e-028	6.06173e-023	1.20032e-017	1.20431e-012	5.0769e-008	0.000634662	0.998337	0.00102836	1.32549e-007	5.04277e-012	8.02991e-017	6.45791e-022	2.94493e-027	8.30202e-033	2.72111e-038	9.02607e-041	8.6018e-045	3.30678e-047	1.94037e-051	3.9525e-054	1.44433e-058	1.51102e-061	3.50459e-066	1.80285e-068	6.03748e-071	4.19039e-072	9.54676e-075	3.10553e-076	2.18309e-080	9.4206e-078	3.98453e-077	5.73416e-037	1.34659e-038	1.31612e-038	1.52095e-039	4.17941e-038	1.0313e-036	
N11	2.65239e-044	1.97082e-042	1.2783e-040	7.02921e-039	3.19482e-037	1.15508e-035	4.45291e-013	1.86797e-006	0.999995	3.00155e-006	1.14401e-012	3.73622e-036	7.04023e-038	1.0528e-039	1.29906e-041	1.36786e-043	2.2815e-045	7.91281e-044	7.97989e-044	5.14287e-042	5.194e-042	2.83605e-040	2.86906e-040	1.29404e-038	1.3108e-038	4.70239e-037	4.70361e-037	1.26783e-035	1.0689e-035	2.03507e-034	7.1452e-036	9.011e-036	2.29757e-037	2.30006e-037	4.40896e-039	4.32961e-039	4.61839e-040	1.58942e-038	4.79921e-037	
Amitermes_darwini	0	0	0	0	0	0	0	0	1	0	0	0	0	0	0	0	0	0	0	0	0	0	0	0	0	0	0	0	0	0	0	0	0	0	0	0	0	0	0	
Pericapritermes_sp	0	0	0	0	0	0	0	0	1	0	0	0	0	0	0	0	0	0	0	0	0	0	0	0	0	0	0	0	0	0	0	0	0	0	0	0	0	0	0	
Amitermes_germanus	0	0	0	0	0	0	0	0	1	0	0	0	0	0	0	0	0	0	0	0	0	0	0	0	0	0	0	0	0	0	0	0	0	0	0	0	0	0	0	
N12	3.08877e-032	1.31668e-032	1.6944e-027	4.2095e-022	5.82302e-017	4.01167e-012	1.14575e-007	0.000958838	0.99736	0.00168072	3.42296e-007	2.00601e-011	4.82536e-016	5.75357e-021	3.81211e-026	1.51652e-031	5.90441e-037	1.03858e-038	3.0771e-042	8.10033e-044	1.63373e-047	2.45096e-049	3.53342e-053	3.09412e-055	3.28158e-059	1.67759e-061	1.28035e-065	3.77371e-068	1.56485e-072	2.73028e-075	2.70263e-081	2.0432e-085	1.26403e-091	4.5857e-096	1.70467e-102	4.4006e-107	5.49644e-113	6.13091e-116	5.47082e-119	
Amitermes_parvus	0	0	0	0	0	0	0	0	1	0	0	0	0	0	0	0	0	0	0	0	0	0	0	0	0	0	0	0	0	0	0	0	0	0	0	0	0	0	0	
Drepanotermes_septentrionalis	0	0	0	0	0	0	0	0	1	0	0	0	0	0	0	0	0	0	0	0	0	0	0	0	0	0	0	0	0	0	0	0	0	0	0	0	0	0	0	
N13	1.08666e-034	2.6996e-037	1.90085e-031	2.29896e-025	1.45968e-019	4.45203e-014	5.57306e-009	0.000208362	0.999465	0.000326823	1.36913e-008	1.71076e-013	8.76293e-019	2.15385e-024	2.77658e-030	2.01774e-036	1.55974e-042	1.4679e-046	6.93284e-052	2.96973e-056	1.97691e-062	9.73704e-038	1.00851e-037	1.41243e-036	1.4701e-036	1.64779e-035	1.70058e-035	1.43401e-034	1.28642e-034	7.23702e-034	8.84116e-035	9.55247e-035	7.88247e-036	7.42014e-036	4.57487e-037	4.32646e-037	7.92817e-038	7.63489e-037	7.41499e-036	
Tuberculitermes_bycanistes	0	0	0	0	0	0	0	0	1	0	0	0	0	0	0	0	0	0	0	0	0	0	0	0	0	0	0	0	0	0	0	0	0	0	0	0	0	0	0	
Unguitermes_sp	0	0	0	0	0	0	0	0	1	0	0	0	0	0	0	0	0	0	0	0	0	0	0	0	0	0	0	0	0	0	0	0	0	0	0	0	0	0	0	
N14	1.42795e-035	4.21154e-038	3.87755e-032	1.29448e-025	1.72011e-019	8.44917e-014	1.32445e-008	0.000438916	0.998639	0.000922126	5.67099e-008	7.23594e-013	2.96448e-018	4.62236e-024	2.98989e-030	2.54557e-036	1.54051e-039	7.32204e-041	3.07512e-042	8.60814e-042	3.012e-043	2.97823e-042	8.916e-044	5.27238e-043	1.37282e-044	5.00491e-044	1.08551e-045	2.54251e-045	2.63318e-047	4.59901e-047	6.40554e-051	2.9295e-052	6.02681e-055	2.66663e-054	1.628e-056	1.71526e-056	5.26246e-058	9.65405e-056	1.31001e-053	
N15	3.82516e-031	7.21894e-033	6.1413e-030	5.13338e-024	3.78684e-018	8.83857e-013	5.24898e-008	0.000710303	0.998062	0.00122783	1.45133e-007	4.1563e-012	3.49871e-017	1.00504e-022	3.36087e-028	4.0786e-031	5.72605e-034	6.32893e-037	5.63977e-040	4.25381e-043	2.59525e-046	9.13583e-048	3.5649e-051	1.92932e-051	5.09115e-055	1.15724e-055	1.84546e-059	1.71183e-060	9.71714e-065	5.13198e-066	2.13973e-072	1.52425e-074	2.07408e-079	3.23822e-081	2.65882e-086	2.60789e-088	1.14273e-093	8.51102e-096	1.12917e-091	
N16	8.00245e-032	3.33826e-031	5.26404e-026	2.41459e-020	4.69874e-015	3.41544e-010	6.7242e-006	0.0109269	0.987332	0.00173388	2.68974e-007	1.0138e-011	1.4083e-016	8.79648e-022	2.70193e-027	4.43149e-033	2.40919e-038	4.77062e-039	7.08568e-041	2.86368e-041	3.52464e-043	1.01921e-043	1.06505e-045	2.18875e-046	1.97749e-048	2.81649e-049	2.21993e-051	2.07883e-052	1.32836e-054	7.22777e-056	3.37709e-059	1.96378e-061	5.44035e-065	2.58751e-067	4.76355e-071	2.03702e-073	1.47726e-076	9.0822e-078	4.84727e-079	
N17	2.74368e-031	5.86224e-031	1.2683e-025	3.79581e-020	4.63716e-015	2.41073e-010	3.92984e-006	0.00891267	0.988969	0.00211346	4.55431e-007	2.56443e-011	5.45779e-016	4.85597e-021	1.911e-026	2.07211e-031	2.05744e-034	3.15206e-036	2.3487e-039	6.88579e-040	3.40515e-043	4.45614e-044	1.42396e-047	8.78999e-049	1.42691e-052	5.60579e-054	1.88222e-058	5.50728e-060	2.98163e-065	6.11652e-067	4.35199e-073	3.16578e-076	1.71833e-082	3.99418e-086	1.53591e-092	2.00066e-096	4.71688e-103	2.39865e-104	4.00939e-106	
Crenetermes_albotarsalis	0	0	0	0	0	0	0	0	1	0	0	0	0	0	0	0	0	0	0	0	0	0	0	0	0	0	0	0	0	0	0	0	0	0	0	0	0	0	0	
Cubitermes_sp	0	0	0	0	0	0	0	0	1	0	0	0	0	0	0	0	0	0	0	0	0	0	0	0	0	0	0	0	0	0	0	0	0	0	0	0	0	0	0	
N18	3.58972e-028	5.61444e-026	5.39258e-021	5.43126e-016	2.84125e-011	6.3356e-007	0.00398805	0.162027	0.833336	0.000648199	9.45717e-008	4.87629e-012	1.17008e-016	1.52779e-021	1.2011e-026	6.16274e-032	3.80689e-037	2.01551e-039	3.68112e-043	2.58182e-045	3.29197e-049	1.40543e-051	1.30414e-055	3.41131e-058	2.37082e-062	3.73783e-065	1.96683e-069	1.78568e-072	6.32649e-077	3.07009e-080	4.71854e-086	1.60207e-090	1.37855e-096	2.93099e-101	1.47242e-107	2.41717e-112	4.27587e-118	1.35272e-121	3.43968e-125	
Procubitermes_sp	0	0	0	0	0	0	1	0	0	0	0	0	0	0	0	0	0	0	0	0	0	0	0	0	0	0	0	0	0	0	0	0	0	0	0	0	0	0	0	
Thoracotermes_macrothorax	0	0	0	0	0	0	0	0	1	0	0	0	0	0	0	0	0	0	0	0	0	0	0	0	0	0	0	0	0	0	0	0	0	0	0	0	0	0	0	
N19	4.26927e-032	1.85402e-034	4.09621e-029	1.97533e-023	5.08628e-018	6.36358e-013	3.28461e-008	0.000505303	0.998661	0.000833363	8.87897e-008	2.80454e-012	3.64865e-017	2.30896e-022	7.82532e-028	1.55654e-033	3.68563e-039	9.37851e-043	1.41762e-047	6.55937e-050	6.67466e-044	1.69728e-037	1.7848e-037	2.25065e-036	2.35467e-036	2.37954e-035	2.49355e-035	1.89628e-034	1.80162e-034	8.84448e-034	1.23107e-034	1.20702e-034	1.0881e-035	1.00324e-035	6.75687e-037	6.3699e-037	1.42405e-037	1.25069e-036	1.07402e-035	
N20	6.97595e-037	8.49906e-038	6.39303e-032	8.94353e-026	6.86668e-020	2.59875e-014	4.04277e-009	0.00018234	0.999499	0.000319019	1.20184e-008	1.28963e-013	5.63236e-019	1.20674e-024	1.41658e-030	9.79599e-037	6.53472e-043	3.11446e-045	1.86261e-049	1.20799e-051	4.44105e-056	1.4593e-058	3.33147e-063	5.42807e-066	7.47764e-071	5.6743e-074	4.16452e-079	1.32395e-082	3.21852e-088	3.68683e-092	8.74462e-100	1.27369e-105	3.18544e-114	5.25541e-038	5.18496e-040	5.27716e-040	2.28045e-041	1.69807e-039	1.1395e-037	
Nasutitermes_graveolus	0	0	0	0	0	0	0	0	1	0	0	0	0	0	0	0	0	0	0	0	0	0	0	0	0	0	0	0	0	0	0	0	0	0	0	0	0	0	0	
Nasutitermes_triodiae	0	0	0	0	0	0	0	0	1	0	0	0	0	0	0	0	0	0	0	0	0	0	0	0	0	0	0	0	0	0	0	0	0	0	0	0	0	0	0	
N21	3.22956e-037	2.08189e-038	1.90251e-032	3.21554e-026	2.98325e-020	1.36824e-014	2.59771e-009	0.000144863	0.999612	0.000243375	7.21901e-009	6.22056e-014	2.20591e-019	3.85795e-025	3.70292e-031	2.09306e-037	1.2027e-043	3.33059e-046	1.31379e-050	4.47963e-053	1.08615e-057	1.87123e-060	2.81945e-065	2.40669e-068	2.20377e-073	8.74183e-077	4.43657e-082	7.24732e-086	1.39187e-091	7.76461e-096	1.62992e-103	1.23103e-109	2.58387e-118	8.45271e-038	1.04158e-039	1.03793e-039	6.90931e-041	3.98909e-039	1.99581e-037	
Nasutitermes_longipennis	0	0	0	0	0	0	0	0	1	0	0	0	0	0	0	0	0	0	0	0	0	0	0	0	0	0	0	0	0	0	0	0	0	0	0	0	0	0	0	
Tumulitermes_pastinator	0	0	0	0	0	0	0	0	1	0	0	0	0	0	0	0	0	0	0	0	0	0	0	0	0	0	0	0	0	0	0	0	0	0	0	0	0	0	0	
N22	1.99726e-028	4.69206e-030	2.44424e-025	2.49852e-020	1.45741e-015	4.32428e-011	5.42028e-007	0.0020355	0.994842	0.00312077	1.27405e-006	1.55824e-010	8.05084e-015	2.11576e-019	3.17227e-024	3.04653e-029	3.89821e-034	5.51011e-037	5.92908e-041	8.04958e-044	5.35303e-048	3.86136e-051	1.60449e-055	5.96147e-059	1.52095e-063	2.70086e-067	3.97841e-072	2.91391e-076	1.98122e-081	4.24917e-086	1.71412e-092	2.13214e-098	7.1466e-106	1.40156e-035	1.00296e-036	9.42879e-037	2.18788e-037	1.80526e-036	1.46412e-035	
Microcerotermes_boreus	0	0	0	0	0	0	0	0	1	0	0	0	0	0	0	0	0	0	0	0	0	0	0	0	0	0	0	0	0	0	0	0	0	0	0	0	0	0	0	
Microcerotermes_nervosus	0	0	0	0	0	0	0	0	1	0	0	0	0	0	0	0	0	0	0	0	0	0	0	0	0	0	0	0	0	0	0	0	0	0	0	0	0	0	0	
N23	7.92205e-030	1.64768e-031	1.0933e-026	1.97154e-021	1.97873e-016	9.89919e-012	2.06068e-007	0.001269	0.99647	0.00226044	6.32193e-007	5.11817e-011	1.7043e-015	2.81257e-020	2.57541e-025	1.44682e-030	1.05611e-035	1.65894e-038	1.30271e-042	1.93557e-043	6.31633e-042	6.89058e-040	1.34379e-041	4.0016e-042	6.75894e-044	1.41659e-044	2.12282e-046	2.97851e-047	3.67684e-049	3.02624e-050	3.57826e-053	3.9685e-055	2.79276e-058	2.6754e-060	1.28844e-063	1.1532e-065	2.05798e-068	2.15972e-069	2.05419e-070	
N24	1.09139e-036	1.23284e-037	2.03402e-032	5.81436e-026	7.471e-020	3.97687e-014	7.41511e-009	0.00031312	0.99881	0.000877162	5.00647e-008	6.01199e-013	2.43397e-018	4.14276e-024	3.27118e-030	1.42947e-036	2.64409e-041	2.74486e-041	6.19615e-043	1.72568e-042	3.19417e-044	6.10819e-044	9.29678e-046	1.22966e-045	1.45551e-047	1.35e-047	1.02812e-049	6.946e-050	2.01236e-052	1.05993e-052	1.20453e-056	4.83986e-058	4.30515e-062	6.05818e-064	4.09536e-068	3.44904e-070	2.89504e-074	8.15311e-075	3.82902e-075	
N25	8.62764e-033	4.43905e-035	7.09826e-031	1.3191e-024	9.21227e-019	2.16247e-013	1.84474e-008	0.000421689	0.998569	0.00100951	8.85791e-008	1.94762e-012	1.5913e-017	5.08992e-023	6.93315e-029	5.04852e-033	3.71597e-036	2.16402e-039	1.01249e-042	7.10193e-046	2.24863e-049	3.05168e-050	6.72851e-054	7.71243e-055	1.17139e-058	5.52296e-060	4.82307e-064	1.29843e-065	3.4735e-070	6.54297e-072	1.50712e-078	6.23255e-082	1.04306e-088	1.05253e-092	1.14826e-099	5.87778e-104	3.34814e-111	1.26969e-112	1.18734e-114	
Ephelotermes_melachoma	0	0	0	0	0	0	0	0	1	0	0	0	0	0	0	0	0	0	0	0	0	0	0	0	0	0	0	0	0	0	0	0	0	0	0	0	0	0	0	
Ephelotermes_taylori	0	0	0	0	0	0	0	0	1	0	0	0	0	0	0	0	0	0	0	0	0	0	0	0	0	0	0	0	0	0	0	0	0	0	0	0	0	0	0	
Macrognathotermes_sunteri	0	0	0	0	0	0	0	0	1	0	0	0	0	0	0	0	0	0	0	0	0	0	0	0	0	0	0	0	0	0	0	0	0	0	0	0	0	0	0	
Lophotermes_septentrionalis	0	0	0	0	0	0	0	0	1	0	0	0	0	0	0	0	0	0	0	0	0	0	0	0	0	0	0	0	0	0	0	0	0	0	0	0	0	0	0	
N26	9.12527e-027	2.47671e-028	4.95293e-024	3.65595e-019	1.4729e-014	2.85295e-010	2.16439e-006	0.00440543	0.988626	0.00696105	5.32559e-006	1.09687e-009	8.90173e-014	3.49866e-018	7.55785e-023	1.06226e-027	3.37769e-032	1.20538e-034	2.03032e-038	1.18272e-039	6.44453e-039	1.29743e-037	3.4699e-039	1.02013e-039	2.24302e-041	4.5394e-042	8.11732e-044	1.08475e-044	1.03874e-046	9.71122e-048	4.991e-050	3.97621e-050	3.16325e-051	3.04285e-051	1.8289e-052	1.7351e-052	2.92695e-053	2.95082e-052	3.05508e-051	
N27	2.97575e-030	1.4037e-030	8.63722e-026	1.38008e-020	1.18714e-015	4.79762e-011	7.30691e-007	0.00278775	0.99171	0.00549902	2.7431e-006	3.34228e-010	1.50755e-014	3.15533e-019	3.52214e-024	2.3062e-029	1.41529e-034	3.4433e-036	1.52831e-039	5.85918e-041	1.68428e-044	3.60537e-046	6.72285e-050	8.30699e-052	9.23133e-056	6.99199e-058	1.97288e-061	7.26414e-061	2.50567e-060	1.84016e-057	2.57253e-058	7.81842e-057	2.21087e-058	2.72961e-058	4.28299e-062	7.69747e-064	1.18112e-067	3.52808e-068	2.93427e-068	
N28	2.6197e-028	1.14948e-028	3.76858e-024	2.50973e-019	9.53985e-015	1.83008e-010	1.45954e-006	0.00339971	0.990573	0.00602182	4.40667e-006	9.21222e-010	7.89614e-014	3.38455e-018	8.21924e-023	1.23907e-027	1.96121e-032	3.84132e-034	2.38628e-037	6.99744e-039	3.0144e-042	5.31275e-044	1.6764e-047	1.81035e-049	4.33399e-053	2.85548e-055	5.08846e-059	2.00898e-061	1.95195e-065	4.78426e-068	2.18745e-073	4.46464e-077	1.33978e-082	1.34394e-086	2.57595e-092	1.99112e-096	9.00015e-102	1.68303e-104	3.04931e-107	
Macrotermes_bellicosus	0	0	0	0	0	0	0	0	1	0	0	0	0	0	0	0	0	0	0	0	0	0	0	0	0	0	0	0	0	0	0	0	0	0	0	0	0	0	0	
Odontotermes_sp	0	0	0	0	0	0	0	0	1	0	0	0	0	0	0	0	0	0	0	0	0	0	0	0	0	0	0	0	0	0	0	0	0	0	0	0	0	0	0	
Pseudacanthotermes_militaris	0	0	0	0	0	0	0	0	1	0	0	0	0	0	0	0	0	0	0	0	0	0	0	0	0	0	0	0	0	0	0	0	0	0	0	0	0	0	0	
N29	6.20106e-033	2.83428e-035	1.02311e-029	6.3607e-024	2.07667e-018	3.25763e-013	2.09822e-008	0.000403894	0.998959	0.000636561	5.19937e-008	1.26651e-012	1.26439e-017	6.05521e-023	1.52071e-028	2.15339e-034	3.21348e-040	5.53596e-044	4.96917e-049	3.9396e-053	5.01342e-059	1.1785e-037	1.2217e-037	1.66281e-036	1.73191e-036	1.88569e-035	1.94167e-035	1.59007e-034	1.40206e-034	7.71325e-034	9.67026e-035	1.06771e-034	9.1084e-036	8.58594e-036	5.46739e-037	5.16167e-037	9.24739e-038	8.58937e-037	8.17576e-036	
Microtermes_sp	0	0	0	0	0	0	0	0	1	0	0	0	0	0	0	0	0	0	0	0	0	0	0	0	0	0	0	0	0	0	0	0	0	0	0	0	0	0	0	
Protermes_sp	0	0	0	0	0	0	0	0	1	0	0	0	0	0	0	0	0	0	0	0	0	0	0	0	0	0	0	0	0	0	0	0	0	0	0	0	0	0	0	
N30	2.0282e-021	1.46506e-020	7.03421e-017	8.15632e-013	4.51092e-009	9.57117e-006	0.00519285	0.227976	0.755593	0.0112053	2.33782e-005	1.43396e-008	3.60447e-012	4.49048e-016	3.1367e-020	1.65863e-024	4.21487e-028	8.79162e-030	6.5295e-033	8.21407e-035	4.09948e-038	2.95102e-040	1.03604e-043	4.31422e-046	1.04752e-049	2.00786e-050	5.16865e-052	6.08459e-052	1.03688e-051	3.72573e-050	1.14475e-050	3.36725e-050	1.91732e-051	5.08668e-052	8.10452e-055	1.94171e-056	5.57328e-059	1.53776e-059	4.56111e-060	
N31	3.22407e-021	6.33921e-021	3.18335e-017	3.25606e-013	1.70261e-009	3.73201e-006	0.00240672	0.174386	0.805637	0.0175128	5.33159e-005	4.77353e-008	1.75866e-011	3.22947e-015	3.35346e-019	4.6702e-022	2.23302e-024	5.48864e-025	1.70891e-027	2.33494e-028	4.60189e-031	3.71807e-032	4.23091e-035	2.15307e-036	1.06778e-039	3.66434e-041	3.49643e-045	7.78635e-047	2.25391e-051	2.27207e-053	3.28721e-058	5.6737e-061	5.91446e-066	4.71524e-069	3.54826e-074	1.81629e-077	3.89913e-082	6.85081e-084	1.14399e-085	
Coptotermes_acinaciformis	0	0	0	0	0	0	0	0	1	0	0	0	0	0	0	0	0	0	0	0	0	0	0	0	0	0	0	0	0	0	0	0	0	0	0	0	0	0	0	
N32	2.01625e-027	1.61052e-029	7.57662e-025	7.89762e-020	4.42371e-015	1.17794e-010	1.21865e-006	0.00335182	0.993984	0.00266211	9.82535e-007	1.08954e-010	5.04667e-015	1.16672e-019	1.50432e-024	1.90687e-029	9.06941e-034	8.47133e-037	5.11991e-041	4.02187e-043	4.12084e-042	8.80901e-041	9.83632e-043	6.88263e-044	6.26892e-046	2.90873e-047	1.84212e-049	5.5408e-051	1.49199e-053	2.77616e-055	3.04595e-058	1.93931e-060	1.31544e-063	6.16915e-066	2.7936e-069	1.15531e-071	1.33717e-074	3.56e-076	9.0004e-078	
Reticulitermes_flavipes	0	0	0	0	0	0	0	0	1	0	0	0	0	0	0	0	0	0	0	0	0	0	0	0	0	0	0	0	0	0	0	0	0	0	0	0	0	0	0	
N33	4.67251e-034	6.33003e-035	2.11869e-029	1.31696e-023	4.41172e-018	7.02464e-013	4.30219e-008	0.000676842	0.99847	0.00085323	7.71675e-008	1.87201e-012	1.78325e-017	8.16937e-023	2.03262e-028	2.99497e-034	6.68108e-040	5.91361e-042	5.65273e-046	4.1909e-048	2.44285e-052	9.1817e-055	3.20501e-059	6.01494e-062	1.12178e-066	1.01995e-069	7.46485e-075	3.13976e-078	4.2687e-084	7.27463e-088	2.97508e-095	1.29781e-100	5.95427e-109	1.8808e-037	2.28738e-039	2.71976e-039	5.18732e-041	2.20413e-039	1.42539e-037	
Reticulitermes_lucifugus	0	0	0	0	0	0	0	0	1	0	0	0	0	0	0	0	0	0	0	0	0	0	0	0	0	0	0	0	0	0	0	0	0	0	0	0	0	0	0	
Reticulitermes_urbis	0	0	0	0	0	0	0	0	1	0	0	0	0	0	0	0	0	0	0	0	0	0	0	0	0	0	0	0	0	0	0	0	0	0	0	0	0	0	0	
Schedorhinotermes_lamanianus	0	0	0	0	0	0	1	0	0	0	0	0	0	0	0	0	0	0	0	0	0	0	0	0	0	0	0	0	0	0	0	0	0	0	0	0	0	0	0	
N34	5.79783e-020	2.92955e-018	6.63867e-014	7.03768e-010	2.40164e-006	0.000581267	0.0354292	0.662937	0.299065	0.00198331	1.77964e-006	4.43001e-010	6.518e-014	1.88196e-016	8.34059e-019	2.4446e-021	2.22853e-023	4.40545e-022	3.16496e-021	2.56585e-019	9.8588e-019	2.58608e-017	1.81724e-017	7.26122e-017	1.69377e-017	2.84954e-017	2.59909e-018	2.44444e-018	9.02912e-020	5.01483e-020	6.14952e-022	1.16816e-022	9.0366e-025	9.05378e-026	4.77143e-028	3.11142e-029	1.67055e-031	4.99337e-032	2.65927e-032	
N35	2.70205e-022	1.7999e-019	8.40682e-015	1.7711e-010	9.25581e-007	0.000319619	0.0214833	0.66318	0.312838	0.00217612	1.72272e-006	3.06977e-010	2.00254e-014	6.46403e-018	6.55521e-021	7.60382e-024	2.35156e-026	6.45999e-028	3.52923e-030	4.05011e-032	5.66232e-035	2.19831e-037	3.0121e-041	1.701e-044	5.49801e-049	9.73441e-053	9.5222e-058	7.49475e-062	2.37906e-067	1.65779e-071	1.23455e-077	1.54891e-081	4.47173e-088	6.3489e-092	1.28959e-098	1.01461e-102	1.33011e-106	5.13024e-109	1.21461e-111	
N36	5.63528e-014	6.79385e-013	3.57887e-010	1.65167e-007	2.82289e-005	0.00140964	0.0169615	0.342401	0.597603	0.0410013	0.000592582	2.6624e-006	4.28247e-009	2.48139e-012	4.9514e-016	6.19901e-018	2.09247e-020	1.51804e-021	2.55398e-024	8.44582e-026	8.44114e-029	1.40811e-030	8.7534e-034	7.79308e-036	2.53706e-039	1.3106e-041	1.41664e-045	4.51625e-048	7.31503e-053	3.96435e-056	3.93286e-061	7.65926e-065	4.45811e-070	6.38436e-074	2.32702e-079	2.8369e-083	4.32986e-087	1.09331e-089	1.98109e-092	
N37	1.45776e-009	1.98014e-007	1.24026e-005	0.000369525	0.004797	0.0206909	0.0180803	0.265166	0.552476	0.128157	0.00992595	0.00032098	4.47135e-006	2.29008e-008	1.4442e-011	7.55465e-015	3.6543e-017	8.85335e-018	4.2434e-020	5.07141e-021	1.50942e-023	9.76458e-025	1.96749e-027	7.20328e-029	9.67487e-032	2.05516e-033	1.39763e-036	1.81337e-038	1.54795e-042	8.77497e-045	3.27958e-049	3.44656e-052	8.32771e-057	4.95327e-060	7.82923e-065	3.59676e-068	2.32181e-072	2.162e-074	1.73415e-076	
Bifiditermes_improbus	0	0	0	0	0	1	0	0	0	0	0	0	0	0	0	0	0	0	0	0	0	0	0	0	0	0	0	0	0	0	0	0	0	0	0	0	0	0	0	
Neotermes_insularis	0	0	0	0	0	0	0	0	0	0	0	0	0	1	0	0	0	0	0	0	0	0	0	0	0	0	0	0	0	0	0	0	0	0	0	0	0	0	0	
N38	1.50311e-019	9.00524e-021	2.76608e-017	1.54651e-013	4.23331e-010	4.92331e-007	0.000233207	0.0456333	0.933816	0.0202476	6.9242e-005	7.37643e-008	3.33752e-011	7.85169e-015	1.36659e-018	5.42212e-021	6.39994e-024	4.77755e-026	3.45378e-029	1.39771e-031	5.92887e-035	1.38908e-037	3.0497e-041	4.46411e-044	5.03243e-048	5.14434e-051	5.56874e-055	4.35917e-058	1.86057e-062	7.33891e-066	1.77024e-070	3.50951e-074	5.497e-079	6.77841e-083	7.11397e-088	6.57946e-092	1.41655e-096	8.07865e-100	4.64317e-103	
Glyptotermes_brevicornis	0	0	0	0	0	0	0	0	1	0	0	0	0	0	0	0	0	0	0	0	0	0	0	0	0	0	0	0	0	0	0	0	0	0	0	0	0	0	0	
Glyptotermes_iridipennis	0	0	0	0	0	0	0	0	1	0	0	0	0	0	0	0	0	0	0	0	0	0	0	0	0	0	0	0	0	0	0	0	0	0	0	0	0	0	0	
N39	2.17763e-025	1.67137e-021	6.8161e-017	1.33811e-012	1.027e-008	2.24965e-005	0.0103883	0.756686	0.232075	0.000827566	4.19014e-007	6.10848e-011	3.59845e-015	1.04329e-019	1.72686e-024	9.1434e-028	4.40729e-031	5.11303e-033	1.55869e-036	9.2427e-039	1.77168e-042	5.49491e-045	4.24379e-049	8.1462e-052	2.36566e-056	3.0868e-059	1.10803e-063	6.90928e-065	8.78344e-067	8.1494e-066	5.82578e-067	6.07318e-066	1.51094e-066	3.77718e-066	1.27234e-067	1.28243e-067	1.25713e-068	3.01609e-067	7.0765e-066	
N40	3.26395e-021	5.02815e-020	2.99131e-015	3.48185e-011	1.12243e-007	0.000106354	0.0245277	0.778547	0.196631	0.000188247	2.19869e-008	6.79064e-013	7.90082e-018	4.23582e-023	1.1912e-028	7.88526e-034	1.36693e-036	5.4473e-037	6.47709e-039	1.75254e-039	1.65721e-041	2.97995e-042	2.27077e-044	2.67738e-045	1.55063e-047	3.72459e-047	6.74498e-047	1.08237e-043	3.83685e-042	4.26967e-039	3.55752e-038	2.96687e-036	3.34531e-036	8.1673e-036	3.09808e-037	3.02102e-037	8.38877e-038	1.68211e-036	2.85479e-035	
N41	5.69444e-022	5.07456e-020	4.74064e-016	4.40611e-012	1.91547e-008	3.14204e-005	0.0135999	0.743663	0.241536	0.00116862	1.08299e-006	3.4685e-010	5.05902e-014	3.96072e-018	2.73676e-022	2.13363e-023	6.52287e-026	7.74823e-027	1.48872e-029	9.72938e-031	1.11496e-033	4.36431e-035	2.56216e-038	6.56612e-040	1.59433e-043	2.84336e-045	2.12664e-049	2.53686e-051	4.04241e-056	1.12089e-058	1.13592e-063	5.081e-067	3.1432e-072	9.91758e-076	3.91803e-081	1.04633e-084	2.27046e-088	2.75464e-090	2.41555e-092	
Cryptotermes_austrinus	0	0	0	0	0	0	0	1	0	0	0	0	0	0	0	0	0	0	0	0	0	0	0	0	0	0	0	0	0	0	0	0	0	0	0	0	0	0	0	
Cryptotermes_queenslandis	0	0	0	0	0	0	0	0	1	0	0	0	0	0	0	0	0	0	0	0	0	0	0	0	0	0	0	0	0	0	0	0	0	0	0	0	0	0	0	
N42	2.78877e-019	1.41803e-017	2.93587e-013	9.64253e-010	9.08133e-007	0.000308459	0.0341461	0.773184	0.192168	0.000192528	3.0431e-008	1.56969e-012	3.58829e-017	4.08837e-022	2.46555e-027	3.01915e-031	7.54332e-034	5.57574e-036	9.64233e-039	6.90621e-039	8.14647e-042	4.05283e-042	3.08811e-045	8.68532e-046	3.38063e-049	6.51017e-050	7.37357e-054	1.09246e-054	3.7308e-060	2.71307e-061	3.4056e-067	1.29074e-069	1.30198e-075	1.37037e-078	1.07029e-084	5.59535e-088	3.07011e-094	6.35096e-095	6.29849e-096	
Cryptotermes_primus	0	0	1	0	0	0	0	0	0	0	0	0	0	0	0	0	0	0	0	0	0	0	0	0	0	0	0	0	0	0	0	0	0	0	0	0	0	0	0	
Incisitermes_sp	0	0	0	0	0	0	0	0	1	0	0	0	0	0	0	0	0	0	0	0	0	0	0	0	0	0	0	0	0	0	0	0	0	0	0	0	0	0	0	
N43	9.03315e-022	4.43201e-019	6.69721e-016	2.29532e-012	3.58672e-009	1.68943e-005	0.0123181	0.789707	0.196692	0.00126573	3.98926e-007	2.4818e-011	4.87921e-016	3.94571e-021	1.54722e-026	1.97809e-031	1.53496e-035	4.03802e-038	4.43969e-041	2.19222e-039	1.87906e-038	6.12438e-037	6.07507e-037	1.22688e-035	9.81627e-036	1.59488e-034	7.77764e-035	1.03186e-033	9.06759e-035	6.37071e-034	3.09256e-035	4.21165e-035	1.53927e-036	1.5663e-036	4.35682e-038	4.27247e-038	9.66329e-039	2.54492e-037	5.62805e-036	
N44	4.67871e-020	5.34112e-018	7.22927e-016	4.19556e-012	3.03892e-008	8.45627e-005	0.0201314	0.773657	0.203629	0.0024958	1.96191e-006	4.27438e-010	3.81175e-014	1.64408e-018	3.75835e-023	5.68085e-026	1.92774e-028	6.66379e-029	8.95614e-032	2.42132e-032	2.68457e-035	6.00274e-036	7.22428e-039	1.00409e-039	7.57122e-043	6.75774e-044	1.60225e-047	1.03577e-048	8.20176e-054	1.23345e-055	6.02887e-061	9.27468e-064	3.34754e-069	2.14663e-072	5.33792e-078	2.31492e-081	7.51088e-086	4.73131e-087	1.98109e-088	
Cryptotermes_brevis	0	0	0	0	0	1	0	0	0	0	0	0	0	0	0	0	0	0	0	0	0	0	0	0	0	0	0	0	0	0	0	0	0	0	0	0	0	0	0	
Cryptotermes_cynocephalus	0	0	0	0	0	0	0	0	0	1	0	0	0	0	0	0	0	0	0	0	0	0	0	0	0	0	0	0	0	0	0	0	0	0	0	0	0	0	0	
N45	3.51431e-017	3.82524e-014	3.01679e-011	3.34509e-009	1.41381e-007	4.11384e-005	0.0153316	0.807385	0.175751	0.00148971	2.01233e-006	6.06909e-010	2.89037e-014	4.77281e-019	3.6091e-024	6.05814e-029	1.98669e-032	5.9006e-034	8.16849e-037	1.2064e-036	2.69201e-038	3.1547e-038	5.80365e-040	4.4782e-040	4.87563e-042	2.72643e-042	1.03788e-044	4.55775e-045	2.36667e-048	5.07909e-049	1.28633e-052	4.40695e-054	8.66714e-058	1.04593e-059	1.42082e-063	1.37519e-065	8.29629e-069	4.28439e-069	1.88655e-069	
N46	3.04375e-010	2.78061e-008	9.34757e-007	2.80516e-006	6.27966e-006	0.000556769	0.0373147	0.768821	0.188382	0.0048773	3.79578e-005	9.03259e-008	1.8877e-011	1.46093e-015	5.61659e-020	7.99181e-024	2.25271e-026	7.51872e-027	1.56405e-029	2.80923e-030	4.02211e-033	4.11075e-034	4.22859e-037	2.52072e-038	1.73195e-041	6.20994e-043	1.77084e-046	4.23824e-048	4.30748e-053	2.22798e-055	1.40593e-060	9.34609e-064	3.99873e-069	1.40814e-072	3.93655e-078	1.06827e-081	6.8978e-086	1.37503e-087	1.98178e-089	
Cryptotermes_domesticus	0	0	1	0	0	0	0	0	0	0	0	0	0	0	0	0	0	0	0	0	0	0	0	0	0	0	0	0	0	0	0	0	0	0	0	0	0	0	0	
Procryptotermes_australiensis	0	0	0	0	0	0	0	0	0	0	0	1	0	0	0	0	0	0	0	0	0	0	0	0	0	0	0	0	0	0	0	0	0	0	0	0	0	0	0	
N47	4.14503e-024	1.58574e-020	1.36615e-016	9.17343e-013	4.78339e-009	1.19975e-005	0.0091149	0.941345	0.0493532	0.000174408	1.48427e-007	4.76835e-011	7.30276e-015	6.16311e-019	3.29386e-023	2.21221e-026	1.67114e-029	1.25141e-031	4.38377e-035	2.64814e-037	8.55418e-041	4.63286e-043	1.48545e-046	5.29182e-049	1.24255e-052	2.69661e-055	3.38659e-059	4.5721e-062	1.24635e-066	8.02027e-070	1.00144e-074	1.77041e-078	1.39548e-083	1.48275e-087	7.51047e-093	6.40397e-097	1.07675e-101	1.09303e-104	9.79372e-108	
Cryptotermes_dudleyi	0	0	0	0	0	0	0	1	0	0	0	0	0	0	0	0	0	0	0	0	0	0	0	0	0	0	0	0	0	0	0	0	0	0	0	0	0	0	0	
Cryptotermes_secundus	0	0	0	0	0	0	0	1	0	0	0	0	0	0	0	0	0	0	0	0	0	0	0	0	0	0	0	0	0	0	0	0	0	0	0	0	0	0	0	
Kalotermes_flavicollis	0	0	0	0	0	0	0	0	0	0	0	0	0	0	0	0	0	0	0	0	0	1	0	0	0	0	0	0	0	0	0	0	0	0	0	0	0	0	0	
N48	0.000922628	0.0153343	0.115448	0.316278	0.177549	0.0371322	0.00832896	0.0458042	0.14334	0.106169	0.0297943	0.0036918	0.00020425	4.31212e-006	1.41265e-008	2.07229e-011	3.44496e-014	2.23812e-015	1.63222e-017	9.05256e-019	4.19497e-021	1.30223e-022	4.20629e-025	7.6404e-027	1.78626e-029	1.90962e-031	3.00432e-034	1.85053e-036	1.33125e-039	4.83571e-042	1.26258e-045	1.85778e-048	2.9076e-052	2.56454e-055	2.57997e-059	1.73267e-062	2.0689e-066	5.2483e-069	1.78061e-071	
Stolotermes_sp	0	0	0	1	0	0	0	0	0	0	0	0	0	0	0	0	0	0	0	0	0	0	0	0	0	0	0	0	0	0	0	0	0	0	0	0	0	0	0	
N49	0.0114469	0.000890786	2.4122e-005	2.77267e-007	1.4319e-009	3.42612e-012	1.92031e-014	7.01554e-012	3.77061e-009	9.04536e-007	9.76903e-005	0.00449566	0.0752509	0.870231	0.0342447	0.0032945	2.20351e-005	4.50705e-007	1.00408e-009	7.24693e-012	6.4597e-015	2.12832e-017	8.35964e-021	1.43888e-023	2.71611e-027	2.58355e-030	2.519e-034	1.32399e-037	7.08921e-042	1.99578e-045	6.21241e-050	9.87541e-054	1.82753e-058	2.00873e-062	2.34825e-067	2.45265e-071	4.15902e-075	2.21433e-078	8.673e-082	
Zootermopsis_angusticollis	0	0	0	0	0	0	0	0	0	0	0	0	0	1	0	0	0	0	0	0	0	0	0	0	0	0	0	0	0	0	0	0	0	0	0	0	0	0	0	
Zootermopsis_nevadensis	0	0	0	0	0	0	0	0	0	0	0	0	0	1	0	0	0	0	0	0	0	0	0	0	0	0	0	0	0	0	0	0	0	0	0	0	0	0	0	
N50	1.14503e-010	4.40985e-009	3.34122e-007	1.87747e-005	0.000671887	0.0134207	0.123036	0.377533	0.266064	0.148232	0.0601557	0.0105412	0.000324956	2.55473e-006	1.89823e-008	4.40759e-010	3.25692e-011	2.57877e-011	2.19925e-012	1.25223e-012	9.05896e-014	3.60932e-014	2.18906e-015	5.98957e-016	2.73179e-017	5.05529e-018	1.30781e-019	1.66506e-020	2.27072e-022	1.80317e-023	1.5528e-025	7.80705e-027	7.0513e-029	7.90271e-030	1.55389e-031	1.64906e-032	3.33461e-034	3.85316e-035	3.08887e-036	
Mastotermes_darwiniensis	0	0	0	0	0	0	0	0	0	0	0	0	0	0	0	0	0	0	0	0	0	0	0	0	0	0	0	0	0	0	0	0	0	0	0	0	1	0	0	
Porotermes_adamsoni	0	0	0	0	0	0	0	1	0	0	0	0	0	0	0	0	0	0	0	0	0	0	0	0	0	0	0	0	0	0	0	0	0	0	0	0	0	0	0	
