NODE	2	3	4	5	6	7	8	9	10	11	12	13	14	
N1	3.24524e-010	0.0253452	8.31352e-008	4.51438e-009	0.974633	2.17822e-005	7.08417e-011	7.15057e-018	1.32705e-019	1.83598e-020	1.20334e-018	9.4448e-021	2.39883e-023	
N2	3.73745e-010	0.00127227	1.29037e-008	2.89911e-007	0.998724	3.09092e-006	1.9475e-011	7.55326e-015	1.85784e-015	1.81635e-014	4.46725e-009	1.98623e-014	5.05925e-017	
N3	5.94898e-010	0.000647083	1.40044e-008	7.41227e-007	0.999346	6.44169e-006	2.56821e-011	1.0631e-013	3.89963e-013	3.38395e-012	4.92338e-009	5.56875e-014	2.18383e-015	
N4	3.85039e-012	1.69268e-005	3.35872e-009	2.57163e-006	0.999977	3.33661e-006	1.73287e-011	6.41907e-014	2.97979e-012	1.73275e-011	5.46243e-009	5.41134e-014	1.17393e-016	
N5	6.21238e-016	1.72404e-007	1.71833e-012	1.15051e-008	1	7.32737e-008	4.8514e-015	1.17755e-016	4.86959e-016	7.21032e-012	5.53499e-009	1.03316e-015	5.12862e-019	
N6	2.60633e-017	3.59939e-009	7.763e-013	2.11477e-008	0.22602	2.26489e-008	1.8095e-015	3.3155e-016	8.50884e-009	0.00148457	0.772495	9.5148e-008	2.02234e-010	
N7	3.31296e-019	5.56863e-011	1.00421e-013	2.93802e-009	0.0361983	3.15445e-009	3.65849e-016	1.38938e-016	5.20019e-010	0.00238582	0.961416	2.65275e-007	6.67837e-010	
N8	6.21761e-021	1.96279e-012	4.32762e-015	6.43034e-010	0.000526921	6.93059e-011	3.39841e-017	2.69313e-016	1.67339e-008	0.176418	0.823055	4.56369e-007	3.95353e-010	
N9	5.18745e-023	3.10129e-014	4.26801e-017	2.36423e-011	7.83887e-005	1.68552e-012	1.10328e-019	1.07428e-016	2.10368e-009	0.177255	0.822667	5.69046e-008	9.4547e-011	
Atrachelacris_sp	0	0	0	0	0	0	0	0	0	1	0	0	0	
N10	1.42453e-024	1.08006e-015	6.27825e-018	1.49761e-013	1.59824e-005	4.14203e-013	2.15105e-018	1.53379e-015	3.95743e-009	0.171582	0.828402	1.41128e-007	1.27928e-009	
N11	1.99416e-024	3.7068e-016	2.25863e-017	6.44895e-012	8.6237e-006	6.5411e-013	4.05424e-019	2.03461e-015	9.72568e-009	0.178377	0.821614	2.13591e-007	1.82195e-009	
N12	1.48931e-032	3.3772e-017	2.31063e-020	5.05671e-014	2.93579e-008	1.30908e-015	7.12733e-020	1.09845e-014	3.63606e-009	0.175921	0.824078	2.28007e-007	7.84309e-011	
Leiotettix_pulcher	0	0	0	0	0	0	0	0	0	1	0	0	0	
Scotussa_lemniscata	0	0	0	0	0	0	0	0	0	0	1	0	0	
Tropidostethus_sp	0	0	0	0	0	0	0	0	0	1	0	0	0	
Scotussa_impudica	0	0	0	0	0	0	0	0	0	0	1	0	0	
Scotussa_daguerrei	0	0	0	0	0	0	0	0	0	1	0	0	0	
N13	6.28729e-020	7.60483e-012	1.99714e-013	1.0146e-008	0.00927593	2.03417e-009	6.59089e-016	5.62947e-015	4.14024e-010	0.00244921	0.988274	6.13695e-007	3.95371e-009	
Dichromatos_lilloanus	0	0	0	0	0	0	0	0	0	1	0	0	0	
N14	9.41589e-020	7.4031e-012	2.02469e-013	1.57066e-010	0.00284691	1.21597e-009	2.25044e-015	6.28423e-014	1.6408e-011	2.05104e-005	0.99713	2.24571e-006	3.49853e-008	
N15	4.02286e-020	3.71328e-012	1.54821e-014	1.00016e-011	0.000150643	8.31262e-011	2.49219e-016	8.93785e-016	1.27361e-013	2.94827e-007	0.999845	3.95065e-006	1.16346e-008	
Leiotettix_viridis	0	0	0	0	0	0	0	0	0	0	1	0	0	
Paulinia_acuminata	0	0	0	0	0	0	0	0	0	0	1	0	0	
N16	2.49217e-019	9.97545e-012	2.34343e-013	8.56328e-011	0.000702567	7.13939e-010	2.32078e-015	8.63918e-015	1.47674e-012	6.60675e-007	0.999291	5.76875e-006	6.89122e-008	
Ommexecha_sp	0	0	0	0	0	0	0	0	0	0	1	0	0	
Pseudoscopas_nigrigena	0	0	0	0	0	0	0	0	0	0	1	0	0	
N17	2.35686e-016	4.14211e-009	1.49698e-010	4.64875e-005	0.121852	1.9223e-007	4.73487e-013	3.96406e-012	1.50503e-005	0.0772486	0.800834	2.83555e-006	2.32926e-008	
N18	5.14468e-015	2.27032e-009	6.09724e-009	0.000360693	0.107474	8.56108e-008	5.08646e-012	3.17705e-008	0.000655345	0.0805511	0.810957	2.14654e-006	1.51346e-008	
Chlorus_bolivianus	0	0	0	0	0	0	0	0	1	0	0	0	0	
Marellia_remipes	0	0	0	0	0	0	0	0	0	0	1	0	0	
Ronderosia_sp	0	0	0	0	0	0	0	0	0	1	0	0	0	
N19	1.46626e-016	2.09836e-008	9.35808e-012	1.46083e-007	1	4.36482e-008	1.42542e-015	2.60539e-016	5.97752e-015	7.3007e-012	5.53618e-009	4.35965e-016	1.43819e-018	
N20	2.49393e-014	1.72436e-008	2.97971e-008	0.000137498	0.999862	1.34722e-007	5.62469e-015	1.96559e-013	6.43354e-011	1.81812e-010	5.29714e-009	8.7073e-016	2.04223e-018	
N21	4.85625e-014	1.34038e-008	3.29783e-008	0.000760233	0.986204	6.99002e-007	9.68219e-012	1.3468e-010	7.47672e-006	8.47054e-006	0.0130187	9.37517e-009	3.49671e-010	
Dichroplus_conspersus	0	0	0	0	0	0	0	0	0	0	1	0	0	
Dichroplus_pratensis	0	0	0	0	0	0	0	0	1	0	0	0	0	
N22	2.30237e-009	4.62551e-006	0.000642655	0.00351001	0.995841	1.90685e-006	1.51044e-011	6.19663e-012	6.86599e-012	1.42541e-010	4.73516e-009	8.75932e-015	4.10947e-017	
Dichroplus_democraticus	0	0	0	0	0	0	0	0	0	0	1	0	0	
Dichroplus_silveiraguidoi	0	0	1	0	0	0	0	0	0	0	0	0	0	
N23	3.47092e-017	1.47577e-009	1.39692e-011	1.15377e-008	0.305844	9.88807e-008	3.90749e-014	2.8629e-015	1.25926e-012	3.24999e-008	0.694156	3.8847e-007	2.205e-009	
N24	1.683e-017	4.66493e-010	9.60112e-012	9.09281e-009	0.197942	8.09099e-008	3.87573e-014	3.0958e-015	2.20714e-012	1.23068e-007	0.802057	1.1631e-006	2.06204e-008	
N25	2.6039e-018	2.53021e-010	5.96103e-013	4.48599e-010	0.00614716	3.32034e-009	1.02423e-014	2.87622e-015	1.76723e-011	1.53444e-005	0.993834	3.88972e-006	7.7879e-009	
Dichroplus_elongatus	0	0	0	0	0	0	0	0	0	0	1	0	0	
N26	9.05494e-030	1.58446e-014	8.35061e-018	3.79297e-011	4.68882e-005	7.92683e-013	3.7444e-021	1.31264e-017	1.33403e-011	0.00187065	0.998082	6.7085e-008	1.66099e-011	
Dichroplus_paraelongatus	0	0	0	0	0	0	0	0	0	0	1	0	0	
Dichroplus_patruelis	0	0	0	0	0	0	0	0	0	1	0	0	0	
N27	5.31574e-017	1.5208e-009	1.87466e-011	4.85123e-009	0.0282717	4.02288e-008	2.46478e-013	6.09817e-014	7.85315e-012	6.07167e-007	0.971719	8.47961e-006	7.50631e-008	
N28	2.83434e-024	1.53693e-014	1.39804e-018	4.79902e-014	3.84134e-005	4.01925e-013	1.76677e-020	7.39944e-021	1.01332e-017	4.93692e-009	0.999962	7.1175e-008	4.30927e-012	
Dichroplus_exilis	0	0	0	0	0	0	0	0	0	0	1	0	0	
Dichroplus_fuscus	0	0	0	0	0	0	0	0	0	0	1	0	0	
Dichroplus_schulzi	0	0	0	0	0	0	0	0	0	0	1	0	0	
Ommatolampis_sp	0	0	0	0	0	0	0	0	0	0	1	0	0	
N29	2.52273e-012	3.2444e-006	5.25491e-009	0.000228174	0.657737	3.06913e-006	2.23861e-011	2.51652e-011	3.66299e-005	0.0110465	0.330943	1.63634e-006	5.35106e-008	
N30	9.30654e-013	1.24e-007	1.0214e-007	0.00349333	0.490719	7.12045e-007	1.2646e-010	5.1294e-008	0.000621462	0.0161411	0.489021	2.61708e-006	9.91059e-009	
Dichroplus_maculipennis	0	0	0	0	0	0	0	0	0	0	1	0	0	
Dichroplus_vittatus	0	0	0	0	0	0	0	0	1	0	0	0	0	
Leiotettix_flavipes	0	0	0	0	0	0	0	0	0	1	0	0	0	
N31	6.44422e-010	0.000126682	7.81071e-008	1.56249e-006	0.572203	1.19187e-005	1.15052e-009	2.4652e-010	1.71638e-008	2.06732e-006	0.427627	2.47813e-005	2.79522e-006	
N32	1.7177e-018	2.1396e-010	7.60326e-015	1.67401e-011	0.000864342	1.41509e-010	2.43628e-016	4.86064e-017	8.24506e-015	4.5477e-008	0.999134	1.51848e-006	1.96844e-010	
N33	3.79258e-021	5.45697e-012	1.01656e-017	2.43684e-013	0.00019274	2.70848e-012	9.89593e-020	1.38198e-020	2.26933e-017	5.14925e-009	0.999807	1.28754e-007	5.64681e-011	
Dichromorpha_sp	0	0	0	0	0	0	0	0	0	0	1	0	0	
Hyalopteryx_rufipennis	0	0	0	0	0	0	0	0	0	0	1	0	0	
Leptysma_sp	0	0	0	0	0	0	0	0	0	0	1	0	0	
N34	1.40447e-012	1.36735e-006	1.84579e-009	8.13619e-008	0.0788165	6.8709e-007	5.45452e-011	1.44557e-011	6.40657e-010	2.77208e-006	0.921115	6.21697e-005	9.83397e-007	
N35	3.29463e-022	4.6394e-013	4.065e-018	1.01616e-013	5.95285e-005	8.72704e-013	7.58449e-020	2.52474e-020	2.44958e-017	6.57504e-009	0.99994	1.2459e-007	5.28889e-012	
Schistocerca_cancellata	0	0	0	0	0	0	0	0	0	0	1	0	0	
Schistocerca_pallens	0	0	0	0	0	0	0	0	0	0	1	0	0	
Schistocerca_flavofasciata	0	0	0	0	0	0	0	0	0	0	1	0	0	
N36	4.89963e-010	0.00052456	8.91487e-009	4.80938e-007	0.836333	3.8653e-006	2.45746e-011	9.57923e-013	2.00005e-010	1.09889e-007	0.163137	1.07247e-006	6.42481e-008	
N37	1.60041e-010	0.000168037	9.52304e-009	3.44302e-007	0.644513	3.27091e-006	2.99254e-011	2.75997e-012	5.07577e-010	7.49934e-007	0.355308	6.32401e-006	3.21776e-007	
N38	2.75953e-010	9.48894e-005	1.7288e-008	8.2901e-007	0.546889	5.92237e-006	1.50298e-010	2.64496e-011	1.03901e-008	1.89376e-005	0.452965	2.15321e-005	4.00231e-006	
Prionolopha_serrata	0	0	0	0	0	0	0	0	0	0	1	0	0	
N39	1.28164e-014	4.89913e-008	5.37275e-011	3.86545e-007	0.0125787	3.71442e-008	1.52086e-012	1.26099e-011	1.8556e-007	0.0103217	0.977077	2.16761e-005	7.27334e-008	
Xyleus_insignis	0	0	0	0	0	0	0	0	0	0	1	0	0	
Xyleus_laevipes	0	0	0	0	0	0	0	0	0	1	0	0	0	
Xyleus_modestus	0	0	0	0	0	0	0	0	0	0	1	0	0	
N40	3.08453e-017	1.58196e-009	8.54682e-014	7.70532e-011	0.00161932	6.43248e-010	4.30499e-015	9.72989e-016	7.80221e-014	1.02882e-007	0.998377	4.02576e-006	9.45767e-010	
N41	4.12121e-021	5.19434e-012	1.03474e-017	2.1092e-013	0.000131174	2.14182e-012	9.40965e-020	1.86212e-020	2.94293e-017	6.48314e-009	0.999869	1.30249e-007	4.61214e-011	
Zoniopoda_hempeli	0	0	0	0	0	0	0	0	0	0	1	0	0	
Zoniopoda_omnicolor	0	0	0	0	0	0	0	0	0	0	1	0	0	
Zoniopoda_tarsata	0	0	0	0	0	0	0	0	0	0	1	0	0	
N42	5.39523e-007	0.0111898	2.88411e-006	1.28351e-005	0.772786	7.3161e-005	6.17283e-008	1.18635e-008	6.17159e-007	7.36365e-006	0.215831	6.32195e-005	3.25736e-005	
Diponthus_sp	0	0	0	0	0	0	0	0	0	0	1	0	0	
N43	8.00572e-012	8.01865e-006	9.41767e-010	3.18375e-008	0.0294549	2.7499e-007	5.68066e-011	1.26842e-011	3.00367e-010	2.5863e-006	0.970425	0.000108612	5.94504e-007	
Trimerotropis_ochraceipennis	0	0	0	0	0	0	0	0	0	0	1	0	0	
Trimerotropis_pallidipennis	0	0	0	0	0	0	0	0	0	0	1	0	0	
