NODE	13	14	15	16	17	18	19	20	21	22	23	24	25	26	27	28	29	30	31	32	33	34	35	36	37	38	39	40	41	42	43	44	45	46	47	48	49	50	51	
N1	4.82352e-017	1.72146e-011	1.2732e-008	4.25303e-006	0.000495239	0.0162912	0.128719	0.287769	0.354432	0.18335	0.028021	0.000912706	5.08418e-006	7.44232e-009	4.37714e-012	8.27781e-018	1.11271e-019	1.19984e-021	1.06094e-023	7.80554e-026	4.83493e-028	2.54874e-030	1.15496e-032	4.54091e-035	1.56218e-037	4.87323e-040	1.33111e-041	8.83749e-042	4.82032e-042	1.80348e-042	4.40714e-043	7.05985e-044	8.29976e-045	8.65583e-046	8.04586e-047	6.43789e-048	4.47184e-049	2.86137e-050	1.84532e-051	
N2	3.71803e-012	9.54108e-010	1.87075e-007	2.07412e-005	0.00108536	0.0218541	0.136316	0.276049	0.340551	0.18847	0.0340366	0.00160016	1.72943e-005	6.54565e-008	1.42883e-010	2.35294e-013	1.54176e-015	2.07274e-015	7.78917e-017	8.0086e-017	1.94515e-018	1.38763e-018	1.82534e-020	9.6279e-021	5.70444e-023	2.27767e-023	6.16061e-026	1.77051e-026	2.85142e-029	5.82346e-030	6.25511e-033	9.4482e-034	1.09077e-036	1.49195e-037	1.76005e-040	9.878e-042	5.95128e-045	1.41591e-046	1.39642e-047	
N3	3.92916e-011	3.7022e-009	7.82418e-007	7.24597e-005	0.0027304	0.038495	0.179588	0.299374	0.348631	0.120125	0.0107403	0.000241068	1.54766e-006	3.51327e-009	3.31372e-012	1.51607e-015	4.55758e-019	1.79061e-021	9.77613e-024	8.93135e-026	2.96617e-028	1.36912e-030	2.36473e-033	6.13548e-036	4.72225e-039	7.46357e-042	2.48543e-045	2.43512e-048	4.32862e-052	2.74851e-055	2.94908e-059	1.31978e-062	1.08625e-066	3.95403e-070	2.15547e-074	4.04225e-078	1.48113e-082	2.55087e-086	9.33887e-090	
N4	2.79639e-014	2.37763e-012	2.68672e-009	1.37313e-006	0.000239121	0.0117598	0.131695	0.379465	0.413674	0.0614306	0.00172428	1.0466e-005	1.79664e-008	1.17697e-011	3.82327e-015	1.94684e-017	1.61578e-020	4.09718e-022	1.47302e-025	2.19926e-027	3.62852e-031	3.26725e-033	2.75701e-037	1.47775e-039	7.23525e-044	2.25725e-046	7.86854e-051	1.72526e-053	7.11921e-058	2.07824e-060	9.3723e-065	2.68238e-067	7.51355e-072	1.44593e-074	2.53613e-079	2.80477e-082	4.66942e-087	4.91734e-090	3.24855e-093	
N5	1.94256e-019	1.38644e-018	7.40426e-015	2.8549e-011	5.03715e-008	3.27758e-005	0.0057172	0.185056	0.789845	0.0192674	8.20966e-005	1.06872e-007	5.67888e-011	1.49315e-014	2.39205e-018	3.14846e-021	2.73455e-024	1.46257e-026	8.14427e-030	2.29229e-032	7.79136e-036	1.20551e-038	2.2583e-042	2.00906e-045	1.78627e-049	9.2245e-053	4.24626e-057	1.25576e-060	3.72809e-065	7.24223e-069	1.42792e-073	1.77198e-077	2.26e-082	1.6286e-086	1.32735e-091	6.40991e-096	7.51385e-101	1.63418e-104	3.90965e-108	
N6	2.78227e-023	1.22853e-023	2.12437e-019	3.6923e-015	3.29484e-011	1.27281e-007	0.00016146	0.0411724	0.946899	0.0117483	1.91209e-005	8.87803e-009	1.66277e-012	1.52991e-016	7.86731e-021	7.60511e-025	4.26642e-028	6.20906e-030	3.15474e-033	2.5054e-035	8.28963e-039	3.71845e-041	7.61614e-045	2.01879e-047	2.09657e-051	3.48634e-054	1.37538e-058	1.51777e-061	1.97824e-065	1.29427e-066	1.42942e-069	6.0725e-071	3.44613e-073	3.40566e-074	2.2564e-077	2.38626e-079	2.27408e-082	2.7094e-083	4.049e-084	
N7	1.34419e-033	4.78096e-035	4.66652e-029	5.33878e-023	2.23911e-017	3.5129e-012	1.82357e-007	0.00189135	0.997163	0.000945015	7.30115e-008	1.3338e-012	8.67956e-018	2.17545e-023	2.12826e-029	1.31218e-035	2.80767e-039	6.46992e-040	5.55053e-042	1.20661e-042	8.17847e-045	1.16878e-045	6.24858e-048	5.7261e-049	2.24771e-051	1.28663e-052	3.24486e-055	3.58953e-054	1.33855e-050	9.64082e-046	2.61453e-043	8.81392e-040	3.53351e-038	4.98019e-036	2.29517e-037	2.28617e-037	1.68706e-038	2.25857e-037	4.19436e-036	
N8	5.08984e-034	6.23023e-035	7.58793e-029	9.10548e-023	3.81981e-017	5.44901e-012	2.46145e-007	0.00214389	0.996783	0.00107286	9.36517e-008	1.89887e-012	1.32302e-017	3.32394e-023	3.16847e-029	8.51688e-035	2.26203e-038	5.61138e-042	1.01707e-045	1.46313e-045	1.09208e-045	9.99454e-044	2.2719e-045	1.45472e-044	2.37586e-046	8.53749e-046	8.16887e-048	2.14937e-047	5.68033e-050	1.25017e-049	1.16816e-053	2.02891e-053	4.85708e-055	3.53292e-054	1.74022e-056	2.15737e-056	5.5507e-059	3.60639e-056	8.16891e-054	
N9	2.41547e-031	7.79742e-033	1.86082e-027	4.73598e-022	6.64532e-017	4.58549e-012	1.28792e-007	0.00103208	0.997538	0.00142945	2.41375e-007	1.14702e-011	2.20067e-016	2.06707e-021	1.06816e-026	3.31434e-032	8.63635e-038	2.54382e-041	8.4572e-046	1.11795e-047	1.22207e-047	5.63134e-047	2.57374e-049	1.49582e-050	5.37892e-053	2.31248e-054	3.28631e-055	6.39176e-053	2.79756e-049	5.62522e-045	1.63225e-042	1.96127e-039	9.21749e-038	1.15887e-035	7.74684e-037	7.36211e-037	1.29377e-037	1.28093e-036	1.33283e-035	
N10	4.67667e-034	2.60318e-034	1.01936e-028	3.99972e-023	8.86992e-018	9.86709e-013	4.54393e-008	0.00060807	0.998557	0.000834786	8.42399e-008	2.4433e-012	2.91161e-017	1.7313e-022	5.79602e-028	1.18684e-033	1.92544e-039	5.44236e-042	5.95891e-046	4.92596e-048	3.52403e-052	1.6373e-054	7.93351e-059	2.07023e-061	7.02354e-066	7.8685e-068	5.35192e-070	1.67664e-070	1.97018e-070	1.91327e-067	9.71534e-068	1.64738e-066	1.45669e-067	1.56919e-067	1.25498e-071	5.81246e-074	1.30141e-077	2.57135e-078	4.7485e-079	
N11	4.79721e-035	2.00604e-035	1.15591e-029	6.43507e-024	2.02118e-018	3.19627e-013	2.11204e-008	0.000411409	0.999051	0.000537872	3.58869e-008	7.02674e-013	5.7299e-018	2.34673e-023	5.41256e-029	7.59542e-035	8.5096e-041	1.70808e-043	1.21292e-047	6.27843e-050	2.7435e-054	7.45194e-057	2.02598e-061	2.80312e-064	4.64551e-069	3.03985e-072	2.83264e-077	7.64967e-081	2.8517e-086	2.56746e-090	1.32094e-097	1.56312e-103	7.74277e-112	2.03968e-037	3.24094e-039	3.20611e-039	2.24771e-040	1.10776e-038	4.99394e-037	
Amitermes_darwini	0	0	0	0	0	0	0	0	1	0	0	0	0	0	0	0	0	0	0	0	0	0	0	0	0	0	0	0	0	0	0	0	0	0	0	0	0	0	0	
Pericapritermes_sp	0	0	0	0	0	0	0	0	1	0	0	0	0	0	0	0	0	0	0	0	0	0	0	0	0	0	0	0	0	0	0	0	0	0	0	0	0	0	0	
Amitermes_germanus	0	0	0	0	0	0	0	0	1	0	0	0	0	0	0	0	0	0	0	0	0	0	0	0	0	0	0	0	0	0	0	0	0	0	0	0	0	0	0	
N12	1.58814e-032	3.61403e-032	7.39984e-027	1.45427e-021	1.59043e-016	8.63998e-012	1.93396e-007	0.00125458	0.997056	0.00168929	3.45072e-007	2.02306e-011	4.86064e-016	5.78571e-021	3.82798e-026	1.51946e-031	4.62853e-037	4.88333e-039	1.46536e-042	4.64466e-044	9.48859e-048	1.71723e-049	2.50542e-053	2.64737e-055	2.82098e-059	1.74357e-061	1.28931e-065	4.6644e-068	1.68488e-072	3.75341e-075	3.60539e-081	2.92669e-085	1.78233e-091	6.73171e-096	2.48607e-102	6.56305e-107	5.97504e-113	7.8483e-116	8.96946e-119	
Amitermes_parvus	0	0	0	0	0	0	0	0	1	0	0	0	0	0	0	0	0	0	0	0	0	0	0	0	0	0	0	0	0	0	0	0	0	0	0	0	0	0	0	
Drepanotermes_septentrionalis	0	0	0	0	0	0	0	0	1	0	0	0	0	0	0	0	0	0	0	0	0	0	0	0	0	0	0	0	0	0	0	0	0	0	0	0	0	0	0	
N13	2.55103e-030	6.64355e-028	5.31277e-023	3.16094e-018	9.78433e-014	1.36876e-009	6.84237e-006	0.00794078	0.988865	0.00318559	1.40695e-006	1.85935e-010	1.02476e-014	2.81727e-019	4.31068e-024	3.94715e-029	2.94949e-034	1.66741e-035	1.5681e-038	2.05158e-039	1.32532e-042	9.95104e-044	4.65329e-047	2.06057e-048	7.21713e-052	1.88967e-053	4.88044e-057	7.47425e-059	1.01353e-062	9.78429e-065	1.44586e-069	5.9635e-071	8.0378e-075	7.03181e-077	5.0341e-081	3.58631e-083	1.27587e-086	7.31445e-087	3.4156e-087	
N14	1.83324e-028	4.55118e-029	3.01085e-024	2.06832e-019	8.09612e-015	1.60107e-010	1.3213e-006	0.00321056	0.993007	0.0037792	1.84428e-006	2.66567e-010	1.61582e-014	4.96929e-019	8.73755e-024	9.65882e-029	1.08946e-033	3.00924e-036	5.7234e-040	2.3427e-042	2.93934e-046	6.86481e-049	5.90369e-053	7.86559e-056	4.71092e-060	3.47854e-063	1.75452e-067	6.50029e-068	1.20053e-065	1.44991e-062	1.07469e-061	4.3243e-060	3.66069e-060	7.60069e-060	3.83484e-063	3.57525e-065	4.53517e-068	5.53182e-069	6.81478e-070	
N15	2.19515e-035	5.30167e-036	1.55672e-030	2.02432e-024	1.21598e-018	3.11232e-013	2.83548e-008	0.000597853	0.998453	0.00094939	6.77427e-008	1.08785e-012	6.13036e-018	1.48735e-023	1.70078e-029	1.39172e-035	1.20324e-039	4.81592e-040	9.84372e-042	1.38359e-041	2.33274e-043	2.29261e-043	3.23963e-045	2.21387e-045	2.56115e-047	1.20696e-047	9.95927e-050	3.28e-050	1.21374e-052	2.95479e-053	7.02596e-057	1.42386e-058	2.51191e-062	2.25035e-064	2.83029e-068	1.80242e-070	3.14459e-074	5.01752e-075	1.12318e-075	
Ephelotermes_melachoma	0	0	0	0	0	0	0	0	1	0	0	0	0	0	0	0	0	0	0	0	0	0	0	0	0	0	0	0	0	0	0	0	0	0	0	0	0	0	0	
N16	4.48857e-033	8.86695e-035	8.81105e-030	8.84445e-024	3.73937e-018	6.39522e-013	4.08655e-008	0.000664466	0.998312	0.00102366	9.07001e-008	1.98679e-012	1.61737e-017	5.55041e-023	8.44723e-029	1.24014e-033	7.1175e-037	3.37827e-040	1.28357e-043	2.20366e-046	5.50103e-050	7.0637e-051	1.17986e-054	8.47641e-056	8.91616e-060	3.3395e-061	1.72864e-065	4.15177e-067	5.60843e-072	9.71943e-074	1.94518e-080	7.79537e-084	1.14261e-090	1.1322e-094	1.12778e-101	5.32763e-106	3.09231e-113	3.71444e-115	3.21868e-117	
Ephelotermes_taylori	0	0	0	0	0	0	0	0	1	0	0	0	0	0	0	0	0	0	0	0	0	0	0	0	0	0	0	0	0	0	0	0	0	0	0	0	0	0	0	
Macrognathotermes_sunteri	0	0	0	0	0	0	0	0	1	0	0	0	0	0	0	0	0	0	0	0	0	0	0	0	0	0	0	0	0	0	0	0	0	0	0	0	0	0	0	
Lophotermes_septentrionalis	0	0	0	0	0	0	0	0	1	0	0	0	0	0	0	0	0	0	0	0	0	0	0	0	0	0	0	0	0	0	0	0	0	0	0	0	0	0	0	
N17	7.30117e-028	2.76728e-026	4.99354e-021	6.38432e-016	4.0771e-011	1.08398e-006	0.00805746	0.218526	0.773035	0.000380219	3.64152e-008	1.24651e-012	1.96755e-017	1.64273e-022	7.88829e-028	2.32372e-033	5.53978e-039	8.50385e-043	1.96417e-047	1.21166e-049	1.35749e-048	4.8641e-047	2.30632e-049	1.09035e-050	3.94125e-053	1.10419e-054	2.84499e-057	4.0448e-059	5.73966e-062	2.78922e-064	2.62786e-068	3.51144e-032	4.00539e-033	3.71134e-033	3.17015e-034	2.97554e-034	5.66862e-035	4.22912e-034	3.52374e-033	
Procubitermes_sp	0	0	0	0	0	0	1	0	0	0	0	0	0	0	0	0	0	0	0	0	0	0	0	0	0	0	0	0	0	0	0	0	0	0	0	0	0	0	0	
N18	1.72621e-033	2.32251e-034	4.59556e-028	7.21503e-022	5.29417e-016	1.54831e-010	1.2391e-005	0.0128717	0.98699	0.000126058	2.19594e-009	1.15598e-014	2.48678e-020	2.52942e-026	1.33808e-032	1.53443e-036	4.66501e-041	1.01966e-043	1.06852e-048	5.03501e-052	7.40149e-058	1.01512e-036	9.48441e-037	5.47032e-035	3.7322e-035	1.65338e-033	4.81554e-035	8.62952e-034	1.78015e-035	1.25661e-034	2.19486e-036	3.30163e-036	4.5886e-038	5.00508e-038	5.44683e-040	5.54064e-040	5.21293e-040	4.76375e-038	3.26727e-036	
Tuberculitermes_bycanistes	0	0	0	0	0	0	0	0	1	0	0	0	0	0	0	0	0	0	0	0	0	0	0	0	0	0	0	0	0	0	0	0	0	0	0	0	0	0	0	
Unguitermes_sp	0	0	0	0	0	0	0	0	1	0	0	0	0	0	0	0	0	0	0	0	0	0	0	0	0	0	0	0	0	0	0	0	0	0	0	0	0	0	0	
N19	4.01481e-034	1.32976e-034	1.77748e-029	1.88797e-023	7.63841e-018	1.15695e-012	6.36468e-008	0.000859803	0.997863	0.00127733	1.29132e-007	3.13691e-012	2.7896e-017	1.00364e-022	1.46011e-028	1.47796e-034	3.23557e-038	4.07275e-038	1.42707e-039	3.45398e-039	1.00747e-040	1.72901e-040	4.31663e-042	5.22845e-042	1.13795e-043	9.49627e-044	1.76161e-045	9.72922e-046	1.02951e-047	3.97453e-048	2.04364e-051	3.82128e-053	1.3045e-056	1.74925e-058	4.09433e-062	4.96973e-064	4.90536e-067	2.34689e-067	9.90023e-068	
N20	4.72989e-034	5.57952e-036	4.7497e-030	6.33724e-024	3.45578e-018	7.30336e-013	5.28316e-008	0.000848896	0.997788	0.00136283	1.29523e-007	2.66176e-012	1.84893e-017	5.05893e-023	5.83107e-029	9.29789e-035	1.80453e-038	4.17025e-042	6.9461e-046	5.98734e-046	1.11355e-045	2.54124e-043	6.15402e-045	4.42107e-044	7.23237e-046	3.28428e-045	3.07803e-047	1.05785e-046	3.13707e-049	9.02932e-049	6.76601e-053	2.68515e-053	4.14363e-055	3.62299e-054	1.68425e-056	2.46832e-056	6.89447e-059	2.01722e-056	5.34552e-054	
N21	2.62125e-031	2.83983e-030	3.00811e-025	3.17733e-020	1.863e-015	5.41367e-011	6.47855e-007	0.0022568	0.994594	0.00314708	1.22805e-006	1.37464e-010	6.28479e-015	1.41756e-019	1.76906e-024	1.3174e-029	7.46594e-035	4.22111e-036	4.04787e-039	6.99779e-040	4.6032e-043	4.56776e-044	2.17231e-047	1.27053e-048	4.50934e-052	1.55936e-053	3.99832e-057	8.15501e-059	1.03038e-062	1.33197e-064	2.75461e-070	8.24968e-074	1.12975e-079	1.56681e-083	1.33471e-089	1.37983e-093	4.66333e-099	4.61762e-101	3.71248e-103	
N22	7.78071e-029	2.35808e-029	1.71113e-024	1.28114e-019	5.48228e-015	1.18971e-010	1.08191e-006	0.00290788	0.993242	0.0038472	1.88243e-006	2.70946e-010	1.62832e-014	4.94872e-019	8.57573e-024	9.2522e-029	8.34667e-034	1.64642e-036	3.2364e-040	1.56312e-042	2.01768e-046	5.55895e-049	4.89145e-053	7.69311e-056	4.70874e-060	4.16231e-063	7.60146e-067	1.9496e-066	5.22057e-065	9.54429e-063	1.05434e-062	7.64878e-062	1.28845e-062	8.06015e-063	2.5852e-066	1.58525e-068	1.21597e-071	9.87792e-073	7.88648e-074	
Crenetermes_albotarsalis	0	0	0	0	0	0	0	0	1	0	0	0	0	0	0	0	0	0	0	0	0	0	0	0	0	0	0	0	0	0	0	0	0	0	0	0	0	0	0	
N23	8.94295e-032	5.93665e-032	1.0932e-026	1.97989e-021	2.03282e-016	1.04614e-011	2.21735e-007	0.0013521	0.996812	0.00183577	4.01137e-007	2.49449e-011	6.34493e-016	8.05165e-021	5.77304e-026	2.55091e-031	8.94791e-037	2.73718e-039	4.79166e-043	4.57059e-045	5.44981e-049	3.05319e-051	2.59817e-055	8.66197e-058	5.35418e-062	1.05652e-064	4.44242e-069	5.17221e-072	1.02635e-076	7.3653e-080	7.46095e-086	3.69563e-090	2.36104e-096	5.28507e-101	2.06248e-107	3.15752e-112	1.90127e-118	6.58727e-122	2.48267e-125	
Cubitermes_sp	0	0	0	0	0	0	0	0	1	0	0	0	0	0	0	0	0	0	0	0	0	0	0	0	0	0	0	0	0	0	0	0	0	0	0	0	0	0	0	
Thoracotermes_macrothorax	0	0	0	0	0	0	0	0	1	0	0	0	0	0	0	0	0	0	0	0	0	0	0	0	0	0	0	0	0	0	0	0	0	0	0	0	0	0	0	
Odontotermes_sp	0	0	0	0	0	0	0	0	1	0	0	0	0	0	0	0	0	0	0	0	0	0	0	0	0	0	0	0	0	0	0	0	0	0	0	0	0	0	0	
N24	2.10103e-032	5.10429e-034	1.88674e-028	6.71293e-023	1.31837e-017	1.28694e-012	5.24128e-008	0.000637148	0.998543	0.000820074	8.6702e-008	2.73242e-012	3.59132e-017	2.34687e-022	8.47259e-028	1.82492e-033	3.13699e-039	4.47071e-043	8.38413e-048	8.89743e-050	6.70135e-049	1.83216e-047	7.21574e-050	3.85128e-051	5.83192e-052	6.28943e-051	6.64052e-051	5.47695e-050	5.29271e-050	3.65201e-048	7.30236e-045	5.64065e-041	1.93106e-038	1.54749e-035	1.15455e-036	1.0912e-036	2.01547e-037	1.74928e-036	1.63222e-035	
N25	3.37653e-038	1.08754e-038	1.9989e-032	3.41923e-026	3.20784e-020	1.48089e-014	2.80022e-009	0.000152548	0.999642	0.000205548	5.00214e-009	3.47319e-014	9.82448e-020	1.36385e-025	1.03745e-031	4.64201e-038	1.5532e-044	2.12583e-047	7.21333e-052	2.73457e-054	5.7025e-059	1.09544e-061	1.41721e-066	1.34924e-069	1.04852e-074	4.65181e-078	1.89016e-083	3.53609e-087	4.53725e-093	3.10237e-097	4.76583e-105	3.85225e-111	6.21312e-120	8.10721e-038	9.12795e-040	9.28008e-040	3.36477e-041	2.45303e-039	1.74623e-037	
Nasutitermes_graveolus	0	0	0	0	0	0	0	0	1	0	0	0	0	0	0	0	0	0	0	0	0	0	0	0	0	0	0	0	0	0	0	0	0	0	0	0	0	0	0	
Nasutitermes_triodiae	0	0	0	0	0	0	0	0	1	0	0	0	0	0	0	0	0	0	0	0	0	0	0	0	0	0	0	0	0	0	0	0	0	0	0	0	0	0	0	
N26	2.83778e-039	2.09497e-040	7.66796e-034	2.40126e-027	3.90524e-021	3.02015e-015	9.48232e-010	8.75525e-005	0.999798	0.000114569	1.61304e-009	6.64687e-015	1.10814e-020	8.7632e-027	3.59251e-033	7.97799e-040	1.20705e-046	2.90459e-050	1.70909e-055	4.67113e-059	3.87426e-065	5.64119e-041	5.69258e-041	3.91025e-039	3.93859e-039	2.14539e-037	2.08405e-037	8.59511e-036	6.24651e-036	1.92813e-034	5.04174e-036	7.38186e-036	1.47181e-037	1.53329e-037	2.32357e-039	2.30622e-039	1.43849e-040	7.50138e-039	3.63241e-037	
Nasutitermes_longipennis	0	0	0	0	0	0	0	0	1	0	0	0	0	0	0	0	0	0	0	0	0	0	0	0	0	0	0	0	0	0	0	0	0	0	0	0	0	0	0	
Tumulitermes_pastinator	0	0	0	0	0	0	0	0	1	0	0	0	0	0	0	0	0	0	0	0	0	0	0	0	0	0	0	0	0	0	0	0	0	0	0	0	0	0	0	
N27	8.16791e-028	1.6445e-028	9.03641e-024	4.97705e-019	1.58473e-014	2.58561e-010	1.7862e-006	0.00369255	0.991662	0.00464119	2.82164e-006	5.13304e-010	3.95342e-014	1.56015e-018	3.55867e-023	5.15113e-028	6.46985e-033	8.34127e-036	1.53358e-039	4.56187e-042	5.74811e-046	1.02205e-048	9.24632e-053	9.95219e-056	6.69584e-060	4.31266e-063	2.20101e-067	8.11894e-071	2.91709e-075	5.38321e-079	2.25442e-084	5.76212e-089	1.22356e-094	2.27768e-099	2.83091e-105	4.18302e-110	1.03714e-115	1.16073e-119	1.22324e-123	
Microcerotermes_boreus	0	0	0	0	0	0	0	0	1	0	0	0	0	0	0	0	0	0	0	0	0	0	0	0	0	0	0	0	0	0	0	0	0	0	0	0	0	0	0	
Microcerotermes_nervosus	0	0	0	0	0	0	0	0	1	0	0	0	0	0	0	0	0	0	0	0	0	0	0	0	0	0	0	0	0	0	0	0	0	0	0	0	0	0	0	
N28	3.66501e-023	3.54094e-023	3.52776e-019	3.72998e-015	2.20914e-011	6.42925e-008	7.49968e-005	0.0243629	0.952868	0.0226232	7.0623e-005	6.45711e-008	2.44367e-011	4.64636e-015	5.02439e-019	3.49605e-023	3.59041e-027	6.68384e-029	6.84856e-032	1.22974e-033	8.6302e-037	9.13883e-039	4.63252e-042	2.93628e-044	1.09402e-047	4.12629e-050	1.02954e-053	2.30422e-056	2.51655e-060	3.44952e-063	6.81487e-068	1.40397e-071	1.61661e-076	2.12289e-080	1.51529e-085	1.59619e-089	2.03343e-094	2.06524e-097	2.24286e-100	
N29	5.08104e-025	5.85035e-025	1.07899e-020	1.98864e-016	2.07259e-012	1.07424e-008	2.26392e-005	0.0134961	0.970453	0.0159953	3.25511e-005	1.89597e-008	4.52081e-012	5.38415e-016	3.63477e-020	1.53129e-024	5.78114e-029	4.95022e-031	3.78078e-034	6.6918e-036	3.55123e-039	3.76289e-041	1.45337e-044	9.38494e-047	2.64752e-050	1.0475e-052	1.94003e-056	4.77898e-059	4.24601e-063	5.10737e-065	4.796e-068	1.16363e-069	8.82918e-073	1.1498e-074	6.25195e-078	6.39568e-080	4.23639e-083	3.88859e-084	5.87396e-085	
Macrotermes_bellicosus	0	0	0	0	0	0	0	0	1	0	0	0	0	0	0	0	0	0	0	0	0	0	0	0	0	0	0	0	0	0	0	0	0	0	0	0	0	0	0	
N30	1.95813e-038	3.04422e-039	2.78091e-034	2.3625e-027	5.7804e-021	4.79839e-015	1.27646e-009	0.000100684	0.999769	0.000130731	2.13901e-009	1.0334e-014	1.59512e-020	8.33474e-027	1.25209e-033	7.6404e-040	2.97448e-041	1.68778e-040	1.7304e-040	3.89389e-039	4.02257e-039	7.68564e-038	7.9718e-038	1.25628e-036	1.29856e-036	1.62308e-035	1.5824e-035	1.49456e-034	1.0484e-034	7.24709e-034	8.70055e-035	1.25263e-034	1.10211e-035	1.12289e-035	7.45884e-037	7.15651e-037	7.73915e-038	6.80154e-037	8.08358e-036	
Microtermes_sp	0	0	0	0	0	0	0	0	1	0	0	0	0	0	0	0	0	0	0	0	0	0	0	0	0	0	0	0	0	0	0	0	0	0	0	0	0	0	0	
Protermes_sp	0	0	0	0	0	0	0	0	1	0	0	0	0	0	0	0	0	0	0	0	0	0	0	0	0	0	0	0	0	0	0	0	0	0	0	0	0	0	0	
Pseudacanthotermes_militaris	0	0	0	0	0	0	0	0	1	0	0	0	0	0	0	0	0	0	0	0	0	0	0	0	0	0	0	0	0	0	0	0	0	0	0	0	0	0	0	
N31	3.09228e-020	7.74222e-019	4.40356e-015	2.00456e-011	4.44693e-008	3.92628e-005	0.00955604	0.24249	0.735332	0.0125465	3.62494e-005	3.38458e-008	1.37409e-011	2.88196e-015	3.4963e-019	2.86609e-023	5.29557e-027	1.42251e-028	1.72875e-031	3.51844e-033	2.94803e-036	3.52833e-038	2.06878e-041	1.49349e-043	5.69875e-047	2.57643e-049	5.35721e-053	1.59051e-055	1.44944e-059	2.75118e-062	6.12975e-067	2.33937e-070	3.32062e-075	6.65965e-079	6.18997e-084	8.89905e-088	9.64049e-093	1.04974e-095	1.71043e-098	
N32	1.20998e-020	2.96429e-020	1.7832e-016	1.0464e-012	3.2069e-009	4.3009e-006	0.00185689	0.130974	0.845055	0.0220255	8.4186e-005	9.78357e-008	4.79636e-011	1.1952e-014	1.71223e-018	9.29135e-022	2.42291e-024	1.75888e-025	3.47359e-028	1.40169e-029	1.85464e-032	4.32993e-034	3.69957e-037	5.19013e-039	2.3298e-042	2.06398e-044	2.67498e-048	1.4737e-050	7.43966e-055	2.05158e-057	5.12228e-062	3.15916e-065	5.24045e-070	1.82023e-073	2.03322e-078	5.27898e-082	1.5212e-086	6.89906e-089	3.03118e-091	
Coptotermes_acinaciformis	0	0	0	0	0	0	0	0	1	0	0	0	0	0	0	0	0	0	0	0	0	0	0	0	0	0	0	0	0	0	0	0	0	0	0	0	0	0	0	
N33	4.02625e-026	4.85859e-027	1.97822e-022	8.01909e-018	1.78559e-013	1.90917e-009	7.90635e-006	0.00857636	0.985971	0.00544054	4.03643e-006	8.89599e-010	8.18278e-014	3.79517e-018	1.00065e-022	1.88194e-027	8.74e-032	2.42366e-034	4.08178e-038	7.61847e-041	8.42249e-045	8.69208e-048	6.479e-052	3.67256e-055	1.77273e-059	5.43983e-063	6.08501e-067	6.13631e-067	7.49937e-066	7.09106e-064	1.55831e-063	1.54827e-062	5.50468e-063	4.08778e-063	2.20892e-066	1.21086e-068	1.05798e-071	4.08573e-073	1.82272e-074	
Reticulitermes_flavipes	0	0	0	0	0	0	0	0	1	0	0	0	0	0	0	0	0	0	0	0	0	0	0	0	0	0	0	0	0	0	0	0	0	0	0	0	0	0	0	
N34	1.10771e-031	5.30235e-032	1.12119e-026	2.29192e-021	2.59759e-016	1.42851e-011	3.07691e-007	0.00174798	0.996573	0.00167888	3.20428e-007	1.6952e-011	3.60656e-016	3.78349e-021	2.224e-026	8.04731e-032	3.11763e-037	1.52074e-039	2.09816e-043	1.42385e-045	1.33281e-049	5.2417e-052	3.43662e-056	7.96097e-059	3.52672e-063	4.88707e-066	1.20515e-070	1.04087e-073	8.1007e-079	4.59959e-082	3.51575e-088	1.80378e-092	8.98026e-099	1.83049e-103	5.76622e-110	7.32616e-115	2.64489e-121	5.8685e-125	1.83344e-128	
Reticulitermes_lucifugus	0	0	0	0	0	0	0	0	1	0	0	0	0	0	0	0	0	0	0	0	0	0	0	0	0	0	0	0	0	0	0	0	0	0	0	0	0	0	0	
Reticulitermes_urbis	0	0	0	0	0	0	0	0	1	0	0	0	0	0	0	0	0	0	0	0	0	0	0	0	0	0	0	0	0	0	0	0	0	0	0	0	0	0	0	
Schedorhinotermes_lamanianus	0	0	0	0	0	0	1	0	0	0	0	0	0	0	0	0	0	0	0	0	0	0	0	0	0	0	0	0	0	0	0	0	0	0	0	0	0	0	0	
N35	3.04621e-016	5.80771e-014	1.72959e-010	3.06405e-007	0.000167403	0.0122386	0.151546	0.507481	0.313543	0.0149162	0.000108037	1.94578e-007	1.27335e-010	5.41505e-014	5.4539e-017	7.3682e-020	2.19986e-022	2.96319e-023	2.12766e-025	1.31336e-026	3.7418e-029	9.12136e-031	9.53171e-034	1.03347e-035	3.9457e-039	5.15825e-041	2.91365e-042	2.62474e-041	1.15944e-041	4.40698e-041	7.49556e-043	1.41981e-043	5.28247e-046	3.32239e-047	7.77108e-050	2.60256e-051	4.75271e-054	1.91186e-055	2.54775e-056	
N36	8.12563e-017	3.96101e-013	1.37606e-009	1.97509e-006	0.000776058	0.0291079	0.219505	0.542768	0.2021	0.00571798	2.32699e-005	2.48607e-008	2.99529e-011	3.64434e-013	3.25013e-015	1.61561e-017	5.98296e-020	7.25229e-020	5.74332e-021	1.19319e-020	3.53103e-022	2.10075e-022	1.10975e-024	1.31428e-025	1.63012e-028	2.10995e-025	3.37733e-025	4.49049e-023	2.05945e-023	5.73663e-022	2.08171e-023	6.55233e-023	5.89636e-025	2.73965e-025	7.95231e-028	1.17767e-028	2.43152e-031	3.65708e-032	3.77139e-032	
N37	1.46571e-014	1.60166e-011	1.68636e-008	7.19857e-006	0.000994553	0.0306143	0.210891	0.548503	0.201067	0.00785861	6.45287e-005	1.66161e-007	1.69317e-010	1.05686e-013	1.24271e-016	6.3673e-019	3.60679e-021	4.69366e-022	5.6259e-024	2.23626e-025	2.19761e-027	3.43789e-029	4.15839e-032	2.74328e-034	6.60236e-038	2.08183e-040	1.71264e-044	3.99811e-047	1.3885e-051	3.63384e-054	5.87393e-059	6.11865e-062	6.61255e-067	3.00361e-070	2.22409e-075	6.40173e-079	6.55354e-083	4.98108e-085	2.6302e-087	
N38	2.88465e-005	0.000776521	0.0101348	0.0626998	0.167622	0.146502	0.0338345	0.175367	0.252633	0.122725	0.0251887	0.00238385	0.000102158	1.62992e-006	1.99878e-009	4.00327e-012	1.3857e-014	3.64439e-016	8.3405e-019	1.08167e-020	1.53972e-023	1.07733e-025	1.0343e-028	4.0689e-031	2.58448e-034	5.74997e-037	2.001e-040	2.49982e-043	3.12889e-047	1.61086e-050	1.13294e-054	3.16859e-058	1.33465e-062	2.83932e-066	7.79658e-071	1.46326e-074	1.63974e-078	1.76293e-081	1.63739e-084	
Bifiditermes_improbus	0	0	0	0	0	1	0	0	0	0	0	0	0	0	0	0	0	0	0	0	0	0	0	0	0	0	0	0	0	0	0	0	0	0	0	0	0	0	0	
Neotermes_insularis	0	0	0	0	0	0	0	0	0	0	0	0	0	1	0	0	0	0	0	0	0	0	0	0	0	0	0	0	0	0	0	0	0	0	0	0	0	0	0	
N39	2.57819e-019	8.42425e-016	4.53455e-012	1.15729e-008	1.06763e-005	0.00250354	0.108667	0.738246	0.148501	0.00206699	4.3106e-006	2.53654e-009	5.88117e-013	6.87738e-017	7.99741e-021	5.58277e-023	3.71321e-026	2.44911e-028	8.64618e-032	2.96432e-034	4.93151e-038	9.45805e-041	5.93192e-045	6.57101e-048	1.96981e-052	9.19635e-051	1.49905e-052	9.92168e-053	2.96575e-053	1.41529e-052	1.16195e-053	1.03193e-053	9.75857e-056	2.59583e-057	2.58109e-060	3.46934e-062	5.74817e-065	6.98226e-066	1.03348e-066	
N40	2.30135e-016	1.78829e-015	3.6863e-011	5.83531e-008	2.57046e-005	0.00351384	0.127733	0.756691	0.11192	0.00011699	1.90431e-008	9.39563e-013	1.91284e-017	1.91188e-022	1.05463e-027	2.04729e-032	3.8391e-035	1.47071e-035	3.88267e-037	1.12296e-037	2.60977e-039	5.4373e-040	1.06527e-041	1.57338e-042	2.21545e-044	2.3535e-045	1.86101e-047	1.39758e-048	4.23e-051	1.47897e-052	2.88409e-055	4.6902e-057	6.36984e-060	7.69705e-062	7.45173e-065	8.2088e-067	3.04857e-069	3.39687e-070	3.4548e-071	
N41	7.31125e-018	4.33098e-016	1.00972e-011	2.30763e-008	1.42275e-005	0.00256833	0.114278	0.762446	0.120558	0.000135391	2.29963e-008	1.14557e-012	1.03287e-016	1.6355e-016	4.6696e-020	4.48189e-020	4.00774e-024	2.14394e-024	1.45012e-029	4.32781e-030	1.01416e-035	1.70185e-036	1.90051e-042	1.72902e-043	1.08488e-049	4.85458e-051	1.91758e-057	3.42141e-059	9.32518e-066	3.81856e-068	7.87043e-075	1.05981e-077	1.65131e-084	1.04216e-087	1.23614e-094	4.34951e-098	1.57504e-104	1.70061e-108	4.69799e-105	
N42	1.63395e-022	1.46659e-020	2.43675e-016	2.71899e-012	1.38847e-008	2.60196e-005	0.0124366	0.757421	0.229529	0.00058668	3.11375e-007	5.90565e-011	5.19511e-015	2.68489e-019	3.14871e-023	5.12655e-025	3.53851e-028	3.72572e-030	1.57999e-033	8.94176e-036	2.17896e-039	7.14843e-042	8.59163e-046	1.74871e-048	8.72801e-053	1.10975e-055	2.06048e-060	1.37264e-063	1.09567e-068	2.05574e-072	9.99092e-078	6.66317e-082	1.8244e-087	8.91072e-092	1.47238e-097	5.94287e-102	3.24912e-106	2.25518e-109	1.08501e-112	
Cryptotermes_austrinus	0	0	0	0	0	0	0	1	0	0	0	0	0	0	0	0	0	0	0	0	0	0	0	0	0	0	0	0	0	0	0	0	0	0	0	0	0	0	0	
Cryptotermes_queenslandis	0	0	0	0	0	0	0	0	1	0	0	0	0	0	0	0	0	0	0	0	0	0	0	0	0	0	0	0	0	0	0	0	0	0	0	0	0	0	0	
Incisitermes_sp	0	0	0	0	0	0	0	0	1	0	0	0	0	0	0	0	0	0	0	0	0	0	0	0	0	0	0	0	0	0	0	0	0	0	0	0	0	0	0	
Cryptotermes_primus	0	0	1	0	0	0	0	0	0	0	0	0	0	0	0	0	0	0	0	0	0	0	0	0	0	0	0	0	0	0	0	0	0	0	0	0	0	0	0	
N43	4.50624e-017	6.12323e-015	1.44156e-012	3.35588e-009	2.9053e-006	0.000977667	0.0826041	0.762471	0.151508	0.0024337	3.13339e-006	1.00684e-009	1.21373e-013	6.82623e-018	2.2016e-022	7.13264e-025	5.33622e-028	2.41853e-029	4.9965e-030	3.55266e-029	2.8643e-030	3.65138e-030	8.1728e-032	7.49788e-032	6.69949e-034	4.60093e-034	1.91328e-036	9.08025e-037	1.77605e-039	3.81127e-040	5.02663e-043	3.59258e-044	3.67333e-047	1.37234e-048	1.06691e-051	2.89962e-053	7.09422e-056	5.15071e-056	3.61036e-056	
N44	9.95373e-018	2.92136e-014	9.76904e-011	7.78836e-008	1.74506e-005	0.00218656	0.113021	0.792753	0.0913153	0.000705884	5.65474e-007	1.25427e-010	1.09992e-014	4.63842e-019	1.06497e-023	1.62082e-028	8.10759e-033	3.28965e-034	1.99754e-037	6.64892e-039	2.59441e-042	4.92913e-044	1.11507e-047	1.29698e-049	1.31936e-053	1.02796e-055	3.62521e-060	1.96397e-062	1.68099e-067	5.30244e-070	1.67133e-075	1.76737e-078	3.42467e-084	7.11492e-088	9.76002e-094	9.25687e-098	9.52073e-104	3.83925e-107	9.70592e-110	
N45	5.04637e-010	1.6751e-007	2.10207e-005	0.000587833	0.00534331	0.0515136	0.348269	0.54769	0.0461152	0.000459341	1.1505e-006	8.72761e-010	1.95046e-013	1.83688e-017	8.94009e-022	3.25709e-026	8.39123e-030	2.82803e-031	1.9329e-034	3.76958e-036	1.74185e-039	1.95032e-041	6.43036e-045	4.18979e-047	9.61649e-051	3.6494e-053	4.30979e-057	9.94128e-060	1.42951e-064	1.25682e-067	9.06819e-073	1.86735e-076	8.84484e-082	8.56059e-086	2.53821e-091	1.86458e-095	1.3938e-100	1.94994e-103	2.55802e-106	
Cryptotermes_brevis	0	0	0	0	0	1	0	0	0	0	0	0	0	0	0	0	0	0	0	0	0	0	0	0	0	0	0	0	0	0	0	0	0	0	0	0	0	0	0	
N46	8.10057e-005	0.00167813	0.0123283	0.00476054	0.00258697	0.0528877	0.341263	0.502899	0.0779994	0.00346043	5.55241e-005	2.89681e-007	8.56878e-011	9.64905e-015	7.26617e-019	1.55665e-020	2.49852e-023	1.08105e-024	1.0813e-027	2.49107e-029	1.66021e-032	2.11476e-034	8.49448e-038	6.16414e-040	6.67305e-044	3.10883e-046	1.14503e-050	3.03083e-053	4.16301e-058	2.30405e-061	2.11018e-066	4.62083e-070	2.73653e-075	4.18568e-079	1.63875e-084	2.10782e-088	2.82097e-092	9.90947e-095	2.55075e-097	
Cryptotermes_domesticus	0	0	1	0	0	0	0	0	0	0	0	0	0	0	0	0	0	0	0	0	0	0	0	0	0	0	0	0	0	0	0	0	0	0	0	0	0	0	0	
Procryptotermes_australiensis	0	0	0	0	0	0	0	0	0	0	0	1	0	0	0	0	0	0	0	0	0	0	0	0	0	0	0	0	0	0	0	0	0	0	0	0	0	0	0	
N47	6.72799e-023	5.73225e-019	5.35759e-015	2.82756e-011	7.45577e-008	8.06055e-005	0.0247886	0.94806	0.0269788	9.14182e-005	8.53791e-008	3.18787e-011	5.85642e-015	6.06644e-019	4.17811e-023	4.97883e-026	3.87855e-029	2.89431e-031	1.52523e-034	6.64203e-037	2.34502e-040	6.30925e-043	1.50834e-046	2.5568e-049	3.77272e-053	4.019e-056	2.6154e-060	1.68351e-063	4.34037e-068	1.1472e-071	1.7547e-076	2.01741e-080	1.91301e-085	1.5648e-089	9.60808e-095	6.75573e-099	2.28906e-103	1.57868e-106	8.94055e-110	
Cryptotermes_dudleyi	0	0	0	0	0	0	0	1	0	0	0	0	0	0	0	0	0	0	0	0	0	0	0	0	0	0	0	0	0	0	0	0	0	0	0	0	0	0	0	
Cryptotermes_secundus	0	0	0	0	0	0	0	1	0	0	0	0	0	0	0	0	0	0	0	0	0	0	0	0	0	0	0	0	0	0	0	0	0	0	0	0	0	0	0	
Cryptotermes_cynocephalus	0	0	0	0	0	0	0	0	0	1	0	0	0	0	0	0	0	0	0	0	0	0	0	0	0	0	0	0	0	0	0	0	0	0	0	0	0	0	0	
Kalotermes_flavicollis	0	0	0	0	0	0	0	0	0	0	0	0	0	0	0	0	0	0	0	0	0	1	0	0	0	0	0	0	0	0	0	0	0	0	0	0	0	0	0	
N48	2.37366e-015	2.48996e-015	2.29645e-012	2.02931e-009	9.22634e-007	0.00018263	0.0125069	0.231114	0.699177	0.0561223	0.000890929	4.84363e-006	1.18211e-008	1.56594e-011	1.55168e-014	2.55452e-016	1.39289e-018	4.45631e-020	1.5963e-022	2.79013e-024	6.7132e-027	6.58128e-029	9.83711e-032	5.58268e-034	4.30125e-037	1.47797e-039	6.18715e-043	1.28097e-045	3.05568e-049	3.52701e-052	5.22431e-056	3.49078e-059	3.31044e-063	1.63319e-066	1.03864e-070	4.56997e-074	1.44719e-077	3.97529e-080	9.40432e-083	
Glyptotermes_brevicornis	0	0	0	0	0	0	0	0	1	0	0	0	0	0	0	0	0	0	0	0	0	0	0	0	0	0	0	0	0	0	0	0	0	0	0	0	0	0	0	
Glyptotermes_iridipennis	0	0	0	0	0	0	0	0	1	0	0	0	0	0	0	0	0	0	0	0	0	0	0	0	0	0	0	0	0	0	0	0	0	0	0	0	0	0	0	
N49	0.00346984	0.0321626	0.132705	0.20695	0.08553	0.0141713	0.00967085	0.067783	0.195588	0.177092	0.0638833	0.0102445	0.000729462	1.97493e-005	9.55446e-008	1.9943e-010	3.43131e-013	1.39242e-014	1.06173e-016	5.03416e-018	2.40958e-020	6.27185e-022	2.04748e-024	3.07604e-026	6.96779e-029	6.15139e-031	8.82609e-034	4.6133e-036	3.27624e-039	9.99357e-042	3.3038e-045	4.78389e-048	9.62667e-052	8.44407e-055	1.10016e-058	7.24228e-062	9.3225e-066	1.7293e-068	4.99519e-071	
Stolotermes_sp	0	0	0	1	0	0	0	0	0	0	0	0	0	0	0	0	0	0	0	0	0	0	0	0	0	0	0	0	0	0	0	0	0	0	0	0	0	0	0	
N50	0.0379695	0.0117114	0.00115835	4.81348e-005	8.82416e-007	7.49368e-009	5.79841e-010	7.86001e-008	8.02311e-006	0.000374936	0.00801903	0.0740702	0.252573	0.530852	0.0606354	0.0220393	0.000499214	4.00761e-005	2.95198e-007	8.50621e-009	2.40421e-011	3.20338e-013	3.94504e-016	2.7568e-018	1.66627e-021	6.42517e-024	2.10178e-027	4.48644e-030	8.59569e-034	1.00558e-036	1.19816e-040	8.2846e-044	6.29465e-048	3.06058e-051	1.54491e-055	6.67082e-059	3.79266e-062	1.1491e-064	2.72616e-067	
Zootermopsis_angusticollis	0	0	0	0	0	0	0	0	0	0	0	0	0	1	0	0	0	0	0	0	0	0	0	0	0	0	0	0	0	0	0	0	0	0	0	0	0	0	0	
Zootermopsis_nevadensis	0	0	0	0	0	0	0	0	0	0	0	0	0	1	0	0	0	0	0	0	0	0	0	0	0	0	0	0	0	0	0	0	0	0	0	0	0	0	0	
Mastotermes_darwiniensis	0	0	0	0	0	0	0	0	0	0	0	0	0	0	0	0	0	0	0	0	0	0	0	0	0	0	0	0	0	0	0	0	0	0	0	0	1	0	0	
Porotermes_adamsoni	0	0	0	0	0	0	0	1	0	0	0	0	0	0	0	0	0	0	0	0	0	0	0	0	0	0	0	0	0	0	0	0	0	0	0	0	0	0	0	
