NODE	7	8	9	10	11	12	13	14	15	16	17	18	19	20	21	22	23	24	25	26	27	28	29	30	31	32	33	34	35	36	37	38	39	40	41	42	43	44	45	46	47	48	49	50	51	
N1	0.00321133	0.00650438	0.0207544	0.0666003	0.161137	0.267982	0.276127	0.152527	0.0401572	0.00474487	0.00024839	5.86219e-006	6.4594e-008	3.47242e-010	9.54935e-013	9.99204e-018	2.87504e-019	6.32968e-021	1.0871e-022	1.4823e-024	1.63034e-026	1.46723e-028	1.09444e-030	6.84528e-033	3.62779e-035	1.64457e-037	6.432e-040	2.18727e-042	6.5133e-045	1.70945e-047	3.97781e-050	8.25136e-053	1.53348e-055	2.56511e-058	3.87853e-061	5.32203e-064	6.65172e-067	7.59839e-070	7.95838e-073	7.6654e-076	6.80867e-079	5.59165e-082	4.25629e-085	3.01008e-088	2.11968e-091	
N2	0.00462173	0.0124621	0.037773	0.0911468	0.164763	0.232042	0.237025	0.151544	0.0555678	0.0115503	0.00139334	0.000104916	5.23925e-006	5.22428e-007	3.77757e-008	1.0863e-008	5.47984e-010	9.48529e-011	2.74354e-012	2.72284e-013	4.63831e-015	2.6663e-016	2.77611e-018	9.44896e-020	6.22391e-022	1.32571e-023	5.65667e-026	8.18271e-028	2.3203e-030	2.56055e-032	4.983e-035	4.60356e-037	9.45985e-040	2.00922e-041	3.46136e-044	4.62017e-046	1.84795e-048	4.81304e-050	6.39278e-053	5.72651e-055	1.58705e-057	2.92297e-059	3.60927e-062	3.90508e-064	6.05775e-066	
N3	0.00692255	0.0211171	0.0574915	0.0984553	0.118056	0.15031	0.194021	0.182832	0.112104	0.0445247	0.0115536	0.00219071	0.000307767	8.96245e-005	1.5189e-005	6.86114e-006	7.8548e-007	2.202e-007	1.54236e-008	2.6559e-009	1.18443e-010	1.29741e-011	3.77646e-013	2.71535e-014	5.23888e-016	2.58427e-017	3.35232e-019	1.19118e-020	1.07876e-022	3.14572e-024	2.06339e-026	5.19291e-028	3.97252e-030	1.93398e-031	1.10372e-033	3.12825e-035	2.9892e-037	1.40727e-038	6.00401e-041	1.15209e-042	7.59256e-045	2.54433e-046	9.82017e-049	2.176e-050	7.14675e-052	
N4	2.31421e-005	0.000173004	0.00089416	0.00194107	0.00177249	0.00249715	0.00939089	0.0341443	0.0877386	0.156687	0.194527	0.192187	0.137685	0.105905	0.0470895	0.0222724	0.00420895	0.000798452	6.02292e-005	5.01803e-006	1.82068e-007	8.16591e-009	1.66527e-010	4.58832e-012	5.76157e-014	1.07004e-015	8.73745e-018	1.16392e-019	6.69247e-022	7.34212e-024	3.2034e-026	3.013e-028	1.29952e-030	1.44419e-032	5.74183e-035	5.39106e-037	2.46782e-039	2.65373e-041	9.05376e-044	6.32614e-046	2.01043e-048	1.41171e-050	3.93792e-053	2.61603e-055	2.08671e-057	
N5	3.36797e-006	5.6189e-005	0.000649442	0.00173857	0.000973487	0.000518602	0.00273292	0.0159072	0.0590493	0.136545	0.205218	0.223012	0.181261	0.11344	0.0451923	0.011909	0.00164343	0.000143169	6.78445e-006	2.2029e-007	4.25631e-009	7.26746e-011	6.86661e-013	1.32e-014	7.72077e-017	2.20656e-018	8.9041e-021	2.10531e-022	6.0815e-025	1.06901e-026	2.28829e-029	3.06884e-031	5.4748e-034	6.39765e-036	8.93016e-039	8.08435e-041	9.70976e-044	7.63208e-046	6.61327e-049	3.5417e-051	2.51074e-054	1.14484e-056	6.23321e-060	2.17029e-062	4.92514e-065	
N6	1.83997e-007	4.13889e-006	4.95633e-005	0.000102139	4.06595e-005	2.77443e-005	0.000158014	0.00187979	0.01571	0.0740353	0.192414	0.285023	0.24967	0.133913	0.0397437	0.00664938	0.000549281	2.95102e-005	8.16228e-007	3.05356e-008	4.07018e-010	2.65634e-011	2.13533e-013	1.19738e-014	5.68772e-017	1.91121e-018	5.68112e-021	1.21859e-022	2.49615e-025	3.87839e-027	5.99339e-030	7.42615e-032	9.31016e-035	9.74462e-037	9.71025e-040	8.03628e-042	6.37083e-045	4.18809e-047	2.45857e-050	1.1343e-052	5.21118e-056	1.9202e-058	6.64605e-062	1.9431e-064	5.68339e-067	
N7	1.42708e-011	1.12571e-009	5.58909e-008	5.4267e-007	2.3275e-007	1.8723e-008	5.01808e-009	2.06788e-007	1.39665e-005	0.000528	0.0100402	0.0878516	0.316447	0.406771	0.159094	0.0184569	0.000781612	1.4636e-005	1.39281e-007	1.00573e-009	5.8411e-012	6.47247e-014	3.21518e-016	2.35105e-018	6.45554e-021	2.55638e-023	4.04329e-026	9.3593e-029	9.08117e-032	1.32108e-034	8.29248e-038	8.06343e-041	3.42066e-044	2.33809e-047	6.9217e-051	3.45265e-054	7.29145e-058	2.74643e-061	4.20742e-065	1.23587e-068	1.41335e-072	3.59921e-076	6.06847e-080	3.72386e-083	2.61977e-086	
N8	2.87388e-012	1.81587e-010	6.40382e-009	5.21344e-008	2.85501e-008	5.12014e-009	2.61246e-009	4.2639e-008	4.01957e-006	0.000217207	0.00571317	0.0658812	0.294338	0.437095	0.177937	0.018181	0.000624809	9.01084e-006	6.36826e-008	2.54886e-010	6.56935e-013	4.49209e-015	2.73615e-017	2.93597e-018	1.24837e-020	8.91795e-022	2.14177e-024	9.84255e-026	1.38695e-028	4.17204e-030	3.59979e-033	7.05343e-035	3.91242e-038	4.88328e-040	1.83662e-043	1.41997e-045	3.8171e-049	1.81252e-051	3.6279e-055	1.08994e-057	1.66458e-061	3.37298e-064	4.08226e-068	8.39001e-071	5.1793e-073	
N9	1.99546e-015	3.55009e-013	3.36111e-011	6.68556e-010	4.64435e-010	7.73959e-011	1.0716e-011	7.88643e-011	2.28422e-008	4.16198e-006	0.00035746	0.0125388	0.150264	0.489448	0.315974	0.0306466	0.000759479	6.6894e-006	2.58997e-008	5.15558e-011	6.21992e-014	3.38692e-016	1.40181e-018	3.61963e-020	8.91263e-023	1.26956e-024	1.72619e-027	1.43443e-029	1.09782e-032	5.49714e-035	2.44227e-038	7.36756e-041	2.00444e-044	3.58765e-047	6.36587e-051	6.79922e-054	8.2568e-058	5.54533e-061	4.72658e-065	2.17489e-068	1.31858e-072	4.54842e-076	2.46509e-080	2.21186e-083	4.45157e-086	
N10	5.99173e-019	2.99069e-016	7.67171e-014	4.37049e-012	3.4358e-012	4.4443e-013	3.9051e-014	8.6541e-014	6.91411e-011	4.04938e-008	1.14845e-005	0.00133506	0.050125	0.42742	0.483486	0.0370759	0.000544093	2.50822e-006	4.78937e-009	4.50943e-012	2.36102e-015	9.13281e-019	5.88396e-022	7.5433e-024	1.15095e-026	1.05597e-028	9.87865e-032	5.1617e-034	2.88727e-037	9.01111e-040	2.86548e-043	5.4334e-046	9.61754e-050	1.0673e-052	1.11027e-056	6.73283e-060	4.49616e-064	1.51871e-067	6.80536e-072	1.48889e-075	4.55393e-080	7.43146e-084	1.79915e-088	5.62978e-092	4.43919e-095	
N11	2.2336e-022	2.26796e-019	1.26479e-016	1.80956e-014	2.86473e-014	3.96931e-015	2.73508e-016	7.46491e-016	1.14551e-012	1.44826e-009	9.01573e-007	0.000232733	0.0192811	0.336938	0.605993	0.0371951	0.000358438	9.97054e-007	1.09958e-009	5.82719e-013	1.68681e-016	2.96613e-020	3.94681e-024	9.98621e-027	9.15156e-030	6.64996e-032	4.07129e-035	1.65684e-037	6.72194e-041	1.58253e-043	3.99011e-047	5.57587e-050	7.60394e-054	6.26268e-057	4.20677e-061	1.76825e-064	6.68385e-069	1.23443e-072	2.9337e-077	3.30721e-081	5.091e-086	4.2878e-090	4.91365e-095	7.2369e-099	2.78055e-102	
N12	7.63158e-026	3.05145e-022	1.08376e-018	1.72014e-015	1.18267e-014	1.11032e-015	4.37018e-017	3.78434e-018	3.89148e-015	1.10028e-011	1.64708e-008	1.1147e-005	0.00268869	0.151794	0.809368	0.0359234	0.000214061	3.61182e-007	2.43899e-010	8.04278e-014	1.4725e-017	1.64531e-021	1.26005e-025	6.62863e-029	3.27947e-032	1.27236e-034	4.53391e-038	4.62338e-040	1.82335e-039	7.6787e-040	3.28789e-041	6.54239e-042	1.96475e-043	2.60865e-044	4.31263e-046	4.72319e-047	1.52378e-047	2.9566e-047	4.05747e-048	5.26504e-049	2.71166e-051	6.32206e-053	2.53608e-055	1.14378e-056	1.22934e-057	
N13	1.43745e-028	1.70285e-024	1.18357e-020	2.24936e-017	9.4463e-017	1.63482e-018	1.6887e-020	5.5692e-021	3.76501e-017	3.44116e-013	1.50448e-009	2.60874e-006	0.00135493	0.129298	0.839343	0.0299055	9.6043e-005	6.76226e-008	1.5965e-011	1.61527e-015	8.20392e-020	2.3408e-024	4.48836e-029	1.56755e-031	5.98552e-035	1.13065e-036	2.33456e-040	5.23756e-041	2.05491e-041	5.09173e-041	6.20192e-043	7.87385e-043	4.58477e-045	4.49175e-045	1.0922e-047	1.22427e-047	2.8053e-049	1.18614e-048	1.22393e-050	3.77083e-051	3.35798e-054	1.53579e-055	1.01253e-058	3.96773e-060	1.02248e-060	
N14	6.66622e-028	2.21005e-024	3.74772e-021	1.54332e-018	5.33316e-018	1.18106e-019	1.36608e-020	4.93503e-020	1.40338e-016	7.76535e-013	2.26273e-009	2.92398e-006	0.00129386	0.121737	0.844864	0.0319726	0.000129536	1.34737e-007	5.32365e-011	9.9518e-015	1.01172e-018	6.16127e-023	2.63374e-027	6.41762e-029	1.39361e-031	2.14842e-032	2.96204e-035	2.73445e-036	2.24788e-039	1.32664e-040	5.50662e-044	2.2168e-045	3.44265e-049	9.7759e-051	3.83995e-055	6.27427e-057	8.49645e-062	2.30723e-064	2.29027e-069	1.87895e-072	1.38867e-077	5.85343e-081	3.19262e-086	2.46395e-089	3.04868e-091	
N15	3.61934e-029	3.35209e-025	2.06865e-021	5.78895e-018	8.74093e-017	1.10273e-017	6.37251e-019	3.23972e-020	1.15658e-017	6.48265e-014	2.08109e-010	3.32613e-007	0.000216461	0.0400821	0.93898	0.0206567	6.4521e-005	6.11833e-008	2.45717e-011	5.04202e-015	5.96284e-019	4.42352e-023	2.2143e-027	3.82388e-031	1.55244e-034	8.7514e-037	3.05439e-040	1.04031e-042	2.67785e-046	5.51786e-049	1.06789e-052	1.31811e-055	1.77335e-059	1.27842e-062	8.27682e-067	3.36239e-070	8.26279e-075	9.15068e-079	1.33192e-083	9.3366e-088	8.6165e-093	4.83496e-097	3.3518e-102	3.55047e-106	1.00163e-109	
Amitermes_darwini	0	0	0	0	0	0	0	0	0	0	0	0	0	0	1	0	0	0	0	0	0	0	0	0	0	0	0	0	0	0	0	0	0	0	0	0	0	0	0	0	0	0	0	0	0	
Amitermes_germanus	0	0	0	0	0	0	0	0	0	0	0	0	0	0	1	0	0	0	0	0	0	0	0	0	0	0	0	0	0	0	0	0	0	0	0	0	0	0	0	0	0	0	0	0	0	
Pericapritermes_sp	0	0	0	0	0	0	0	0	0	0	0	0	0	0	1	0	0	0	0	0	0	0	0	0	0	0	0	0	0	0	0	0	0	0	0	0	0	0	0	0	0	0	0	0	0	
Amitermes_parvus	0	0	0	0	0	0	0	0	0	0	0	0	0	0	1	0	0	0	0	0	0	0	0	0	0	0	0	0	0	0	0	0	0	0	0	0	0	0	0	0	0	0	0	0	0	
Drepanotermes_septentrionalis	0	0	0	0	0	0	0	0	0	0	0	0	0	0	1	0	0	0	0	0	0	0	0	0	0	0	0	0	0	0	0	0	0	0	0	0	0	0	0	0	0	0	0	0	0	
N16	7.90346e-023	5.00885e-020	1.6269e-017	1.13487e-015	1.56477e-015	1.94099e-016	7.59012e-017	1.41932e-015	1.8338e-012	1.97666e-009	1.07179e-006	0.000248058	0.0191665	0.329238	0.61103	0.0398846	0.000429923	1.38322e-006	1.80688e-009	1.15495e-012	4.09105e-016	8.82174e-020	1.45956e-023	3.60287e-025	1.10503e-027	9.17307e-029	1.76145e-031	8.78691e-033	1.00748e-035	3.20361e-037	1.95156e-040	4.14187e-042	1.1142e-045	1.56985e-047	1.59854e-051	1.20282e-053	5.79596e-058	1.20326e-060	4.0874e-065	3.6386e-068	8.95951e-073	4.76723e-076	8.67704e-081	6.4211e-084	3.51629e-086	
N17	7.87107e-025	1.00467e-021	1.25186e-018	7.26325e-016	8.41883e-015	3.74346e-015	7.20591e-016	4.00624e-016	2.46204e-013	2.97668e-010	1.95881e-007	6.03139e-005	0.00696996	0.206629	0.735014	0.0507349	0.000589488	2.12991e-006	3.24395e-009	2.49554e-012	1.09269e-015	2.9836e-019	5.89885e-023	2.05803e-025	3.6731e-028	6.76647e-030	8.53612e-033	9.15301e-035	8.11554e-038	5.17407e-040	3.05541e-043	1.17816e-045	3.8986e-049	9.12111e-052	1.34942e-055	1.61578e-058	1.26659e-062	5.69567e-066	2.83363e-070	7.73729e-074	2.52427e-078	5.30162e-082	1.31514e-086	5.41475e-090	6.73405e-093	
N18	5.80441e-029	3.428e-025	1.55645e-021	3.79706e-018	3.00416e-017	1.7532e-018	6.69827e-020	1.24951e-020	5.41841e-017	4.257e-013	1.63383e-009	2.55734e-006	0.00125007	0.119653	0.846508	0.032468	0.000118727	9.83033e-008	2.78173e-011	3.4134e-015	2.11743e-019	7.39807e-024	1.65104e-028	1.12128e-031	2.72873e-033	2.26521e-033	9.72331e-035	5.69751e-035	1.93775e-036	8.06625e-037	1.97731e-038	5.9345e-039	8.71566e-041	1.87555e-041	1.3065e-043	1.70172e-044	6.41391e-047	3.1543e-048	8.71865e-051	2.38915e-052	4.93919e-055	1.00061e-056	1.62333e-059	5.00399e-061	6.34486e-062	
Ephelotermes_melachoma	0	0	0	0	0	0	0	0	0	0	0	0	0	0	1	0	0	0	0	0	0	0	0	0	0	0	0	0	0	0	0	0	0	0	0	0	0	0	0	0	0	0	0	0	0	
N19	2.07452e-025	1.16684e-023	1.45715e-021	6.63927e-019	4.86321e-018	5.63361e-019	2.63285e-020	2.01708e-020	6.64982e-017	4.67982e-013	1.66372e-009	2.48999e-006	0.00120243	0.116979	0.848638	0.0330507	0.000126665	1.14317e-007	3.66011e-011	5.25264e-015	3.9181e-019	1.67969e-023	4.94435e-028	2.7898e-029	4.07784e-032	1.35394e-032	1.05098e-035	2.30588e-036	8.92808e-040	1.37753e-040	2.35401e-044	2.6618e-045	1.62381e-049	1.34287e-050	2.18237e-055	1.06799e-056	5.90939e-062	4.9789e-064	2.06963e-069	5.08827e-072	1.69341e-077	1.82051e-080	4.86663e-086	3.65866e-089	4.38185e-091	
Ephelotermes_taylori	0	0	0	0	0	0	0	0	0	0	0	0	0	0	1	0	0	0	0	0	0	0	0	0	0	0	0	0	0	0	0	0	0	0	0	0	0	0	0	0	0	0	0	0	0	
Macrognathotermes_sunteri	0	0	0	0	0	0	0	0	0	0	0	0	0	0	1	0	0	0	0	0	0	0	0	0	0	0	0	0	0	0	0	0	0	0	0	0	0	0	0	0	0	0	0	0	0	
Lophotermes_septentrionalis	0	0	0	0	0	0	0	0	0	0	0	0	0	0	1	0	0	0	0	0	0	0	0	0	0	0	0	0	0	0	0	0	0	0	0	0	0	0	0	0	0	0	0	0	0	
N20	6.78038e-025	9.61625e-021	7.56101e-017	3.02395e-014	1.70913e-014	1.7783e-016	6.50758e-018	9.14257e-018	5.28064e-015	3.24729e-011	1.00008e-007	0.00012591	0.0432625	0.412333	0.542023	0.00225397	2.07737e-006	6.96259e-010	1.08501e-013	9.12285e-018	4.57184e-022	1.46884e-026	3.22223e-031	9.54382e-036	5.63851e-040	2.56679e-043	1.90522e-047	9.69759e-049	2.0899e-048	1.96631e-049	2.82859e-051	1.1903e-052	1.38609e-054	3.93854e-056	3.12527e-058	5.82904e-060	2.13611e-061	2.69214e-061	5.55974e-062	7.38311e-063	1.75745e-065	1.19364e-067	2.29944e-070	2.28623e-072	3.77026e-074	
Procubitermes_sp	0	0	0	0	0	0	0	0	0	0	0	0	1	0	0	0	0	0	0	0	0	0	0	0	0	0	0	0	0	0	0	0	0	0	0	0	0	0	0	0	0	0	0	0	0	
N21	1.62011e-027	2.73542e-023	1.82814e-019	1.75441e-016	9.66806e-017	5.63283e-019	5.62319e-020	7.17334e-021	7.26124e-018	1.59587e-013	1.71647e-009	7.18785e-006	0.00762623	0.247297	0.742881	0.00218739	9.87871e-007	1.35994e-010	7.81488e-015	2.25099e-019	3.6861e-024	1.50908e-027	7.14969e-031	2.28257e-032	6.14277e-036	1.1478e-037	1.67357e-041	1.98e-043	1.40104e-047	1.11123e-049	2.93337e-054	1.5749e-056	6.00363e-062	7.8694e-065	1.95384e-070	8.73009e-074	1.60301e-079	2.86869e-083	3.96698e-089	3.72585e-093	3.84506e-099	2.3089e-103	3.6615e-109	7.58946e-112	2.10625e-114	
Tuberculitermes_bycanistes	0	0	0	0	0	0	0	0	0	0	0	0	0	0	1	0	0	0	0	0	0	0	0	0	0	0	0	0	0	0	0	0	0	0	0	0	0	0	0	0	0	0	0	0	0	
Unguitermes_sp	0	0	0	0	0	0	0	0	0	0	0	0	0	0	1	0	0	0	0	0	0	0	0	0	0	0	0	0	0	0	0	0	0	0	0	0	0	0	0	0	0	0	0	0	0	
N22	1.8602e-020	7.60389e-018	1.62596e-015	7.53243e-014	7.40093e-014	2.04791e-014	6.94232e-015	3.29345e-014	2.39728e-011	1.47095e-008	4.64019e-006	0.000642596	0.0310071	0.35947	0.551659	0.0561324	0.00107775	6.48029e-006	1.61721e-008	1.99742e-011	1.3758e-014	5.93896e-018	2.54051e-021	6.75762e-023	2.20682e-025	8.17977e-027	1.72322e-029	3.65596e-031	4.83957e-034	6.16263e-036	4.63858e-039	3.67512e-041	1.36014e-044	6.5421e-047	1.13455e-050	2.70161e-053	2.66662e-057	2.44817e-060	1.60014e-064	8.30766e-068	3.66033e-072	1.36751e-075	4.53334e-080	3.44195e-083	9.4533e-086	
N23	5.36332e-022	1.64444e-019	3.14914e-017	2.68023e-015	2.19492e-014	1.81866e-014	6.85985e-015	1.32038e-014	6.94466e-012	4.55065e-009	1.61642e-006	0.000268105	0.0167672	0.276908	0.635993	0.0686889	0.00136442	8.64235e-006	2.32787e-008	3.17599e-011	2.46674e-014	1.19538e-017	4.30021e-021	3.71389e-023	1.25058e-025	4.58918e-027	1.06099e-029	2.2807e-031	3.53079e-034	4.60432e-036	4.40419e-039	3.58906e-041	1.81145e-044	9.15399e-047	2.15821e-050	5.66725e-053	7.50923e-057	8.195e-060	7.22819e-064	4.44855e-067	2.67178e-071	1.17563e-074	5.21132e-079	3.56068e-082	8.28418e-085	
N24	6.0041e-027	4.57283e-023	3.10284e-019	1.01773e-015	7.35644e-015	2.5583e-016	4.40149e-018	2.9714e-019	6.50487e-016	2.69424e-012	5.70165e-009	5.2368e-006	0.00164504	0.117671	0.838453	0.0419854	0.000239459	3.43105e-007	1.80054e-010	4.30905e-014	5.42286e-018	3.97378e-022	1.86132e-026	2.35785e-030	5.65658e-034	4.5702e-034	2.42837e-034	2.69111e-034	1.15598e-035	2.22598e-036	6.95437e-038	9.22407e-039	2.10793e-040	1.89684e-041	2.62048e-043	1.47118e-044	1.21626e-046	3.47041e-048	1.96579e-050	3.95252e-052	1.60603e-054	2.72389e-056	8.94078e-059	2.27768e-060	1.24559e-061	
N25	1.359e-025	6.61322e-023	1.68112e-019	1.21906e-016	7.77801e-016	4.58847e-017	8.79765e-019	1.76577e-019	3.33874e-016	1.59941e-012	3.90925e-009	4.1011e-006	0.00144707	0.113205	0.843872	0.0412519	0.000219687	2.85923e-007	1.3388e-010	2.82414e-014	3.10594e-018	1.97523e-022	8.26691e-027	1.51801e-028	1.68259e-031	3.4429e-032	2.01786e-035	2.77543e-036	8.2511e-040	8.04227e-041	1.11457e-044	7.93735e-046	4.45574e-050	2.28786e-051	4.38743e-056	1.36367e-057	9.69232e-063	6.93048e-065	3.61928e-070	8.8249e-073	3.67437e-078	4.14766e-081	1.39915e-086	9.6568e-090	2.9583e-092	
Crenetermes_albotarsalis	0	0	0	0	0	0	0	0	0	0	0	0	0	0	1	0	0	0	0	0	0	0	0	0	0	0	0	0	0	0	0	0	0	0	0	0	0	0	0	0	0	0	0	0	0	
Cubitermes_sp	0	0	0	0	0	0	0	0	0	0	0	0	0	0	1	0	0	0	0	0	0	0	0	0	0	0	0	0	0	0	0	0	0	0	0	0	0	0	0	0	0	0	0	0	0	
Thoracotermes_macrothorax	0	0	0	0	0	0	0	0	0	0	0	0	0	0	1	0	0	0	0	0	0	0	0	0	0	0	0	0	0	0	0	0	0	0	0	0	0	0	0	0	0	0	0	0	0	
N26	2.5674e-026	2.03919e-022	1.03435e-018	2.08823e-015	1.40554e-014	7.94716e-016	1.86769e-017	5.23942e-019	3.66818e-016	1.3607e-012	2.71366e-009	2.52041e-006	0.000879987	0.080073	0.889641	0.0292653	0.000138018	1.89039e-007	1.04621e-010	2.83656e-014	4.27318e-018	3.91867e-022	2.38476e-026	3.88452e-030	1.12157e-033	2.49962e-036	6.20209e-040	8.07869e-043	1.3974e-046	1.06042e-049	1.26072e-053	5.59097e-057	4.14803e-061	1.06403e-064	4.13173e-069	5.69246e-073	1.15627e-077	7.17341e-082	8.64284e-087	3.30474e-091	2.47796e-096	6.95056e-101	3.65946e-106	1.3299e-110	9.30173e-115	
N27	1.04243e-026	2.94726e-023	4.44024e-020	1.9848e-017	5.43182e-017	1.17393e-018	1.35634e-019	3.86826e-020	3.56619e-017	1.80537e-013	5.12246e-010	7.03988e-007	0.000379783	0.055217	0.918521	0.0257865	9.53083e-005	1.02288e-007	4.51048e-011	9.93433e-015	1.23837e-018	9.5345e-023	4.9254e-027	4.46041e-030	4.29351e-033	9.94578e-035	6.81828e-038	9.31382e-040	4.48642e-043	3.70892e-045	1.19419e-048	6.144e-051	1.11058e-054	3.67321e-057	2.6274e-061	5.29334e-064	1.11986e-068	4.12057e-072	5.76332e-077	1.02658e-080	9.57627e-086	1.19156e-089	8.00239e-095	2.08599e-098	2.78941e-101	
Nasutitermes_graveolus	0	0	0	0	0	0	0	0	0	0	0	0	0	0	1	0	0	0	0	0	0	0	0	0	0	0	0	0	0	0	0	0	0	0	0	0	0	0	0	0	0	0	0	0	0	
Nasutitermes_triodiae	0	0	0	0	0	0	0	0	0	0	0	0	0	0	1	0	0	0	0	0	0	0	0	0	0	0	0	0	0	0	0	0	0	0	0	0	0	0	0	0	0	0	0	0	0	
N28	1.15343e-026	3.25106e-023	4.88572e-020	2.16868e-017	6.06642e-017	1.23981e-018	1.33194e-019	4.14676e-020	3.96557e-017	1.97799e-013	5.53048e-010	7.48464e-007	0.000396904	0.0565377	0.916782	0.0261847	9.8191e-005	1.06706e-007	4.75977e-011	1.06032e-014	1.33759e-018	1.04335e-022	5.47336e-027	5.50288e-030	5.5811e-033	1.40357e-034	1.01591e-037	1.51786e-039	7.74885e-043	7.07789e-045	2.41728e-048	1.39244e-050	2.66648e-054	1.00253e-056	7.61172e-061	1.76745e-063	4.00269e-068	1.7029e-071	2.59529e-076	5.34625e-080	5.53253e-085	7.99868e-089	6.04216e-094	1.84509e-097	3.02161e-100	
Nasutitermes_longipennis	0	0	0	0	0	0	0	0	0	0	0	0	0	0	1	0	0	0	0	0	0	0	0	0	0	0	0	0	0	0	0	0	0	0	0	0	0	0	0	0	0	0	0	0	0	
Tumulitermes_pastinator	0	0	0	0	0	0	0	0	0	0	0	0	0	0	1	0	0	0	0	0	0	0	0	0	0	0	0	0	0	0	0	0	0	0	0	0	0	0	0	0	0	0	0	0	0	
N29	6.26945e-021	4.02534e-018	1.98645e-015	4.01377e-013	2.9659e-012	1.06575e-012	1.67423e-013	7.78164e-014	1.77302e-011	7.54406e-009	1.85784e-006	0.000232356	0.0123776	0.210984	0.676008	0.0974806	0.00288598	2.94343e-005	1.34873e-007	3.26246e-010	4.64121e-013	4.21254e-016	2.64492e-019	3.64158e-022	8.69499e-025	1.30455e-026	3.00618e-029	2.81483e-031	4.76891e-034	2.73001e-036	3.38466e-039	1.18282e-041	9.92976e-045	2.08311e-047	1.01754e-050	1.21539e-053	3.44754e-057	2.19578e-060	3.87494e-064	1.72687e-067	2.03116e-071	7.31858e-075	6.72196e-079	3.45904e-082	3.16575e-085	
Microcerotermes_boreus	0	0	0	0	0	0	0	0	0	0	0	0	0	0	1	0	0	0	0	0	0	0	0	0	0	0	0	0	0	0	0	0	0	0	0	0	0	0	0	0	0	0	0	0	0	
Microcerotermes_nervosus	0	0	0	0	0	0	0	0	0	0	0	0	0	0	1	0	0	0	0	0	0	0	0	0	0	0	0	0	0	0	0	0	0	0	0	0	0	0	0	0	0	0	0	0	0	
N30	5.23522e-016	3.79195e-014	1.72276e-012	2.03644e-011	2.57695e-011	1.75293e-011	1.2726e-011	1.47124e-010	2.46582e-008	3.19795e-006	0.000225106	0.00751353	0.0997265	0.412809	0.398728	0.0766792	0.00422579	8.92009e-005	8.77603e-007	4.60764e-009	1.42347e-011	3.09221e-014	8.88907e-017	6.0405e-018	6.28359e-020	3.95483e-021	2.71869e-023	9.94392e-025	4.41677e-027	9.74055e-029	2.61503e-031	3.54672e-033	5.35855e-036	4.32821e-038	3.68953e-041	1.58792e-043	8.41943e-047	1.8987e-049	6.57681e-053	9.96346e-056	2.327e-059	2.76158e-062	5.2791e-066	1.3399e-068	8.37938e-071	
N31	1.89468e-018	2.74676e-016	4.3703e-014	3.88115e-012	2.43824e-011	1.2892e-011	3.06918e-012	4.37982e-012	8.39263e-010	1.85823e-007	2.31136e-005	0.00141959	0.0363794	0.302738	0.550753	0.103878	0.00472996	7.7755e-005	5.81261e-007	2.29222e-009	5.28596e-012	7.81135e-015	8.53513e-018	4.88212e-020	2.30852e-022	5.17491e-024	1.82213e-026	2.44467e-028	5.87682e-031	4.81949e-033	7.66388e-036	3.9108e-038	3.88891e-041	1.22868e-043	7.44296e-047	1.40117e-049	5.42933e-053	6.18638e-056	1.60512e-059	1.25257e-062	2.24244e-066	1.34421e-069	1.8447e-073	1.42271e-076	2.0698e-079	
N32	9.97693e-022	6.69259e-019	3.21544e-016	7.42859e-014	4.19004e-013	7.83767e-014	7.11379e-015	1.06024e-015	2.88551e-013	2.76213e-010	1.49205e-007	3.9691e-005	0.00432324	0.142573	0.788194	0.0639335	0.000932186	4.40931e-006	9.01843e-009	9.47009e-012	5.72327e-015	2.1701e-018	5.67558e-022	5.26357e-025	6.88194e-028	6.09044e-030	6.46354e-033	3.47833e-035	2.53389e-038	8.43271e-041	4.07844e-044	8.57574e-047	2.57673e-050	3.41574e-053	6.03484e-057	4.75862e-060	5.10029e-064	2.2e-067	1.56603e-071	4.27576e-075	2.09454e-079	4.18955e-083	1.51233e-087	3.37689e-091	1.39678e-094	
Macrotermes_bellicosus	0	0	0	0	0	0	0	0	0	0	0	0	0	0	1	0	0	0	0	0	0	0	0	0	0	0	0	0	0	0	0	0	0	0	0	0	0	0	0	0	0	0	0	0	0	
Odontotermes_sp	0	0	0	0	0	0	0	0	0	0	0	0	0	0	1	0	0	0	0	0	0	0	0	0	0	0	0	0	0	0	0	0	0	0	0	0	0	0	0	0	0	0	0	0	0	
Pseudacanthotermes_militaris	0	0	0	0	0	0	0	0	0	0	0	0	0	0	1	0	0	0	0	0	0	0	0	0	0	0	0	0	0	0	0	0	0	0	0	0	0	0	0	0	0	0	0	0	0	
N33	2.43237e-021	4.57243e-018	6.2139e-015	3.80513e-012	1.53224e-011	6.20802e-013	1.14616e-014	2.01447e-016	2.12512e-014	2.68597e-011	1.99021e-008	7.67313e-006	0.00131467	0.0771448	0.883787	0.0374252	0.00031945	9.74684e-007	1.377e-009	1.04893e-012	4.76877e-016	1.40453e-019	2.90168e-023	8.4184e-027	3.49512e-030	5.31838e-033	2.48458e-036	2.57197e-039	8.62748e-043	5.58285e-046	1.3295e-049	5.44124e-053	8.88338e-057	2.31173e-060	2.49172e-064	4.15692e-068	2.95232e-072	3.30009e-076	1.57517e-080	1.28872e-084	4.28386e-089	2.79291e-093	7.45938e-098	6.01805e-102	6.54182e-106	
Microtermes_sp	0	0	0	0	0	0	0	0	0	0	0	0	0	0	1	0	0	0	0	0	0	0	0	0	0	0	0	0	0	0	0	0	0	0	0	0	0	0	0	0	0	0	0	0	0	
Protermes_sp	0	0	0	0	0	0	0	0	0	0	0	0	0	0	1	0	0	0	0	0	0	0	0	0	0	0	0	0	0	0	0	0	0	0	0	0	0	0	0	0	0	0	0	0	0	
Schedorhinotermes_lamanianus	0	0	0	0	0	0	0	0	0	0	0	0	1	0	0	0	0	0	0	0	0	0	0	0	0	0	0	0	0	0	0	0	0	0	0	0	0	0	0	0	0	0	0	0	0	
N34	3.30587e-011	6.81202e-010	9.9258e-009	4.25117e-008	2.74785e-008	8.12139e-009	1.34368e-008	2.5186e-007	1.12114e-005	0.000356707	0.00639956	0.0581256	0.238798	0.394373	0.240921	0.0553798	0.00537829	0.000250669	6.25268e-006	9.15096e-008	8.63506e-010	1.9998e-011	7.23994e-013	1.77451e-013	5.08955e-015	7.48753e-016	1.32566e-017	1.19709e-018	1.29668e-020	7.39167e-022	4.85818e-024	1.74256e-025	7.03205e-028	1.52761e-029	3.94872e-032	4.99064e-034	8.70177e-037	6.78529e-039	8.16531e-042	4.50742e-044	3.81639e-047	1.66446e-049	1.31204e-052	1.61725e-054	4.57437e-056	
Coptotermes_acinaciformis	0	0	0	0	0	0	0	0	0	0	0	0	0	0	1	0	0	0	0	0	0	0	0	0	0	0	0	0	0	0	0	0	0	0	0	0	0	0	0	0	0	0	0	0	0	
N35	3.94705e-018	2.31053e-015	1.26433e-012	3.27578e-010	7.80327e-010	3.11561e-011	5.33222e-013	1.48446e-014	2.29245e-012	1.31452e-009	4.34936e-007	7.43212e-005	0.00564598	0.148593	0.79058	0.0543079	0.000793814	4.23068e-006	1.05475e-008	1.42644e-011	1.15551e-014	6.28052e-018	2.59304e-021	1.97716e-024	1.48601e-027	2.28959e-030	1.4295e-033	1.4137e-036	5.99928e-040	3.73811e-043	1.07981e-046	4.35568e-050	8.55094e-054	2.29075e-057	3.06397e-061	5.62718e-065	5.18252e-069	6.8134e-073	4.39463e-077	4.3432e-081	2.0074e-085	1.58351e-089	6.25687e-094	6.33336e-098	8.29642e-102	
Reticulitermes_flavipes	0	0	0	0	0	0	0	0	0	0	0	0	0	0	1	0	0	0	0	0	0	0	0	0	0	0	0	0	0	0	0	0	0	0	0	0	0	0	0	0	0	0	0	0	0	
N36	3.45221e-021	6.8183e-018	7.40022e-015	2.28238e-012	3.72908e-012	3.54709e-014	1.24101e-016	4.27491e-018	2.08091e-015	5.35871e-012	7.51908e-009	4.97795e-006	0.00127716	0.0908628	0.872194	0.0354555	0.000204913	3.47441e-007	2.40492e-010	8.22018e-014	1.57057e-017	1.84545e-021	1.58161e-025	5.3577e-028	4.57793e-031	7.58524e-033	3.95022e-036	4.17124e-038	1.2965e-041	9.16389e-044	1.6461e-047	8.00105e-050	7.88257e-054	2.60606e-056	1.31188e-060	2.64606e-063	6.3006e-068	4.30418e-071	7.18289e-076	2.47661e-079	3.06579e-084	6.57417e-088	6.19079e-093	1.1994e-096	7.5762e-100	
Reticulitermes_lucifugus	0	0	0	0	0	0	0	0	0	0	0	0	0	0	1	0	0	0	0	0	0	0	0	0	0	0	0	0	0	0	0	0	0	0	0	0	0	0	0	0	0	0	0	0	0	
Reticulitermes_urbis	0	0	0	0	0	0	0	0	0	0	0	0	0	0	1	0	0	0	0	0	0	0	0	0	0	0	0	0	0	0	0	0	0	0	0	0	0	0	0	0	0	0	0	0	0	
N37	1.49915e-008	3.39189e-007	2.89464e-006	3.33499e-006	1.26514e-006	1.57488e-006	1.40413e-005	0.000270761	0.00422803	0.0367326	0.158115	0.321759	0.306685	0.138373	0.0300829	0.00344388	0.000264468	1.97794e-005	1.28596e-006	6.40451e-008	2.24281e-009	2.67656e-010	1.09765e-011	1.76008e-012	3.99593e-014	3.46234e-015	4.2875e-017	2.07498e-018	1.50969e-020	4.38601e-022	2.01449e-024	3.76345e-026	1.15542e-028	1.45502e-030	3.04585e-033	2.58243e-035	3.74543e-038	2.15997e-040	2.17785e-043	8.43807e-046	6.00839e-049	1.67871e-051	9.2575e-055	2.97157e-057	1.88555e-059	
N38	3.40328e-009	5.03868e-008	3.62203e-007	8.11622e-007	6.50607e-007	5.64245e-007	5.52713e-006	0.000152834	0.00303144	0.0323413	0.161032	0.345669	0.314138	0.120767	0.0205917	0.00199818	0.000230583	3.59492e-005	4.06037e-006	2.94272e-007	1.42729e-008	1.80846e-009	1.43986e-010	1.22316e-010	6.42085e-012	3.45346e-012	9.60801e-014	2.85805e-014	4.25827e-016	7.01576e-017	5.86576e-019	5.54983e-020	2.77166e-022	1.56814e-023	4.9329e-026	1.70323e-027	3.54102e-030	7.57761e-032	1.08322e-034	1.46006e-036	1.48377e-039	1.31654e-041	9.95265e-045	7.62455e-047	1.10837e-048	
N39	2.32869e-011	6.691e-010	1.70373e-008	9.90241e-008	9.07385e-008	5.72292e-008	5.99022e-007	2.54012e-005	0.000579017	0.00697588	0.0510993	0.227534	0.42645	0.242268	0.0421707	0.00280348	9.04595e-005	1.85833e-006	2.9343e-008	3.60627e-010	3.2924e-012	4.35768e-014	5.6823e-016	9.43517e-018	8.22528e-020	6.88305e-022	2.9555e-024	1.24265e-026	2.67839e-029	5.8314e-032	6.80341e-035	8.27368e-038	5.53636e-041	4.42196e-044	1.77799e-047	1.16474e-050	3.04473e-054	1.95128e-057	3.7835e-061	2.51529e-064	4.50287e-068	3.70227e-071	2.85988e-074	6.39615e-077	1.2287e-079	
N40	1.6714e-010	1.38832e-009	3.09267e-008	3.55002e-007	2.74595e-006	4.37453e-005	0.000853606	0.00581683	0.0171953	0.0257386	0.0231172	0.0480625	0.168457	0.29968	0.260084	0.11763	0.029022	0.00398228	0.000301183	1.233e-005	2.7669e-007	1.07423e-008	4.06035e-010	4.03297e-011	1.0611e-012	5.5424e-014	8.7644e-016	2.51397e-017	2.44239e-019	4.04398e-021	2.40116e-023	2.36711e-025	8.69698e-028	5.31678e-030	1.249e-032	5.19105e-035	8.10599e-038	2.52616e-040	2.73558e-043	6.87968e-046	5.39818e-049	1.19774e-051	1.4351e-054	9.22082e-057	7.51422e-059	
Bifiditermes_improbus	0	0	0	0	0	0	0	0	0	0	0	1	0	0	0	0	0	0	0	0	0	0	0	0	0	0	0	0	0	0	0	0	0	0	0	0	0	0	0	0	0	0	0	0	0	
Neotermes_insularis	0	0	0	0	0	0	0	0	0	0	0	0	0	0	0	0	0	0	0	1	0	0	0	0	0	0	0	0	0	0	0	0	0	0	0	0	0	0	0	0	0	0	0	0	0	
N41	1.26113e-014	2.2027e-012	2.33032e-010	1.81201e-009	7.13254e-010	5.74685e-010	1.11499e-008	8.36448e-007	4.95394e-005	0.00160798	0.0274472	0.206222	0.475571	0.256943	0.0311601	0.000987997	1.0294e-005	4.45052e-008	9.73351e-011	1.34169e-013	1.16934e-016	4.25179e-019	2.92008e-022	2.34716e-024	8.13275e-028	3.94106e-030	8.08008e-034	2.46811e-036	3.35801e-040	6.95989e-043	6.16486e-047	8.37564e-050	4.77505e-054	4.05131e-057	1.5433e-061	8.08966e-065	2.16044e-069	7.18257e-073	1.40336e-077	3.15499e-081	4.69756e-086	7.89004e-090	9.64877e-095	1.72119e-098	4.99694e-102	
N42	1.2659e-013	4.99837e-012	9.75232e-011	4.08113e-010	4.38101e-010	1.77645e-009	3.06278e-008	1.38229e-006	6.85826e-005	0.00204645	0.0309123	0.201066	0.443684	0.271514	0.0477158	0.002916	7.46096e-005	9.25922e-007	6.23983e-009	2.62837e-011	1.16487e-013	2.6736e-014	5.75926e-016	1.67315e-016	2.07654e-018	3.78441e-019	2.78173e-021	3.31178e-022	1.38989e-024	1.08167e-025	2.35689e-028	1.10485e-029	1.29613e-032	3.04427e-034	2.2675e-037	2.45021e-039	1.27085e-042	7.38143e-045	2.69093e-048	1.04386e-050	2.67733e-054	8.09354e-057	3.13008e-060	1.00449e-061	4.69932e-063	
N43	1.28747e-013	1.073e-011	4.35218e-010	4.04684e-008	2.59713e-007	3.52282e-007	2.58891e-007	3.834e-006	0.000314048	0.00815975	0.079509	0.302525	0.419296	0.175363	0.0145646	0.000262364	1.70192e-006	5.12185e-009	8.31044e-012	8.05283e-015	5.03112e-018	2.57259e-021	1.51101e-024	4.39998e-027	5.20713e-030	1.45324e-032	1.21957e-035	2.08425e-038	1.20738e-041	1.28249e-044	4.97849e-048	3.31938e-051	8.3844e-055	3.54505e-058	5.86852e-062	1.64475e-065	1.82507e-069	3.67374e-073	2.81379e-077	4.38976e-081	2.39727e-085	3.11406e-089	1.65415e-093	3.97775e-097	1.38759e-100	
N44	1.26601e-014	1.48409e-012	2.63685e-010	2.78762e-008	1.31051e-007	8.50924e-008	2.89734e-008	1.41726e-007	1.61219e-005	0.000955591	0.0208444	0.166408	0.446409	0.325832	0.0387397	0.000790849	5.12309e-006	3.12631e-008	2.64778e-010	7.34932e-011	3.81223e-013	5.51213e-014	1.11564e-016	8.62964e-018	6.72313e-021	2.65534e-022	1.06239e-025	2.17867e-027	5.31351e-031	5.80709e-033	9.5445e-037	5.71613e-039	6.72618e-043	2.29994e-045	2.00492e-049	4.18396e-052	2.74623e-056	3.79716e-059	1.88947e-063	1.87763e-066	7.45354e-071	1.25732e-073	1.14374e-076	2.33045e-078	3.70986e-080	
Cryptotermes_austrinus	0	0	0	0	0	0	0	0	0	0	0	0	0	1	0	0	0	0	0	0	0	0	0	0	0	0	0	0	0	0	0	0	0	0	0	0	0	0	0	0	0	0	0	0	0	
Cryptotermes_queenslandis	0	0	0	0	0	0	0	0	0	0	0	0	0	0	1	0	0	0	0	0	0	0	0	0	0	0	0	0	0	0	0	0	0	0	0	0	0	0	0	0	0	0	0	0	0	
Cryptotermes_primus	0	0	0	0	0	0	0	0	1	0	0	0	0	0	0	0	0	0	0	0	0	0	0	0	0	0	0	0	0	0	0	0	0	0	0	0	0	0	0	0	0	0	0	0	0	
Incisitermes_sp	0	0	0	0	0	0	0	0	0	0	0	0	0	0	1	0	0	0	0	0	0	0	0	0	0	0	0	0	0	0	0	0	0	0	0	0	0	0	0	0	0	0	0	0	0	
N45	2.13084e-015	2.34793e-013	1.9314e-011	2.41055e-010	4.76886e-010	1.90435e-009	2.80566e-008	1.00465e-006	4.06173e-005	0.00113111	0.0215878	0.189807	0.479084	0.273105	0.03416	0.00107378	1.0213e-005	3.52762e-008	5.17339e-011	3.86917e-014	2.3951e-017	6.25719e-019	1.19679e-021	3.39792e-023	2.82184e-026	4.20891e-028	1.67487e-031	1.42224e-033	2.89847e-037	1.44942e-039	1.52021e-043	4.2953e-046	2.45259e-050	3.55103e-053	1.23665e-057	8.66105e-061	2.00741e-065	7.17056e-069	1.14511e-073	2.38515e-077	2.64243e-082	3.69983e-086	3.77699e-091	2.65508e-094	4.36714e-097	
N46	3.55228e-014	1.14818e-012	2.30495e-011	1.81096e-010	1.14465e-009	1.32909e-008	1.60803e-007	1.97073e-006	5.14802e-005	0.00147388	0.0245048	0.178463	0.432822	0.296058	0.0617335	0.00473441	0.000154388	2.44084e-006	2.09071e-008	1.1453e-010	7.70273e-013	2.4331e-013	6.54194e-015	2.17859e-015	3.47961e-017	7.47407e-018	7.72446e-020	1.10303e-020	6.65653e-023	6.21287e-024	1.89818e-026	1.05247e-027	1.71407e-030	4.64737e-032	4.81783e-035	5.96697e-037	4.27543e-040	2.93497e-042	1.4547e-045	6.97326e-048	2.40241e-051	9.31782e-054	6.18552e-057	2.85345e-058	1.66813e-059	
Cryptotermes_brevis	0	0	0	0	0	0	0	0	0	0	0	1	0	0	0	0	0	0	0	0	0	0	0	0	0	0	0	0	0	0	0	0	0	0	0	0	0	0	0	0	0	0	0	0	0	
Cryptotermes_cynocephalus	0	0	0	0	0	0	0	0	0	0	0	0	0	0	0	1	0	0	0	0	0	0	0	0	0	0	0	0	0	0	0	0	0	0	0	0	0	0	0	0	0	0	0	0	0	
N47	8.23157e-015	3.35186e-013	1.67223e-011	2.53033e-010	1.52356e-009	1.50333e-008	2.70281e-007	8.41564e-006	0.000165122	0.00211292	0.0255111	0.187814	0.457168	0.281121	0.0439291	0.00213018	3.91786e-005	3.18353e-007	1.284e-009	2.84868e-012	4.29673e-015	2.92102e-016	4.01178e-018	9.48807e-019	7.04507e-021	9.46741e-022	3.53523e-024	2.88546e-025	5.09722e-028	2.58358e-029	2.09401e-032	6.15111e-034	2.54029e-037	3.65209e-039	9.31934e-043	5.93104e-045	1.04975e-048	3.26341e-051	4.10283e-055	7.60867e-058	6.74596e-062	8.95097e-065	9.15869e-069	1.19325e-070	2.81953e-072	
N48	1.75717e-013	5.2623e-012	2.06399e-010	1.75889e-008	1.35085e-006	4.72476e-005	0.000507871	0.00220469	0.00459135	0.00920272	0.0511348	0.207109	0.370457	0.264645	0.0786729	0.0107006	0.000702946	2.24998e-005	3.49055e-007	2.91418e-009	1.46937e-011	1.38542e-013	2.49287e-015	3.32641e-016	5.43286e-018	4.19098e-019	4.48636e-021	2.01812e-022	1.35619e-024	3.6607e-026	1.41416e-028	2.27251e-030	4.93925e-033	4.38089e-035	5.91303e-038	2.93433e-040	2.61146e-043	8.55329e-046	5.16055e-049	1.29039e-051	5.45335e-055	1.14347e-057	5.90856e-061	5.04913e-063	6.83812e-065	
Cryptotermes_domesticus	0	0	0	0	0	0	0	0	1	0	0	0	0	0	0	0	0	0	0	0	0	0	0	0	0	0	0	0	0	0	0	0	0	0	0	0	0	0	0	0	0	0	0	0	0	
Procryptotermes_australiensis	0	0	0	0	0	0	0	0	0	0	0	0	0	0	0	0	0	1	0	0	0	0	0	0	0	0	0	0	0	0	0	0	0	0	0	0	0	0	0	0	0	0	0	0	0	
N49	3.12133e-014	4.80294e-012	5.2877e-010	1.67602e-008	6.93899e-009	9.00484e-010	8.19073e-011	5.84963e-010	1.03863e-007	1.24494e-005	0.000796292	0.023322	0.24816	0.624152	0.0996006	0.00389835	5.82904e-005	4.17396e-007	1.64493e-009	3.96415e-012	6.40775e-015	1.22653e-017	3.0775e-020	2.41878e-022	6.97459e-025	3.9296e-027	7.924e-030	2.8214e-032	3.94669e-035	8.93439e-038	8.41077e-041	1.2174e-043	7.55833e-047	7.13707e-050	2.95499e-053	1.93884e-056	5.4937e-060	2.71861e-063	5.45535e-067	2.18387e-070	3.22331e-074	1.13041e-077	2.0055e-081	1.57692e-084	1.62363e-087	
Cryptotermes_dudleyi	0	0	0	0	0	0	0	0	0	0	0	0	0	1	0	0	0	0	0	0	0	0	0	0	0	0	0	0	0	0	0	0	0	0	0	0	0	0	0	0	0	0	0	0	0	
Cryptotermes_secundus	0	0	0	0	0	0	0	0	0	0	0	0	0	1	0	0	0	0	0	0	0	0	0	0	0	0	0	0	0	0	0	0	0	0	0	0	0	0	0	0	0	0	0	0	0	
Kalotermes_flavicollis	0	0	0	0	0	0	0	0	0	0	0	0	0	0	0	0	0	0	0	0	0	0	0	0	0	0	0	1	0	0	0	0	0	0	0	0	0	0	0	0	0	0	0	0	0	
N50	1.68277e-011	7.26573e-010	3.08782e-008	5.63091e-007	1.05476e-006	2.38824e-007	2.64331e-008	2.20312e-008	8.44273e-007	3.54121e-005	0.00092266	0.0137047	0.104939	0.355365	0.410469	0.104899	0.00927965	0.000374508	8.12817e-006	1.10402e-007	1.04714e-009	1.12524e-011	1.15045e-013	1.77442e-015	1.57997e-017	1.68028e-019	9.94988e-022	6.77187e-024	2.69495e-026	1.22351e-028	3.35215e-031	1.05949e-033	2.0458e-036	4.69667e-039	6.54522e-042	1.13904e-044	1.17328e-047	1.61316e-050	1.25726e-053	1.42114e-056	8.77358e-060	9.17794e-063	7.57179e-066	1.4398e-068	3.27575e-071	
Glyptotermes_brevicornis	0	0	0	0	0	0	0	0	0	0	0	0	0	0	1	0	0	0	0	0	0	0	0	0	0	0	0	0	0	0	0	0	0	0	0	0	0	0	0	0	0	0	0	0	0	
Glyptotermes_iridipennis	0	0	0	0	0	0	0	0	0	0	0	0	0	0	1	0	0	0	0	0	0	0	0	0	0	0	0	0	0	0	0	0	0	0	0	0	0	0	0	0	0	0	0	0	0	
N51	1.6145e-006	3.59177e-006	1.69231e-005	0.00013742	0.00171209	0.0171457	0.0856091	0.161066	0.138739	0.0665263	0.0316949	0.0523909	0.103507	0.135971	0.114974	0.0627681	0.0220491	0.00493513	0.000689049	5.97607e-005	3.21864e-006	1.43973e-007	5.60032e-009	3.36402e-010	1.25438e-011	5.76835e-013	1.40495e-014	4.03944e-016	6.45174e-018	1.21658e-019	1.32543e-021	1.72435e-023	1.32419e-025	1.24116e-027	6.89789e-030	4.83459e-032	1.98705e-034	1.07793e-036	3.34007e-039	1.45028e-041	3.48798e-044	1.30877e-046	3.35984e-049	1.94098e-051	1.54579e-053	
Stolotermes_sp	0	0	0	0	0	0	0	0	0	1	0	0	0	0	0	0	0	0	0	0	0	0	0	0	0	0	0	0	0	0	0	0	0	0	0	0	0	0	0	0	0	0	0	0	0	
N52	2.30515e-011	4.4476e-012	2.84548e-010	4.80825e-008	5.01061e-006	0.000264068	0.00379923	0.000570812	2.51328e-005	5.39462e-007	6.52227e-009	2.69728e-010	9.74896e-009	6.43488e-007	2.70916e-005	0.000692677	0.0100696	0.0785178	0.279355	0.532326	0.0845735	0.00949137	0.000273229	8.22769e-006	8.18043e-008	9.86621e-010	4.55878e-012	2.7546e-014	6.90899e-017	2.39288e-019	3.58466e-022	7.82137e-025	7.47531e-028	1.10551e-030	7.07841e-034	7.52951e-037	3.35595e-040	2.70068e-043	8.64391e-047	5.4981e-050	1.34659e-053	8.25413e-057	4.45682e-060	7.14311e-063	1.16184e-065	
Zootermopsis_angusticollis	0	0	0	0	0	0	0	0	0	0	0	0	0	0	0	0	0	0	0	1	0	0	0	0	0	0	0	0	0	0	0	0	0	0	0	0	0	0	0	0	0	0	0	0	0	
Zootermopsis_nevadensis	0	0	0	0	0	0	0	0	0	0	0	0	0	0	0	0	0	0	0	1	0	0	0	0	0	0	0	0	0	0	0	0	0	0	0	0	0	0	0	0	0	0	0	0	0	
N53	2.06965e-005	8.79559e-005	0.000337354	0.000754461	0.00114789	0.00250885	0.00880651	0.0285104	0.068851	0.122326	0.165076	0.181615	0.163054	0.128109	0.0769714	0.0364372	0.0113443	0.00287261	0.000490932	0.000396987	8.4055e-005	0.000138771	2.26204e-005	2.86517e-005	3.48681e-006	3.28647e-006	3.05588e-007	2.15031e-007	1.60936e-008	8.95346e-009	5.56596e-010	2.53608e-010	1.48498e-011	6.94829e-012	4.06321e-013	1.74706e-013	9.98206e-015	4.1125e-015	1.90927e-016	5.26924e-017	1.85262e-018	4.57686e-019	1.71816e-020	1.12051e-020	1.38752e-020	
Mastotermes_darwiniensis	0	0	0	0	0	0	0	0	0	0	0	0	0	0	0	0	0	0	0	0	0	0	0	0	0	0	0	0	0	0	0	0	0	0	0	0	0	0	0	0	0	0	1	0	0	
Porotermes_adamsoni	0	0	0	0	0	0	0	0	0	0	0	0	0	1	0	0	0	0	0	0	0	0	0	0	0	0	0	0	0	0	0	0	0	0	0	0	0	0	0	0	0	0	0	0	0	
N54	0.0163009	0.0437901	0.121883	0.243545	0.294137	0.193072	0.0677711	0.0147702	0.00307902	0.0010468	0.000424421	0.000139971	3.4245e-005	6.22516e-006	8.3639e-007	8.63863e-008	6.76021e-009	4.47253e-010	2.31804e-011	1.15928e-012	4.3719e-014	1.67017e-015	4.44599e-017	1.20495e-018	2.21023e-020	4.18825e-022	5.36785e-024	7.29309e-026	6.72138e-028	6.79794e-030	4.64585e-032	3.63292e-034	1.90239e-036	1.19631e-038	4.95938e-041	2.59298e-043	8.85305e-046	4.00049e-048	1.16994e-050	4.73801e-053	1.3584e-055	6.12825e-058	2.67931e-060	1.69085e-062	1.22892e-064	
N55	0.0332644	0.0972361	0.242999	0.328973	0.214728	0.0693406	0.0120383	0.00130008	0.000110709	9.11505e-006	6.84213e-007	4.04358e-008	1.75753e-009	5.57471e-011	1.30009e-012	2.27019e-014	3.01538e-016	3.12704e-018	2.57296e-020	1.73183e-022	9.57421e-025	4.48766e-027	1.74362e-029	6.05453e-032	1.74063e-034	6.15012e-037	1.80788e-039	1.28055e-041	4.45119e-044	3.64395e-046	1.09694e-048	7.41136e-051	1.82434e-053	9.94051e-056	1.99849e-058	8.85002e-061	1.46548e-063	5.34959e-066	7.34904e-069	2.23952e-071	2.59536e-074	6.81102e-077	7.42853e-080	2.15332e-082	6.40006e-085	
Cryptocercus_primarius	0	0	0	1	0	0	0	0	0	0	0	0	0	0	0	0	0	0	0	0	0	0	0	0	0	0	0	0	0	0	0	0	0	0	0	0	0	0	0	0	0	0	0	0	0	
Cryptocercus_relictus	0	0	1	0	0	0	0	0	0	0	0	0	0	0	0	0	0	0	0	0	0	0	0	0	0	0	0	0	0	0	0	0	0	0	0	0	0	0	0	0	0	0	0	0	0	
Cryptocercus_punctulatus	0	0	0	0	0	0	0	0	0	0	0	0	0	0	0	0	0	1	0	0	0	0	0	0	0	0	0	0	0	0	0	0	0	0	0	0	0	0	0	0	0	0	0	0	0	
N56	0.0119338	0.0250097	0.0605011	0.127766	0.204149	0.233192	0.185576	0.101642	0.0381799	0.00995343	0.00182594	0.000244213	2.42661e-005	1.9902e-006	1.36291e-007	1.14327e-008	8.52949e-010	9.06327e-011	6.13641e-012	5.23472e-013	2.60928e-014	1.60383e-015	5.73641e-017	2.55976e-018	6.60878e-020	2.2e-021	4.15382e-023	1.06596e-024	1.50045e-026	3.09027e-028	3.30896e-030	5.67018e-032	4.82407e-034	7.46229e-036	5.3431e-038	7.79156e-040	5.69079e-042	9.55627e-044	6.86823e-046	1.03864e-047	8.75375e-050	1.56059e-051	1.83922e-053	3.97124e-055	1.02395e-056	
N57	0.000104845	0.000215981	0.00091043	0.00513326	0.0364851	0.160986	0.332432	0.29898	0.126066	0.0309821	0.00610104	0.00133291	0.000232155	3.39123e-005	2.93477e-006	2.46823e-007	1.06708e-008	4.68734e-010	1.00266e-011	2.28613e-013	2.59668e-015	3.34327e-017	2.1872e-019	1.72554e-021	7.0016e-024	3.67035e-026	9.74343e-029	3.58284e-031	6.64764e-034	1.88761e-036	2.55613e-039	5.74381e-042	6.43386e-045	1.36782e-047	1.26659e-050	2.19965e-053	1.93542e-056	3.35559e-059	2.34045e-062	3.0008e-065	2.01154e-068	2.69637e-071	1.98695e-074	3.02915e-077	4.92907e-080	
N58	6.574e-006	8.83889e-006	9.04863e-005	0.00183558	0.0281601	0.193594	0.421015	0.269507	0.0652748	0.0129408	0.00494917	0.0020097	0.000520226	8.03443e-005	7.34369e-006	5.92009e-007	3.02872e-008	5.79085e-009	2.00396e-010	2.79326e-011	4.39807e-013	2.87468e-014	2.21048e-016	7.32666e-018	3.07788e-020	5.6575e-022	1.41082e-024	1.52961e-026	2.43678e-029	1.69088e-031	1.8082e-034	8.39305e-037	6.34588e-040	2.1971e-042	1.22368e-045	3.16712e-048	1.4208e-051	3.92522e-054	1.34144e-057	2.91124e-060	1.72661e-063	1.05014e-065	4.78565e-069	2.83977e-071	2.04576e-073	
N59	3.19172e-007	1.37339e-006	1.75746e-005	0.000549148	0.0148908	0.15497	0.428549	0.309294	0.0742837	0.0123519	0.00366842	0.00119327	0.00021141	1.80468e-005	7.748e-007	2.07431e-008	3.90643e-010	8.82698e-012	9.49764e-014	1.06728e-015	4.34464e-018	1.75516e-020	3.04057e-023	5.09747e-026	4.24234e-029	4.73716e-032	2.29184e-035	6.13987e-038	2.59006e-041	1.05085e-043	3.23743e-047	9.4877e-050	2.06939e-053	4.21598e-056	6.69421e-060	9.71733e-063	1.2443e-066	1.52192e-069	1.58735e-073	1.65444e-076	2.14878e-080	2.93596e-083	2.69348e-087	2.81042e-090	2.19775e-093	
N60	1.02915e-007	5.51634e-007	1.73428e-005	0.000878312	0.0232478	0.207328	0.449901	0.253333	0.0489222	0.0100695	0.00436258	0.00157185	0.000328454	3.7219e-005	2.30567e-006	1.45615e-007	7.04208e-009	3.30912e-009	8.60283e-011	1.88699e-011	1.73373e-013	1.54937e-014	6.42518e-017	2.59238e-018	6.07205e-021	1.35413e-022	2.13627e-025	3.41774e-027	3.90819e-030	4.5138e-032	3.68474e-035	2.74639e-037	1.59753e-040	7.70175e-043	3.22607e-046	1.07249e-048	3.51319e-052	1.45768e-054	3.57774e-058	1.53751e-060	1.65654e-063	2.70632e-065	7.78577e-069	7.66763e-071	1.04644e-072	
Blatta_orientalis	0	0	0	0	0	0	0	0	0	0	0	0	0	0	0	0	0	1	0	0	0	0	0	0	0	0	0	0	0	0	0	0	0	0	0	0	0	0	0	0	0	0	0	0	0	
N61	7.54248e-007	1.37326e-006	9.81646e-006	0.000352059	0.00905075	0.100101	0.3769	0.398835	0.102978	0.0108408	0.000867955	6.00754e-005	2.67746e-006	6.89408e-008	1.06229e-009	1.23156e-011	1.41586e-013	2.09883e-015	1.89805e-017	1.60696e-019	6.95227e-022	2.65503e-024	5.82547e-027	1.42937e-029	1.84889e-032	5.50079e-035	6.93425e-038	3.75051e-040	5.32372e-043	2.86293e-045	3.3332e-048	1.35578e-050	1.18253e-053	3.49394e-056	2.28525e-059	5.04916e-062	2.69052e-065	5.37271e-068	2.65697e-071	5.8608e-074	3.95023e-077	1.03646e-079	5.41603e-083	1.17611e-085	2.32858e-088	
Periplaneta_australasiae	0	0	0	0	0	0	0	1	0	0	0	0	0	0	0	0	0	0	0	0	0	0	0	0	0	0	0	0	0	0	0	0	0	0	0	0	0	0	0	0	0	0	0	0	0	
Periplaneta_fuliginosa	0	0	0	0	0	0	0	1	0	0	0	0	0	0	0	0	0	0	0	0	0	0	0	0	0	0	0	0	0	0	0	0	0	0	0	0	0	0	0	0	0	0	0	0	0	
N62	1.52882e-006	1.01625e-005	6.83693e-005	0.000405522	0.00396482	0.0439114	0.218061	0.392751	0.258977	0.0710385	0.00982206	0.000920118	6.5174e-005	3.50096e-006	1.10873e-007	8.35869e-009	1.95579e-010	1.57522e-011	1.82045e-013	7.35628e-015	4.40319e-017	8.79113e-019	3.07436e-021	3.55404e-023	7.92262e-026	6.53568e-028	1.07806e-030	8.10119e-033	1.27979e-035	9.99809e-038	1.52078e-040	9.90014e-043	1.23458e-045	6.406e-048	5.84641e-051	2.40152e-053	2.61597e-056	2.26839e-058	1.3829e-061	6.8077e-064	9.96346e-067	9.60116e-069	5.3085e-072	2.61388e-074	1.80216e-076	
Periplaneta_americana	0	0	0	0	0	0	0	0	0	0	1	0	0	0	0	0	0	0	0	0	0	0	0	0	0	0	0	0	0	0	0	0	0	0	0	0	0	0	0	0	0	0	0	0	0	
Periplaneta_brunnea	0	0	0	0	0	0	0	1	0	0	0	0	0	0	0	0	0	0	0	0	0	0	0	0	0	0	0	0	0	0	0	0	0	0	0	0	0	0	0	0	0	0	0	0	0	
Deropeltis_erythrocephala	0	0	0	0	0	0	0	0	0	0	0	0	0	0	0	0	0	0	1	0	0	0	0	0	0	0	0	0	0	0	0	0	0	0	0	0	0	0	0	0	0	0	0	0	0	
N63	3.16538e-005	0.000101034	0.000237188	0.000655637	0.00408537	0.0281169	0.118853	0.268085	0.314111	0.191449	0.0613831	0.0113267	0.00131874	0.000217984	2.28303e-005	5.2861e-006	3.25714e-007	4.11666e-008	1.31317e-009	8.7025e-011	1.53719e-012	5.73391e-014	6.01193e-016	1.38884e-017	9.1933e-020	1.45543e-021	6.46412e-024	7.64883e-026	2.46499e-028	2.43257e-030	6.18381e-033	5.37304e-035	1.44088e-037	1.8587e-039	4.02895e-042	3.96877e-044	1.37454e-046	2.12231e-048	3.56435e-051	2.58015e-053	6.62116e-056	7.56107e-058	1.1846e-060	9.51533e-063	9.917e-065	
N64	3.84876e-006	1.17242e-005	2.26165e-005	0.000135086	0.00026948	0.000259938	0.000719734	0.0714411	0.279214	0.375039	0.215029	0.053199	0.00464066	1.41856e-005	1.71277e-008	1.31722e-011	7.4088e-015	5.85384e-018	2.97275e-021	1.9975e-024	6.55082e-028	2.70474e-031	5.54568e-035	1.45075e-038	1.93598e-042	3.39673e-046	3.05967e-050	3.79508e-054	2.38173e-058	2.1944e-062	9.87304e-067	7.06434e-071	2.34999e-075	1.36952e-079	3.48326e-084	1.71875e-088	3.62706e-093	1.74149e-097	3.34561e-102	1.61351e-106	4.14257e-111	2.9393e-115	1.45445e-119	1.29707e-123	1.04129e-127	
Eurycotis_floridana	0	0	0	0	0	0	0	1	0	0	0	0	0	0	0	0	0	0	0	0	0	0	0	0	0	0	0	0	0	0	0	0	0	0	0	0	0	0	0	0	0	0	0	0	0	
Pelmatosilpha_sp	0	0	0	0	0	0	0	0	0	0	0	0	1	0	0	0	0	0	0	0	0	0	0	0	0	0	0	0	0	0	0	0	0	0	0	0	0	0	0	0	0	0	0	0	0	
Periplaneta_japonica	0	0	0	0	0	0	0	0	0	0	1	0	0	0	0	0	0	0	0	0	0	0	0	0	0	0	0	0	0	0	0	0	0	0	0	0	0	0	0	0	0	0	0	0	0	
Lamproblatta_albipalpus	0	0	1	0	0	0	0	0	0	0	0	0	0	0	0	0	0	0	0	0	0	0	0	0	0	0	0	0	0	0	0	0	0	0	0	0	0	0	0	0	0	0	0	0	0	
N65	0.00194928	0.00427009	0.0128117	0.0413723	0.11298	0.221727	0.279964	0.210253	0.0894013	0.0218195	0.00305547	0.000357903	2.94913e-005	8.57083e-006	6.41688e-007	1.54985e-007	6.61317e-009	9.02635e-010	2.22602e-011	1.756e-012	2.58533e-014	1.20049e-015	1.08526e-017	3.04742e-019	1.74188e-021	3.18198e-023	1.1711e-025	1.49365e-027	3.91257e-030	5.28379e-032	1.04024e-034	1.17867e-036	4.15505e-039	1.14908e-040	1.88869e-043	1.84827e-045	5.66622e-048	1.17111e-049	1.36618e-052	8.95091e-055	1.85715e-057	2.7436e-059	2.71246e-062	2.00299e-064	2.23446e-066	
N66	0.00212644	0.0053273	0.0125073	0.0239944	0.046097	0.100375	0.192493	0.256167	0.21399	0.108144	0.0322417	0.00582913	0.000647009	5.69009e-005	3.76965e-006	3.39854e-007	1.78901e-008	1.1775e-009	3.62176e-011	1.35178e-012	2.37011e-014	5.17052e-016	5.37922e-018	7.27532e-020	4.69029e-022	4.1847e-024	1.73953e-026	1.08434e-028	3.03557e-031	1.41708e-033	2.78717e-036	1.02932e-038	1.59752e-041	5.68605e-044	7.64757e-047	2.48631e-049	3.74745e-052	1.39368e-054	1.65923e-057	4.35773e-060	5.47889e-063	1.58393e-065	2.15261e-068	6.76615e-071	2.25319e-073	
N67	0.000863525	0.0043888	0.0155649	0.0240635	0.0246054	0.0456544	0.116661	0.215693	0.258867	0.190836	0.080482	0.0193556	0.0026355	0.000302679	2.31793e-005	4.27039e-006	2.40759e-007	3.26649e-008	8.89561e-010	5.84921e-011	7.96046e-013	2.71736e-014	2.03387e-016	3.93343e-018	1.75379e-020	2.07493e-022	5.84147e-025	4.4928e-027	8.40769e-030	4.54363e-032	5.82753e-035	2.29196e-037	2.23921e-040	8.81321e-043	6.45421e-046	2.0113e-048	2.00022e-051	1.24287e-053	6.95684e-057	1.9224e-059	1.76353e-062	9.23378e-065	5.20785e-068	2.00675e-070	9.86094e-073	
N68	4.17718e-005	0.000390777	0.00183576	0.00303674	0.00420037	0.0123616	0.0442764	0.103185	0.180396	0.251612	0.219364	0.113344	0.0321014	0.0201916	0.00548904	0.00672351	0.000956167	0.000466746	2.30966e-005	3.9629e-006	7.52573e-008	5.18756e-009	4.39981e-011	1.39371e-012	5.99742e-015	9.85527e-017	2.35955e-019	2.20895e-021	3.21612e-024	2.04971e-026	1.87981e-029	8.17152e-032	7.32043e-035	6.64034e-037	3.56993e-040	1.43099e-042	1.67497e-045	1.72561e-047	6.36434e-051	1.7092e-053	1.36163e-056	9.83543e-059	3.00792e-062	9.55503e-065	4.76987e-067	
N69	1.39704e-006	1.78822e-005	6.16674e-005	8.71257e-005	0.000196499	0.000795175	0.00596105	0.0354422	0.128699	0.269926	0.296923	0.166657	0.0545846	0.0213095	0.0101027	0.00683993	0.00183973	0.000512211	3.8759e-005	5.08563e-006	1.25455e-007	9.87756e-009	1.08984e-010	5.31849e-012	4.43619e-014	2.6978e-015	3.1176e-017	1.84889e-018	1.4832e-020	5.28123e-022	2.50529e-024	5.29077e-026	1.79604e-028	3.24192e-030	7.30522e-033	8.12451e-035	1.66761e-037	1.96886e-039	2.2444e-042	1.16559e-044	1.14177e-047	7.31313e-050	4.33907e-053	1.61988e-055	9.27067e-058	
N70	4.53475e-007	3.46344e-006	8.71833e-006	1.83182e-005	6.24018e-005	0.000377649	0.00329828	0.0241752	0.112913	0.274385	0.313631	0.170628	0.0545304	0.0207096	0.0123782	0.00836007	0.00340362	0.000943975	0.000129923	3.80886e-005	2.72854e-006	1.97142e-006	6.6956e-008	2.55287e-008	4.12275e-010	7.856e-011	6.59578e-013	6.73055e-014	3.17625e-016	1.81708e-017	5.18254e-020	1.73578e-021	3.36658e-024	7.82579e-026	1.0648e-028	1.66633e-030	1.76141e-033	2.31958e-035	1.77001e-038	1.37754e-040	8.13551e-044	5.66665e-046	2.72743e-049	2.09155e-051	4.2513e-053	
N71	1.79332e-008	1.44982e-007	7.30121e-007	3.28277e-006	1.95438e-005	0.000125831	0.00123225	0.0169466	0.120732	0.322687	0.316028	0.128207	0.0335592	0.0149065	0.0101329	0.0103765	0.0108687	0.00741028	0.00301381	0.00167051	0.000665035	0.00101686	0.000225045	0.000154747	1.37158e-005	3.78636e-006	1.37345e-007	1.58597e-008	2.52236e-010	1.30659e-011	1.00266e-013	2.54131e-015	1.04526e-017	1.44995e-019	3.4675e-022	2.84691e-024	4.23392e-027	2.25136e-029	2.18453e-032	7.73996e-035	5.03491e-038	1.30674e-040	1.03057e-043	8.63973e-046	1.05872e-047	
N72	9.35125e-009	6.09508e-008	4.32704e-007	4.06284e-006	3.10703e-005	0.000147919	0.000832374	0.0108863	0.0916285	0.293235	0.33832	0.160544	0.0445833	0.0154098	0.00865358	0.00939945	0.0109145	0.00799935	0.00361173	0.00177776	0.000876619	0.000810426	0.00022695	9.5194e-005	1.01354e-005	1.60574e-006	6.74962e-008	3.95976e-009	7.20993e-011	1.70264e-012	1.47876e-014	1.96885e-016	8.65197e-019	3.02402e-020	9.07957e-023	9.6876e-024	2.11036e-026	1.7582e-027	2.68959e-030	1.53344e-031	1.71054e-034	6.78141e-036	7.66974e-039	4.48703e-040	3.31766e-041	
N73	4.31491e-010	3.38967e-008	1.90617e-006	1.98404e-005	2.83319e-005	1.46118e-005	4.0526e-005	0.000264648	0.00100141	0.0047896	0.0391245	0.185976	0.365041	0.275487	0.0944539	0.0242923	0.00715101	0.00187876	0.000368138	5.8989e-005	7.02903e-006	5.68914e-007	2.86909e-008	8.99994e-010	1.70836e-011	2.08315e-013	1.61716e-015	8.36854e-018	2.94064e-020	7.36323e-023	1.31442e-025	1.82263e-028	1.85326e-031	1.80704e-034	1.2595e-037	1.60462e-040	1.29204e-043	3.53655e-046	4.62041e-049	1.79121e-051	5.79145e-054	3.54347e-056	1.83735e-058	8.04105e-061	2.94737e-063	
N74	1.00264e-011	1.78864e-009	1.25723e-007	8.58226e-007	5.72752e-007	2.55934e-007	3.67421e-007	3.17445e-006	5.5315e-005	0.00116974	0.0217313	0.170269	0.420214	0.299107	0.0758806	0.0100891	0.00117801	0.000238081	5.42232e-005	7.19181e-006	4.88288e-007	1.68755e-008	2.98299e-010	2.77199e-012	1.38245e-014	3.88536e-017	6.29159e-020	9.36338e-023	9.30858e-026	6.8905e-028	5.92555e-031	3.79033e-033	1.92761e-036	7.52942e-039	2.59087e-042	7.2546e-045	2.12461e-048	5.62921e-051	1.70399e-054	4.72223e-057	1.31668e-060	3.16503e-063	8.54885e-067	2.09433e-069	3.14362e-072	
N75	4.46148e-012	4.97244e-010	2.49848e-008	1.04017e-007	9.89796e-008	6.82895e-008	3.12397e-007	1.49776e-006	7.9271e-006	0.000235457	0.00828206	0.113535	0.410871	0.353274	0.100444	0.0123286	0.000935142	7.77183e-005	5.98895e-006	2.48745e-007	4.97466e-009	4.8921e-011	2.46361e-013	7.01392e-016	1.37743e-018	9.08049e-021	7.67681e-023	1.39299e-023	9.66931e-026	1.09949e-026	3.50408e-029	1.86154e-030	3.01212e-033	7.60033e-035	7.08117e-038	9.39994e-040	5.70979e-043	4.94787e-045	2.29801e-048	1.82636e-050	9.04661e-054	9.63703e-056	5.92816e-059	7.54377e-061	4.4944e-063	
Archimandrita_tessellata	0	0	0	0	0	0	0	0	0	0	0	0	0	0	0	0	1	0	0	0	0	0	0	0	0	0	0	0	0	0	0	0	0	0	0	0	0	0	0	0	0	0	0	0	0	
N76	1.07943e-013	1.4679e-011	9.81033e-010	7.64522e-010	5.59987e-011	3.25585e-012	2.93159e-011	3.47085e-009	7.08039e-007	0.000110734	0.00871516	0.237065	0.63617	0.112373	0.0054552	0.000108812	1.14788e-006	8.24776e-009	4.55507e-011	5.72717e-013	1.9263e-013	5.65141e-014	1.0512e-014	1.28572e-015	1.09109e-016	2.18103e-017	4.72873e-018	4.81567e-018	6.44871e-019	2.64338e-019	1.04427e-020	6.31104e-022	3.5969e-024	6.32687e-026	1.39811e-028	1.10049e-030	1.26657e-033	5.4183e-036	3.87476e-039	1.08899e-041	5.7345e-045	1.31012e-047	5.86281e-051	1.24674e-053	1.58307e-056	
Blaberus_discoidalis	0	0	0	0	0	0	0	0	0	0	0	0	1	0	0	0	0	0	0	0	0	0	0	0	0	0	0	0	0	0	0	0	0	0	0	0	0	0	0	0	0	0	0	0	0	
Blaberus_giganteus	0	0	0	0	0	0	0	0	0	0	0	0	0	0	0	0	0	0	0	0	0	0	0	0	0	0	0	0	0	0	1	0	0	0	0	0	0	0	0	0	0	0	0	0	0	
N77	1.71013e-010	1.03687e-008	5.23078e-008	6.9051e-008	1.58585e-007	3.46e-007	9.7911e-007	5.08954e-006	6.79569e-005	0.00442149	0.0770178	0.277356	0.379928	0.209482	0.0462603	0.00406771	0.000458188	0.000459949	0.000316476	0.000124467	2.9189e-005	4.27501e-006	4.20498e-007	1.34076e-007	3.21309e-008	2.97704e-008	2.83514e-009	5.21493e-010	1.04159e-011	5.75814e-013	4.36481e-015	1.041e-016	3.57304e-019	4.13497e-021	7.61328e-024	4.74047e-026	5.36378e-029	2.08792e-031	1.59282e-034	4.34263e-037	2.35756e-040	4.65895e-043	1.91224e-046	3.66065e-049	1.03654e-051	
Eublaberus_distanti	0	0	0	0	0	0	0	0	0	0	0	0	0	0	0	0	0	0	0	0	0	0	0	0	0	0	1	0	0	0	0	0	0	0	0	0	0	0	0	0	0	0	0	0	0	
Eublaberus_posticus	0	0	0	0	0	0	0	0	0	0	0	0	0	0	0	1	0	0	0	0	0	0	0	0	0	0	0	0	0	0	0	0	0	0	0	0	0	0	0	0	0	0	0	0	0	
Byrsotria_fumigata	0	0	0	0	0	0	0	0	0	0	0	0	0	0	0	0	0	1	0	0	0	0	0	0	0	0	0	0	0	0	0	0	0	0	0	0	0	0	0	0	0	0	0	0	0	
Gromphadorhina_portentosa	0	0	0	0	0	0	0	0	0	0	0	0	0	0	0	0	0	0	0	0	0	0	0	0	0	1	0	0	0	0	0	0	0	0	0	0	0	0	0	0	0	0	0	0	0	
N78	1.02854e-009	2.81663e-009	6.76478e-009	2.44799e-008	4.29615e-007	2.7738e-005	0.000994814	0.00833628	0.016792	0.0129588	0.00217742	0.000124307	5.15551e-005	4.441e-005	2.54529e-005	9.88078e-006	1.08074e-005	0.000133003	0.00133246	0.00874392	0.0338786	0.10707	0.177304	0.305443	0.195554	0.107861	0.0190922	0.00196215	6.92525e-005	2.1316e-006	2.91382e-008	4.08008e-010	2.78673e-012	2.17688e-014	8.53137e-017	4.24254e-019	1.04843e-021	3.6506e-024	6.11902e-027	1.59954e-029	1.98188e-032	4.52542e-035	8.22845e-038	3.55243e-040	1.76285e-042	
Lanxoblatta_emarginata	0	0	0	0	0	0	0	0	0	0	0	0	0	0	0	0	0	0	0	0	0	0	0	0	0	0	1	0	0	0	0	0	0	0	0	0	0	0	0	0	0	0	0	0	0	
Phoetalia_sp	0	0	0	0	0	0	0	0	0	0	0	0	0	0	0	0	0	0	0	0	1	0	0	0	0	0	0	0	0	0	0	0	0	0	0	0	0	0	0	0	0	0	0	0	0	
N79	3.83131e-008	5.12298e-007	4.9872e-006	1.3486e-005	1.20926e-005	1.38946e-005	2.83368e-005	0.000165822	0.00229528	0.0219183	0.114645	0.29498	0.336935	0.177977	0.0449665	0.00561749	0.000406135	1.97383e-005	6.70179e-007	1.82645e-008	3.69111e-010	7.71878e-012	1.16033e-013	2.05153e-015	2.23973e-017	2.86057e-019	2.13057e-021	1.86993e-023	9.51705e-026	5.89038e-028	2.10543e-030	9.67244e-033	2.53359e-035	9.19783e-038	1.87798e-040	5.75409e-043	9.93666e-046	2.69429e-048	4.17926e-051	1.00165e-053	1.43269e-056	3.24263e-059	6.01818e-062	2.04748e-064	8.28184e-067	
Epilampra_sp	0	0	0	0	0	0	0	0	0	0	0	0	0	0	1	0	0	0	0	0	0	0	0	0	0	0	0	0	0	0	0	0	0	0	0	0	0	0	0	0	0	0	0	0	0	
Pycnoscelus_surinamensis	0	0	0	0	0	0	0	0	0	0	0	1	0	0	0	0	0	0	0	0	0	0	0	0	0	0	0	0	0	0	0	0	0	0	0	0	0	0	0	0	0	0	0	0	0	
N80	3.35564e-007	1.85742e-006	1.00023e-005	2.6923e-005	3.49278e-005	6.26078e-005	0.000327111	0.00274781	0.0180101	0.0766261	0.20029	0.305861	0.25493	0.110012	0.0261305	0.00430732	0.00055734	5.89944e-005	4.41518e-006	3.24404e-007	2.19698e-008	9.88777e-009	6.09047e-009	7.2917e-009	3.51359e-009	2.77685e-009	8.47302e-010	4.15852e-010	7.76028e-011	2.33351e-011	2.58185e-012	4.74614e-013	3.07248e-014	3.54268e-015	1.41838e-016	1.11025e-017	3.21701e-019	1.85919e-020	4.0494e-022	1.62327e-023	2.57838e-025	7.70191e-027	1.15076e-028	4.66771e-030	2.99539e-031	
Macropanesthia_rhinoceros	0	0	0	0	0	0	0	0	0	0	0	0	0	0	0	0	0	0	0	0	0	0	0	0	0	0	0	0	0	0	0	0	0	1	0	0	0	0	0	0	0	0	0	0	0	
Nauphoeta_cinerea	0	0	0	0	0	0	0	0	0	0	0	0	1	0	0	0	0	0	0	0	0	0	0	0	0	0	0	0	0	0	0	0	0	0	0	0	0	0	0	0	0	0	0	0	0	
N81	1.94133e-005	8.38471e-005	0.000481724	0.00228369	0.00972069	0.0323101	0.062502	0.0718615	0.0759583	0.107504	0.164916	0.196995	0.154167	0.0793459	0.0291156	0.00944442	0.0024709	0.000666898	0.000110384	3.66581e-005	4.17226e-006	1.10935e-006	6.95338e-008	1.00014e-008	3.4148e-010	2.6844e-011	5.262e-013	2.38947e-014	2.85094e-016	8.14785e-018	6.23144e-020	1.22359e-021	6.5277e-024	1.03358e-025	4.37136e-028	5.81214e-030	2.30627e-032	3.1311e-034	1.1077e-036	1.09027e-038	3.3283e-041	3.5746e-043	1.67795e-045	3.91735e-047	1.1748e-048	
Diploptera_punctata	0	0	0	0	0	0	0	0	0	0	0	0	0	0	0	0	0	1	0	0	0	0	0	0	0	0	0	0	0	0	0	0	0	0	0	0	0	0	0	0	0	0	0	0	0	
N82	5.90491e-006	2.4272e-005	0.000126213	0.000926769	0.00699403	0.0330185	0.0773702	0.0925081	0.0721717	0.0659788	0.11233	0.179278	0.183082	0.115246	0.046026	0.0122794	0.00228402	0.000314987	3.23631e-005	2.76696e-006	1.73916e-007	9.62527e-009	3.42674e-010	1.27036e-011	2.71187e-013	9.44422e-015	1.48097e-016	4.7955e-018	5.43179e-020	1.28369e-021	1.01326e-023	1.6766e-025	9.4192e-028	1.13351e-029	4.70985e-032	4.34817e-034	1.40672e-036	1.05871e-038	2.79838e-041	1.77548e-043	4.03684e-046	2.29748e-048	5.64519e-051	4.42574e-053	4.3536e-055	
N83	7.02118e-006	2.29349e-005	0.000107955	0.000370627	0.000825721	0.00360979	0.0229082	0.0849293	0.173538	0.251817	0.260245	0.152196	0.0427685	0.00613859	0.000491571	2.3705e-005	7.31598e-007	1.52107e-008	2.21854e-010	2.3556e-012	1.86562e-014	1.13167e-016	5.29845e-019	1.98614e-021	5.91191e-024	1.69851e-026	4.39762e-029	2.47378e-031	9.27947e-034	7.65561e-036	2.54891e-038	1.66701e-040	4.33473e-043	2.15261e-045	4.36295e-048	1.67144e-050	2.67083e-053	8.0617e-056	1.0294e-058	2.50069e-061	2.59765e-064	5.24654e-067	4.9816e-070	1.07522e-072	2.35242e-075	
Galiblatta_sp	0	0	0	0	0	0	0	1	0	0	0	0	0	0	0	0	0	0	0	0	0	0	0	0	0	0	0	0	0	0	0	0	0	0	0	0	0	0	0	0	0	0	0	0	0	
Panchlora_nivea	0	0	0	0	0	0	0	0	0	0	0	1	0	0	0	0	0	0	0	0	0	0	0	0	0	0	0	0	0	0	0	0	0	0	0	0	0	0	0	0	0	0	0	0	0	
Rhabdoblatta_sp	0	0	0	0	0	0	0	0	0	0	0	0	0	0	0	0	0	0	1	0	0	0	0	0	0	0	0	0	0	0	0	0	0	0	0	0	0	0	0	0	0	0	0	0	0	
N84	0.00285017	0.00540888	0.01145	0.0264821	0.0630158	0.133558	0.216259	0.242381	0.179499	0.0861976	0.0267143	0.00539129	0.00072249	6.64009e-005	4.33736e-006	2.13193e-007	8.21924e-009	2.95577e-010	9.66334e-012	5.49788e-013	2.24725e-014	1.69944e-015	5.87202e-017	3.38802e-018	8.63446e-020	3.57795e-021	6.66755e-023	2.01005e-024	2.75505e-026	6.19646e-028	6.31415e-030	1.0964e-031	8.4765e-034	1.19047e-035	7.18635e-038	8.48273e-040	4.16684e-042	4.35443e-044	1.8288e-046	1.70187e-048	6.58404e-051	6.779e-053	6.05424e-055	1.55215e-056	4.88372e-058	
Margattea_sp	0	0	0	0	0	0	0	0	0	1	0	0	0	0	0	0	0	0	0	0	0	0	0	0	0	0	0	0	0	0	0	0	0	0	0	0	0	0	0	0	0	0	0	0	0	
Supella_longipalpa	0	0	0	1	0	0	0	0	0	0	0	0	0	0	0	0	0	0	0	0	0	0	0	0	0	0	0	0	0	0	0	0	0	0	0	0	0	0	0	0	0	0	0	0	0	
N85	0.00297406	0.00620289	0.0132855	0.0264449	0.0534397	0.108132	0.186122	0.234704	0.200822	0.113432	0.0420705	0.0103972	0.00174064	0.000210605	1.86751e-005	2.12751e-006	2.01228e-007	6.94282e-008	6.85426e-009	2.16471e-009	1.51579e-010	3.30808e-011	1.60467e-012	2.39803e-013	8.16338e-015	8.45741e-016	2.0549e-017	1.50528e-018	2.65921e-020	1.4277e-021	1.86203e-023	7.60894e-025	7.51276e-027	2.53375e-028	1.94113e-030	5.51645e-032	3.84993e-034	1.51049e-035	9.0977e-038	3.01433e-039	3.4025e-041	2.5383e-042	2.82313e-044	2.28399e-045	2.51445e-046	
Ectobius_pallidus	0	0	0	0	1	0	0	0	0	0	0	0	0	0	0	0	0	0	0	0	0	0	0	0	0	0	0	0	0	0	0	0	0	0	0	0	0	0	0	0	0	0	0	0	0	
Panchlora_viridis	0	0	0	0	0	0	0	0	0	0	0	0	1	0	0	0	0	0	0	0	0	0	0	0	0	0	0	0	0	0	0	0	0	0	0	0	0	0	0	0	0	0	0	0	0	
N86	0.00130517	0.00306816	0.00839266	0.0245693	0.069694	0.156	0.241871	0.245921	0.160203	0.0670462	0.0180946	0.00334107	0.000427244	5.7874e-005	6.38189e-006	1.38566e-006	1.3285e-007	2.20038e-008	1.33304e-009	1.36949e-010	5.19323e-012	3.3697e-013	8.18237e-015	3.48444e-016	5.56558e-018	1.63507e-019	1.76232e-021	3.75201e-023	2.83083e-025	4.73486e-027	2.59703e-029	3.57267e-031	1.69565e-033	2.72992e-035	1.14981e-037	1.5995e-039	8.85561e-042	1.731e-043	6.22233e-046	7.01397e-048	3.15316e-050	4.79825e-052	1.85576e-054	2.65764e-056	4.71837e-058	
N87	0.000944674	0.00293339	0.0102393	0.0335981	0.095471	0.197571	0.2659	0.224537	0.118801	0.0399488	0.00867781	0.00124814	0.000121263	8.30355e-006	4.08783e-007	1.6397e-008	5.35378e-010	2.02897e-011	6.30903e-013	2.47741e-014	6.24236e-016	1.84734e-017	3.31605e-019	6.96762e-021	8.91341e-023	1.36072e-024	1.26534e-026	1.44869e-028	1.00033e-030	8.87672e-033	4.64302e-035	3.29299e-037	1.33485e-039	7.84721e-042	2.52301e-044	1.26796e-046	3.40309e-049	1.58419e-051	3.7686e-054	1.69682e-056	4.66424e-059	2.82993e-061	1.48212e-063	1.23678e-065	1.13063e-067	
N88	0.000302019	0.00171699	0.0119524	0.0606355	0.185819	0.310991	0.270932	0.123077	0.0300888	0.00413435	0.000333706	1.65205e-005	5.21327e-007	1.09216e-008	1.56666e-010	1.65724e-012	1.31349e-014	1.22871e-016	9.51866e-019	1.72538e-020	1.29968e-022	2.10059e-024	1.14686e-026	1.32111e-028	5.1821e-031	4.29211e-033	1.23172e-035	7.50661e-038	1.60431e-040	7.37055e-043	1.19129e-045	4.22456e-048	5.24153e-051	1.47417e-053	1.4222e-056	3.24789e-059	2.49018e-062	4.87043e-065	3.01425e-068	5.1509e-071	3.0087e-074	6.79829e-077	8.38302e-080	4.37308e-082	2.48765e-084	
N89	0.000210825	0.00150288	0.0127523	0.071109	0.218288	0.337001	0.250025	0.0905226	0.0167917	0.00169439	9.85081e-005	3.51431e-006	8.01463e-008	1.54207e-009	2.25887e-011	1.38318e-012	2.30988e-014	1.76389e-015	1.97866e-017	1.00076e-018	7.51583e-021	2.53327e-022	1.3215e-024	3.04308e-026	1.1389e-028	1.84288e-030	5.07557e-033	5.95022e-035	1.2311e-037	1.08741e-039	1.71095e-042	1.17443e-044	1.47582e-047	9.92287e-050	9.78459e-053	5.8526e-055	1.00243e-057	1.80934e-059	1.5391e-062	1.05551e-064	2.20962e-067	3.80188e-069	3.47849e-072	3.71711e-074	5.92811e-076	
Blattella_bisignata	0	0	0	0	0	1	0	0	0	0	0	0	0	0	0	0	0	0	0	0	0	0	0	0	0	0	0	0	0	0	0	0	0	0	0	0	0	0	0	0	0	0	0	0	0	
Blattella_germanica	0	0	0	0	0	1	0	0	0	0	0	0	0	0	0	0	0	0	0	0	0	0	0	0	0	0	0	0	0	0	0	0	0	0	0	0	0	0	0	0	0	0	0	0	0	
Blattella_sauteri	0	0	0	0	0	1	0	0	0	0	0	0	0	0	0	0	0	0	0	0	0	0	0	0	0	0	0	0	0	0	0	0	0	0	0	0	0	0	0	0	0	0	0	0	0	
Loboptera_decipiens	0	0	0	0	0	0	0	0	0	0	1	0	0	0	0	0	0	0	0	0	0	0	0	0	0	0	0	0	0	0	0	0	0	0	0	0	0	0	0	0	0	0	0	0	0	
N90	0.000519487	0.00107793	0.0023906	0.00577482	0.0161285	0.0458153	0.109631	0.194528	0.240339	0.203264	0.116125	0.0467335	0.0131344	0.00349247	0.00073542	0.000251487	4.59553e-005	1.25663e-005	1.47453e-006	2.53288e-007	1.87022e-008	2.06216e-009	9.87867e-011	7.30945e-012	2.34774e-013	1.22302e-014	2.70884e-016	1.0365e-017	1.63838e-019	4.91034e-021	5.69418e-023	1.38962e-024	1.33441e-026	3.40211e-028	2.83291e-030	6.5227e-032	6.493e-034	1.93336e-035	1.43368e-037	2.78782e-039	2.36553e-041	5.67385e-043	4.76618e-045	1.19481e-046	3.89718e-048	
N91	0.000114323	0.000335218	0.000977953	0.00210212	0.00394182	0.0102553	0.0341188	0.0992455	0.203709	0.269491	0.221029	0.111779	0.0349106	0.00698087	0.000914079	8.85181e-005	6.30053e-006	4.44891e-007	2.31812e-008	1.46583e-009	5.59041e-011	2.70398e-012	7.07055e-014	2.39223e-015	4.28619e-017	1.0147e-018	1.27301e-020	2.16969e-022	1.9588e-024	2.49282e-026	1.66242e-028	1.63537e-030	8.31078e-033	6.59695e-035	2.63926e-037	1.74736e-039	5.82468e-042	3.44824e-044	9.949e-047	5.26356e-049	1.4886e-051	8.85233e-054	3.96923e-056	3.79757e-058	4.25019e-060	
N92	1.44605e-005	3.99781e-005	0.000364796	0.00264274	0.0080572	0.0134436	0.0266081	0.0981489	0.24227	0.30919	0.207999	0.0751461	0.0145234	0.00147229	7.71978e-005	2.25778e-006	3.98462e-008	4.754e-010	4.04685e-012	3.85598e-014	3.11256e-016	4.87933e-018	3.63927e-020	4.62787e-022	2.40793e-024	2.08987e-026	7.58268e-029	4.59517e-031	1.19122e-033	5.20384e-036	9.84486e-039	3.19405e-041	4.49463e-044	1.11617e-046	1.18861e-049	2.32581e-052	1.90878e-055	3.03899e-058	1.958e-061	2.60496e-064	1.36913e-067	1.69352e-070	1.32772e-073	3.86336e-076	1.40464e-078	
N93	1.06227e-006	7.46983e-007	4.09215e-006	9.94029e-005	0.00178543	0.0223344	0.187756	0.465056	0.265368	0.0528505	0.00455006	0.000190161	4.13312e-006	4.90701e-008	3.33541e-010	1.37008e-012	3.58878e-015	6.30158e-018	7.74036e-021	7.16322e-024	5.48895e-027	1.20249e-029	2.35012e-032	1.69492e-034	2.87587e-037	1.50874e-039	1.85523e-042	6.88088e-045	6.11719e-048	1.61539e-050	1.03979e-053	1.95781e-056	9.17366e-060	1.23307e-062	4.24718e-066	4.13444e-069	1.06084e-072	7.79745e-076	1.51051e-079	8.80593e-083	1.30681e-086	6.37848e-090	9.33858e-094	9.46125e-097	1.70515e-099	
Hemithyrsocera_sp	0	0	0	0	0	0	1	0	0	0	0	0	0	0	0	0	0	0	0	0	0	0	0	0	0	0	0	0	0	0	0	0	0	0	0	0	0	0	0	0	0	0	0	0	0	
Symploce_sp	0	0	0	0	0	0	0	1	0	0	0	0	0	0	0	0	0	0	0	0	0	0	0	0	0	0	0	0	0	0	0	0	0	0	0	0	0	0	0	0	0	0	0	0	0	
Symplocodes_sp	0	0	0	0	0	0	0	0	0	0	0	0	0	1	0	0	0	0	0	0	0	0	0	0	0	0	0	0	0	0	0	0	0	0	0	0	0	0	0	0	0	0	0	0	0	
Lobopterella_dimidiatipes	0	0	0	0	0	0	0	0	0	0	0	0	1	0	0	0	0	0	0	0	0	0	0	0	0	0	0	0	0	0	0	0	0	0	0	0	0	0	0	0	0	0	0	0	0	
Xestoblatta_sp	0	0	0	0	0	0	0	0	0	0	0	0	1	0	0	0	0	0	0	0	0	0	0	0	0	0	0	0	0	0	0	0	0	0	0	0	0	0	0	0	0	0	0	0	0	
