NODE	6	7	8	9	10	11	12	13	14	15	16	17	18	19	
N1	0.0016556	0.0131061	0.212463	0.575997	0.185744	0.0108484	0.000184034	1.53702e-006	1.34097e-008	1.40429e-010	8.93023e-013	1.01399e-017	4.28173e-019	1.88258e-020	
N2	0.00679954	0.0618735	0.337262	0.490401	0.100415	0.00318868	5.79169e-005	7.74857e-007	8.09373e-007	6.37983e-008	9.53835e-009	9.89439e-011	3.99551e-012	5.08652e-014	
N3	0.0443115	0.0635151	0.208627	0.463062	0.186024	0.0174018	0.0117522	0.00217258	0.00288078	0.000158757	9.40447e-005	8.40948e-007	2.33299e-007	1.44239e-008	
N4	1.26819e-031	1.06457e-031	1.07337e-012	2.23545e-006	0.999988	9.92231e-006	4.64601e-011	7.04425e-032	1.23523e-031	1.10098e-031	1.88319e-031	2.4444e-031	5.75116e-031	1.35824e-030	
Acanthops_falcata	0	0	0	0	1	0	0	0	0	0	0	0	0	0	
Pseudacanthops_sp	0	0	0	0	1	0	0	0	0	0	0	0	0	0	
N5	0.0256552	0.0323207	0.171946	0.486134	0.193679	0.0403454	0.0370244	0.00606028	0.00580413	0.000517415	0.000458366	3.0129e-005	1.98885e-005	4.99251e-006	
Liturgusa_cursor	0	0	0	0	0	0	0	0	0	0	0	1	0	0	
Liturgusa_maya	0	0	0	1	0	0	0	0	0	0	0	0	0	0	
N6	0.00303205	0.0856737	0.57633	0.311941	0.0226894	0.000327216	3.43539e-006	1.90816e-007	2.46572e-006	2.25526e-007	2.41677e-007	5.74956e-009	2.39979e-009	1.17288e-010	
N7	0.000824168	0.139239	0.721544	0.136626	0.00175731	3.9692e-006	9.39485e-008	1.82016e-007	4.18509e-006	4.18559e-007	6.00305e-008	1.6195e-010	2.21347e-012	3.92043e-015	
N8	0.00149474	0.20407	0.704736	0.0888557	0.000821644	1.73342e-006	1.56904e-007	7.32642e-007	1.85131e-005	6.21812e-007	1.92772e-007	2.23393e-010	2.32268e-011	9.26346e-014	
N9	0.000813734	0.385691	0.591108	0.0213655	5.36871e-005	5.32282e-008	1.3389e-007	4.1764e-006	0.000836165	8.46357e-005	4.27985e-005	5.25857e-008	3.13217e-009	5.97563e-012	
N10	0.00127404	0.485063	0.151477	0.00119922	1.54151e-006	5.61873e-009	3.06631e-006	0.000639277	0.251976	0.0755709	0.0327208	7.27073e-005	2.21303e-006	2.04771e-008	
N11	0.000606211	0.38823	0.0940497	0.000284925	1.64091e-007	1.20679e-009	1.07967e-006	0.000823954	0.377477	0.111645	0.0268356	4.47689e-005	6.57941e-007	2.87896e-008	
N12	0.000539942	0.295958	0.0849819	0.000196433	1.02011e-007	1.15723e-008	7.60363e-006	0.00283612	0.435504	0.146385	0.0335083	8.01909e-005	2.53094e-006	2.56985e-007	
N13	0.000218657	0.218343	0.0599451	0.000109199	5.22903e-008	1.72385e-008	9.81216e-006	0.00217345	0.526764	0.15936	0.0329954	7.9185e-005	1.77114e-006	1.94992e-007	
N14	2.65486e-005	0.13225	0.00519379	1.81238e-006	1.4447e-010	3.70172e-012	8.06943e-008	0.000412638	0.768855	0.0906864	0.00257202	8.96713e-007	1.25817e-009	8.85963e-012	
N15	8.25825e-005	0.105554	0.00259586	1.6953e-006	3.20207e-010	5.45202e-011	4.64796e-007	0.00138412	0.813525	0.0756126	0.00124221	7.97494e-007	9.4699e-009	2.35588e-009	
Antemna_rapax	0	0	0	0	0	0	0	0	1	0	0	0	0	0	
N16	0.000140409	0.058061	0.000781615	1.08224e-006	8.12943e-010	1.69481e-009	4.94011e-006	0.0048906	0.88343	0.0522248	0.000464295	8.84275e-007	7.34063e-008	9.49511e-009	
Archimantis_sobrina	0	0	0	0	0	0	0	0	1	0	0	0	0	0	
Sphodropoda_sp	0	0	0	0	0	0	0	0	1	0	0	0	0	0	
N17	7.20071e-005	0.0661914	0.000911729	7.21094e-007	1.9718e-010	1.51087e-010	1.06656e-006	0.00207685	0.88004	0.0502025	0.000503044	4.15333e-007	8.66791e-009	7.36205e-010	
N18	1.20702e-005	0.017639	5.85146e-005	2.56433e-008	7.44343e-012	4.40708e-011	5.28525e-007	0.00172572	0.963345	0.0171772	4.1709e-005	2.67134e-008	7.3116e-010	2.49757e-011	
N19	1.20884e-007	0.00147107	4.62708e-007	2.44678e-011	2.16329e-015	6.48608e-014	7.50432e-009	0.00023916	0.996068	0.00222118	4.77303e-007	6.12001e-011	4.54554e-013	1.75921e-015	
Polyspilota_aeruginosa	0	0	0	0	0	0	0	0	1	0	0	0	0	0	
N20	5.18919e-008	0.000874184	2.00697e-007	7.76092e-012	4.43868e-016	5.35145e-014	6.32902e-009	0.000228933	0.997211	0.00168493	2.46882e-007	1.57933e-011	1.33111e-012	1.70012e-013	
Tenodera_aridifolia	0	0	0	0	0	0	0	0	1	0	0	0	0	0	
Tenodera_australasiae	0	0	0	0	0	0	0	0	1	0	0	0	0	0	
Tenodera_superstitiosa	0	0	0	0	0	0	0	0	1	0	0	0	0	0	
Sphodromantis_sp	0	0	0	0	0	0	0	0	1	0	0	0	0	0	
Parathespis_humbertiana	0	0	0	0	0	0	0	0	0	0	1	0	0	0	
N21	0.00384162	0.211612	0.0907052	0.00056674	3.28804e-006	3.31776e-005	0.002118	0.0473521	0.406254	0.183027	0.0536275	0.000613974	0.000162814	8.3617e-005	
Choeradodis_rhombicollis	0	0	0	0	0	0	0	0	0	0	1	0	0	0	
Orthodera_sp	0	0	0	0	0	0	0	1	0	0	0	0	0	0	
N22	0.00236941	0.283236	0.0305199	0.000163462	2.97801e-007	5.1325e-008	3.00648e-005	0.0065619	0.557739	0.107209	0.0121068	6.0706e-005	3.09767e-006	5.30267e-007	
N23	0.000556348	0.101949	0.0026506	8.02725e-006	1.46773e-008	1.64905e-008	2.39759e-005	0.00826516	0.82567	0.0592345	0.00163525	6.80702e-006	2.80285e-007	1.51407e-008	
Hierodula_patellifera	0	0	0	0	0	0	0	0	1	0	0	0	0	0	
Statilia_maculata	0	0	0	0	0	0	0	0	1	0	0	0	0	0	
Mantis_religiosa	0	0	0	0	0	0	0	0	1	0	0	0	0	0	
N24	0.00444092	0.335065	0.0312818	0.00014619	2.48683e-007	1.47525e-007	0.000112964	0.0164522	0.524826	0.0786073	0.00903443	3.26811e-005	8.66603e-007	5.67972e-008	
N25	0.00635169	0.28489	0.0209698	8.79658e-005	2.59183e-007	5.16471e-007	0.000296451	0.0319644	0.577808	0.07134	0.0062665	2.3078e-005	6.37851e-007	2.78137e-007	
Cheddikulama_straminea	0	0	0	0	0	0	0	0	1	0	0	0	0	0	
Harpagomantis_tricolor	0	0	0	0	0	0	0	1	0	0	0	0	0	0	
Vates_sp	0	0	0	0	0	0	0	0	1	0	0	0	0	0	
N26	0.00283831	0.426228	0.552408	0.0168137	5.91208e-005	1.90066e-007	4.5697e-006	6.38264e-005	0.00146589	9.82212e-005	2.05141e-005	2.55982e-008	6.79713e-010	2.11974e-011	
N27	0.0044376	0.504745	0.419226	0.00850734	2.7856e-005	1.27569e-007	7.83464e-006	0.000188472	0.0390613	0.00550067	0.0182265	5.42732e-005	1.73083e-005	4.40168e-007	
Creobroter_laevicollis	0	0	0	0	0	0	0	0	1	0	0	0	0	0	
N28	0.00786436	0.536461	0.198681	0.00284042	1.08637e-005	2.98705e-007	4.73941e-005	0.00207415	0.180963	0.0383807	0.0324436	0.000212029	1.92595e-005	2.03174e-006	
N29	0.00552523	0.363226	0.0435894	0.000407001	1.45335e-006	3.41191e-007	0.00012049	0.00858038	0.48825	0.074194	0.0159745	0.000123074	7.30712e-006	8.40293e-007	
Empusa_sp	0	0	0	0	0	0	0	0	1	0	0	0	0	0	
Gongylus_sp	0	0	0	0	0	0	0	0	1	0	0	0	0	0	
Hestiasula_sp	0	0	0	0	0	0	0	0	1	0	0	0	0	0	
Miomantis_sp	0	0	1	0	0	0	0	0	0	0	0	0	0	0	
Didymocorypha_lanceolata	0	0	1	0	0	0	0	0	0	0	0	0	0	0	
N30	0.00109193	0.150508	0.717541	0.128374	0.00155697	4.0743e-006	5.91548e-007	1.1631e-006	0.000523002	2.25898e-005	0.000376492	2.54086e-007	5.45256e-007	2.00272e-009	
N31	0.0219338	0.362692	0.520483	0.0464301	0.00067244	3.6735e-005	0.000311385	0.00171498	0.0281149	0.00908498	0.00841396	9.59246e-005	1.46345e-005	5.02044e-007	
N32	0.0995626	0.545933	0.148202	0.00501511	0.000193484	0.000136478	0.00763211	0.0285425	0.136796	0.0202512	0.00764852	7.80538e-005	8.8148e-006	5.67029e-007	
N33	0.00260001	0.0539645	0.000590862	1.65915e-006	5.60969e-008	2.29549e-006	0.00241725	0.165051	0.761485	0.0135501	0.00033644	1.18197e-006	1.98159e-008	2.86771e-010	
Antistia_sp	0	0	0	0	0	0	0	0	1	0	0	0	0	0	
Dystacta_alticeps	0	0	0	0	0	0	0	1	0	0	0	0	0	0	
Ligaria_sp	0	0	0	0	0	0	1	0	0	0	0	0	0	0	
N34	0.0240691	0.221758	0.462653	0.0386712	0.00137094	0.000825315	0.00564094	0.021491	0.146976	0.0612036	0.0150684	0.000249802	2.14807e-005	2.05904e-006	
N35	0.00175422	0.205306	0.350492	0.0668405	0.00322614	0.0205692	0.154099	0.19583	0.00187997	3.3261e-006	3.12895e-009	7.30886e-013	5.8882e-016	6.69793e-019	
Callimantis_antillarum	0	0	0	1	0	0	0	0	0	0	0	0	0	0	
Iris_sp	0	0	0	0	0	0	0	1	0	0	0	0	0	0	
Kongobatha_sp	0	0	0	0	0	0	0	0	0	1	0	0	0	0	
N36	0.011442	0.229337	0.530152	0.0964518	0.00308182	0.000141097	0.00117386	0.00456173	0.0708727	0.0344368	0.0182081	0.000133796	6.90756e-006	1.82752e-007	
N37	0.0103485	0.212222	0.291501	0.0184608	0.000478879	0.000169854	0.00197776	0.0144734	0.204818	0.120368	0.121544	0.00274068	0.000819224	7.86703e-005	
Bolbe_pallida	0	0	0	0	0	0	0	0	0	1	0	0	0	0	
Cliomantis_cornuta	0	0	0	0	0	0	0	1	0	0	0	0	0	0	
N38	0.0187072	0.221851	0.501912	0.110704	0.00522238	0.000368563	0.00249189	0.0085057	0.077908	0.0362826	0.0159095	0.000128722	6.14431e-006	1.78802e-006	
Deiphobe_sp	0	0	0	0	1	0	0	0	0	0	0	0	0	0	
Schizocephala_bicornis	0	0	0	0	0	0	0	0	0	1	0	0	0	0	
Humbertiella_similis	0	0	0	0	0	0	0	0	0	0	1	0	0	0	
N39	0.00525758	0.0406532	0.451374	0.404692	0.0687077	0.00665403	0.00268588	0.00182582	0.00773955	0.00641109	0.00359473	0.00034451	5.32292e-005	6.47713e-006	
N40	0.000947566	0.0366102	0.35157	0.0906762	0.00591652	0.000419157	0.000259433	0.000751419	0.0246078	0.092295	0.319872	0.0422489	0.0279032	0.00592238	
Oligonyx_sp	0	0	0	0	0	0	0	0	0	1	0	0	0	0	
Thesprotia_graminis	0	0	0	0	0	0	0	0	0	1	0	0	0	0	
Pseudomiopteryx_infuscata	0	0	0	1	0	0	0	0	0	0	0	0	0	0	
