NODE	7	8	9	10	11	12	13	14	15	16	17	18	19	20	21	22	23	24	25	26	27	28	29	30	31	32	33	34	35	36	37	38	39	40	41	42	43	44	45	46	47	48	49	50	51	
N1	0.00208878	0.00401259	0.0113331	0.0349172	0.0931985	0.188453	0.263523	0.234943	0.124189	0.036854	0.00594679	0.000515755	2.41316e-005	6.17805e-007	8.83547e-009	7.23391e-011	3.48138e-013	8.87395e-018	3.76743e-019	1.27595e-020	3.48987e-022	7.79831e-024	1.43916e-025	2.21572e-027	2.87269e-029	3.16375e-031	2.98368e-033	2.42757e-035	1.71578e-037	1.06022e-039	5.76182e-042	2.76913e-044	1.18297e-046	4.51364e-049	1.54502e-051	4.76432e-054	1.32866e-056	3.36324e-059	7.75371e-062	1.63329e-064	3.15299e-067	5.594e-070	9.14579e-073	1.3817e-075	2.10276e-078	
N2	0.00349251	0.0079081	0.0217386	0.0538104	0.108274	0.173316	0.216959	0.202301	0.132354	0.0585377	0.017289	0.00347082	0.000481271	5.87063e-005	6.55045e-006	2.06668e-006	3.04772e-007	9.99153e-008	9.94872e-009	2.09309e-009	1.33698e-010	1.79652e-011	7.40489e-013	6.45191e-014	1.73689e-015	1.00796e-016	1.79724e-018	7.2298e-020	8.68593e-022	2.56243e-023	2.11153e-025	4.82806e-027	2.9589e-029	6.68822e-031	3.36832e-033	7.74651e-035	6.47828e-037	2.58178e-038	1.29785e-040	2.89385e-042	2.30352e-044	7.15302e-046	4.44124e-048	1.26704e-049	4.14385e-051	
N3	0.00484898	0.0120442	0.0320852	0.0649884	0.0944392	0.114628	0.141927	0.167596	0.15935	0.113874	0.0600183	0.0239591	0.00722965	0.00209617	0.000533844	0.000258544	7.42042e-005	3.72599e-005	7.92642e-006	2.79401e-006	4.07379e-007	9.81615e-008	9.74456e-009	1.6227e-009	1.10416e-010	1.30343e-011	6.15969e-013	5.32056e-014	1.78603e-015	1.1855e-016	2.88216e-018	1.52855e-019	2.94594e-021	1.53067e-022	2.46093e-024	1.20526e-025	2.44544e-027	1.65394e-028	2.46218e-030	1.11529e-031	2.11466e-033	1.20177e-034	2.20681e-036	1.28175e-037	9.40843e-039	
N4	6.12505e-005	0.000267121	0.00104594	0.00236631	0.00306085	0.0049401	0.0139978	0.036607	0.0732409	0.115279	0.145459	0.157212	0.138588	0.117875	0.0780783	0.0612872	0.0290649	0.0156938	0.00426672	0.00134089	0.000218326	4.42133e-005	4.80579e-006	6.88912e-007	5.35939e-008	5.80944e-009	3.36827e-010	2.88633e-011	1.30353e-012	9.45236e-014	3.47491e-015	2.27096e-016	7.78594e-018	5.5829e-019	1.90802e-020	1.42342e-021	5.58925e-023	4.80716e-024	1.6071e-025	1.07827e-026	3.72111e-028	2.65037e-029	1.02766e-030	7.96856e-032	5.96942e-033	
N5	6.92003e-006	3.7059e-005	0.000202161	0.000621258	0.000946812	0.00122586	0.00370247	0.0147006	0.043822	0.093394	0.147515	0.182904	0.181964	0.149909	0.0987496	0.053058	0.020328	0.00571023	0.00104945	0.000140449	1.27157e-005	8.84606e-007	4.39028e-008	1.76327e-009	5.25564e-011	1.32268e-012	2.53236e-014	4.25862e-016	5.56239e-018	6.71046e-020	6.37848e-022	6.02499e-024	4.68155e-026	4.01709e-028	2.85335e-030	2.35043e-032	1.65279e-034	1.27183e-036	7.51693e-039	4.71622e-041	2.58414e-043	1.59525e-045	9.38878e-048	5.85569e-050	3.39733e-052	
N6	1.10147e-007	1.23298e-006	1.09649e-005	3.15654e-005	2.4674e-005	1.39849e-005	3.40899e-005	0.000335935	0.0032711	0.0208434	0.0823812	0.198149	0.285058	0.243208	0.1222	0.0368487	0.00673086	0.000791801	6.12493e-005	3.60841e-006	1.545e-007	6.68425e-009	2.01186e-010	9.27218e-012	2.18892e-013	9.16714e-015	1.51733e-016	4.54323e-018	5.19303e-020	1.10918e-021	9.1773e-024	1.46414e-025	9.21742e-028	1.14361e-029	5.66352e-032	5.57765e-034	2.21561e-036	1.74819e-038	5.54055e-041	3.46714e-043	8.7829e-046	4.45201e-048	9.99617e-051	5.2805e-053	2.91044e-055	
N7	6.2034e-012	2.49201e-010	9.43425e-009	8.38303e-008	7.94139e-008	1.91762e-008	1.41582e-008	3.15386e-007	1.5705e-005	0.00049508	0.00823831	0.0668583	0.245918	0.381272	0.23466	0.0565662	0.00570579	0.000264398	6.1417e-006	8.11915e-008	6.69162e-010	6.69714e-012	5.17269e-014	7.35521e-016	3.88123e-018	3.21131e-020	9.54975e-023	4.46586e-025	7.88593e-028	2.22245e-030	2.45144e-033	4.39935e-036	3.15975e-039	3.78363e-042	1.83054e-045	1.523e-048	5.10491e-052	3.06031e-055	7.27167e-059	3.24465e-062	5.59263e-066	1.95062e-069	3.06087e-073	1.46885e-076	9.05868e-080	
N8	6.21889e-012	1.57677e-010	2.97989e-009	1.81514e-008	2.38309e-008	1.35774e-008	1.98941e-008	2.94687e-007	1.37054e-005	0.000436294	0.00745111	0.0626713	0.23956	0.384235	0.241385	0.0581335	0.00583512	0.000271954	6.49768e-006	8.74674e-008	7.1877e-010	5.23967e-012	4.68033e-014	1.28284e-014	1.82874e-016	5.27052e-017	4.3494e-019	8.38986e-020	4.08148e-022	5.36322e-023	1.58699e-025	1.42055e-026	2.6663e-029	1.5995e-030	2.00534e-033	7.86901e-035	6.96559e-038	1.75677e-039	1.15324e-042	1.8734e-044	9.45473e-048	1.01568e-049	4.05257e-053	3.23762e-055	2.20114e-057	
N9	5.50036e-018	2.36226e-015	1.15905e-012	1.74839e-010	5.20539e-010	4.64174e-011	1.54642e-012	2.49631e-012	8.37058e-010	2.51274e-007	3.70552e-005	0.00233907	0.0534861	0.35363	0.491475	0.0947474	0.00422416	6.03056e-005	3.44016e-007	9.2026e-010	1.30381e-012	1.3276e-015	1.38297e-018	5.72676e-021	8.62641e-024	2.70511e-026	2.38968e-029	4.07559e-032	2.25181e-035	1.56688e-037	4.29516e-039	2.61777e-040	5.97033e-042	2.9768e-043	1.33441e-044	4.10815e-045	4.52164e-046	6.6591e-047	2.15859e-048	9.16673e-050	9.23814e-052	1.91866e-053	1.43486e-055	4.28669e-057	1.87565e-058	
N10	8.20776e-022	1.43247e-018	1.35823e-015	3.30855e-013	4.54324e-013	2.55505e-014	9.06673e-016	1.68939e-016	1.75446e-013	2.90093e-010	2.38092e-007	8.2222e-005	0.00939042	0.240312	0.686261	0.0631085	0.000842638	3.0539e-006	4.18418e-009	2.65434e-012	8.93024e-016	1.78115e-019	2.52301e-023	2.99512e-026	2.22203e-029	9.05935e-032	4.52003e-035	1.0327e-037	3.32458e-041	4.42246e-044	8.81897e-048	7.04436e-051	8.10891e-055	3.91169e-058	2.51506e-062	6.99995e-066	2.66871e-070	4.1263e-074	1.00493e-078	9.51798e-083	1.52409e-087	1.0189e-091	1.15923e-096	8.82217e-101	1.19505e-104	
N11	3.54415e-022	2.80544e-019	1.15428e-016	1.00793e-014	1.12157e-014	5.18019e-016	5.74787e-017	2.97979e-016	3.35551e-013	4.409e-010	3.01107e-007	9.08399e-005	0.00958099	0.238931	0.683373	0.0670137	0.00100589	4.32725e-006	7.37921e-009	6.06159e-012	2.72875e-015	7.3943e-019	1.39919e-022	1.89671e-024	7.18286e-027	6.31017e-028	1.55545e-030	8.0534e-032	1.24888e-034	4.02418e-036	3.52743e-039	7.44794e-041	3.05034e-044	4.31305e-046	6.6541e-050	5.50919e-052	3.45193e-056	8.44881e-059	3.61415e-063	3.73576e-066	1.14394e-070	6.9674e-074	1.55487e-078	1.12349e-081	4.64557e-084	
N12	2.69596e-025	1.02068e-021	2.89268e-018	3.13023e-015	3.46797e-014	5.48661e-015	3.2473e-016	3.30223e-017	2.09616e-014	3.93151e-011	3.94727e-008	1.82924e-005	0.00315336	0.140309	0.779772	0.0757113	0.00103203	3.92566e-006	5.84741e-009	4.16617e-012	1.61912e-015	3.77906e-019	5.86207e-023	3.76137e-026	3.39591e-029	2.2718e-031	1.58403e-034	6.11618e-037	2.99567e-040	6.759e-043	2.33845e-046	3.08874e-049	6.92351e-053	5.28996e-056	6.0889e-060	2.56316e-063	1.40736e-067	2.48906e-071	8.04418e-076	8.9955e-080	1.82528e-084	1.56823e-088	2.32394e-093	2.84852e-097	6.66563e-101	
N13	1.33964e-024	1.29235e-021	7.45134e-019	1.28518e-016	5.81534e-016	9.79394e-017	3.99306e-017	4.96016e-017	2.64728e-014	4.19348e-011	3.75292e-008	1.62264e-005	0.00275754	0.128878	0.786578	0.0805637	0.00120175	5.22797e-006	9.26098e-009	8.11189e-012	3.98646e-015	1.20201e-018	2.44174e-022	1.05076e-024	3.86085e-027	2.94004e-028	7.57249e-031	3.4415e-032	6.05331e-035	1.70448e-036	1.90446e-039	3.45484e-041	2.05206e-044	2.47328e-046	5.81809e-050	4.30637e-052	3.60357e-056	7.57486e-059	4.26892e-063	3.99026e-066	1.58058e-070	9.31052e-074	2.66972e-078	1.97946e-081	7.08435e-084	
Amitermes_darwini	0	0	0	0	0	0	0	0	0	0	0	0	0	0	1	0	0	0	0	0	0	0	0	0	0	0	0	0	0	0	0	0	0	0	0	0	0	0	0	0	0	0	0	0	0	
Amitermes_germanus	0	0	0	0	0	0	0	0	0	0	0	0	0	0	1	0	0	0	0	0	0	0	0	0	0	0	0	0	0	0	0	0	0	0	0	0	0	0	0	0	0	0	0	0	0	
N14	3.90959e-025	3.79152e-022	2.37719e-019	6.56332e-017	7.15433e-016	3.62508e-016	8.94673e-017	2.68594e-017	8.25183e-015	1.48723e-011	1.54311e-008	7.93237e-006	0.00165766	0.0997913	0.829417	0.0682838	0.000839061	3.10245e-006	4.78881e-009	3.72707e-012	1.65319e-015	4.55903e-019	8.4941e-023	1.00045e-025	1.94663e-028	4.96073e-030	7.485e-033	1.14338e-034	1.25374e-037	1.16487e-039	9.13765e-043	5.21311e-045	2.58081e-048	9.14472e-051	2.11649e-054	4.46012e-057	4.02718e-061	2.81439e-064	1.6135e-068	6.0694e-072	2.29272e-076	6.32505e-080	1.72415e-084	6.88735e-088	8.07132e-091	
Amitermes_parvus	0	0	0	0	0	0	0	0	0	0	0	0	0	0	1	0	0	0	0	0	0	0	0	0	0	0	0	0	0	0	0	0	0	0	0	0	0	0	0	0	0	0	0	0	0	
Drepanotermes_septentrionalis	0	0	0	0	0	0	0	0	0	0	0	0	0	0	1	0	0	0	0	0	0	0	0	0	0	0	0	0	0	0	0	0	0	0	0	0	0	0	0	0	0	0	0	0	0	
N15	8.46868e-024	1.02061e-020	1.11035e-017	4.15193e-015	1.98408e-014	5.6265e-015	8.64443e-016	2.33626e-015	1.23472e-012	1.27745e-009	6.96498e-007	0.000169314	0.014245	0.269005	0.668707	0.0472611	0.000609086	2.52937e-006	4.51583e-009	4.12274e-012	2.16002e-015	7.06476e-019	1.56533e-022	1.19211e-025	1.70106e-028	2.19945e-030	2.65445e-033	2.06865e-035	1.81949e-038	8.57962e-041	5.52424e-044	1.57526e-046	6.81869e-050	1.16278e-052	2.65109e-056	2.5967e-059	2.69642e-063	1.06854e-066	6.74309e-071	1.65135e-074	6.70705e-079	1.27308e-082	3.79607e-087	1.00862e-090	5.52697e-094	
N16	5.41686e-027	1.91579e-023	5.62186e-020	9.57814e-017	1.56172e-015	2.82226e-016	2.13328e-017	1.536e-018	4.09958e-016	1.59335e-012	3.339e-009	3.20151e-006	0.00111339	0.0939606	0.873973	0.0307926	0.00015728	2.35027e-007	1.43003e-010	4.29437e-014	7.21563e-018	7.52599e-022	6.4126e-026	2.00401e-028	1.50574e-031	1.12245e-033	5.70686e-037	2.44335e-039	8.38453e-043	2.12044e-045	4.53839e-049	6.95242e-052	7.6558e-056	7.1412e-059	3.5029e-063	1.70457e-066	4.37768e-071	8.44742e-075	1.38056e-079	1.51034e-083	1.61163e-088	1.26325e-092	9.83545e-098	1.30744e-101	5.01501e-105	
N17	2.70499e-029	1.9683e-025	7.60445e-022	9.30471e-019	5.94815e-018	3.04572e-019	2.93385e-020	4.69953e-021	2.57297e-018	2.49204e-014	1.30076e-010	3.0931e-007	0.000263874	0.0524761	0.92605	0.021153	5.66187e-005	4.07099e-008	1.13874e-011	1.52787e-015	1.12452e-019	4.99556e-024	1.57474e-028	5.43589e-031	3.96704e-034	7.80587e-036	3.7386e-039	4.30066e-041	1.31929e-044	9.30023e-047	1.63612e-050	7.41713e-053	5.9441e-057	1.78398e-059	4.74492e-064	8.1733e-067	7.88992e-072	3.17257e-075	2.0696e-080	3.40538e-084	1.53795e-089	1.5005e-093	4.80379e-099	7.03484e-103	6.72004e-106	
Ephelotermes_melachoma	0	0	0	0	0	0	0	0	0	0	0	0	0	0	1	0	0	0	0	0	0	0	0	0	0	0	0	0	0	0	0	0	0	0	0	0	0	0	0	0	0	0	0	0	0	
N18	1.64815e-031	9.35597e-028	2.9427e-024	4.09616e-021	8.50479e-020	2.98486e-020	5.11265e-021	6.63891e-022	2.47864e-019	2.89878e-015	1.93018e-011	6.25986e-008	7.98225e-005	0.0270597	0.957259	0.0155701	3.16024e-005	1.83757e-008	4.37373e-012	5.19893e-016	3.50267e-020	1.46104e-024	4.14477e-029	4.12687e-032	2.70681e-035	4.671e-037	2.16491e-040	2.21317e-042	7.42995e-046	4.57132e-048	1.09102e-051	4.07834e-054	5.81639e-058	1.35972e-060	6.85918e-065	9.96193e-068	1.23353e-072	2.94106e-076	2.38801e-081	2.73003e-085	1.44616e-090	1.20075e-094	4.66628e-100	1.07614e-103	1.10083e-106	
Ephelotermes_taylori	0	0	0	0	0	0	0	0	0	0	0	0	0	0	1	0	0	0	0	0	0	0	0	0	0	0	0	0	0	0	0	0	0	0	0	0	0	0	0	0	0	0	0	0	0	
Macrognathotermes_sunteri	0	0	0	0	0	0	0	0	0	0	0	0	0	0	1	0	0	0	0	0	0	0	0	0	0	0	0	0	0	0	0	0	0	0	0	0	0	0	0	0	0	0	0	0	0	
Lophotermes_septentrionalis	0	0	0	0	0	0	0	0	0	0	0	0	0	0	1	0	0	0	0	0	0	0	0	0	0	0	0	0	0	0	0	0	0	0	0	0	0	0	0	0	0	0	0	0	0	
N19	3.43984e-024	4.70597e-021	4.94649e-018	6.63089e-016	1.59552e-015	3.00699e-016	1.87677e-016	2.12606e-015	1.1098e-012	1.83571e-009	1.5752e-006	0.000572356	0.0605488	0.448267	0.480299	0.010264	4.68037e-005	7.70968e-008	5.92105e-011	2.46857e-014	6.18278e-018	1.00132e-021	1.12258e-025	4.13249e-029	3.54146e-032	3.47141e-034	2.65911e-037	1.62203e-039	9.25988e-043	3.51336e-045	1.49068e-048	3.51897e-051	1.01943e-054	1.4885e-057	2.32746e-061	2.02609e-064	1.25738e-068	3.90326e-072	1.50001e-076	2.76224e-080	6.94275e-085	9.72287e-089	1.77898e-093	3.41395e-097	1.51447e-100	
Procubitermes_sp	0	0	0	0	0	0	0	0	0	0	0	0	1	0	0	0	0	0	0	0	0	0	0	0	0	0	0	0	0	0	0	0	0	0	0	0	0	0	0	0	0	0	0	0	0	
N20	1.4395e-030	4.00823e-026	8.77777e-022	9.95781e-018	2.09336e-016	9.69619e-018	2.06818e-019	2.64109e-021	1.53092e-019	2.8742e-015	2.88352e-011	1.27058e-007	0.00017977	0.0397795	0.955824	0.00421318	2.97873e-006	6.7299e-010	6.60573e-014	3.35859e-018	9.92486e-023	2.91654e-027	3.23764e-031	1.04903e-033	1.85075e-037	3.51556e-040	4.15749e-044	4.43608e-047	3.46129e-051	2.09422e-054	9.14265e-059	3.12829e-062	4.24596e-067	6.82917e-071	4.6967e-076	3.25722e-080	1.34486e-085	4.07767e-090	1.02686e-095	1.96967e-100	3.07312e-106	4.34812e-111	6.96744e-117	5.16269e-121	5.74108e-125	
Tuberculitermes_bycanistes	0	0	0	0	0	0	0	0	0	0	0	0	0	0	1	0	0	0	0	0	0	0	0	0	0	0	0	0	0	0	0	0	0	0	0	0	0	0	0	0	0	0	0	0	0	
Unguitermes_sp	0	0	0	0	0	0	0	0	0	0	0	0	0	0	1	0	0	0	0	0	0	0	0	0	0	0	0	0	0	0	0	0	0	0	0	0	0	0	0	0	0	0	0	0	0	
N21	1.23818e-025	3.30787e-022	5.9029e-019	2.83535e-016	4.91063e-016	3.28029e-017	2.01538e-018	7.08587e-019	1.92505e-015	7.98224e-012	1.61265e-008	1.32208e-005	0.00338256	0.173236	0.758581	0.0641968	0.000589077	1.24511e-006	8.96404e-010	2.77806e-013	4.32315e-017	3.78118e-021	2.17164e-025	2.55584e-028	1.47355e-031	4.27787e-033	1.53889e-033	2.98665e-033	1.73234e-034	7.80519e-035	2.83711e-036	8.76164e-037	1.97859e-038	4.28701e-039	4.60066e-041	6.14807e-042	3.43412e-044	1.82852e-045	7.23157e-048	2.23775e-049	6.39149e-052	1.53834e-053	3.45069e-056	1.41638e-057	1.92527e-058	
N22	4.66427e-025	2.16032e-022	1.78962e-019	3.06233e-017	5.53839e-017	7.48824e-018	7.51084e-019	1.42118e-018	2.74679e-015	9.88611e-012	1.79311e-008	1.36264e-005	0.00334768	0.170488	0.759457	0.0660451	0.000647011	1.51798e-006	1.25525e-009	4.60044e-013	8.67767e-017	9.36337e-021	6.83111e-025	3.17963e-026	8.79716e-029	2.68535e-029	4.01517e-032	7.85893e-033	5.98159e-036	8.01167e-037	2.76086e-040	2.64546e-041	3.39412e-045	2.32641e-046	8.72231e-051	3.51721e-052	4.89955e-057	4.95527e-059	4.93951e-064	1.6209e-066	1.26594e-071	1.87794e-074	1.16362e-079	1.13447e-082	7.71635e-085	
N23	1.10168e-026	4.47041e-023	1.29314e-019	1.41478e-016	2.34198e-015	7.64731e-016	9.68668e-017	2.81285e-017	2.31538e-014	4.13905e-011	4.02939e-008	1.83348e-005	0.00314323	0.140288	0.771001	0.084271	0.0012734	5.34579e-006	8.79373e-009	6.93785e-012	2.99604e-015	7.78292e-019	1.33057e-022	1.12654e-025	1.57519e-028	2.40336e-030	2.57346e-033	2.27817e-035	1.73726e-038	9.04372e-041	4.98431e-044	1.52237e-046	5.53058e-050	9.79235e-053	1.67223e-056	1.66202e-059	1.12924e-063	3.74759e-067	1.52064e-071	2.94119e-075	7.46462e-080	1.10554e-083	2.02751e-088	4.73258e-092	2.69789e-095	
Crenetermes_albotarsalis	0	0	0	0	0	0	0	0	0	0	0	0	0	0	1	0	0	0	0	0	0	0	0	0	0	0	0	0	0	0	0	0	0	0	0	0	0	0	0	0	0	0	0	0	0	
N24	5.15359e-026	6.25907e-023	4.63095e-020	1.07979e-017	8.22256e-017	3.61175e-017	2.07111e-017	3.21549e-017	1.98211e-014	3.43325e-011	3.3256e-008	1.53549e-005	0.00273576	0.130489	0.78073	0.0847462	0.00127808	5.43991e-006	9.21503e-009	7.58984e-012	3.46217e-015	9.58808e-019	1.76547e-022	7.77165e-025	2.92412e-027	2.76435e-028	7.05101e-031	4.03097e-032	6.67943e-035	2.42388e-036	2.39258e-039	5.76632e-041	2.84027e-044	4.66429e-046	8.71954e-050	8.84306e-052	6.0425e-056	1.84983e-058	8.60569e-063	1.0926e-065	3.69609e-070	2.70495e-073	6.75253e-078	4.87556e-081	1.70684e-083	
Cubitermes_sp	0	0	0	0	0	0	0	0	0	0	0	0	0	0	1	0	0	0	0	0	0	0	0	0	0	0	0	0	0	0	0	0	0	0	0	0	0	0	0	0	0	0	0	0	0	
Thoracotermes_macrothorax	0	0	0	0	0	0	0	0	0	0	0	0	0	0	1	0	0	0	0	0	0	0	0	0	0	0	0	0	0	0	0	0	0	0	0	0	0	0	0	0	0	0	0	0	0	
N25	2.22352e-025	9.27817e-022	2.63462e-018	3.32658e-015	3.37326e-014	3.41104e-015	1.52955e-016	5.54315e-018	6.32648e-016	1.63673e-012	2.46321e-009	1.87498e-006	0.000600292	0.0588868	0.897788	0.0423987	0.000323664	7.81163e-007	8.11106e-010	4.33055e-013	1.33557e-016	2.58797e-020	3.39872e-024	8.62053e-028	4.63963e-031	1.94088e-033	1.06583e-036	2.79099e-039	1.12774e-042	1.80786e-045	5.49459e-049	5.37066e-052	1.17054e-055	6.75471e-059	8.70563e-063	2.85656e-066	1.76902e-070	2.5982e-074	9.4369e-079	9.35446e-083	2.17941e-087	1.73463e-091	3.04656e-096	3.3071e-100	5.84783e-104	
N26	6.12744e-029	4.78869e-025	1.99849e-021	2.83487e-018	9.77049e-018	1.77563e-019	8.02992e-021	3.17931e-022	4.90824e-020	6.98184e-016	5.69947e-012	2.29867e-008	3.74476e-005	0.0171961	0.969557	0.0131867	2.27976e-005	1.13475e-008	2.31357e-012	2.3536e-016	1.35524e-020	4.82405e-025	1.14814e-029	2.11546e-033	7.01924e-037	4.14558e-039	1.03765e-042	3.66752e-045	6.56812e-049	1.41922e-051	1.77846e-055	2.39293e-058	1.85899e-062	1.5893e-065	5.73051e-070	3.03697e-073	3.13527e-078	4.09276e-082	2.72565e-087	1.79763e-091	7.99553e-097	3.67294e-101	1.16746e-106	7.99378e-111	2.05524e-114	
Nasutitermes_graveolus	0	0	0	0	0	0	0	0	0	0	0	0	0	0	1	0	0	0	0	0	0	0	0	0	0	0	0	0	0	0	0	0	0	0	0	0	0	0	0	0	0	0	0	0	0	
Nasutitermes_triodiae	0	0	0	0	0	0	0	0	0	0	0	0	0	0	1	0	0	0	0	0	0	0	0	0	0	0	0	0	0	0	0	0	0	0	0	0	0	0	0	0	0	0	0	0	0	
N27	2.38333e-030	3.1832e-026	2.27254e-022	5.9248e-019	2.33728e-018	4.81312e-020	1.11144e-021	1.68049e-023	1.20461e-021	3.09564e-017	4.59015e-013	3.39319e-009	1.02695e-005	0.00893917	0.984021	0.00702286	6.50644e-006	1.76355e-009	1.97988e-013	1.11747e-017	3.58687e-022	7.13417e-027	9.47724e-032	6.79063e-036	1.02297e-039	2.38815e-042	2.78827e-046	3.83644e-049	3.17556e-053	2.59808e-056	1.51104e-060	7.36706e-064	2.72366e-068	7.91995e-072	1.40957e-076	2.37509e-080	1.16463e-085	4.69985e-090	1.35981e-095	2.82137e-100	4.97144e-106	7.02659e-111	8.21253e-117	1.67675e-121	1.02591e-125	
Nasutitermes_longipennis	0	0	0	0	0	0	0	0	0	0	0	0	0	0	1	0	0	0	0	0	0	0	0	0	0	0	0	0	0	0	0	0	0	0	0	0	0	0	0	0	0	0	0	0	0	
Tumulitermes_pastinator	0	0	0	0	0	0	0	0	0	0	0	0	0	0	1	0	0	0	0	0	0	0	0	0	0	0	0	0	0	0	0	0	0	0	0	0	0	0	0	0	0	0	0	0	0	
N28	3.14494e-025	1.00648e-021	2.20716e-018	1.94288e-015	2.35477e-014	5.07392e-015	4.44903e-016	4.97357e-017	1.55785e-014	2.6166e-011	2.47478e-008	1.14073e-005	0.00210026	0.109954	0.814366	0.0725799	0.000984732	3.98657e-006	6.65295e-009	5.52922e-012	2.58947e-015	7.46868e-019	1.44019e-022	7.59491e-026	8.04838e-029	7.36405e-031	6.86944e-034	3.77121e-036	2.54524e-039	8.36934e-042	4.17409e-045	8.17424e-048	2.83546e-051	3.20809e-054	6.02521e-058	3.80595e-061	3.14457e-065	7.81489e-069	3.74436e-073	5.96771e-077	1.78896e-081	2.23744e-085	4.92702e-090	8.85417e-094	2.99615e-097	
N29	4.4238e-026	8.73035e-023	9.91874e-020	3.59651e-017	1.81962e-016	2.14011e-017	4.32035e-018	1.60077e-018	7.1722e-016	2.15889e-012	3.65685e-009	2.9794e-006	0.000947243	0.0814829	0.860065	0.0570056	0.000495241	1.20916e-006	1.17964e-009	5.62464e-013	1.49261e-016	2.41522e-020	2.59746e-024	3.7098e-027	6.52867e-030	2.30432e-031	2.86137e-034	6.07508e-036	5.06377e-039	6.74093e-041	3.52112e-044	3.05858e-046	8.55852e-050	4.97761e-052	5.78259e-056	2.08688e-058	8.9057e-063	1.01069e-065	2.89313e-070	1.46592e-073	2.98921e-078	9.26599e-082	1.37773e-086	4.47274e-090	5.78807e-093	
Microcerotermes_boreus	0	0	0	0	0	0	0	0	0	0	0	0	0	0	1	0	0	0	0	0	0	0	0	0	0	0	0	0	0	0	0	0	0	0	0	0	0	0	0	0	0	0	0	0	0	
Pericapritermes_sp	0	0	0	0	0	0	0	0	0	0	0	0	0	0	1	0	0	0	0	0	0	0	0	0	0	0	0	0	0	0	0	0	0	0	0	0	0	0	0	0	0	0	0	0	0	
Microcerotermes_nervosus	0	0	0	0	0	0	0	0	0	0	0	0	0	0	1	0	0	0	0	0	0	0	0	0	0	0	0	0	0	0	0	0	0	0	0	0	0	0	0	0	0	0	0	0	0	
N30	6.32231e-018	2.14737e-015	5.06706e-013	2.91556e-011	7.91224e-011	1.11333e-011	6.3319e-013	2.43603e-012	8.64266e-010	2.50711e-007	3.64329e-005	0.00229046	0.0524759	0.348378	0.489899	0.10182	0.00501899	8.06895e-005	5.26248e-007	1.62683e-009	2.67447e-012	2.75678e-015	3.23804e-018	1.11241e-018	6.88726e-021	3.0647e-021	9.5991e-024	2.77577e-024	4.35754e-027	8.55966e-028	6.59299e-031	8.91276e-032	3.2964e-035	2.94968e-036	5.2713e-040	2.6876e-041	2.57803e-045	5.18611e-047	3.53866e-051	3.29247e-053	1.72832e-057	8.67489e-060	3.60531e-064	1.18288e-066	6.68446e-069	
Macrotermes_bellicosus	0	0	0	0	0	0	0	0	0	0	0	0	0	0	1	0	0	0	0	0	0	0	0	0	0	0	0	0	0	0	0	0	0	0	0	0	0	0	0	0	0	0	0	0	0	
N31	4.13109e-017	2.59556e-015	1.20422e-013	1.77527e-012	4.28446e-012	5.40542e-012	7.93146e-012	6.85966e-011	8.56387e-009	1.10377e-006	8.29901e-005	0.00317916	0.0531398	0.310792	0.471391	0.147506	0.0134277	0.000471947	7.77329e-006	6.86174e-008	3.5755e-010	1.19488e-012	3.02263e-015	1.08476e-016	2.0923e-018	3.08732e-019	4.24299e-021	3.74299e-022	3.53432e-024	1.91934e-025	1.1725e-027	4.02391e-029	1.42633e-031	3.09974e-033	5.8316e-036	7.35791e-038	7.81227e-041	4.83826e-043	3.37638e-046	1.251e-048	5.95173e-052	1.59904e-054	5.60598e-058	1.92201e-060	1.63819e-062	
N32	3.69337e-024	2.70024e-020	1.32563e-016	2.83806e-013	1.44689e-012	2.42177e-014	1.75472e-016	8.86208e-019	4.66481e-017	1.87305e-013	4.29424e-010	4.93988e-007	0.000239846	0.0367177	0.938281	0.024649	0.000111825	1.64945e-007	1.0541e-010	3.45338e-014	6.48181e-018	7.58825e-022	5.98452e-026	5.86481e-030	8.58556e-034	5.14886e-037	8.85374e-041	6.65268e-044	8.52653e-044	8.36619e-045	1.68415e-046	6.67664e-048	1.04855e-049	2.99521e-051	3.4857e-053	7.52689e-055	7.6212e-056	1.26427e-055	4.26935e-056	7.38739e-057	3.61916e-059	3.56847e-061	1.38515e-063	1.6143e-065	2.26591e-067	
N33	1.06651e-026	1.37022e-022	8.7898e-019	1.59627e-015	6.09643e-015	2.93431e-017	4.5557e-020	2.33391e-022	8.51035e-020	1.31102e-015	1.0995e-011	4.27003e-008	6.19754e-005	0.0231419	0.961161	0.0156063	2.91726e-005	1.44865e-008	2.75968e-012	2.48544e-016	1.2112e-020	3.51344e-025	6.69015e-030	8.12053e-033	3.9304e-036	9.2095e-038	2.67861e-041	4.00106e-043	6.73305e-047	6.79245e-049	6.17874e-053	4.39068e-055	1.92305e-059	9.77584e-062	1.70352e-066	5.77611e-069	2.6665e-074	1.91462e-077	6.29655e-083	1.85327e-086	4.63447e-092	7.29545e-096	1.4059e-101	1.71837e-105	1.07615e-108	
Microtermes_sp	0	0	0	0	0	0	0	0	0	0	0	0	0	0	1	0	0	0	0	0	0	0	0	0	0	0	0	0	0	0	0	0	0	0	0	0	0	0	0	0	0	0	0	0	0	
Protermes_sp	0	0	0	0	0	0	0	0	0	0	0	0	0	0	1	0	0	0	0	0	0	0	0	0	0	0	0	0	0	0	0	0	0	0	0	0	0	0	0	0	0	0	0	0	0	
Odontotermes_sp	0	0	0	0	0	0	0	0	0	0	0	0	0	0	1	0	0	0	0	0	0	0	0	0	0	0	0	0	0	0	0	0	0	0	0	0	0	0	0	0	0	0	0	0	0	
Pseudacanthotermes_militaris	0	0	0	0	0	0	0	0	0	0	0	0	0	0	1	0	0	0	0	0	0	0	0	0	0	0	0	0	0	0	0	0	0	0	0	0	0	0	0	0	0	0	0	0	0	
Schedorhinotermes_lamanianus	0	0	0	0	0	0	0	0	0	0	0	0	1	0	0	0	0	0	0	0	0	0	0	0	0	0	0	0	0	0	0	0	0	0	0	0	0	0	0	0	0	0	0	0	0	
N34	1.54263e-011	2.5421e-010	3.35968e-009	1.55746e-008	1.69507e-008	1.11016e-008	3.46383e-008	6.38948e-007	2.12762e-005	0.000529272	0.00767125	0.0585703	0.216879	0.361935	0.260177	0.0814214	0.0118779	0.000880278	3.59565e-005	8.71344e-007	1.34375e-008	3.56591e-010	1.844e-011	1.20048e-011	5.60964e-013	2.37671e-013	6.55784e-015	1.79351e-015	2.91775e-017	5.27381e-018	5.10737e-020	6.08233e-021	3.61541e-023	2.75432e-024	1.06014e-026	4.96298e-028	1.31779e-030	3.75164e-032	7.21355e-035	1.3148e-036	1.87403e-039	2.3732e-041	2.65932e-044	4.12952e-046	2.03933e-047	
Coptotermes_acinaciformis	0	0	0	0	0	0	0	0	0	0	0	0	0	0	1	0	0	0	0	0	0	0	0	0	0	0	0	0	0	0	0	0	0	0	0	0	0	0	0	0	0	0	0	0	0	
N35	3.54092e-018	3.77485e-015	3.17146e-012	1.05339e-009	2.72578e-009	7.45033e-011	8.16766e-013	1.48171e-014	2.45063e-012	1.41961e-009	4.75674e-007	8.19518e-005	0.00619777	0.157052	0.747093	0.0875819	0.00197718	1.53362e-005	5.35767e-008	9.89225e-011	1.0723e-013	7.64643e-017	3.96287e-020	2.65426e-023	1.8076e-026	2.11299e-029	1.28358e-032	1.03507e-035	2.2607e-037	2.58405e-038	1.02743e-039	5.21518e-041	1.64094e-042	6.56269e-044	1.67348e-045	1.03387e-046	4.71648e-047	3.21696e-047	6.6165e-048	6.49786e-049	1.01714e-050	2.09139e-052	2.75054e-054	7.36248e-056	2.34129e-057	
Reticulitermes_flavipes	0	0	0	0	0	0	0	0	0	0	0	0	0	0	1	0	0	0	0	0	0	0	0	0	0	0	0	0	0	0	0	0	0	0	0	0	0	0	0	0	0	0	0	0	0	
N36	1.79942e-019	2.11723e-016	1.48574e-013	2.82772e-011	6.36171e-011	1.56662e-012	1.17454e-014	3.6331e-016	9.22421e-014	1.19341e-010	8.46181e-008	2.82256e-005	0.00367918	0.137456	0.77843	0.0791578	0.001243	5.73143e-006	1.05986e-008	9.46227e-012	4.6134e-015	1.35824e-018	2.72311e-022	1.93511e-024	2.75981e-027	1.91734e-028	1.56974e-031	7.32202e-033	3.39497e-036	1.10801e-037	2.87275e-041	6.6938e-043	9.38183e-047	1.5393e-048	1.09937e-052	1.15239e-054	3.90302e-059	1.64222e-061	3.92373e-066	8.29182e-069	1.52795e-073	1.87815e-076	2.76064e-081	2.26234e-084	1.16961e-087	
Reticulitermes_lucifugus	0	0	0	0	0	0	0	0	0	0	0	0	0	0	1	0	0	0	0	0	0	0	0	0	0	0	0	0	0	0	0	0	0	0	0	0	0	0	0	0	0	0	0	0	0	
Reticulitermes_urbis	0	0	0	0	0	0	0	0	0	0	0	0	0	0	1	0	0	0	0	0	0	0	0	0	0	0	0	0	0	0	0	0	0	0	0	0	0	0	0	0	0	0	0	0	0	
N37	1.05027e-009	2.08205e-008	2.50345e-007	1.15598e-006	1.33139e-006	8.32304e-007	7.14277e-007	1.23179e-005	0.000341437	0.00569347	0.0493531	0.200714	0.362332	0.277583	0.0884975	0.0134264	0.00165323	0.00032046	6.04979e-005	7.74438e-006	6.53806e-007	4.37256e-008	2.53035e-009	3.37518e-010	2.49975e-011	3.36476e-012	1.53625e-013	1.16492e-014	3.03059e-016	1.29455e-017	1.96776e-019	4.96513e-021	4.62128e-023	7.28777e-025	4.35422e-027	4.51867e-029	1.804e-031	1.28879e-033	3.54838e-036	1.81527e-038	3.54131e-041	1.35743e-043	2.09914e-046	8.4239e-049	4.4563e-051	
N38	5.97948e-013	3.53412e-011	1.54093e-009	1.90885e-008	2.48298e-008	7.52449e-009	1.3941e-008	6.25803e-007	2.77902e-005	0.000721768	0.0114689	0.0986545	0.341597	0.389058	0.139566	0.0177493	0.00109737	5.67105e-005	2.51167e-006	6.82244e-008	1.05202e-009	1.08612e-011	9.50407e-014	9.91233e-016	7.85695e-018	5.42575e-020	2.11976e-022	7.07693e-025	1.32017e-027	2.16999e-030	2.07511e-033	1.7718e-036	9.35086e-040	4.49363e-043	1.38444e-046	4.2648e-050	7.92104e-054	2.08511e-057	2.44617e-061	1.03847e-064	1.10972e-068	1.1614e-071	6.05601e-075	1.56931e-077	2.98492e-080	
N39	4.45457e-013	7.83782e-012	1.48588e-010	1.29634e-009	4.08735e-009	2.27801e-008	2.33345e-007	4.47287e-006	8.93177e-005	0.00099932	0.00763177	0.0555524	0.240156	0.397523	0.237089	0.0550895	0.00557789	0.000278569	7.77905e-006	1.35677e-007	1.63416e-009	1.07817e-010	3.74218e-012	9.56322e-013	1.74743e-014	2.24491e-015	1.99353e-017	1.38494e-018	5.93431e-021	2.32084e-022	4.94906e-025	1.07108e-026	1.24342e-029	1.4171e-031	1.00363e-034	6.07021e-037	2.83114e-040	1.01637e-042	3.25281e-046	8.08171e-049	1.86454e-052	3.71093e-055	9.69075e-059	7.22444e-061	9.72409e-063	
N40	1.10717e-012	1.22571e-011	1.40745e-010	8.87793e-010	7.27615e-009	1.91373e-007	5.54374e-006	8.74462e-005	0.000689087	0.00292934	0.00918909	0.0434	0.182392	0.35012	0.284062	0.105449	0.0196045	0.00195788	0.000110325	3.64038e-006	7.35137e-008	2.65536e-009	2.0245e-010	1.72618e-010	1.08355e-011	5.27151e-012	1.84986e-013	5.28822e-014	1.00287e-015	1.76211e-016	1.7595e-018	1.89321e-019	1.03919e-021	6.48499e-023	2.18757e-025	7.6513e-027	1.7465e-029	3.59137e-031	5.82274e-034	7.78975e-036	9.1616e-039	8.87182e-041	8.69035e-044	1.67829e-045	1.03301e-046	
Bifiditermes_improbus	0	0	0	0	0	0	0	0	0	0	0	1	0	0	0	0	0	0	0	0	0	0	0	0	0	0	0	0	0	0	0	0	0	0	0	0	0	0	0	0	0	0	0	0	0	
Neotermes_insularis	0	0	0	0	0	0	0	0	0	0	0	0	0	0	0	0	0	0	0	1	0	0	0	0	0	0	0	0	0	0	0	0	0	0	0	0	0	0	0	0	0	0	0	0	0	
N41	1.54643e-013	9.8273e-012	5.79775e-010	1.41234e-008	4.8423e-008	2.48856e-008	6.13634e-009	7.24164e-009	2.89608e-007	1.49423e-005	0.0004866	0.00890468	0.0812206	0.315747	0.422683	0.150839	0.0190119	0.00106092	3.05625e-005	5.07854e-007	5.29415e-009	4.21438e-011	3.22629e-013	7.16614e-015	9.76954e-017	2.50203e-018	2.47865e-020	4.17655e-022	2.92247e-024	3.26199e-026	1.60536e-028	1.19351e-030	4.0517e-033	2.03192e-035	4.73988e-038	1.65394e-040	2.68802e-043	6.86715e-046	7.95035e-049	1.57534e-051	1.33593e-054	2.19511e-057	1.6712e-060	3.80439e-063	1.18451e-065	
Glyptotermes_brevicornis	0	0	0	0	0	0	0	0	0	0	0	0	0	0	1	0	0	0	0	0	0	0	0	0	0	0	0	0	0	0	0	0	0	0	0	0	0	0	0	0	0	0	0	0	0	
Glyptotermes_iridipennis	0	0	0	0	0	0	0	0	0	0	0	0	0	0	1	0	0	0	0	0	0	0	0	0	0	0	0	0	0	0	0	0	0	0	0	0	0	0	0	0	0	0	0	0	0	
N42	1.47174e-014	1.50214e-012	8.00509e-011	6.39644e-010	3.62366e-010	1.00999e-010	4.33435e-010	4.3917e-008	4.3072e-006	0.000245704	0.00703254	0.0850976	0.351969	0.412115	0.130328	0.0127247	0.000474502	8.47496e-006	8.74893e-008	5.71987e-010	2.39643e-012	7.16927e-015	1.80913e-017	3.09637e-019	1.52717e-021	3.96889e-023	1.26184e-025	2.07722e-027	4.16668e-030	4.40747e-032	5.40916e-035	3.66635e-037	2.74948e-040	1.17204e-042	5.61056e-046	1.48698e-048	4.815e-052	8.18575e-055	1.89264e-058	2.28563e-061	4.02546e-065	3.9899e-068	6.08422e-072	6.8788e-075	1.03044e-077	
N43	5.9171e-015	4.3255e-013	2.69429e-011	6.4236e-010	2.70072e-009	4.68144e-009	8.18232e-009	2.23026e-007	1.50875e-005	0.000584746	0.0113006	0.0978697	0.335689	0.395457	0.141939	0.0163932	0.0007363	1.51764e-005	1.6275e-007	9.99593e-010	3.79729e-012	1.14903e-014	4.32701e-017	1.08426e-018	8.46045e-021	1.82533e-022	9.64993e-025	1.22469e-026	4.33518e-029	3.31537e-031	7.60369e-034	3.56064e-036	5.09003e-039	1.46962e-041	1.32026e-044	2.4039e-047	1.40636e-050	1.7517e-053	6.89697e-057	6.46682e-060	1.77554e-063	1.36177e-066	3.41477e-070	4.62262e-073	9.68233e-076	
N44	2.19681e-015	1.80116e-013	1.4219e-011	4.60716e-010	2.21813e-009	2.573e-009	2.29269e-009	2.09175e-008	1.64319e-006	0.000103874	0.00334574	0.0478236	0.260832	0.453091	0.207371	0.02622	0.00118711	2.3638e-005	2.3965e-007	1.41552e-009	6.06366e-012	2.62224e-013	4.03842e-015	4.53532e-016	4.11082e-018	2.79043e-019	1.45868e-021	6.24972e-023	1.91191e-025	5.26479e-027	9.6911e-030	1.69806e-031	1.97582e-034	2.14997e-036	1.68426e-039	1.13456e-041	6.30514e-045	2.74137e-047	1.11378e-050	3.34907e-053	1.01006e-056	2.26301e-059	6.17604e-063	3.34027e-065	4.47949e-067	
Cryptotermes_austrinus	0	0	0	0	0	0	0	0	0	0	0	0	0	1	0	0	0	0	0	0	0	0	0	0	0	0	0	0	0	0	0	0	0	0	0	0	0	0	0	0	0	0	0	0	0	
Cryptotermes_queenslandis	0	0	0	0	0	0	0	0	0	0	0	0	0	0	1	0	0	0	0	0	0	0	0	0	0	0	0	0	0	0	0	0	0	0	0	0	0	0	0	0	0	0	0	0	0	
N45	6.14813e-013	6.69406e-011	5.82888e-010	1.06367e-008	9.17896e-007	6.03881e-006	1.90026e-005	3.14729e-005	0.00145308	0.0231176	0.130712	0.320208	0.347679	0.154688	0.0219832	0.000100793	1.60409e-007	1.22029e-010	5.17897e-014	1.35126e-017	2.32126e-021	2.86663e-025	2.92191e-029	8.85216e-033	2.55185e-036	1.96449e-039	4.80542e-043	2.43537e-046	4.36842e-050	1.44262e-053	1.85641e-057	4.02706e-061	3.58709e-065	5.14644e-069	3.09407e-073	2.97962e-077	1.21593e-081	8.24272e-086	2.3282e-090	1.19321e-094	2.39932e-099	1.00049e-103	1.68764e-108	9.16337e-113	6.42752e-117	
Cryptotermes_primus	0	0	0	0	0	0	0	0	1	0	0	0	0	0	0	0	0	0	0	0	0	0	0	0	0	0	0	0	0	0	0	0	0	0	0	0	0	0	0	0	0	0	0	0	0	
Incisitermes_sp	0	0	0	0	0	0	0	0	0	0	0	0	0	0	1	0	0	0	0	0	0	0	0	0	0	0	0	0	0	0	0	0	0	0	0	0	0	0	0	0	0	0	0	0	0	
N46	4.74229e-016	4.37463e-014	2.7172e-012	2.03986e-011	4.20729e-011	2.60227e-010	2.99416e-009	6.06424e-008	2.2606e-006	0.000112377	0.00418422	0.0689462	0.344363	0.434093	0.135811	0.0121149	0.000368101	4.52455e-006	2.60262e-008	7.87751e-011	1.3834e-013	2.83472e-016	1.1534e-018	4.68345e-020	2.01669e-022	4.88871e-024	1.21796e-026	1.72067e-028	2.46012e-031	2.11102e-033	1.69645e-036	8.90993e-039	4.07035e-042	1.26898e-044	3.51901e-048	6.32582e-051	1.14824e-054	1.23413e-057	1.53247e-061	1.08151e-064	9.39623e-069	4.811e-072	3.32978e-076	2.76513e-079	5.66152e-082	
N47	1.76584e-016	6.01808e-015	2.95798e-013	4.63608e-012	4.49519e-011	3.15212e-010	3.14756e-009	1.21133e-007	5.17993e-006	0.000174338	0.00536765	0.0814088	0.370846	0.420501	0.113377	0.00813363	0.000184084	1.56377e-006	5.79754e-009	1.06066e-011	1.0571e-014	6.82807e-018	4.50647e-021	1.25422e-022	3.13401e-025	2.07012e-026	2.95295e-029	1.28566e-030	9.60874e-034	2.75237e-035	1.05063e-038	1.98731e-040	3.92401e-044	4.69649e-046	5.21832e-050	3.66081e-052	2.59144e-056	1.00964e-058	5.03566e-063	1.09319e-065	4.07849e-070	5.21835e-073	1.50369e-077	1.30313e-080	9.52172e-084	
N48	3.17123e-016	6.33212e-015	2.04153e-013	4.21219e-012	8.53903e-011	5.09163e-009	3.19469e-007	9.29219e-006	0.000120945	0.00109211	0.0149279	0.132461	0.403736	0.355856	0.0854407	0.00619516	0.00015899	1.64276e-006	7.57947e-009	1.73976e-011	2.18897e-014	1.79985e-017	2.33958e-020	1.74024e-021	9.42069e-024	5.54698e-025	1.76227e-027	5.93451e-029	1.04932e-031	2.14472e-033	1.92212e-036	2.45313e-038	1.04768e-041	7.95271e-044	1.7529e-047	6.93928e-050	9.40958e-054	1.84676e-056	1.70901e-060	1.83605e-063	1.19326e-067	8.22247e-071	3.93978e-075	3.50853e-078	1.14549e-080	
Cryptotermes_brevis	0	0	0	0	0	0	0	0	0	0	0	1	0	0	0	0	0	0	0	0	0	0	0	0	0	0	0	0	0	0	0	0	0	0	0	0	0	0	0	0	0	0	0	0	0	
N49	4.15116e-016	8.70506e-015	1.973e-013	1.2888e-011	1.90297e-009	1.6853e-007	5.28895e-006	6.70187e-005	0.000398171	0.00190569	0.0193552	0.141034	0.38921	0.344256	0.0942611	0.00913812	0.000363046	6.45052e-006	5.4346e-008	2.39879e-010	6.22852e-013	1.96369e-014	5.35084e-016	3.62954e-016	5.49164e-018	2.25346e-018	1.75597e-020	4.66637e-021	1.76078e-023	3.12087e-024	5.4508e-027	6.19251e-028	5.31164e-031	3.36467e-032	1.68978e-035	5.02114e-037	1.75381e-040	2.46291e-042	6.41956e-046	4.95562e-048	9.77639e-052	4.86693e-054	8.12441e-058	1.3035e-059	1.00246e-060	
Cryptotermes_domesticus	0	0	0	0	0	0	0	0	1	0	0	0	0	0	0	0	0	0	0	0	0	0	0	0	0	0	0	0	0	0	0	0	0	0	0	0	0	0	0	0	0	0	0	0	0	
Procryptotermes_australiensis	0	0	0	0	0	0	0	0	0	0	0	0	0	0	0	0	0	1	0	0	0	0	0	0	0	0	0	0	0	0	0	0	0	0	0	0	0	0	0	0	0	0	0	0	0	
N50	7.02259e-015	7.4392e-013	6.23539e-011	1.57796e-009	2.15262e-009	9.10538e-010	3.27563e-010	4.39984e-009	5.23229e-007	4.23345e-005	0.00181873	0.0358514	0.263498	0.521906	0.16232	0.01408	0.000474954	7.6231e-006	6.6548e-008	3.48201e-010	1.18014e-012	3.69652e-015	1.64298e-017	4.02108e-019	3.06809e-021	5.93779e-023	3.21607e-025	3.83269e-027	1.45237e-029	1.07822e-031	2.73776e-034	1.27706e-036	2.08203e-039	6.14828e-042	6.48293e-045	1.25553e-047	8.81138e-051	1.22331e-053	5.90127e-057	6.44183e-060	2.2195e-063	2.06866e-066	7.33072e-070	1.37234e-072	3.69514e-075	
Cryptotermes_dudleyi	0	0	0	0	0	0	0	0	0	0	0	0	0	1	0	0	0	0	0	0	0	0	0	0	0	0	0	0	0	0	0	0	0	0	0	0	0	0	0	0	0	0	0	0	0	
Cryptotermes_secundus	0	0	0	0	0	0	0	0	0	0	0	0	0	1	0	0	0	0	0	0	0	0	0	0	0	0	0	0	0	0	0	0	0	0	0	0	0	0	0	0	0	0	0	0	0	
Cryptotermes_cynocephalus	0	0	0	0	0	0	0	0	0	0	0	0	0	0	0	1	0	0	0	0	0	0	0	0	0	0	0	0	0	0	0	0	0	0	0	0	0	0	0	0	0	0	0	0	0	
Kalotermes_flavicollis	0	0	0	0	0	0	0	0	0	0	0	0	0	0	0	0	0	0	0	0	0	0	0	0	0	0	0	1	0	0	0	0	0	0	0	0	0	0	0	0	0	0	0	0	0	
N51	1.046e-005	3.36335e-005	0.000125747	0.000356257	0.000796612	0.00202277	0.00664629	0.021251	0.0525876	0.0951848	0.132402	0.156992	0.16821	0.155113	0.113109	0.0619205	0.0246101	0.00699538	0.00140561	0.000203353	2.12164e-005	2.06322e-006	1.68556e-007	3.67124e-008	3.48849e-009	8.5723e-010	5.88077e-011	1.0134e-011	4.877e-013	5.94633e-014	2.06532e-015	1.84018e-016	4.76643e-018	3.21114e-019	6.37184e-021	3.3309e-022	5.18604e-024	2.14831e-025	2.64061e-027	8.65866e-029	8.43409e-031	2.22035e-032	1.82235e-034	4.80544e-036	1.53483e-037	
Porotermes_adamsoni	0	0	0	0	0	0	0	0	0	0	0	0	0	1	0	0	0	0	0	0	0	0	0	0	0	0	0	0	0	0	0	0	0	0	0	0	0	0	0	0	0	0	0	0	0	
N52	6.30796e-007	1.24958e-006	8.64303e-006	9.56726e-005	0.00137355	0.0145975	0.0733737	0.13224	0.105758	0.046776	0.0181083	0.0284607	0.0730744	0.131688	0.157559	0.12482	0.0649125	0.0218448	0.0046406	0.000613688	4.99819e-005	2.83741e-006	1.18153e-007	5.59814e-009	2.11085e-010	1.01464e-011	2.89525e-013	9.6203e-015	1.85173e-016	4.14344e-018	5.53875e-020	8.71271e-022	8.37747e-024	9.63677e-026	6.85619e-028	5.95961e-030	3.20951e-032	2.16795e-034	9.00603e-037	4.85269e-039	1.59756e-041	7.27529e-044	2.29851e-046	1.24834e-048	8.29224e-051	
Stolotermes_sp	0	0	0	0	0	0	0	0	0	1	0	0	0	0	0	0	0	0	0	0	0	0	0	0	0	0	0	0	0	0	0	0	0	0	0	0	0	0	0	0	0	0	0	0	0	
N53	2.18003e-010	3.13794e-010	1.38118e-008	8.87314e-007	3.67157e-005	0.000780337	0.0047923	0.00240204	0.000355592	2.6136e-005	1.19613e-006	2.5948e-007	4.22892e-006	9.56827e-005	0.00140322	0.0126262	0.0658968	0.191739	0.278165	0.296824	0.102438	0.038387	0.00358408	0.000426061	1.47468e-005	7.36972e-007	1.21664e-008	3.11604e-010	2.83395e-012	4.20896e-014	2.31213e-016	2.17262e-018	7.68823e-021	4.88905e-023	1.16875e-025	5.31277e-028	8.90192e-031	3.03163e-033	3.66556e-036	9.74083e-039	8.90727e-042	2.1237e-044	3.43188e-047	2.10324e-049	1.43175e-051	
Zootermopsis_angusticollis	0	0	0	0	0	0	0	0	0	0	0	0	0	0	0	0	0	0	0	1	0	0	0	0	0	0	0	0	0	0	0	0	0	0	0	0	0	0	0	0	0	0	0	0	0	
Zootermopsis_nevadensis	0	0	0	0	0	0	0	0	0	0	0	0	0	0	0	0	0	0	0	1	0	0	0	0	0	0	0	0	0	0	0	0	0	0	0	0	0	0	0	0	0	0	0	0	0	
Mastotermes_darwiniensis	0	0	0	0	0	0	0	0	0	0	0	0	0	0	0	0	0	0	0	0	0	0	0	0	0	0	0	0	0	0	0	0	0	0	0	0	0	0	0	0	0	0	1	0	0	
N54	0.0147174	0.0324283	0.0832848	0.175499	0.255213	0.231113	0.126969	0.0467654	0.0157828	0.00786805	0.00516136	0.0030594	0.00143265	0.000521161	0.000145779	3.18772e-005	5.39255e-006	7.36473e-007	7.93621e-008	7.39252e-009	5.55479e-010	3.91254e-011	2.20194e-012	1.22056e-013	5.22655e-015	2.2474e-016	7.28035e-018	2.39719e-019	5.89556e-021	1.49721e-022	2.83495e-024	5.66032e-026	8.42306e-028	1.35612e-029	1.62155e-031	2.15931e-033	2.13035e-035	2.41781e-037	2.03947e-039	2.06742e-041	1.6663e-043	1.75553e-045	1.75587e-047	2.222e-049	3.32559e-051	
N55	0.0103159	0.0709225	0.326397	0.424576	0.14606	0.0202006	0.00145846	6.68747e-005	2.25748e-006	6.03236e-008	1.26621e-009	2.03675e-011	2.47604e-013	2.28262e-015	1.60886e-017	8.78301e-020	3.75513e-022	1.27462e-024	3.47064e-027	7.68887e-030	1.39802e-032	2.12192e-035	2.70089e-038	2.97496e-041	2.81966e-044	2.57998e-047	2.17345e-050	2.47703e-053	2.52085e-056	3.90429e-059	4.05328e-062	5.81825e-065	5.19918e-068	6.22027e-071	4.65646e-074	4.62082e-077	2.89868e-080	2.40726e-083	1.27178e-086	8.96464e-090	4.08967e-093	2.58564e-096	1.20612e-099	8.56687e-103	6.13937e-106	
Cryptocercus_primarius	0	0	0	1	0	0	0	0	0	0	0	0	0	0	0	0	0	0	0	0	0	0	0	0	0	0	0	0	0	0	0	0	0	0	0	0	0	0	0	0	0	0	0	0	0	
Cryptocercus_relictus	0	0	1	0	0	0	0	0	0	0	0	0	0	0	0	0	0	0	0	0	0	0	0	0	0	0	0	0	0	0	0	0	0	0	0	0	0	0	0	0	0	0	0	0	0	
Cryptocercus_punctulatus	0	0	0	0	0	0	0	0	0	0	0	0	0	0	0	0	0	1	0	0	0	0	0	0	0	0	0	0	0	0	0	0	0	0	0	0	0	0	0	0	0	0	0	0	0	
N56	0.0125919	0.021849	0.0441323	0.0848961	0.139605	0.185433	0.19325	0.155602	0.0958345	0.0450698	0.0161485	0.00445299	0.000947032	0.00016215	2.24157e-005	3.0673e-006	3.84166e-007	6.89257e-008	9.35615e-009	1.71475e-009	1.91726e-010	2.75542e-011	2.3507e-012	2.57678e-013	1.67279e-014	1.41676e-015	7.04071e-017	4.69694e-018	1.80434e-019	9.71704e-021	2.91552e-022	1.2993e-023	3.10524e-025	1.1931e-026	2.32137e-028	7.95983e-030	1.37683e-031	4.81564e-033	7.88581e-035	2.77822e-036	5.74751e-038	2.69065e-039	9.33661e-041	5.45904e-042	3.92203e-043	
N57	0.000177804	0.000371785	0.000894854	0.00299137	0.014771	0.0607508	0.163461	0.269302	0.262802	0.154895	0.0550507	0.0125088	0.00181843	0.000190445	1.39687e-005	8.91683e-007	4.27285e-008	2.06675e-009	7.23092e-011	2.61804e-012	6.461e-014	1.64768e-015	2.79178e-017	4.95372e-019	5.80982e-021	7.33209e-023	6.07553e-025	5.60947e-027	3.38573e-029	2.37935e-031	1.07338e-033	5.91583e-036	2.08097e-038	9.5111e-041	2.68876e-043	1.04125e-045	2.54257e-048	9.00256e-051	1.93362e-053	6.15338e-056	1.3641e-058	4.66561e-061	1.32412e-063	5.06235e-066	1.97749e-068	
N58	1.62646e-006	8.59266e-007	1.40477e-005	0.000203779	0.00365357	0.0579402	0.30622	0.413379	0.181212	0.033358	0.00347062	0.00043539	9.56896e-005	1.42041e-005	1.01902e-006	3.70503e-008	7.24279e-010	1.13942e-011	1.26267e-013	1.9755e-015	1.49263e-017	1.45694e-019	6.14997e-022	3.39506e-024	8.46045e-027	2.84562e-029	4.46199e-032	9.76982e-035	1.01192e-037	1.52298e-040	1.0811e-043	1.16965e-046	5.86704e-050	4.75764e-053	1.72933e-056	1.08788e-059	2.95179e-063	1.51773e-066	3.16121e-070	1.39359e-073	2.76296e-077	1.60981e-080	7.86652e-084	7.79147e-087	7.22619e-090	
N59	2.88043e-008	4.3463e-008	1.782e-006	8.10798e-005	0.00350815	0.0780783	0.397514	0.404509	0.104089	0.0105629	0.00120102	0.000329315	0.000105993	1.77074e-005	1.32061e-006	4.53571e-008	7.36725e-010	1.16686e-011	8.72629e-014	1.46197e-014	4.84366e-017	4.91831e-018	6.23415e-021	2.90961e-022	1.64962e-025	3.88634e-027	1.11588e-030	1.39491e-032	2.25838e-036	1.53784e-038	1.54694e-042	5.95281e-045	4.01467e-049	9.18853e-052	4.38333e-056	6.27814e-059	2.20881e-063	2.13009e-066	5.69027e-071	3.8682e-074	8.62418e-079	7.56949e-082	2.70638e-086	1.13977e-088	5.58914e-091	
N60	7.09076e-009	5.15753e-008	1.8953e-006	0.000154449	0.00758505	0.128412	0.448368	0.341428	0.0649402	0.00668178	0.00170647	0.00054651	0.000146702	2.62196e-005	2.56976e-006	2.05387e-007	1.3063e-008	9.86432e-009	3.44261e-010	1.16114e-010	1.16881e-012	1.55931e-013	6.25624e-016	3.58993e-017	7.40085e-020	1.98267e-021	2.48791e-024	3.73603e-026	3.347e-029	4.11222e-031	3.02357e-034	3.34899e-036	1.92766e-039	1.48508e-041	6.32759e-045	3.13041e-047	1.01847e-050	4.64856e-053	1.09571e-056	5.73346e-059	7.02982e-062	1.57277e-063	5.00982e-067	8.024e-069	1.45636e-070	
Blatta_orientalis	0	0	0	0	0	0	0	0	0	0	0	0	0	0	0	0	0	1	0	0	0	0	0	0	0	0	0	0	0	0	0	0	0	0	0	0	0	0	0	0	0	0	0	0	0	
N61	3.23077e-007	1.5275e-007	1.19715e-007	6.7988e-006	0.00057342	0.0209019	0.246791	0.62046	0.106602	0.00457301	9.03426e-005	1.40107e-006	1.98661e-008	2.09482e-010	1.46938e-012	8.50861e-015	4.8035e-017	2.80784e-019	1.06454e-021	3.32597e-024	5.74425e-027	8.13111e-030	7.01867e-033	6.02556e-036	2.95671e-039	2.3255e-042	8.61816e-046	9.26964e-049	3.81285e-052	5.18499e-055	2.31209e-058	2.87935e-061	1.10099e-064	1.08648e-067	3.22119e-071	2.47402e-074	6.02109e-078	4.24847e-081	9.98275e-085	7.90621e-088	2.28488e-091	1.78003e-094	4.5641e-098	3.41395e-101	2.05802e-104	
Periplaneta_australasiae	0	0	0	0	0	0	0	1	0	0	0	0	0	0	0	0	0	0	0	0	0	0	0	0	0	0	0	0	0	0	0	0	0	0	0	0	0	0	0	0	0	0	0	0	0	
Periplaneta_fuliginosa	0	0	0	0	0	0	0	1	0	0	0	0	0	0	0	0	0	0	0	0	0	0	0	0	0	0	0	0	0	0	0	0	0	0	0	0	0	0	0	0	0	0	0	0	0	
N62	6.16874e-009	6.10297e-008	2.49992e-006	0.000172134	0.00752591	0.128121	0.473324	0.326878	0.0585246	0.00433349	0.000562997	0.000331631	0.000166705	4.77851e-005	7.58813e-006	1.01992e-006	1.34476e-007	1.34192e-007	1.18503e-008	4.6834e-009	1.08197e-010	1.45566e-011	1.26255e-013	6.94778e-015	3.05809e-017	8.53936e-019	2.41808e-021	4.85665e-023	1.03554e-025	1.6579e-027	2.56882e-030	2.72616e-032	2.94701e-035	1.99025e-037	1.50047e-040	6.92284e-043	3.8353e-046	1.85435e-048	7.93901e-052	5.35628e-054	9.71051e-057	1.89966e-058	1.41448e-061	2.22337e-063	3.64931e-065	
Deropeltis_erythrocephala	0	0	0	0	0	0	0	0	0	0	0	0	0	0	0	0	0	0	1	0	0	0	0	0	0	0	0	0	0	0	0	0	0	0	0	0	0	0	0	0	0	0	0	0	0	
Periplaneta_brunnea	0	0	0	0	0	0	0	1	0	0	0	0	0	0	0	0	0	0	0	0	0	0	0	0	0	0	0	0	0	0	0	0	0	0	0	0	0	0	0	0	0	0	0	0	0	
Periplaneta_americana	0	0	0	0	0	0	0	0	0	0	1	0	0	0	0	0	0	0	0	0	0	0	0	0	0	0	0	0	0	0	0	0	0	0	0	0	0	0	0	0	0	0	0	0	0	
N63	5.82301e-005	0.000127164	0.000322081	0.00105567	0.00523393	0.0263394	0.0943565	0.211749	0.285291	0.228554	0.108735	0.0315823	0.0056737	0.000813998	8.21095e-005	2.32648e-005	2.17967e-006	6.86095e-007	3.95288e-008	7.64458e-009	2.69446e-010	3.24224e-011	7.33249e-013	5.7174e-014	8.69237e-016	4.59929e-017	4.87678e-019	1.82107e-020	1.39352e-022	3.86783e-024	2.18591e-026	4.64607e-028	2.0694e-030	4.13485e-032	1.41927e-034	2.43239e-036	1.20954e-038	4.62125e-040	1.25609e-042	2.31426e-044	1.35348e-046	5.0284e-048	1.50778e-050	4.04853e-052	1.4525e-053	
N64	4.41865e-006	1.29717e-005	2.38502e-005	0.000127464	0.000254791	0.000252016	0.000524175	0.0476386	0.21888	0.363358	0.268922	0.0891879	0.0107618	5.20356e-005	1.00037e-007	1.11531e-010	8.28441e-014	6.17184e-017	3.6672e-020	2.64015e-023	1.18316e-026	5.90247e-030	1.74632e-033	5.75885e-037	1.14716e-040	2.60641e-044	3.61259e-048	5.90302e-052	5.85738e-056	7.15834e-060	5.20818e-064	4.93103e-068	2.69198e-072	2.04711e-076	8.56575e-081	5.4044e-085	1.80533e-089	1.01181e-093	2.87575e-098	1.5562e-102	5.35444e-107	4.08843e-111	2.75047e-115	2.54771e-119	2.11184e-123	
Eurycotis_floridana	0	0	0	0	0	0	0	1	0	0	0	0	0	0	0	0	0	0	0	0	0	0	0	0	0	0	0	0	0	0	0	0	0	0	0	0	0	0	0	0	0	0	0	0	0	
Pelmatosilpha_sp	0	0	0	0	0	0	0	0	0	0	0	0	1	0	0	0	0	0	0	0	0	0	0	0	0	0	0	0	0	0	0	0	0	0	0	0	0	0	0	0	0	0	0	0	0	
Periplaneta_japonica	0	0	0	0	0	0	0	0	0	0	1	0	0	0	0	0	0	0	0	0	0	0	0	0	0	0	0	0	0	0	0	0	0	0	0	0	0	0	0	0	0	0	0	0	0	
Lamproblatta_albipalpus	0	0	1	0	0	0	0	0	0	0	0	0	0	0	0	0	0	0	0	0	0	0	0	0	0	0	0	0	0	0	0	0	0	0	0	0	0	0	0	0	0	0	0	0	0	
N65	0.00205755	0.00416194	0.0114851	0.0334308	0.0859955	0.172916	0.247734	0.235513	0.141134	0.0520263	0.0116967	0.00167471	0.000153084	1.83033e-005	1.55451e-006	6.85225e-007	5.00825e-008	1.65472e-008	7.48271e-010	1.53661e-010	4.34218e-012	5.58005e-013	1.00607e-014	8.14586e-016	9.5998e-018	4.96663e-019	3.91063e-021	1.32663e-022	7.14014e-025	1.69653e-026	6.28553e-029	1.09431e-030	3.33921e-033	8.5366e-035	1.96133e-037	3.78841e-039	2.19811e-041	1.07671e-042	1.94966e-045	3.00473e-047	1.37109e-049	4.94271e-051	8.60965e-054	1.79383e-055	5.36396e-057	
N66	0.00416715	0.00832169	0.018494	0.0386407	0.0760542	0.135947	0.199174	0.217632	0.168034	0.0899131	0.0331534	0.0085974	0.00158221	0.000247246	3.27821e-005	8.07792e-006	1.2712e-006	3.57913e-007	4.13061e-008	7.98015e-009	6.19943e-010	8.08759e-011	4.28119e-012	3.87319e-013	1.42236e-014	9.2246e-016	2.39114e-017	1.15235e-018	2.15171e-020	8.06764e-022	1.10563e-023	3.36038e-025	3.61232e-027	1.04332e-028	9.39658e-031	2.65162e-032	3.05262e-034	1.26263e-035	1.14723e-037	3.37267e-039	4.13858e-041	1.56685e-042	1.96061e-044	7.85261e-046	3.83103e-047	
N67	0.00273399	0.00742177	0.0187512	0.0313221	0.0383684	0.0578008	0.11293	0.186606	0.219175	0.177582	0.0974088	0.0373819	0.00983358	0.00221135	0.000368916	8.92749e-005	1.23908e-005	2.63691e-006	2.36682e-007	3.16763e-008	1.73064e-009	1.43497e-010	4.88589e-012	2.60089e-013	5.71131e-015	2.0399e-016	2.97752e-018	7.41845e-020	7.4618e-022	1.37125e-023	9.72721e-026	1.36118e-027	7.41146e-030	9.37641e-032	3.98689e-034	4.32379e-036	1.95987e-038	2.64497e-040	9.00043e-043	8.43749e-045	3.3821e-047	3.87987e-049	1.55009e-051	1.82114e-053	2.32273e-055	
N68	0.000192168	0.000607192	0.00171345	0.00286454	0.00347901	0.0061063	0.0178844	0.053182	0.123144	0.20371	0.227526	0.178935	0.0949078	0.0495513	0.0183757	0.0120705	0.00354398	0.00179128	0.000314078	9.20181e-005	9.17336e-006	1.553e-006	9.04852e-008	9.26574e-009	3.31038e-010	2.17779e-011	4.97493e-013	2.20822e-014	3.39609e-016	1.10376e-017	1.17298e-019	2.86957e-021	2.42513e-023	6.00091e-025	3.90471e-027	7.86309e-029	6.13029e-031	1.69994e-032	8.52757e-035	1.38894e-036	8.83864e-039	1.92582e-040	1.02595e-042	2.05832e-044	4.89384e-046	
N69	4.02505e-007	4.02145e-006	1.6706e-005	2.46861e-005	2.99932e-005	6.50289e-005	0.000429312	0.0042013	0.0279563	0.107676	0.227438	0.270306	0.19731	0.101454	0.0413919	0.0156181	0.0047553	0.00114145	0.000161037	1.85147e-005	1.11654e-006	7.39355e-008	2.32794e-009	1.051e-010	2.41145e-012	1.13893e-013	3.05653e-015	1.41831e-016	2.7946e-018	8.39045e-020	1.01782e-021	1.93699e-023	1.50146e-025	1.93231e-027	1.01343e-029	9.28615e-032	3.58722e-034	2.52941e-036	7.37598e-039	3.89279e-041	9.0325e-044	4.00756e-046	9.30569e-049	5.03638e-051	3.20902e-053	
N70	8.50596e-009	9.01363e-008	4.59977e-007	1.15801e-006	3.25522e-006	1.64714e-005	0.000181938	0.00240098	0.0208025	0.0958202	0.221053	0.269623	0.202078	0.109064	0.0484776	0.0207869	0.00748327	0.00188161	0.000283721	3.85262e-005	2.67376e-006	1.0841e-006	4.45606e-008	1.78985e-008	3.52495e-010	7.25271e-011	7.0719e-013	7.5021e-014	3.83428e-016	2.17737e-017	6.19487e-020	1.95952e-021	3.31867e-024	6.16599e-026	6.59202e-029	7.56415e-031	5.43306e-034	4.15754e-036	2.08806e-039	1.09516e-041	4.03991e-045	1.58579e-047	4.60552e-051	1.83025e-053	1.12383e-055	
N71	2.99735e-009	2.31816e-008	1.6771e-007	9.6005e-007	4.25452e-006	1.7275e-005	0.000142886	0.00194354	0.0180815	0.0890327	0.2191	0.280134	0.206873	0.101778	0.043927	0.0229172	0.0112565	0.00381262	0.000824962	0.000127977	1.49359e-005	6.61895e-006	1.10831e-006	1.35291e-006	1.4525e-007	1.1795e-007	7.26374e-009	3.50533e-009	1.27249e-010	3.69177e-011	8.43861e-013	1.56107e-013	2.38403e-015	2.96579e-016	3.09479e-018	2.59929e-019	1.88029e-021	1.06176e-022	5.41875e-025	2.06473e-026	7.62579e-029	2.03345e-030	5.74734e-033	1.42564e-034	5.99875e-036	
N72	6.0974e-010	1.23341e-008	2.24646e-007	2.01277e-006	8.26368e-006	1.97456e-005	3.64136e-005	0.000184144	0.00217939	0.0177632	0.0825982	0.211904	0.298255	0.234545	0.10935	0.0338439	0.00773179	0.00135789	0.000191689	2.53773e-005	3.38126e-006	6.01139e-007	1.06176e-007	1.91487e-008	2.18702e-009	2.0917e-010	1.21398e-011	5.96544e-013	1.81433e-014	4.90558e-016	8.31467e-018	1.38829e-019	1.40579e-021	1.70436e-023	1.13568e-025	1.23558e-027	6.39485e-030	7.26479e-032	3.37285e-034	3.65475e-036	1.51546e-038	1.50583e-040	1.0208e-042	1.62531e-044	2.73628e-046	
N73	1.16407e-011	6.48977e-010	3.61678e-008	5.98673e-007	1.5928e-006	1.35643e-006	2.73603e-006	1.16897e-005	6.03118e-005	0.000503165	0.00633305	0.0526201	0.205543	0.350007	0.267768	0.0973922	0.0178734	0.00177453	0.000102431	4.3557e-006	1.40017e-007	7.65744e-009	2.05323e-010	1.09287e-011	2.1391e-013	1.13975e-014	2.16739e-016	9.66348e-018	1.18139e-019	3.12692e-021	2.20241e-023	3.42301e-025	1.44926e-027	1.40216e-029	3.77922e-032	2.43762e-034	4.42972e-037	2.03697e-039	2.64153e-042	9.16779e-045	8.98156e-048	2.5094e-050	2.69551e-053	1.32695e-055	8.96002e-058	
N74	7.01828e-012	4.40634e-010	1.8298e-008	1.44489e-007	2.61928e-007	3.78928e-007	1.70631e-006	5.24771e-006	1.98596e-005	0.000259498	0.00473621	0.0494587	0.215568	0.367852	0.263551	0.0847071	0.0128356	0.00096551	3.87196e-005	9.51965e-007	1.64478e-008	3.45952e-010	1.16951e-011	1.03533e-012	5.73918e-014	5.83696e-015	1.91456e-016	5.84153e-017	1.25169e-018	3.34123e-019	3.80378e-021	5.8024e-022	3.57951e-024	3.14675e-025	1.12266e-027	5.89536e-029	1.30509e-031	4.24746e-033	6.21403e-036	1.29811e-037	1.3245e-040	1.84487e-042	1.38681e-045	1.41984e-047	5.03528e-050	
Archimandrita_tessellata	0	0	0	0	0	0	0	0	0	0	0	0	0	0	0	0	1	0	0	0	0	0	0	0	0	0	0	0	0	0	0	0	0	0	0	0	0	0	0	0	0	0	0	0	0	
N75	8.59942e-012	2.61048e-010	4.69628e-009	8.82635e-009	3.47341e-009	2.18445e-009	1.97174e-008	4.62079e-007	1.92254e-005	0.000743628	0.0166331	0.158644	0.426222	0.305152	0.0818963	0.0100468	0.000621489	2.08216e-005	4.28088e-007	1.80475e-008	4.5025e-009	1.03878e-009	1.72742e-010	2.22044e-011	2.51501e-012	1.44282e-012	4.56049e-013	5.55967e-013	1.05051e-013	6.09899e-014	5.08516e-015	1.13119e-015	3.65137e-017	3.464e-018	5.23896e-020	2.54463e-021	2.07929e-023	5.72319e-025	2.7802e-027	4.61472e-029	1.4295e-031	1.5142e-033	3.20058e-036	2.50928e-038	1.28058e-040	
Blaberus_discoidalis	0	0	0	0	0	0	0	0	0	0	0	0	1	0	0	0	0	0	0	0	0	0	0	0	0	0	0	0	0	0	0	0	0	0	0	0	0	0	0	0	0	0	0	0	0	
Blaberus_giganteus	0	0	0	0	0	0	0	0	0	0	0	0	0	0	0	0	0	0	0	0	0	0	0	0	0	0	0	0	0	0	1	0	0	0	0	0	0	0	0	0	0	0	0	0	0	
Byrsotria_fumigata	0	0	0	0	0	0	0	0	0	0	0	0	0	0	0	0	0	1	0	0	0	0	0	0	0	0	0	0	0	0	0	0	0	0	0	0	0	0	0	0	0	0	0	0	0	
N76	1.28116e-009	6.41715e-008	3.08853e-007	5.40043e-007	2.14712e-006	1.58224e-005	6.50765e-005	0.000160367	0.000506838	0.0144766	0.14625	0.305429	0.307616	0.168424	0.0479495	0.00614194	0.000418154	0.000496897	0.000732369	0.000673795	0.000401986	0.000167205	4.99756e-005	1.58466e-005	4.0124e-006	1.17733e-006	1.31783e-007	7.44195e-009	1.50162e-010	2.68806e-012	2.32215e-014	2.02874e-016	9.58699e-019	4.87967e-021	1.4185e-023	4.66662e-026	8.97674e-029	2.05378e-031	2.75525e-034	4.64193e-037	4.56098e-040	6.09471e-043	5.34234e-046	8.09329e-049	1.39777e-051	
Eublaberus_distanti	0	0	0	0	0	0	0	0	0	0	0	0	0	0	0	0	0	0	0	0	0	0	0	0	0	0	1	0	0	0	0	0	0	0	0	0	0	0	0	0	0	0	0	0	0	
Eublaberus_posticus	0	0	0	0	0	0	0	0	0	0	0	0	0	0	0	1	0	0	0	0	0	0	0	0	0	0	0	0	0	0	0	0	0	0	0	0	0	0	0	0	0	0	0	0	0	
Gromphadorhina_portentosa	0	0	0	0	0	0	0	0	0	0	0	0	0	0	0	0	0	0	0	0	0	0	0	0	0	1	0	0	0	0	0	0	0	0	0	0	0	0	0	0	0	0	0	0	0	
N77	6.74581e-009	2.80274e-008	1.15021e-007	5.47374e-007	4.59914e-006	5.39335e-005	0.000581721	0.00481584	0.0279195	0.0985389	0.193069	0.21889	0.1794	0.133038	0.0837917	0.040451	0.0146931	0.00390956	0.00072326	0.000102084	1.14374e-005	4.68219e-006	7.1066e-007	4.80301e-007	4.26969e-008	1.72161e-008	8.33309e-010	1.93307e-010	5.29925e-012	7.1737e-013	1.18764e-014	9.6457e-016	1.03511e-017	5.3717e-019	4.01099e-021	1.47712e-022	8.30446e-025	2.43161e-026	1.0954e-028	2.62374e-030	9.57533e-033	1.82968e-034	6.29508e-037	1.87454e-038	1.10776e-039	
N78	7.65744e-009	4.27552e-008	3.17481e-007	4.05678e-006	4.21467e-005	0.000275307	0.00153542	0.0100147	0.0504957	0.134786	0.18307	0.137256	0.0670986	0.0449206	0.0707398	0.101533	0.0971573	0.0613957	0.0260592	0.0085246	0.00239368	0.00156433	0.000599729	0.000404852	9.1703e-005	3.23684e-005	3.97806e-006	7.46697e-007	5.12883e-008	5.42672e-009	2.18466e-010	1.392e-011	3.45971e-013	1.42129e-014	2.2914e-016	6.48487e-018	7.09249e-020	1.46722e-021	1.13255e-023	1.79803e-025	1.02143e-027	1.35032e-029	9.72394e-032	2.72148e-033	1.08533e-034	
Epilampra_sp	0	0	0	0	0	0	0	0	0	0	0	0	0	0	1	0	0	0	0	0	0	0	0	0	0	0	0	0	0	0	0	0	0	0	0	0	0	0	0	0	0	0	0	0	0	
N79	5.14658e-010	1.31181e-009	3.25982e-009	1.21641e-008	1.80757e-007	1.05938e-005	0.000379006	0.00376733	0.0100268	0.0106081	0.00287175	0.000259912	0.000107351	0.000129366	0.000108398	6.01919e-005	5.16609e-005	0.000539541	0.00572631	0.0353277	0.11123	0.170709	0.161577	0.20986	0.143434	0.105086	0.0238861	0.00401064	0.000220012	1.19645e-005	2.71167e-007	6.87835e-009	8.1139e-011	1.14546e-012	7.93383e-015	6.94454e-017	3.04561e-019	1.78591e-021	5.23034e-024	2.18539e-026	4.47574e-029	1.4335e-031	2.52732e-034	9.63382e-037	4.59618e-039	
Lanxoblatta_emarginata	0	0	0	0	0	0	0	0	0	0	0	0	0	0	0	0	0	0	0	0	0	0	0	0	0	0	1	0	0	0	0	0	0	0	0	0	0	0	0	0	0	0	0	0	0	
Phoetalia_sp	0	0	0	0	0	0	0	0	0	0	0	0	0	0	0	0	0	0	0	0	1	0	0	0	0	0	0	0	0	0	0	0	0	0	0	0	0	0	0	0	0	0	0	0	0	
Nauphoeta_cinerea	0	0	0	0	0	0	0	0	0	0	0	0	1	0	0	0	0	0	0	0	0	0	0	0	0	0	0	0	0	0	0	0	0	0	0	0	0	0	0	0	0	0	0	0	0	
N80	1.94212e-007	6.11481e-007	2.17394e-006	6.07836e-006	1.46792e-005	4.60803e-005	0.000259711	0.00194337	0.0119521	0.0511043	0.144065	0.257304	0.277669	0.17409	0.0639533	0.014859	0.00240777	0.000292595	2.73003e-005	2.08134e-006	1.5273e-007	3.17162e-008	1.57651e-008	1.83697e-008	1.18907e-008	1.20607e-008	5.45728e-009	3.6375e-009	1.07403e-009	4.60272e-010	8.691e-011	2.39171e-011	2.86094e-012	5.09957e-013	3.90368e-014	4.63779e-015	2.36922e-016	1.96779e-017	7.08252e-019	4.27622e-020	1.13284e-021	5.21958e-023	1.25593e-024	6.98229e-026	5.90693e-027	
Macropanesthia_rhinoceros	0	0	0	0	0	0	0	0	0	0	0	0	0	0	0	0	0	0	0	0	0	0	0	0	0	0	0	0	0	0	0	0	0	1	0	0	0	0	0	0	0	0	0	0	0	
Pycnoscelus_surinamensis	0	0	0	0	0	0	0	0	0	0	0	1	0	0	0	0	0	0	0	0	0	0	0	0	0	0	0	0	0	0	0	0	0	0	0	0	0	0	0	0	0	0	0	0	0	
N81	1.42239e-006	8.14875e-006	4.47867e-005	0.000189775	0.000939392	0.00431004	0.0118796	0.0172911	0.0162266	0.0239931	0.0711079	0.168749	0.252409	0.234273	0.134934	0.0497007	0.0117472	0.00195186	0.000221257	2.16879e-005	1.4779e-006	1.01595e-007	4.3136e-009	1.86127e-010	4.68292e-012	1.20992e-013	1.84141e-015	2.96213e-017	2.86027e-019	3.03187e-021	1.9473e-023	1.43518e-025	6.41023e-028	3.45443e-030	1.11795e-032	4.59928e-035	1.12593e-037	3.69134e-040	7.11952e-043	1.93323e-045	3.28084e-048	8.94758e-051	2.1766e-053	8.37476e-056	3.44959e-058	
N82	5.77858e-009	5.33669e-008	1.03566e-006	1.73998e-005	0.00018164	0.000810783	0.0010781	0.000497842	0.000125294	4.79701e-005	0.00014689	0.00134762	0.0100504	0.0487171	0.146711	0.265139	0.27474	0.164602	0.0568303	0.0212802	0.00535364	0.0019937	0.000274829	5.05874e-005	3.54466e-006	3.42192e-007	1.34929e-008	7.56692e-010	1.81207e-011	6.37888e-013	9.80524e-015	2.30539e-016	2.37367e-018	3.93337e-020	2.80711e-022	3.43873e-024	1.75143e-026	1.6581e-028	6.18243e-031	4.7115e-033	1.37288e-035	1.03176e-037	6.61203e-040	1.22686e-041	2.53648e-043	
Diploptera_punctata	0	0	0	0	0	0	0	0	0	0	0	0	0	0	0	0	0	1	0	0	0	0	0	0	0	0	0	0	0	0	0	0	0	0	0	0	0	0	0	0	0	0	0	0	0	
Rhabdoblatta_sp	0	0	0	0	0	0	0	0	0	0	0	0	0	0	0	0	0	0	1	0	0	0	0	0	0	0	0	0	0	0	0	0	0	0	0	0	0	0	0	0	0	0	0	0	0	
N83	1.3483e-006	6.46532e-006	3.52253e-005	0.000162781	0.000619687	0.00226614	0.0071562	0.0146754	0.0212751	0.039835	0.104254	0.210437	0.265795	0.204099	0.0956112	0.0278915	0.00517718	0.000642621	5.47623e-005	3.51339e-006	1.67527e-007	6.52512e-009	1.90178e-010	4.49586e-012	7.84793e-014	1.21497e-015	1.39007e-017	5.00335e-019	6.70352e-021	7.30908e-022	8.03876e-024	7.22857e-025	5.88179e-027	4.01297e-028	2.44585e-030	1.27316e-031	5.94598e-034	2.38646e-035	8.67606e-038	2.70017e-039	7.90262e-042	1.96671e-043	4.89535e-046	1.10789e-047	1.39655e-049	
N84	5.88611e-007	1.27302e-006	1.76603e-006	2.45551e-006	5.28969e-006	8.85729e-006	0.000372771	0.025439	0.156798	0.357587	0.340986	0.115533	0.0032286	3.49157e-005	1.93767e-007	6.29294e-010	1.29443e-012	1.78238e-015	1.71168e-018	1.1877e-021	6.11472e-025	2.435e-028	7.68767e-032	2.31427e-035	6.79926e-039	3.23788e-042	1.2488e-045	6.64472e-049	2.17682e-052	8.87098e-056	2.23825e-059	6.8131e-063	1.31773e-066	3.03438e-070	4.51412e-074	7.99423e-078	9.19883e-082	1.27578e-085	1.14409e-089	1.26895e-093	9.02705e-098	8.40191e-102	5.46898e-106	5.64775e-110	6.19554e-114	
Galiblatta_sp	0	0	0	0	0	0	0	1	0	0	0	0	0	0	0	0	0	0	0	0	0	0	0	0	0	0	0	0	0	0	0	0	0	0	0	0	0	0	0	0	0	0	0	0	0	
Panchlora_nivea	0	0	0	0	0	0	0	0	0	0	0	1	0	0	0	0	0	0	0	0	0	0	0	0	0	0	0	0	0	0	0	0	0	0	0	0	0	0	0	0	0	0	0	0	0	
Panchlora_viridis	0	0	0	0	0	0	0	0	0	0	0	0	1	0	0	0	0	0	0	0	0	0	0	0	0	0	0	0	0	0	0	0	0	0	0	0	0	0	0	0	0	0	0	0	0	
N85	0.00573048	0.00976948	0.0184018	0.0335101	0.0595257	0.102914	0.158728	0.197168	0.185583	0.129126	0.0659222	0.0248291	0.00698355	0.00150882	0.000258289	3.72582e-005	4.62601e-006	5.45586e-007	5.53517e-008	7.1121e-009	6.92451e-010	1.34747e-010	1.26618e-011	2.44654e-012	1.83428e-013	2.76542e-014	1.58785e-015	1.83339e-016	8.10868e-018	7.29462e-019	2.51298e-020	1.80191e-021	4.94951e-023	2.93984e-024	6.60744e-026	3.34525e-027	6.4615e-029	2.95611e-030	5.04972e-032	2.04138e-033	3.18066e-035	1.24662e-036	2.43425e-038	1.6621e-039	1.84528e-040	
Margattea_sp	0	0	0	0	0	0	0	0	0	1	0	0	0	0	0	0	0	0	0	0	0	0	0	0	0	0	0	0	0	0	0	0	0	0	0	0	0	0	0	0	0	0	0	0	0	
Supella_longipalpa	0	0	0	1	0	0	0	0	0	0	0	0	0	0	0	0	0	0	0	0	0	0	0	0	0	0	0	0	0	0	0	0	0	0	0	0	0	0	0	0	0	0	0	0	0	
Ectobius_pallidus	0	0	0	0	1	0	0	0	0	0	0	0	0	0	0	0	0	0	0	0	0	0	0	0	0	0	0	0	0	0	0	0	0	0	0	0	0	0	0	0	0	0	0	0	0	
N86	0.00241959	0.00479407	0.0122551	0.0321908	0.07519	0.141798	0.203768	0.216285	0.16665	0.0929749	0.0374921	0.0111628	0.00246504	0.000460387	7.27116e-005	1.69477e-005	3.12405e-006	8.99158e-007	1.35908e-007	2.89869e-008	3.0968e-009	4.63793e-010	3.48716e-011	3.73284e-012	1.99535e-013	1.56985e-014	6.03862e-016	3.60253e-017	1.01457e-018	4.78066e-020	1.00274e-021	3.87254e-023	6.37871e-025	2.25818e-026	3.10509e-028	1.05328e-029	1.61857e-031	6.96881e-033	9.71381e-035	3.4414e-036	5.91576e-038	2.49745e-039	5.29148e-041	2.50232e-042	1.41134e-043	
N87	0.00161245	0.00386392	0.0112689	0.0321437	0.0835659	0.17091	0.243747	0.230878	0.14336	0.0589666	0.0162025	0.00304492	0.000396026	3.70372e-005	2.51242e-006	1.33385e-007	5.49798e-009	2.07003e-010	6.43988e-012	2.08163e-013	5.239e-015	1.36004e-016	2.55595e-018	4.89645e-020	6.68647e-022	9.41875e-024	9.46203e-026	1.00211e-027	7.56488e-030	6.19018e-032	3.58227e-034	2.32285e-036	1.05265e-038	5.56546e-041	2.01359e-043	8.90477e-046	2.65607e-048	1.02862e-050	2.6595e-053	9.68222e-056	2.69912e-058	1.17504e-060	4.82226e-063	2.48462e-065	1.37458e-067	
N88	0.00122354	0.00327024	0.0117606	0.0400671	0.109227	0.210292	0.264611	0.210971	0.106193	0.0341591	0.00713648	0.000990221	9.3138e-005	6.11168e-006	2.85562e-007	1.00087e-008	2.63731e-010	6.81733e-012	1.2857e-013	7.03443e-015	1.18651e-016	1.15138e-017	1.47956e-019	1.20151e-020	1.14765e-022	7.02907e-024	5.0715e-026	2.34843e-027	1.3061e-029	4.63549e-031	2.02042e-033	5.55695e-035	1.93414e-037	4.20226e-039	1.18359e-041	2.05451e-043	4.7843e-046	6.90024e-048	1.33892e-050	1.60421e-052	2.75701e-055	3.30844e-057	5.86033e-060	1.2225e-061	4.48885e-063	
N89	3.6244e-005	0.000373582	0.00515777	0.0452501	0.203464	0.389954	0.267195	0.0768357	0.0108477	0.000845337	3.94391e-005	1.17975e-006	2.366e-008	3.42035e-010	3.65647e-012	3.62327e-014	3.12513e-016	3.7804e-018	3.30239e-020	3.78438e-022	2.54558e-024	2.14904e-026	1.05078e-028	6.50481e-031	2.34359e-033	1.09406e-035	2.95574e-038	1.07041e-040	2.2058e-043	6.38008e-046	1.01754e-048	2.41398e-051	3.04127e-054	6.16211e-057	6.25426e-060	1.12072e-062	9.98379e-066	1.8261e-068	1.53196e-071	2.86174e-074	3.12119e-077	7.85485e-080	1.43773e-082	4.36974e-085	1.29299e-087	
Blattella_bisignata	0	0	0	0	0	1	0	0	0	0	0	0	0	0	0	0	0	0	0	0	0	0	0	0	0	0	0	0	0	0	0	0	0	0	0	0	0	0	0	0	0	0	0	0	0	
Blattella_germanica	0	0	0	0	0	1	0	0	0	0	0	0	0	0	0	0	0	0	0	0	0	0	0	0	0	0	0	0	0	0	0	0	0	0	0	0	0	0	0	0	0	0	0	0	0	
Blattella_sauteri	0	0	0	0	0	1	0	0	0	0	0	0	0	0	0	0	0	0	0	0	0	0	0	0	0	0	0	0	0	0	0	0	0	0	0	0	0	0	0	0	0	0	0	0	0	
Loboptera_decipiens	0	0	0	0	0	0	0	0	0	0	1	0	0	0	0	0	0	0	0	0	0	0	0	0	0	0	0	0	0	0	0	0	0	0	0	0	0	0	0	0	0	0	0	0	0	
N90	0.00059068	0.00113124	0.00272013	0.00695664	0.017922	0.0451256	0.100522	0.176678	0.226867	0.207084	0.131639	0.0590457	0.0185332	0.0043228	0.000737241	0.000109915	1.28402e-005	1.59536e-006	1.42974e-007	1.36365e-008	8.39946e-010	5.42447e-011	2.21626e-012	9.66019e-014	2.67285e-015	8.1282e-017	1.56619e-018	3.4404e-020	4.75296e-022	7.8287e-024	7.94756e-026	1.01335e-027	7.82007e-030	8.10853e-032	4.90517e-034	4.28111e-036	2.19681e-038	1.77691e-040	8.11343e-043	6.09898e-045	3.05929e-047	2.63007e-049	1.84532e-051	1.79976e-053	1.92303e-055	
N91	0.000505345	0.000977692	0.00241646	0.00645086	0.0175745	0.0458818	0.103349	0.18121	0.230784	0.20675	0.128164	0.0551778	0.0165507	0.00356832	0.000561251	7.02018e-005	6.9596e-006	6.5263e-007	4.68466e-008	4.1134e-009	1.93512e-010	2.35595e-011	6.86515e-013	1.28065e-013	2.5838e-015	4.59661e-016	6.83682e-018	9.39696e-019	1.06144e-020	1.10867e-021	9.68537e-024	7.74509e-025	5.38681e-027	3.40631e-028	1.91438e-030	9.66718e-032	4.59485e-034	2.00388e-035	8.09432e-038	2.98182e-039	1.09811e-041	3.93607e-043	1.31735e-045	4.90592e-047	1.9745e-048	
N92	9.42158e-005	0.00047071	0.00298471	0.0105695	0.016402	0.0174087	0.0356244	0.104201	0.211569	0.26624	0.205372	0.0966433	0.0272827	0.00462606	0.000476624	3.27444e-005	1.55183e-006	6.54009e-008	2.21757e-009	9.02875e-011	2.57054e-012	8.45853e-014	1.72119e-015	3.97007e-017	5.65704e-019	9.2722e-021	9.49148e-023	1.14442e-024	8.64201e-027	7.92488e-029	4.5129e-031	3.24114e-033	1.421e-035	8.23771e-038	2.82899e-040	1.35895e-042	3.75511e-045	1.56539e-047	3.59529e-050	1.37402e-052	3.26564e-055	1.60787e-057	7.38258e-060	5.18862e-062	3.77412e-064	
Hemithyrsocera_sp	0	0	0	0	0	0	1	0	0	0	0	0	0	0	0	0	0	0	0	0	0	0	0	0	0	0	0	0	0	0	0	0	0	0	0	0	0	0	0	0	0	0	0	0	0	
N93	2.14336e-009	2.13251e-007	1.41735e-005	8.30248e-005	5.57046e-006	1.36063e-007	1.26147e-008	8.99593e-008	7.44935e-006	0.000403068	0.0113899	0.144473	0.588928	0.244052	0.0103835	0.000256551	3.27477e-006	4.99607e-008	3.05949e-010	2.27515e-012	6.9364e-015	2.73114e-017	4.67449e-020	1.09321e-022	1.14537e-025	1.7345e-028	1.1822e-031	1.23913e-034	5.75717e-038	4.42354e-041	1.45171e-044	8.57012e-048	2.08094e-051	1.02726e-054	1.92895e-058	8.47864e-062	1.57658e-065	8.56533e-069	1.46586e-072	6.97192e-076	1.55218e-079	9.05035e-083	2.50773e-086	1.6056e-089	9.56216e-093	
Symplocodes_sp	0	0	0	0	0	0	0	0	0	0	0	0	0	1	0	0	0	0	0	0	0	0	0	0	0	0	0	0	0	0	0	0	0	0	0	0	0	0	0	0	0	0	0	0	0	
Xestoblatta_sp	0	0	0	0	0	0	0	0	0	0	0	0	1	0	0	0	0	0	0	0	0	0	0	0	0	0	0	0	0	0	0	0	0	0	0	0	0	0	0	0	0	0	0	0	0	
Symploce_sp	0	0	0	0	0	0	0	1	0	0	0	0	0	0	0	0	0	0	0	0	0	0	0	0	0	0	0	0	0	0	0	0	0	0	0	0	0	0	0	0	0	0	0	0	0	
Lobopterella_dimidiatipes	0	0	0	0	0	0	0	0	0	0	0	0	1	0	0	0	0	0	0	0	0	0	0	0	0	0	0	0	0	0	0	0	0	0	0	0	0	0	0	0	0	0	0	0	0	
