NODE	7	8	9	10	11	12	13	14	15	16	17	18	19	20	21	22	23	24	25	26	27	28	29	30	31	32	33	34	35	36	37	38	39	40	41	42	43	44	45	46	47	48	49	50	51	
N1	0.00776344	0.015537	0.0409074	0.0995708	0.190107	0.261066	0.231368	0.117623	0.0315014	0.00425819	0.000287354	9.77088e-006	1.71048e-007	1.58644e-009	8.0531e-012	4.20642e-017	1.72609e-018	5.51108e-020	1.39062e-021	2.81397e-023	4.62852e-025	6.26595e-027	7.06186e-029	6.6955e-031	5.39185e-033	3.72038e-035	2.21725e-037	1.14978e-039	5.22303e-042	2.09137e-044	7.42374e-047	2.34852e-049	6.65368e-052	1.69587e-054	3.90488e-057	8.15463e-060	1.55011e-062	2.69124e-065	4.28111e-068	6.25841e-071	8.43112e-074	1.04944e-076	1.20991e-079	1.29521e-082	1.39683e-085	
N2	0.0090748	0.0209091	0.0514018	0.102691	0.163779	0.216038	0.215748	0.143377	0.0592036	0.0150935	0.00239028	0.000267682	2.16287e-005	3.84812e-006	3.69952e-007	9.32495e-008	5.68183e-009	8.29173e-010	2.86344e-011	2.35604e-012	4.71103e-014	2.24361e-015	2.67654e-017	7.6845e-019	5.63952e-021	1.03863e-022	4.80915e-025	6.07119e-027	1.86143e-029	1.8945e-031	4.04751e-034	3.50904e-036	9.15001e-039	1.56571e-040	2.85548e-043	2.59919e-045	7.80797e-048	1.14424e-049	1.46465e-052	8.54977e-055	1.68472e-057	1.66989e-059	1.85493e-062	1.18951e-064	9.85181e-067	
N3	0.00952223	0.0240836	0.057389	0.0983275	0.133288	0.174345	0.200121	0.166147	0.0920724	0.0340962	0.0084037	0.00174452	0.000259578	0.000153464	2.39285e-005	1.98677e-005	1.99282e-006	1.05303e-006	6.62046e-008	2.17779e-008	8.91954e-010	1.86945e-010	5.17973e-012	7.1131e-013	1.37314e-014	1.28725e-015	1.75401e-017	1.15526e-018	1.16446e-020	6.74948e-022	4.92419e-024	2.2204e-025	2.36872e-027	3.10305e-028	1.6138e-030	7.19207e-032	9.17605e-034	1.12726e-034	4.13461e-037	1.22416e-038	1.05765e-040	9.39322e-042	2.831e-044	9.59382e-046	6.57743e-047	
N4	0.00167426	0.00432008	0.0105171	0.0184506	0.0248158	0.0364172	0.0664711	0.11515	0.157598	0.167638	0.133114	0.0970136	0.0561267	0.0508525	0.0267319	0.0215471	0.00718158	0.00348073	0.000677537	0.000195501	2.28618e-005	4.1438e-006	3.03244e-007	3.65434e-008	1.75575e-009	1.51648e-010	4.95932e-012	3.21921e-013	7.89977e-015	4.73276e-016	9.18971e-018	4.76817e-019	1.02251e-020	6.88544e-022	1.12782e-023	4.97194e-025	9.12607e-027	4.82218e-028	5.78974e-030	1.79325e-031	2.34018e-033	9.06769e-035	1.00637e-036	3.57658e-038	1.8342e-039	
N5	4.26435e-005	0.00018647	0.000709172	0.00148328	0.00193574	0.00408443	0.0127885	0.0334766	0.0678224	0.111667	0.153497	0.179633	0.168791	0.131339	0.076424	0.0386026	0.012803	0.00387108	0.000689046	0.00013624	1.52987e-005	2.36347e-006	1.92295e-007	2.4205e-008	1.5014e-009	1.52264e-010	7.33892e-012	6.02591e-013	2.33744e-014	1.63448e-015	5.39513e-017	3.44875e-018	1.09829e-019	7.38693e-021	2.43815e-022	1.65777e-023	5.56459e-025	3.68992e-026	1.04707e-027	5.5018e-029	1.35297e-030	6.72336e-032	1.6964e-033	1.07353e-034	7.65125e-036	
N6	4.96771e-006	4.59232e-005	0.000353576	0.000925027	0.000782393	0.000779476	0.00356471	0.015118	0.0429261	0.0884684	0.1486	0.20964	0.222373	0.161088	0.0759076	0.0238183	0.00485594	0.000679883	6.36868e-005	4.45213e-006	2.24259e-007	9.2737e-009	2.90093e-010	7.84196e-012	1.6199e-013	2.95807e-015	4.12851e-017	5.22271e-019	5.09134e-021	4.7063e-023	3.39724e-025	2.49892e-027	1.48529e-029	9.77379e-032	5.2308e-034	3.11486e-036	1.49359e-038	7.51169e-041	2.8805e-043	1.11223e-045	3.47775e-048	1.19139e-050	4.02007e-053	1.68894e-055	7.53602e-058	
N7	6.09969e-008	1.37647e-006	1.58117e-005	3.02865e-005	1.21426e-005	8.72981e-006	4.86747e-005	0.000663425	0.00639689	0.036811	0.12748	0.264594	0.308363	0.187746	0.0574764	0.00938813	0.000896614	6.22824e-005	3.24576e-006	1.42867e-007	3.85002e-009	1.15247e-010	1.57989e-012	4.7677e-014	3.98093e-016	1.02341e-017	5.61316e-020	1.04195e-021	4.05456e-024	5.57864e-026	1.61329e-028	1.66956e-030	3.63094e-033	2.82766e-035	4.61986e-038	2.69934e-040	3.35078e-043	1.48825e-045	1.40022e-048	4.68651e-051	3.41103e-054	8.91412e-057	5.24123e-060	1.25128e-062	2.54067e-065	
N8	3.59754e-010	9.33959e-009	1.51754e-007	6.74212e-007	5.06901e-007	1.4727e-007	1.70135e-007	3.33048e-006	0.000108463	0.0021446	0.0231383	0.126837	0.323937	0.35013	0.147647	0.0242566	0.00173274	6.12144e-005	1.19261e-006	1.71166e-008	2.06745e-010	6.43925e-012	8.88844e-014	2.44065e-015	2.03355e-017	3.2708e-019	1.6755e-021	1.67031e-023	5.54228e-026	3.6052e-028	8.03042e-031	3.53295e-033	5.41479e-036	1.66135e-038	1.78697e-041	3.95743e-044	3.04543e-047	5.07613e-050	2.8527e-053	3.73246e-056	1.57368e-059	1.73114e-062	8.72623e-066	2.22128e-068	7.85915e-071	
N9	2.04142e-013	1.42447e-011	6.77297e-010	1.05459e-008	1.18711e-008	2.68601e-009	4.40047e-010	2.28666e-009	2.6922e-007	2.17011e-005	0.000924694	0.0186992	0.156383	0.446364	0.32443	0.0506002	0.00252427	5.16694e-005	5.12067e-007	2.80255e-009	9.57712e-012	5.19563e-014	3.22387e-016	6.76254e-018	3.40282e-020	4.27789e-022	1.31278e-024	9.80498e-027	1.88786e-029	8.74663e-032	1.08173e-034	3.20033e-037	2.60443e-040	5.04223e-043	2.77087e-046	3.63031e-049	1.37934e-052	1.28488e-055	3.44421e-059	2.41618e-062	4.6628e-066	2.62287e-069	4.69561e-073	4.95167e-076	8.76443e-079	
N10	3.10336e-019	2.69951e-016	1.56041e-013	1.81123e-011	9.72359e-012	2.50472e-013	6.40872e-015	3.42769e-014	4.26261e-011	3.17905e-008	1.06791e-005	0.0013664	0.0529711	0.443457	0.461413	0.0401526	0.000625908	2.73452e-006	4.42139e-009	3.18846e-012	1.17209e-015	2.88326e-019	8.65282e-023	3.53348e-025	2.1215e-028	6.62578e-031	2.1698e-034	3.72375e-037	6.776e-041	6.7509e-044	6.91489e-048	4.09712e-051	2.41818e-055	8.47192e-059	3.01345e-063	6.12848e-067	1.38856e-071	1.65492e-075	2.49066e-080	1.85634e-084	1.89553e-089	9.63187e-094	7.10616e-099	3.98892e-103	4.58701e-107	
N11	1.08768e-020	9.9386e-018	4.466e-015	3.72697e-013	1.5372e-013	3.17307e-015	4.84389e-016	4.59817e-015	6.61471e-012	6.7771e-009	3.30949e-006	0.000638808	0.0370865	0.423708	0.49884	0.0392097	0.000512172	1.89874e-006	2.72484e-009	1.84028e-012	6.67504e-016	1.48209e-019	3.91551e-023	1.40144e-024	3.00971e-027	1.15915e-028	1.44861e-031	3.29318e-033	2.24388e-036	3.21225e-038	1.07821e-041	1.00228e-043	1.53928e-047	8.83635e-050	6.56448e-054	1.93948e-056	8.51123e-061	1.05935e-063	3.23044e-068	1.88878e-071	4.13106e-076	1.42579e-079	2.27653e-084	9.36615e-088	2.04041e-090	
N12	5.85003e-022	8.83482e-019	9.37781e-016	3.90075e-013	2.10103e-012	2.83234e-013	1.60566e-014	1.99642e-015	7.06674e-013	6.06768e-010	2.89877e-007	6.73343e-005	0.00628231	0.172032	0.756474	0.0641316	0.0010071	5.18663e-006	1.16075e-008	1.3368e-011	8.86953e-015	3.69936e-018	1.06414e-021	7.29011e-025	7.42898e-028	3.91234e-030	3.59465e-033	1.15496e-035	7.67637e-039	1.48396e-041	7.12848e-045	8.26745e-048	2.65882e-051	1.81091e-054	3.34665e-058	1.27727e-061	1.39251e-065	3.02069e-069	2.03971e-073	3.16455e-077	1.42178e-081	1.79288e-085	6.40898e-090	1.17013e-093	3.45281e-097	
N13	2.73974e-024	3.72678e-021	3.03301e-018	9.62193e-016	3.95154e-015	4.7294e-016	3.34743e-017	2.55738e-018	8.04292e-016	2.12124e-012	3.20359e-009	2.41411e-006	0.000748758	0.0684222	0.892902	0.0376814	0.000242449	4.8225e-007	4.08475e-010	1.76986e-013	4.41744e-017	6.91233e-021	7.32249e-025	2.34593e-028	1.59059e-031	1.10955e-033	6.61398e-037	2.798e-039	1.20712e-042	3.10745e-045	9.58916e-049	1.51408e-051	3.04779e-055	2.94891e-058	3.18078e-062	1.77746e-065	8.68608e-070	1.78672e-073	5.35894e-078	6.78553e-082	1.32446e-086	1.27922e-090	1.81653e-095	2.4272e-099	7.54655e-103	
Amitermes_darwini	0	0	0	0	0	0	0	0	0	0	0	0	0	0	1	0	0	0	0	0	0	0	0	0	0	0	0	0	0	0	0	0	0	0	0	0	0	0	0	0	0	0	0	0	0	
Amitermes_germanus	0	0	0	0	0	0	0	0	0	0	0	0	0	0	1	0	0	0	0	0	0	0	0	0	0	0	0	0	0	0	0	0	0	0	0	0	0	0	0	0	0	0	0	0	0	
N14	2.11904e-024	5.33662e-021	7.12303e-018	2.6897e-015	5.82124e-015	1.47181e-016	7.24834e-018	1.41709e-018	1.43371e-015	4.41952e-012	7.27747e-009	5.49824e-006	0.00152712	0.10654	0.849074	0.0425709	0.000282043	5.17542e-007	3.72829e-010	1.29084e-013	2.44997e-017	2.80072e-021	2.13689e-025	2.03657e-028	1.75313e-031	2.17424e-033	1.27226e-036	9.2677e-039	3.49599e-042	1.56273e-044	3.56153e-048	1.01275e-050	1.22891e-054	2.23882e-057	1.24157e-061	1.29679e-064	3.24871e-069	1.15527e-072	1.89771e-077	3.33551e-081	3.74478e-086	4.20134e-090	3.33174e-095	4.07164e-099	1.70905e-102	
Amitermes_parvus	0	0	0	0	0	0	0	0	0	0	0	0	0	0	1	0	0	0	0	0	0	0	0	0	0	0	0	0	0	0	0	0	0	0	0	0	0	0	0	0	0	0	0	0	0	
N15	4.7797e-026	9.01867e-023	8.89831e-020	2.33146e-017	3.84378e-017	1.7144e-018	4.67405e-019	2.31706e-019	2.2451e-016	8.73192e-013	1.88563e-009	1.94271e-006	0.000767992	0.0789538	0.883305	0.0367755	0.000195848	2.94477e-007	1.78401e-010	5.32541e-014	8.91168e-018	9.15045e-022	6.30223e-026	1.0143e-028	1.40385e-031	4.86253e-033	4.71623e-036	9.69928e-038	6.44642e-041	8.16375e-043	3.44018e-046	2.79207e-048	6.12301e-052	3.29242e-054	2.69871e-058	8.74422e-061	2.49706e-065	1.87923e-068	3.66897e-073	1.19516e-076	1.62276e-081	3.41744e-085	3.34065e-090	1.09598e-093	2.15347e-096	
Drepanotermes_septentrionalis	0	0	0	0	0	0	0	0	0	0	0	0	0	0	1	0	0	0	0	0	0	0	0	0	0	0	0	0	0	0	0	0	0	0	0	0	0	0	0	0	0	0	0	0	0	
Pericapritermes_sp	0	0	0	0	0	0	0	0	0	0	0	0	0	0	1	0	0	0	0	0	0	0	0	0	0	0	0	0	0	0	0	0	0	0	0	0	0	0	0	0	0	0	0	0	0	
N16	6.65457e-023	6.95114e-020	3.64078e-017	3.05349e-015	1.28175e-015	2.06461e-016	4.67501e-017	1.03506e-015	1.87659e-012	2.45793e-009	1.53899e-006	0.000382418	0.0285326	0.403861	0.527268	0.0394903	0.000463319	1.49916e-006	1.84295e-009	1.05105e-012	3.1814e-016	5.68242e-020	7.7754e-024	7.09938e-026	1.12967e-028	2.7276e-030	2.72908e-033	3.68699e-035	2.25187e-038	1.79804e-040	5.97249e-044	2.9544e-046	4.44703e-050	1.34934e-052	8.55176e-057	1.29327e-059	4.4028e-064	2.46582e-067	5.58814e-072	1.49668e-075	2.2995e-080	3.9463e-084	4.30123e-089	1.08887e-092	1.24896e-095	
N17	8.05354e-023	2.96613e-020	5.59398e-018	1.95843e-016	1.52368e-016	1.73824e-016	2.7308e-016	1.59157e-014	1.5495e-011	1.0869e-008	3.9376e-006	0.000623091	0.033585	0.40383	0.514842	0.0463118	0.000799287	4.37948e-006	1.00743e-008	1.15823e-011	7.48885e-015	2.97686e-018	8.87088e-022	3.22201e-023	1.87622e-025	2.75461e-026	1.04917e-028	9.11713e-030	2.17804e-032	1.18029e-033	1.5513e-036	5.50788e-038	3.15338e-041	7.37627e-043	1.50351e-046	1.82383e-048	1.80302e-052	6.37082e-055	4.39794e-059	6.64048e-062	3.26735e-066	3.01837e-069	1.08456e-073	1.53528e-076	1.5155e-078	
N18	1.65938e-023	2.61661e-020	2.75275e-017	8.09125e-015	2.40246e-014	8.44178e-015	1.54308e-015	2.43393e-014	2.13308e-011	1.4796e-008	5.31117e-006	0.00082768	0.0425398	0.435183	0.485514	0.0354081	0.000519134	2.51881e-006	5.30197e-009	5.72463e-012	3.54981e-015	1.37481e-018	3.63499e-022	4.61912e-025	8.47236e-028	1.4327e-029	2.07819e-032	2.08404e-034	2.16551e-037	1.30135e-039	9.44234e-043	3.426e-045	1.52708e-048	3.33969e-051	7.25849e-055	8.63344e-058	9.89622e-062	5.06416e-065	3.66643e-069	1.1465e-072	5.4559e-077	1.29465e-080	4.52643e-085	1.5347e-088	1.26993e-091	
N19	8.88792e-025	1.89923e-021	1.9958e-018	2.48832e-016	3.91699e-016	6.24159e-017	7.38918e-017	9.07775e-016	1.94795e-012	3.20021e-009	2.45017e-006	0.000707538	0.053455	0.482661	0.448387	0.0147072	7.93488e-005	1.28308e-007	8.45767e-011	2.73513e-014	4.90819e-018	5.34409e-022	3.88893e-026	3.49622e-029	2.9806e-032	3.8969e-034	2.2683e-037	1.75267e-039	6.5488e-043	3.12371e-045	6.94694e-049	2.12089e-051	2.43361e-055	4.76951e-058	2.4063e-062	2.63387e-065	6.54892e-070	2.74728e-073	4.53765e-078	9.15687e-082	1.05239e-086	1.31605e-090	1.07913e-095	1.36073e-099	5.67538e-103	
N20	3.16284e-025	2.60503e-022	1.10443e-019	1.42558e-017	2.31488e-016	4.49351e-016	3.86263e-016	9.70748e-016	8.88166e-013	1.33533e-009	1.01959e-006	0.000322104	0.0301256	0.406962	0.539031	0.0233835	0.000174079	4.0394e-007	3.95018e-010	1.9495e-013	5.47191e-017	1.61661e-020	3.54742e-023	5.38827e-024	1.67644e-026	1.47815e-027	2.75904e-030	1.47012e-031	1.48681e-034	5.08801e-036	2.2343e-039	5.04193e-041	6.83567e-045	8.26086e-047	5.35127e-051	2.53399e-053	1.07005e-057	1.66831e-060	5.08592e-065	3.98938e-068	8.72208e-073	4.56346e-076	8.38653e-081	2.5673e-083	3.07348e-085	
Crenetermes_albotarsalis	0	0	0	0	0	0	0	0	0	0	0	0	0	0	1	0	0	0	0	0	0	0	0	0	0	0	0	0	0	0	0	0	0	0	0	0	0	0	0	0	0	0	0	0	0	
Thoracotermes_macrothorax	0	0	0	0	0	0	0	0	0	0	0	0	0	0	1	0	0	0	0	0	0	0	0	0	0	0	0	0	0	0	0	0	0	0	0	0	0	0	0	0	0	0	0	0	0	
Procubitermes_sp	0	0	0	0	0	0	0	0	0	0	0	0	1	0	0	0	0	0	0	0	0	0	0	0	0	0	0	0	0	0	0	0	0	0	0	0	0	0	0	0	0	0	0	0	0	
Cubitermes_sp	0	0	0	0	0	0	0	0	0	0	0	0	0	0	1	0	0	0	0	0	0	0	0	0	0	0	0	0	0	0	0	0	0	0	0	0	0	0	0	0	0	0	0	0	0	
N21	1.63708e-026	2.62822e-022	2.80754e-018	1.45779e-014	7.07815e-014	5.05498e-016	1.73721e-018	3.69088e-021	1.0686e-019	1.10587e-015	6.68191e-012	2.08114e-008	2.82126e-005	0.0125228	0.980777	0.00666314	8.36325e-006	3.61138e-009	7.07124e-013	7.37018e-017	4.54359e-021	1.79414e-025	4.8776e-030	1.7325e-034	9.76161e-039	2.61368e-042	1.79563e-046	3.23628e-050	1.59909e-054	1.74456e-058	6.16407e-063	4.04485e-067	9.63728e-072	3.70192e-076	5.31825e-081	1.16895e-085	9.87226e-091	1.27453e-095	6.45836e-101	5.66473e-106	1.81644e-111	1.19544e-116	2.82089e-122	2.18728e-127	2.17664e-132	
Tuberculitermes_bycanistes	0	0	0	0	0	0	0	0	0	0	0	0	0	0	1	0	0	0	0	0	0	0	0	0	0	0	0	0	0	0	0	0	0	0	0	0	0	0	0	0	0	0	0	0	0	
Unguitermes_sp	0	0	0	0	0	0	0	0	0	0	0	0	0	0	1	0	0	0	0	0	0	0	0	0	0	0	0	0	0	0	0	0	0	0	0	0	0	0	0	0	0	0	0	0	0	
N22	1.19815e-027	2.31363e-023	3.66915e-019	2.34407e-015	1.17702e-014	1.3579e-016	7.16194e-019	4.86621e-020	3.01051e-016	1.92004e-012	5.74271e-009	6.7277e-006	0.00235291	0.155466	0.80321	0.0387827	0.000182183	1.89452e-007	6.55633e-011	9.60443e-015	6.97058e-019	2.81598e-023	7.15467e-028	6.34744e-032	6.70721e-036	2.22393e-037	2.9219e-038	6.97268e-039	9.82515e-041	4.76084e-042	4.6839e-044	1.48145e-045	1.04306e-047	2.10424e-049	8.54907e-052	1.00053e-053	2.51693e-056	1.64734e-058	2.73343e-061	1.33295e-063	1.54879e-066	6.47918e-069	6.26465e-072	4.33785e-074	5.57484e-076	
N23	1.06593e-024	1.26566e-021	8.34215e-019	1.39782e-016	4.38681e-016	7.75536e-018	1.64809e-018	8.47644e-018	1.14101e-014	2.3594e-011	2.69447e-008	1.45402e-005	0.00296116	0.151902	0.79303	0.0516177	0.000473829	1.26271e-006	1.37221e-009	7.3956e-013	2.24347e-016	4.18805e-020	5.39672e-024	7.63805e-026	3.0775e-028	4.69263e-029	1.30465e-031	1.16653e-032	2.23247e-035	1.20956e-036	1.42972e-039	4.92007e-041	2.6948e-044	6.20972e-046	9.96809e-050	1.35346e-051	7.09691e-056	1.64062e-058	6.01843e-063	5.36911e-066	1.35318e-070	7.80819e-074	1.41642e-078	2.16238e-081	2.47613e-083	
Ephelotermes_melachoma	0	0	0	0	0	0	0	0	0	0	0	0	0	0	1	0	0	0	0	0	0	0	0	0	0	0	0	0	0	0	0	0	0	0	0	0	0	0	0	0	0	0	0	0	0	
Lophotermes_septentrionalis	0	0	0	0	0	0	0	0	0	0	0	0	0	0	1	0	0	0	0	0	0	0	0	0	0	0	0	0	0	0	0	0	0	0	0	0	0	0	0	0	0	0	0	0	0	
N24	4.03439e-025	2.00242e-022	4.89015e-019	2.96605e-016	1.32197e-015	2.87885e-017	1.9827e-019	1.75988e-019	5.39643e-016	2.65302e-012	6.56607e-009	6.81474e-006	0.002266	0.151167	0.806189	0.0401613	0.000210037	2.65249e-007	1.20693e-010	2.49042e-014	2.69977e-018	1.70366e-022	7.92473e-027	5.71304e-028	1.28578e-030	3.47559e-031	4.30431e-034	7.41377e-035	4.68015e-038	5.50326e-039	1.53512e-042	1.29393e-043	1.27742e-047	7.71272e-049	2.12692e-053	7.36585e-055	7.53172e-060	5.0809e-062	3.83896e-067	7.66176e-070	4.53833e-075	4.06139e-078	1.87947e-083	1.43442e-086	1.96492e-088	
N25	2.99741e-027	7.65861e-024	1.90913e-020	2.66649e-017	3.99049e-016	8.59322e-017	8.2947e-018	8.89328e-019	3.65918e-016	1.1439e-012	2.04557e-009	1.817e-006	0.000655835	0.0674016	0.897257	0.0344879	0.000195356	3.38341e-007	2.48484e-010	9.32155e-014	2.01402e-017	2.72849e-021	2.50127e-025	9.04847e-029	6.80423e-032	6.49577e-034	4.08031e-037	2.34837e-039	1.08859e-042	3.79016e-045	1.31368e-048	2.74385e-051	6.47122e-055	7.96197e-058	8.91369e-062	6.79813e-065	3.94444e-068	2.69897e-069	3.92485e-071	1.82849e-072	3.9175e-075	4.50128e-077	6.66489e-080	1.4433e-081	8.47322e-083	
Ephelotermes_taylori	0	0	0	0	0	0	0	0	0	0	0	0	0	0	1	0	0	0	0	0	0	0	0	0	0	0	0	0	0	0	0	0	0	0	0	0	0	0	0	0	0	0	0	0	0	
N26	1.72939e-034	7.85687e-030	2.28821e-025	4.37167e-021	6.73473e-020	1.05536e-021	8.3143e-024	3.83933e-026	2.5811e-024	1.95929e-019	8.35181e-015	1.74745e-010	1.47357e-006	0.00349161	0.994424	0.00208212	5.62308e-007	4.44367e-011	1.4518e-015	2.36896e-020	2.17157e-025	1.21094e-030	4.38553e-036	6.94385e-041	2.56267e-045	1.56333e-048	4.16029e-053	1.32417e-056	2.17685e-061	3.47749e-065	3.3139e-070	2.49155e-074	1.13161e-079	3.60983e-084	4.91005e-090	5.25159e-095	1.05437e-101	8.88682e-108	1.73572e-115	2.25402e-035	2.48894e-036	2.45438e-036	2.30341e-037	4.5656e-037	3.33127e-036	
Microtermes_sp	0	0	0	0	0	0	0	0	0	0	0	0	0	0	1	0	0	0	0	0	0	0	0	0	0	0	0	0	0	0	0	0	0	0	0	0	0	0	0	0	0	0	0	0	0	
Protermes_sp	0	0	0	0	0	0	0	0	0	0	0	0	0	0	1	0	0	0	0	0	0	0	0	0	0	0	0	0	0	0	0	0	0	0	0	0	0	0	0	0	0	0	0	0	0	
Macrognathotermes_sunteri	0	0	0	0	0	0	0	0	0	0	0	0	0	0	1	0	0	0	0	0	0	0	0	0	0	0	0	0	0	0	0	0	0	0	0	0	0	0	0	0	0	0	0	0	0	
N27	5.33985e-018	9.67162e-016	1.04011e-013	2.54903e-012	1.57177e-012	8.40075e-014	2.67337e-014	1.21354e-012	4.84657e-010	1.51791e-007	2.54996e-005	0.00196553	0.0560108	0.416957	0.462938	0.060202	0.00188102	2.07696e-005	1.02172e-007	2.60639e-010	3.83348e-013	3.65747e-016	5.63765e-019	2.39997e-019	3.6348e-021	1.40294e-021	1.33042e-023	3.0938e-024	1.70626e-026	2.54081e-027	7.03122e-030	7.00632e-031	8.0657e-034	5.1972e-035	2.29189e-038	6.93905e-040	1.67653e-043	1.46117e-045	2.50684e-049	9.86746e-052	1.20716e-055	3.0151e-058	2.76117e-062	1.62908e-064	6.68255e-066	
N28	5.74747e-020	4.45323e-017	2.57724e-014	6.3266e-012	3.07922e-011	4.03488e-012	2.32608e-013	2.24979e-014	3.38446e-012	1.78155e-009	5.51432e-007	8.87757e-005	0.00632888	0.153899	0.757218	0.0806375	0.00181262	1.45856e-005	5.41752e-008	1.0821e-010	1.28785e-013	9.89199e-017	5.28393e-020	3.80997e-023	4.26715e-026	2.11291e-028	2.85447e-031	9.70713e-034	9.63386e-037	2.04931e-039	1.48764e-042	1.98805e-045	1.00617e-048	8.36674e-052	2.72575e-055	1.40069e-058	2.91205e-062	9.65087e-066	1.31714e-069	3.20731e-073	3.0322e-077	6.01553e-081	4.59772e-085	1.16623e-088	4.09296e-092	
Microcerotermes_boreus	0	0	0	0	0	0	0	0	0	0	0	0	0	0	1	0	0	0	0	0	0	0	0	0	0	0	0	0	0	0	0	0	0	0	0	0	0	0	0	0	0	0	0	0	0	
Microcerotermes_nervosus	0	0	0	0	0	0	0	0	0	0	0	0	0	0	1	0	0	0	0	0	0	0	0	0	0	0	0	0	0	0	0	0	0	0	0	0	0	0	0	0	0	0	0	0	0	
N29	1.37185e-021	2.47752e-018	3.15143e-015	1.73399e-012	7.62652e-012	4.34671e-013	1.10185e-014	3.1125e-016	4.83543e-014	5.59328e-011	3.7475e-008	1.28579e-005	0.00191274	0.0938219	0.857666	0.0460988	0.000485516	1.78044e-006	2.96509e-009	2.62464e-012	1.37159e-015	4.59117e-019	1.06253e-022	3.35034e-026	1.62576e-029	3.42555e-032	1.95793e-035	2.7926e-038	1.15969e-041	1.02402e-044	3.07485e-048	1.68825e-051	3.49256e-055	1.18111e-058	1.55558e-062	3.21738e-066	2.67631e-070	3.53513e-074	1.909e-078	1.8303e-082	6.75983e-087	5.20729e-091	1.53379e-095	1.49034e-099	1.96508e-103	
N30	2.17073e-025	1.06093e-021	2.706e-018	2.14779e-015	4.20873e-015	1.97628e-017	1.2208e-019	5.22085e-021	1.97165e-018	1.56917e-014	7.00718e-011	1.52176e-007	0.000131334	0.0315817	0.95138	0.0168673	3.97404e-005	2.73199e-008	7.72666e-012	1.09124e-015	8.71641e-020	4.29961e-024	1.42641e-028	4.35121e-032	1.7669e-035	1.14596e-037	3.35592e-041	1.31035e-043	2.59179e-047	6.32622e-050	8.03847e-054	1.26861e-056	9.242e-061	9.58009e-064	3.33097e-068	2.11068e-071	2.72226e-076	4.73572e-080	4.03867e-085	3.61584e-089	2.12605e-094	1.27945e-098	5.42096e-104	4.0326e-108	1.13949e-111	
Nasutitermes_graveolus	0	0	0	0	0	0	0	0	0	0	0	0	0	0	1	0	0	0	0	0	0	0	0	0	0	0	0	0	0	0	0	0	0	0	0	0	0	0	0	0	0	0	0	0	0	
Nasutitermes_triodiae	0	0	0	0	0	0	0	0	0	0	0	0	0	0	1	0	0	0	0	0	0	0	0	0	0	0	0	0	0	0	0	0	0	0	0	0	0	0	0	0	0	0	0	0	0	
N31	4.10554e-028	5.66739e-024	4.05766e-020	9.84628e-017	1.53937e-016	2.451e-019	1.3945e-021	1.11601e-023	1.18919e-021	3.08919e-017	4.5716e-013	3.35991e-009	1.00893e-005	0.00874846	0.986117	0.00512056	3.60195e-006	7.55734e-010	6.64058e-014	2.95416e-018	7.50922e-023	1.18702e-027	1.25781e-032	5.55295e-037	5.15864e-041	6.29401e-044	4.68466e-048	3.37485e-051	1.75013e-055	7.53062e-059	2.65201e-063	6.89608e-067	1.49131e-071	2.35017e-075	2.53973e-080	2.2856e-084	8.6294e-090	2.08427e-094	4.63973e-100	6.08838e-105	8.33358e-111	7.49118e-116	6.81877e-122	8.05821e-127	2.663e-131	
Nasutitermes_longipennis	0	0	0	0	0	0	0	0	0	0	0	0	0	0	1	0	0	0	0	0	0	0	0	0	0	0	0	0	0	0	0	0	0	0	0	0	0	0	0	0	0	0	0	0	0	
Tumulitermes_pastinator	0	0	0	0	0	0	0	0	0	0	0	0	0	0	1	0	0	0	0	0	0	0	0	0	0	0	0	0	0	0	0	0	0	0	0	0	0	0	0	0	0	0	0	0	0	
N32	3.68743e-014	1.24078e-012	3.23176e-011	3.04201e-010	6.13536e-010	4.76306e-010	3.01759e-010	1.98163e-009	1.59613e-007	1.12149e-005	0.000459546	0.00980767	0.0954249	0.35473	0.406048	0.120978	0.0120293	0.000501256	1.03179e-005	1.18045e-007	8.18944e-010	3.83336e-012	1.51676e-014	3.99775e-016	5.87889e-018	3.16806e-019	3.35945e-021	1.09371e-022	7.99561e-025	1.60927e-026	7.9187e-029	1.00091e-030	3.17382e-033	2.50928e-035	4.97708e-038	2.39519e-040	3.05655e-043	9.25947e-046	7.85233e-049	1.7176e-051	1.00622e-054	1.76536e-057	8.36989e-061	2.16438e-063	1.03493e-065	
Macrotermes_bellicosus	0	0	0	0	0	0	0	0	0	0	0	0	0	0	1	0	0	0	0	0	0	0	0	0	0	0	0	0	0	0	0	0	0	0	0	0	0	0	0	0	0	0	0	0	0	
N33	1.48623e-019	7.07914e-017	3.37372e-014	8.39932e-012	3.82146e-011	4.10163e-012	1.95001e-013	1.37442e-014	1.93351e-012	1.13073e-009	3.85501e-007	6.79389e-005	0.00529724	0.142025	0.778826	0.0723602	0.00141339	9.85993e-006	3.15868e-008	5.40508e-011	5.47122e-014	3.5591e-017	1.61866e-020	1.18305e-023	1.25815e-026	5.25828e-029	5.75467e-032	1.58869e-034	1.21778e-037	2.11713e-040	1.12804e-043	1.26127e-046	4.57373e-050	3.32854e-053	8.07953e-057	3.85585e-060	6.31409e-064	2.03185e-067	2.29457e-071	5.3307e-075	4.25792e-079	7.70713e-083	4.7689e-087	9.5282e-091	2.49503e-094	
Odontotermes_sp	0	0	0	0	0	0	0	0	0	0	0	0	0	0	1	0	0	0	0	0	0	0	0	0	0	0	0	0	0	0	0	0	0	0	0	0	0	0	0	0	0	0	0	0	0	
Pseudacanthotermes_militaris	0	0	0	0	0	0	0	0	0	0	0	0	0	0	1	0	0	0	0	0	0	0	0	0	0	0	0	0	0	0	0	0	0	0	0	0	0	0	0	0	0	0	0	0	0	
N34	1.90326e-011	4.20356e-010	6.02011e-009	2.38216e-008	2.06188e-008	1.50639e-008	3.57948e-008	1.01136e-006	4.24946e-005	0.00107389	0.0146062	0.0980474	0.296302	0.370179	0.181454	0.0352222	0.00295095	0.000118968	2.54957e-006	3.1655e-008	2.45557e-010	1.79501e-012	1.8291e-014	1.12439e-015	1.64325e-017	7.45971e-019	6.92715e-021	1.91354e-022	1.13943e-024	1.98344e-026	7.63996e-029	8.54539e-031	2.15123e-033	1.55655e-035	2.60908e-038	1.23198e-040	1.40988e-043	4.51332e-046	3.6045e-049	8.37828e-052	4.7659e-055	8.6475e-058	4.05703e-061	1.09402e-063	5.75219e-066	
N35	2.84378e-012	4.21602e-011	5.22559e-010	3.04108e-009	9.00329e-009	1.3592e-008	2.02068e-008	2.43693e-007	1.03553e-005	0.000328269	0.00584938	0.052928	0.220684	0.385352	0.260804	0.0665868	0.00709159	0.000356967	9.47554e-006	1.46047e-007	1.44402e-009	3.31284e-011	8.87828e-013	1.53636e-013	3.10711e-015	3.32966e-016	4.06301e-018	2.72036e-019	2.03628e-021	8.73177e-023	4.09516e-025	1.12815e-026	3.43494e-029	6.03697e-031	1.2496e-033	1.41144e-035	2.06822e-038	1.55937e-040	1.6607e-043	8.87525e-046	6.98031e-049	2.82388e-051	1.85766e-054	1.23369e-056	2.11399e-058	
Coptotermes_acinaciformis	0	0	0	0	0	0	0	0	0	0	0	0	0	0	1	0	0	0	0	0	0	0	0	0	0	0	0	0	0	0	0	0	0	0	0	0	0	0	0	0	0	0	0	0	0	
N36	4.10474e-020	7.82203e-017	1.11481e-013	6.82134e-011	1.7811e-010	3.77446e-012	3.43265e-014	3.33762e-016	4.44584e-014	5.26436e-011	3.55779e-008	1.22441e-005	0.00183718	0.0924942	0.870959	0.0344284	0.000268579	7.40384e-007	9.37167e-010	6.35248e-013	2.55487e-016	6.89477e-020	1.44073e-023	6.40971e-027	2.57975e-030	2.14621e-033	6.77638e-037	3.54183e-040	7.52146e-044	2.46765e-047	3.54213e-051	7.51428e-055	7.30488e-059	1.02937e-062	6.81453e-067	6.5808e-071	3.00028e-075	2.068e-079	6.59485e-084	3.40109e-088	7.74303e-093	3.16268e-097	6.01718e-102	3.06198e-106	2.00264e-110	
Reticulitermes_flavipes	0	0	0	0	0	0	0	0	0	0	0	0	0	0	1	0	0	0	0	0	0	0	0	0	0	0	0	0	0	0	0	0	0	0	0	0	0	0	0	0	0	0	0	0	0	
N37	7.41221e-023	3.26488e-019	7.45407e-016	4.71092e-013	9.25898e-013	5.44938e-015	1.03526e-017	1.02095e-019	5.5824e-017	2.81597e-013	7.64139e-010	9.6158e-007	0.000458129	0.058343	0.918226	0.0228978	7.45435e-005	6.88172e-008	2.54183e-011	4.57093e-015	4.54491e-019	2.75572e-023	1.23955e-027	5.56952e-030	3.30097e-033	6.39194e-035	2.21207e-038	2.76382e-040	5.47825e-044	4.64693e-046	5.07183e-050	3.00608e-052	1.69351e-056	6.96049e-059	1.83104e-063	4.67923e-066	4.86146e-071	3.2061e-074	2.36297e-079	7.17261e-083	3.96103e-088	7.00461e-092	2.95029e-097	4.46945e-101	3.01445e-104	
Reticulitermes_lucifugus	0	0	0	0	0	0	0	0	0	0	0	0	0	0	1	0	0	0	0	0	0	0	0	0	0	0	0	0	0	0	0	0	0	0	0	0	0	0	0	0	0	0	0	0	0	
Reticulitermes_urbis	0	0	0	0	0	0	0	0	0	0	0	0	0	0	1	0	0	0	0	0	0	0	0	0	0	0	0	0	0	0	0	0	0	0	0	0	0	0	0	0	0	0	0	0	0	
Schedorhinotermes_lamanianus	0	0	0	0	0	0	0	0	0	0	0	0	1	0	0	0	0	0	0	0	0	0	0	0	0	0	0	0	0	0	0	0	0	0	0	0	0	0	0	0	0	0	0	0	0	
N38	3.40392e-009	7.74674e-008	8.47512e-007	2.42787e-006	1.60268e-006	7.07757e-007	4.46769e-006	0.000115307	0.00215859	0.0229341	0.123609	0.310483	0.342203	0.160352	0.0334261	0.00404941	0.00055727	9.04227e-005	1.03533e-005	7.56098e-007	3.61965e-008	2.48337e-009	1.4938e-010	4.19647e-011	2.04351e-012	3.70933e-013	1.03628e-014	1.08023e-015	1.7616e-017	1.07808e-018	1.04902e-020	3.86056e-022	2.29952e-024	5.19555e-026	1.9491e-028	2.75229e-030	6.74127e-033	6.13329e-035	1.01246e-037	6.14163e-040	7.03122e-043	3.00329e-045	2.55417e-048	1.06953e-050	7.58774e-053	
N39	1.14237e-010	2.79643e-009	4.14685e-008	1.39699e-007	1.06618e-007	8.57112e-008	8.34314e-007	2.36913e-005	0.000560142	0.00831008	0.0678009	0.257154	0.390871	0.221293	0.0487553	0.00489516	0.000316578	1.81054e-005	7.72288e-007	2.04801e-008	3.43396e-010	5.90948e-012	1.17402e-013	3.34147e-015	4.93243e-017	7.89403e-019	5.74663e-021	4.78072e-023	1.80376e-025	7.95642e-028	1.66447e-030	4.01696e-033	4.918e-036	7.01496e-039	5.15689e-042	5.28026e-045	2.34505e-048	2.64521e-051	8.10997e-055	1.7567e-057	1.3411e-060	8.36723e-062	1.89363e-063	4.54757e-064	9.50539e-065	
N40	3.20314e-011	2.4671e-010	2.70746e-009	2.78211e-008	2.38502e-007	1.49829e-006	9.06892e-006	9.44603e-005	0.000864011	0.00479438	0.0219718	0.0993053	0.274395	0.348086	0.194647	0.0494081	0.00603164	0.000378373	1.3022e-005	2.97161e-007	6.36959e-009	8.66027e-010	3.39679e-011	4.0524e-012	8.57911e-014	5.19373e-015	5.99244e-017	1.96454e-018	1.26158e-020	2.32727e-022	8.62257e-025	9.1242e-027	2.05808e-029	1.29914e-031	1.87178e-034	7.67228e-037	7.31996e-040	2.14864e-042	1.40689e-045	3.20517e-048	1.50363e-051	2.88925e-054	2.48363e-057	2.02082e-059	1.96745e-061	
N41	3.66574e-011	3.44458e-010	4.30061e-009	3.54247e-008	3.18722e-007	5.62834e-006	9.63061e-005	0.000833355	0.00351754	0.00807374	0.0154599	0.0573993	0.191439	0.322251	0.263777	0.109668	0.0242902	0.00297361	0.000206005	8.25162e-006	1.99951e-007	8.76054e-009	5.02391e-010	1.76581e-010	7.60899e-012	1.53132e-012	3.73571e-014	4.37472e-015	6.17604e-017	4.38907e-018	3.68659e-020	1.61112e-021	8.45624e-024	2.27852e-025	7.91774e-028	1.34133e-029	3.2299e-032	3.60943e-034	6.19613e-037	4.89194e-039	6.09516e-042	3.65421e-044	3.84666e-047	4.11849e-049	1.12805e-050	
Bifiditermes_improbus	0	0	0	0	0	0	0	0	0	0	0	1	0	0	0	0	0	0	0	0	0	0	0	0	0	0	0	0	0	0	0	0	0	0	0	0	0	0	0	0	0	0	0	0	0	
Neotermes_insularis	0	0	0	0	0	0	0	0	0	0	0	0	0	0	0	0	0	0	0	1	0	0	0	0	0	0	0	0	0	0	0	0	0	0	0	0	0	0	0	0	0	0	0	0	0	
N42	2.24886e-013	2.16614e-011	1.75881e-009	5.63711e-008	1.21215e-007	2.14298e-008	1.70598e-009	6.75577e-010	3.60932e-008	2.74231e-006	0.000133401	0.00372574	0.0522468	0.302223	0.512249	0.120737	0.00843146	0.000246685	3.65697e-006	3.12507e-008	1.68712e-010	7.2634e-013	2.88806e-015	2.35194e-017	1.25524e-019	1.06527e-021	4.16374e-024	2.4316e-026	6.77293e-029	2.72504e-031	5.43124e-034	1.51178e-036	2.14173e-039	4.18133e-042	4.21854e-045	5.94615e-048	4.32256e-051	4.57583e-054	2.43845e-057	2.02455e-060	8.09336e-064	5.59182e-067	2.04585e-070	1.93665e-073	2.47362e-076	
Glyptotermes_brevicornis	0	0	0	0	0	0	0	0	0	0	0	0	0	0	1	0	0	0	0	0	0	0	0	0	0	0	0	0	0	0	0	0	0	0	0	0	0	0	0	0	0	0	0	0	0	
Glyptotermes_iridipennis	0	0	0	0	0	0	0	0	0	0	0	0	0	0	1	0	0	0	0	0	0	0	0	0	0	0	0	0	0	0	0	0	0	0	0	0	0	0	0	0	0	0	0	0	0	
N43	2.02799e-015	1.69547e-013	1.0394e-011	8.75225e-011	3.10103e-010	1.03385e-009	1.11045e-008	5.10395e-007	3.57503e-005	0.00151421	0.0333278	0.252801	0.48419	0.207792	0.0198733	0.000462884	3.05058e-006	6.76918e-009	5.94725e-012	2.37536e-015	4.80002e-019	7.20643e-023	9.39146e-027	4.19146e-030	1.49023e-033	7.59726e-034	6.85265e-034	1.83925e-033	1.51479e-033	3.43117e-033	2.4175e-033	4.55631e-033	2.70874e-033	4.22017e-033	2.11891e-033	2.76572e-033	1.18236e-033	1.34621e-033	4.98033e-034	5.235e-034	1.72746e-034	1.76696e-034	6.2911e-035	1.13145e-034	3.30848e-034	
N44	2.16936e-015	1.57346e-013	7.52947e-012	7.61191e-011	3.15134e-010	1.00531e-009	1.04496e-008	5.30025e-007	3.79108e-005	0.00160951	0.0343769	0.254265	0.48212	0.206995	0.0200998	0.000492144	3.64184e-006	9.94109e-009	1.18909e-011	9.09212e-015	5.30027e-018	6.88014e-018	1.0305e-020	1.67996e-020	1.51601e-023	1.67382e-023	8.94349e-027	6.92144e-027	1.74843e-030	9.18835e-031	1.01433e-034	3.22157e-035	1.80389e-039	2.87806e-040	1.00796e-044	6.8353e-046	1.74073e-050	4.71981e-052	9.43396e-057	1.08444e-058	1.74947e-063	9.71214e-066	1.28731e-070	1.19388e-072	2.19465e-073	
N45	1.01531e-012	2.80848e-011	6.86567e-010	2.54013e-008	3.44e-007	1.76142e-006	6.53718e-006	0.00011356	0.00275379	0.0313449	0.159504	0.355499	0.325357	0.111422	0.0133685	0.000615671	1.30543e-005	1.46952e-007	9.7355e-010	4.1068e-012	1.1809e-014	3.92966e-017	2.24671e-019	7.76287e-021	6.42052e-023	1.57098e-024	9.44416e-027	1.4272e-028	6.04903e-031	5.66493e-033	1.57593e-035	9.12821e-038	1.58754e-040	5.60967e-043	6.27182e-046	1.42468e-048	1.05655e-051	1.74911e-054	8.93423e-058	1.19464e-060	4.38498e-064	5.12444e-067	2.25317e-070	7.13417e-073	3.25207e-075	
N46	1.92517e-014	6.60813e-012	1.58859e-009	1.27395e-007	1.38883e-007	1.54167e-008	8.25021e-010	4.97381e-010	5.74047e-008	7.68785e-006	0.000516447	0.0155931	0.18157	0.600203	0.195578	0.00646498	6.59075e-005	3.05157e-007	8.42675e-010	5.78029e-012	2.93096e-014	3.92629e-016	1.22951e-018	8.75782e-021	1.5549e-023	6.22898e-026	6.55973e-029	1.56273e-031	1.02216e-034	1.51367e-037	6.40597e-041	6.17924e-044	1.747e-047	1.16541e-050	2.25723e-054	1.11622e-057	1.51763e-061	5.92579e-065	5.79921e-069	1.87641e-072	1.39442e-076	4.73647e-080	1.97362e-083	2.91685e-086	3.80166e-089	
Cryptotermes_austrinus	0	0	0	0	0	0	0	0	0	0	0	0	0	1	0	0	0	0	0	0	0	0	0	0	0	0	0	0	0	0	0	0	0	0	0	0	0	0	0	0	0	0	0	0	0	
Cryptotermes_queenslandis	0	0	0	0	0	0	0	0	0	0	0	0	0	0	1	0	0	0	0	0	0	0	0	0	0	0	0	0	0	0	0	0	0	0	0	0	0	0	0	0	0	0	0	0	0	
Cryptotermes_primus	0	0	0	0	0	0	0	0	1	0	0	0	0	0	0	0	0	0	0	0	0	0	0	0	0	0	0	0	0	0	0	0	0	0	0	0	0	0	0	0	0	0	0	0	0	
N47	1.74538e-013	8.99797e-012	3.77138e-010	5.18175e-009	1.10743e-008	9.09291e-009	1.60017e-008	5.02051e-007	2.67458e-005	0.00088072	0.0151927	0.120062	0.369349	0.372884	0.109522	0.0115363	0.00053324	1.25643e-005	1.68325e-007	1.41662e-009	8.51503e-012	1.419e-013	2.56048e-015	1.5578e-016	2.27238e-018	8.2927e-020	8.2541e-022	1.80272e-023	1.18526e-025	1.56659e-027	6.43732e-030	5.1504e-032	1.31923e-034	6.48175e-037	1.0704e-039	3.55384e-042	3.91095e-045	9.8463e-048	7.52434e-051	1.55855e-053	8.63736e-057	1.60186e-059	1.50091e-062	9.37876e-065	7.15855e-067	
Cryptotermes_dudleyi	0	0	0	0	0	0	0	0	0	0	0	0	0	1	0	0	0	0	0	0	0	0	0	0	0	0	0	0	0	0	0	0	0	0	0	0	0	0	0	0	0	0	0	0	0	
Cryptotermes_secundus	0	0	0	0	0	0	0	0	0	0	0	0	0	1	0	0	0	0	0	0	0	0	0	0	0	0	0	0	0	0	0	0	0	0	0	0	0	0	0	0	0	0	0	0	0	
N48	2.12503e-015	1.49787e-013	7.94943e-012	7.79228e-011	3.12828e-010	1.16366e-009	1.39818e-008	5.85607e-007	3.79489e-005	0.00152868	0.0331249	0.251345	0.483578	0.209444	0.0204424	0.00049595	3.50494e-006	8.62408e-009	8.68283e-012	4.85467e-015	3.08716e-018	7.03864e-018	7.57711e-021	1.43838e-020	5.69292e-024	6.5678e-024	9.81226e-028	7.07152e-028	4.24728e-032	1.84501e-032	5.05025e-037	1.18138e-037	1.77096e-042	1.90005e-043	1.86472e-048	8.19142e-050	5.92372e-055	1.0725e-056	6.06776e-062	4.94588e-064	2.24907e-069	9.26317e-072	3.4191e-077	2.64103e-079	3.84832e-080	
N49	1.90126e-014	3.13532e-013	6.74801e-012	8.91378e-011	2.2539e-009	1.25394e-007	5.11662e-006	0.000101183	0.00101572	0.00790103	0.0647972	0.288569	0.429809	0.182866	0.023772	0.00113897	2.35558e-005	2.3557e-007	1.24498e-009	3.76442e-012	7.16174e-015	8.52789e-017	1.2713e-018	1.98422e-019	2.00522e-021	1.69919e-022	1.02519e-024	4.97643e-026	1.59999e-028	4.65906e-030	7.21593e-033	1.22617e-034	9.64288e-038	8.37444e-040	3.95744e-043	1.62865e-045	5.10995e-049	1.1535e-051	2.4306e-055	3.76771e-058	5.38533e-062	6.66991e-065	1.23384e-068	1.07076e-070	1.4161e-072	
Cryptotermes_brevis	0	0	0	0	0	0	0	0	0	0	0	1	0	0	0	0	0	0	0	0	0	0	0	0	0	0	0	0	0	0	0	0	0	0	0	0	0	0	0	0	0	0	0	0	0	
N50	8.96072e-014	3.05905e-012	1.59711e-010	1.39738e-008	9.77943e-007	3.22293e-005	0.000379324	0.00188012	0.00478387	0.0136238	0.0765137	0.265586	0.378272	0.206498	0.047139	0.00501738	0.000265928	7.23188e-006	1.03311e-007	8.55002e-010	5.41799e-012	5.87981e-013	1.90364e-014	4.29325e-015	8.38611e-017	1.07891e-017	1.23246e-019	9.56067e-021	6.06725e-023	2.88823e-024	9.8563e-027	2.73025e-028	5.37761e-031	7.88703e-033	1.01029e-035	8.16745e-038	7.17337e-041	3.74719e-043	2.2997e-046	8.9237e-049	3.90009e-052	1.23938e-054	8.75963e-058	1.92289e-059	5.77201e-061	
Cryptotermes_domesticus	0	0	0	0	0	0	0	0	1	0	0	0	0	0	0	0	0	0	0	0	0	0	0	0	0	0	0	0	0	0	0	0	0	0	0	0	0	0	0	0	0	0	0	0	0	
Procryptotermes_australiensis	0	0	0	0	0	0	0	0	0	0	0	0	0	0	0	0	0	1	0	0	0	0	0	0	0	0	0	0	0	0	0	0	0	0	0	0	0	0	0	0	0	0	0	0	0	
N51	6.5608e-014	5.99634e-012	4.85117e-010	1.79173e-008	1.27381e-007	1.06779e-007	3.59151e-008	2.75096e-008	3.24121e-007	1.64472e-005	0.000582508	0.0107459	0.0918702	0.32439	0.408435	0.147464	0.0158106	0.000670117	1.3749e-005	1.62822e-007	1.36816e-009	3.35404e-011	6.50764e-013	3.0997e-014	4.24526e-016	1.1439e-017	1.01258e-019	1.5789e-021	8.91394e-024	8.23051e-026	2.87077e-028	1.59653e-030	3.47429e-033	1.2233e-035	1.71309e-038	4.24138e-041	3.98742e-044	7.65216e-047	5.04606e-050	8.01697e-053	3.89024e-056	5.68638e-059	5.43939e-062	2.47899e-064	1.27026e-066	
Cryptotermes_cynocephalus	0	0	0	0	0	0	0	0	0	0	0	0	0	0	0	1	0	0	0	0	0	0	0	0	0	0	0	0	0	0	0	0	0	0	0	0	0	0	0	0	0	0	0	0	0	
Incisitermes_sp	0	0	0	0	0	0	0	0	0	0	0	0	0	0	1	0	0	0	0	0	0	0	0	0	0	0	0	0	0	0	0	0	0	0	0	0	0	0	0	0	0	0	0	0	0	
Kalotermes_flavicollis	0	0	0	0	0	0	0	0	0	0	0	0	0	0	0	0	0	0	0	0	0	0	0	0	0	0	0	1	0	0	0	0	0	0	0	0	0	0	0	0	0	0	0	0	0	
N52	2.19913e-006	6.36795e-006	3.08178e-005	0.000200919	0.00150741	0.0093393	0.0346029	0.0652127	0.0665515	0.0467797	0.0483928	0.0960899	0.166219	0.195805	0.153475	0.0801707	0.0279558	0.00652272	0.00101718	0.000109202	8.26754e-006	6.39275e-007	4.63696e-008	5.95767e-009	4.11976e-010	3.95556e-011	1.8073e-012	1.10983e-013	3.38848e-015	1.38763e-016	2.9239e-018	8.32884e-020	1.24406e-021	2.55993e-023	2.77329e-025	4.27007e-027	3.42497e-029	4.08099e-031	2.46899e-033	2.34945e-035	1.0974e-037	8.84337e-040	4.17504e-042	5.08661e-044	9.42096e-046	
Stolotermes_sp	0	0	0	0	0	0	0	0	0	1	0	0	0	0	0	0	0	0	0	0	0	0	0	0	0	0	0	0	0	0	0	0	0	0	0	0	0	0	0	0	0	0	0	0	0	
N53	9.79336e-011	5.91948e-011	2.75246e-009	2.04536e-007	9.65033e-006	0.000236406	0.0016194	0.000410341	3.16018e-005	1.25843e-006	3.1463e-008	5.24676e-009	1.60912e-007	6.4648e-006	0.000171749	0.0028609	0.0279378	0.148144	0.362137	0.370612	0.0749402	0.0102864	0.000565062	2.85858e-005	6.08103e-007	1.3226e-008	1.36252e-010	1.54214e-012	8.90583e-015	5.95158e-017	2.11177e-019	9.08977e-022	2.11001e-024	6.24708e-027	9.93523e-030	2.1331e-032	2.41015e-035	3.92615e-038	3.24686e-041	4.18194e-044	2.68408e-047	3.18387e-050	3.07475e-053	7.05277e-056	1.81603e-058	
Zootermopsis_angusticollis	0	0	0	0	0	0	0	0	0	0	0	0	0	0	0	0	0	0	0	1	0	0	0	0	0	0	0	0	0	0	0	0	0	0	0	0	0	0	0	0	0	0	0	0	0	
Zootermopsis_nevadensis	0	0	0	0	0	0	0	0	0	0	0	0	0	0	0	0	0	0	0	1	0	0	0	0	0	0	0	0	0	0	0	0	0	0	0	0	0	0	0	0	0	0	0	0	0	
Mastotermes_darwiniensis	0	0	0	0	0	0	0	0	0	0	0	0	0	0	0	0	0	0	0	0	0	0	0	0	0	0	0	0	0	0	0	0	0	0	0	0	0	0	0	0	0	0	1	0	0	
Porotermes_adamsoni	0	0	0	0	0	0	0	0	0	0	0	0	0	1	0	0	0	0	0	0	0	0	0	0	0	0	0	0	0	0	0	0	0	0	0	0	0	0	0	0	0	0	0	0	0	
N54	0.0217425	0.0531205	0.133672	0.246032	0.281309	0.18048	0.064022	0.0145206	0.00319913	0.0011499	0.000503014	0.000184702	5.15861e-005	1.09893e-005	1.76264e-006	2.21285e-007	2.12257e-008	1.70488e-009	1.07064e-010	6.14044e-012	2.71246e-013	1.13413e-014	3.50406e-016	1.03704e-017	2.23311e-019	4.69961e-021	7.20165e-023	1.10787e-024	1.24487e-026	1.44945e-028	1.23013e-030	1.12097e-032	7.40699e-035	5.47002e-037	2.89545e-039	1.78485e-041	7.83952e-044	4.19194e-046	1.59806e-048	7.82913e-051	3.03632e-053	1.67082e-055	8.98066e-058	6.09747e-060	4.72355e-062	
N55	0.0383452	0.107751	0.25795	0.328316	0.198059	0.0589946	0.00953382	0.000967465	7.68358e-005	5.77866e-006	3.95441e-007	2.16576e-008	8.87982e-010	2.7013e-011	6.13002e-013	1.05436e-014	1.39205e-016	1.43981e-018	1.18102e-020	7.85341e-023	4.25583e-025	1.92339e-027	7.183e-030	2.32742e-032	6.29599e-035	1.81785e-037	4.63322e-040	2.40059e-042	7.81656e-045	5.44335e-047	1.62205e-049	9.64315e-052	2.38251e-054	1.15413e-056	2.34966e-059	9.32525e-062	1.57456e-064	5.18348e-067	7.29883e-070	2.01511e-072	2.40129e-075	5.73315e-078	6.56078e-081	1.74946e-083	4.7748e-086	
Cryptocercus_primarius	0	0	0	1	0	0	0	0	0	0	0	0	0	0	0	0	0	0	0	0	0	0	0	0	0	0	0	0	0	0	0	0	0	0	0	0	0	0	0	0	0	0	0	0	0	
Cryptocercus_relictus	0	0	1	0	0	0	0	0	0	0	0	0	0	0	0	0	0	0	0	0	0	0	0	0	0	0	0	0	0	0	0	0	0	0	0	0	0	0	0	0	0	0	0	0	0	
Cryptocercus_punctulatus	0	0	0	0	0	0	0	0	0	0	0	0	0	0	0	0	0	1	0	0	0	0	0	0	0	0	0	0	0	0	0	0	0	0	0	0	0	0	0	0	0	0	0	0	0	
N56	0.0138986	0.0269775	0.0577132	0.111181	0.17386	0.209342	0.188868	0.126071	0.0619393	0.0225729	0.00610069	0.00125213	0.000193592	2.63619e-005	3.01463e-006	5.16837e-007	6.34835e-008	1.21128e-008	1.15645e-009	1.59378e-010	1.05468e-011	1.0024e-012	4.58985e-014	3.06635e-015	9.84597e-017	4.78037e-018	1.09401e-019	4.00294e-021	6.68362e-023	1.9369e-024	2.41365e-026	5.75579e-028	5.74359e-030	1.29918e-031	1.10711e-033	2.35287e-035	2.24063e-037	6.06562e-039	5.00817e-041	1.04218e-042	1.01665e-044	2.60633e-046	3.01393e-048	8.90345e-050	3.29572e-051	
N57	0.00241482	0.005553	0.0156038	0.0423131	0.0966853	0.168099	0.210848	0.192013	0.132248	0.0762426	0.0363253	0.0150763	0.00464454	0.00149687	0.000325752	9.35101e-005	1.36731e-005	2.59734e-006	2.24387e-007	2.54297e-008	1.30698e-009	9.11964e-011	2.89254e-012	1.29957e-013	2.66004e-015	8.16189e-017	1.11263e-018	2.41678e-020	2.32037e-022	3.94484e-024	2.73577e-026	3.6496e-028	2.13034e-030	2.89627e-032	1.36033e-034	1.44822e-036	6.90938e-039	8.17737e-041	2.86429e-043	2.24516e-045	8.01751e-048	7.14054e-050	2.53198e-052	2.35697e-054	2.68808e-056	
N58	0.00175056	0.00428093	0.0127562	0.036553	0.0882277	0.160933	0.208484	0.192484	0.13563	0.082853	0.0448426	0.0208168	0.00728802	0.00235886	0.000520172	0.000184483	2.45544e-005	1.15616e-005	8.23716e-007	4.00493e-007	1.70475e-008	6.25108e-009	1.72868e-010	4.26714e-011	8.09106e-013	1.36292e-013	1.82877e-015	2.13344e-016	2.12862e-018	1.85604e-019	1.3999e-021	9.02924e-023	5.64503e-025	3.3913e-026	1.66982e-028	7.45389e-030	3.66196e-032	2.22415e-033	7.23633e-036	2.31729e-037	1.04049e-039	7.53428e-041	1.72996e-043	7.02861e-045	6.40675e-046	
N59	3.90352e-005	0.000180816	0.00182172	0.0162155	0.087668	0.230226	0.25795	0.132965	0.0475164	0.0285231	0.0386707	0.0543125	0.0523441	0.0330239	0.0133663	0.00408022	0.000867832	0.000197984	2.76862e-005	4.2731e-006	3.23091e-007	2.63408e-008	1.04224e-009	4.61323e-011	1.02462e-012	2.67428e-014	3.5814e-016	5.94145e-018	5.09691e-020	5.74068e-022	3.31021e-024	2.66962e-026	1.084e-028	6.64595e-031	1.97487e-033	9.59612e-036	2.25723e-038	9.84117e-041	1.93471e-043	7.59133e-046	1.61413e-048	7.92121e-051	2.77998e-053	1.79315e-055	1.2388e-057	
N60	1.96836e-005	8.00051e-005	0.000696517	0.00887096	0.0678331	0.222573	0.275189	0.143372	0.0505998	0.0337095	0.0457586	0.0594532	0.0516132	0.0280774	0.00958628	0.00218431	0.000340099	4.04587e-005	3.29891e-006	2.01271e-007	7.72987e-009	2.15587e-010	3.86949e-012	5.24988e-014	4.79403e-016	3.92448e-018	2.11631e-020	2.61934e-022	1.2826e-024	3.56837e-026	1.44838e-028	3.43824e-030	1.03956e-032	1.84003e-034	4.18948e-037	5.60452e-039	1.01478e-041	1.09152e-043	1.59835e-046	1.40639e-048	1.83487e-051	1.48307e-053	1.79831e-056	1.49961e-058	9.59146e-061	
Blatta_orientalis	0	0	0	0	0	0	0	0	0	0	0	0	0	0	0	0	0	1	0	0	0	0	0	0	0	0	0	0	0	0	0	0	0	0	0	0	0	0	0	0	0	0	0	0	0	
N61	7.69437e-006	1.33603e-005	2.87065e-005	0.000330049	0.00586296	0.0542857	0.21425	0.331565	0.220389	0.11166	0.0478811	0.0120002	0.00160195	0.000118756	5.16848e-006	1.39389e-007	2.43915e-009	2.88137e-011	2.34725e-013	1.34347e-015	5.45153e-018	1.59306e-020	3.39823e-023	5.42986e-026	6.57746e-029	6.7634e-032	6.27249e-035	1.6685e-037	3.3487e-040	1.91397e-042	3.45454e-045	1.52742e-047	2.13529e-050	7.09033e-053	7.66517e-056	1.94e-058	1.64125e-061	3.22968e-064	2.16674e-067	3.38113e-070	1.8363e-073	2.33605e-076	1.12542e-079	1.42142e-082	1.52917e-085	
N62	1.15466e-006	3.78242e-006	9.2061e-006	3.05534e-005	0.000180925	0.00423294	0.0583281	0.29061	0.393367	0.204044	0.0455531	0.00351631	0.00012064	2.12872e-006	2.08892e-008	1.67296e-010	9.18084e-013	1.3988e-014	6.45195e-017	8.5479e-019	2.31675e-021	1.79311e-023	3.01416e-026	1.49015e-028	1.76386e-031	6.69678e-034	6.33104e-037	2.00863e-039	1.54217e-042	3.84838e-045	2.28875e-048	4.28459e-051	1.93544e-054	2.75627e-057	9.41437e-061	1.04569e-063	2.88577e-067	3.24771e-070	6.97961e-074	7.13549e-077	2.45621e-080	5.63906e-083	1.57055e-086	3.34762e-089	8.36051e-092	
Periplaneta_americana	0	0	0	0	0	0	0	0	0	0	1	0	0	0	0	0	0	0	0	0	0	0	0	0	0	0	0	0	0	0	0	0	0	0	0	0	0	0	0	0	0	0	0	0	0	
Periplaneta_brunnea	0	0	0	0	0	0	0	1	0	0	0	0	0	0	0	0	0	0	0	0	0	0	0	0	0	0	0	0	0	0	0	0	0	0	0	0	0	0	0	0	0	0	0	0	0	
N63	3.13068e-007	2.56725e-008	2.42918e-009	1.39001e-007	2.80831e-005	0.00271908	0.097855	0.800173	0.0962747	0.00291177	3.72447e-005	2.42199e-007	8.67592e-010	1.81631e-012	2.34184e-015	1.98289e-018	1.15243e-021	5.92591e-025	2.69271e-028	2.54351e-031	1.3415e-034	1.29657e-037	4.97039e-041	3.47594e-044	9.90555e-048	5.36918e-051	1.2073e-054	5.14883e-058	9.01777e-062	2.91705e-065	3.85594e-069	9.34985e-073	9.2293e-077	1.71168e-080	1.267e-084	1.858e-088	1.04465e-092	1.26596e-096	5.48404e-101	5.72223e-105	2.10921e-109	2.55461e-113	2.1148e-117	6.58683e-121	2.04829e-124	
Periplaneta_australasiae	0	0	0	0	0	0	0	1	0	0	0	0	0	0	0	0	0	0	0	0	0	0	0	0	0	0	0	0	0	0	0	0	0	0	0	0	0	0	0	0	0	0	0	0	0	
Periplaneta_fuliginosa	0	0	0	0	0	0	0	1	0	0	0	0	0	0	0	0	0	0	0	0	0	0	0	0	0	0	0	0	0	0	0	0	0	0	0	0	0	0	0	0	0	0	0	0	0	
Deropeltis_erythrocephala	0	0	0	0	0	0	0	0	0	0	0	0	0	0	0	0	0	0	1	0	0	0	0	0	0	0	0	0	0	0	0	0	0	0	0	0	0	0	0	0	0	0	0	0	0	
Periplaneta_japonica	0	0	0	0	0	0	0	0	0	0	1	0	0	0	0	0	0	0	0	0	0	0	0	0	0	0	0	0	0	0	0	0	0	0	0	0	0	0	0	0	0	0	0	0	0	
N64	5.75765e-005	0.000117422	0.000172139	0.000786797	0.00102901	0.000707268	0.00214131	0.0700207	0.249426	0.351711	0.23663	0.0771213	0.00994998	0.000129739	7.25535e-007	2.45595e-009	5.44491e-012	9.72518e-015	1.28753e-017	1.58176e-020	1.44364e-023	1.27664e-026	8.18711e-030	5.19947e-033	2.38427e-036	1.1122e-039	3.75338e-043	1.32768e-046	3.4017e-050	9.43322e-054	1.88353e-057	4.20672e-061	6.72092e-065	1.24614e-068	1.628e-072	2.56204e-076	2.82971e-080	3.94067e-084	3.82544e-088	4.93743e-092	4.9417e-096	7.23114e-100	1.00841e-103	1.81592e-107	3.23329e-111	
Eurycotis_floridana	0	0	0	0	0	0	0	1	0	0	0	0	0	0	0	0	0	0	0	0	0	0	0	0	0	0	0	0	0	0	0	0	0	0	0	0	0	0	0	0	0	0	0	0	0	
Pelmatosilpha_sp	0	0	0	0	0	0	0	0	0	0	0	0	1	0	0	0	0	0	0	0	0	0	0	0	0	0	0	0	0	0	0	0	0	0	0	0	0	0	0	0	0	0	0	0	0	
Lamproblatta_albipalpus	0	0	1	0	0	0	0	0	0	0	0	0	0	0	0	0	0	0	0	0	0	0	0	0	0	0	0	0	0	0	0	0	0	0	0	0	0	0	0	0	0	0	0	0	0	
N65	0.00705193	0.0142923	0.0354662	0.0849054	0.166562	0.240228	0.234504	0.145876	0.0557315	0.013197	0.00193961	0.000222646	1.86725e-005	4.66123e-006	4.38117e-007	1.31334e-007	8.05289e-009	1.51223e-009	5.77218e-011	6.70707e-012	1.61743e-013	1.1732e-014	1.8197e-016	8.40378e-018	8.56771e-020	2.65464e-021	1.8045e-023	3.96558e-025	1.90736e-027	3.83105e-029	1.35175e-031	2.34668e-033	1.23445e-035	5.08812e-037	1.55617e-039	2.73452e-041	1.54078e-043	5.35269e-045	1.20191e-047	1.4593e-049	5.75364e-052	1.45337e-053	2.90449e-056	4.15723e-058	8.87335e-060	
N66	0.00918885	0.0200368	0.0375992	0.0549405	0.0878139	0.155478	0.219003	0.21151	0.133545	0.0543464	0.0139486	0.00231946	0.000248403	2.07365e-005	1.2794e-006	9.1604e-008	4.34958e-009	2.39453e-010	7.20687e-012	2.45344e-013	4.52573e-015	9.71785e-017	1.14312e-018	1.63487e-020	1.27927e-022	1.28758e-024	6.94397e-027	5.15987e-029	1.99277e-031	1.15976e-033	3.32285e-036	1.58489e-038	3.6875e-041	1.65856e-043	3.37651e-046	1.40497e-048	3.00624e-051	1.34868e-053	2.50406e-056	8.9123e-059	1.71784e-061	6.57816e-064	1.51072e-066	6.69805e-069	3.44718e-071	
N67	0.00711931	0.0189216	0.0383724	0.0486023	0.0683246	0.131027	0.208015	0.22558	0.158443	0.0716368	0.019724	0.00377032	0.000390508	6.97446e-005	3.11884e-006	1.11799e-006	2.44026e-008	6.49496e-009	7.53474e-011	1.14809e-011	7.72535e-014	6.8906e-015	2.87319e-017	1.56204e-018	4.2817e-021	1.49761e-022	2.80265e-025	6.44878e-027	8.74183e-030	1.49817e-031	1.44435e-034	1.65658e-036	1.45038e-039	2.51235e-041	1.28314e-044	9.10124e-047	1.00997e-049	2.96819e-051	9.10657e-055	4.16289e-057	4.43647e-060	1.10999e-061	2.57649e-065	1.4335e-067	2.07493e-069	
N68	0.000497188	0.00180901	0.00503474	0.00764849	0.0122446	0.0330665	0.0827217	0.151137	0.204901	0.21224	0.146622	0.0847529	0.0299725	0.020193	0.004666	0.00218968	0.000245071	5.52304e-005	3.01245e-006	3.41552e-007	9.82245e-009	6.13631e-010	1.00859e-011	3.80276e-013	3.91886e-015	1.01329e-016	7.07196e-019	1.35346e-020	7.31801e-023	1.41256e-024	5.7932e-027	8.92872e-029	4.60232e-031	1.23926e-032	3.7855e-035	4.73349e-037	2.00394e-039	4.02249e-041	8.15427e-044	6.49924e-046	1.76424e-048	2.37434e-050	3.9006e-053	3.29835e-055	3.93574e-057	
N69	0.00011785	0.00065445	0.00244738	0.00414938	0.00630813	0.0199382	0.0582727	0.110658	0.159377	0.206052	0.20217	0.135991	0.0594986	0.0251642	0.00677431	0.0021067	0.000263276	5.36825e-005	2.74234e-006	4.75949e-007	1.17633e-008	1.72851e-009	3.15875e-011	4.70012e-012	8.40886e-014	9.93202e-015	1.192e-016	8.40659e-018	6.41448e-020	3.00392e-021	1.50662e-023	4.70009e-025	1.92493e-027	6.01503e-029	1.72392e-031	3.28251e-033	8.50758e-036	1.80256e-037	2.85559e-040	3.00111e-042	4.71738e-045	7.23697e-047	6.8184e-050	6.78148e-052	1.12822e-053	
N70	9.0078e-006	5.23379e-005	0.000142422	0.000179184	0.000348931	0.00155937	0.0086402	0.0380391	0.111955	0.216587	0.26773	0.205799	0.0992854	0.0365143	0.0100483	0.00262263	0.000397536	8.18434e-005	6.80175e-006	1.41707e-006	1.48386e-007	8.96989e-008	1.67885e-008	8.942e-009	1.11216e-009	3.93103e-010	3.21128e-011	7.46638e-012	3.99323e-013	6.0187e-014	2.0713e-015	2.00942e-016	4.63203e-018	3.15805e-019	4.82045e-021	2.16602e-022	2.4001e-024	8.77732e-026	6.24981e-028	1.397e-029	8.44324e-032	2.2433e-033	9.86847e-036	2.52127e-037	1.08486e-038	
N71	5.72429e-007	3.16761e-006	7.32963e-006	1.23194e-005	3.37905e-005	0.000240141	0.00251467	0.0196889	0.0909851	0.227785	0.298967	0.21002	0.0929212	0.037451	0.0142659	0.00414548	0.000818638	0.000125015	1.29631e-005	1.77025e-006	1.41317e-007	2.90606e-008	1.99625e-009	2.42073e-010	1.13828e-011	6.73647e-013	1.94025e-014	5.88475e-016	9.72573e-018	1.57658e-019	1.47364e-021	1.32367e-023	7.32295e-026	3.90792e-028	1.31804e-030	4.24754e-033	9.15331e-036	2.02779e-038	2.86765e-041	4.35037e-044	4.06295e-047	6.36623e-050	1.15178e-052	1.09604e-054	1.12035e-056	
N72	8.12764e-008	3.349e-007	1.25846e-006	3.88923e-006	1.20239e-005	0.000105342	0.00179792	0.0206601	0.113903	0.275515	0.297361	0.15541	0.0553972	0.033411	0.0249936	0.0134147	0.00545737	0.00181099	0.000458289	0.000147502	4.6734e-005	6.23268e-005	1.58752e-005	1.22216e-005	1.52948e-006	5.73681e-007	3.5656e-008	6.72761e-009	2.17097e-010	2.15736e-011	3.82691e-013	2.10295e-014	2.17891e-016	7.00166e-018	4.46728e-020	8.91419e-022	3.66094e-024	4.8648e-026	1.33381e-028	1.25453e-030	2.37534e-033	1.72421e-035	4.16375e-038	9.96946e-040	3.59934e-041	
N73	3.16287e-010	1.49885e-008	3.70266e-007	4.90547e-006	1.68657e-005	1.84724e-005	3.19759e-005	0.000530148	0.00968082	0.0850541	0.276797	0.348895	0.195672	0.0588768	0.0128856	0.00505304	0.00375898	0.00189784	0.000605921	0.000161114	4.39323e-005	1.27813e-005	2.60409e-006	3.63001e-007	2.75998e-008	1.32317e-009	3.40006e-011	5.69164e-013	5.437e-015	3.84659e-017	1.6111e-019	6.48512e-022	1.51391e-024	6.00226e-027	1.20893e-029	5.83084e-032	1.02056e-034	3.89032e-037	4.95141e-040	1.32379e-042	1.22887e-045	2.61271e-048	3.74931e-051	1.34191e-053	4.86952e-056	
N74	1.5178e-011	6.93835e-010	2.79585e-008	6.14708e-007	3.54339e-006	8.14363e-006	1.73181e-005	0.00015965	0.00200403	0.023789	0.148554	0.351073	0.318416	0.12086	0.0243723	0.00648789	0.00300039	0.000948241	0.000229849	5.92228e-005	1.41102e-005	2.49873e-006	2.54642e-007	1.44659e-008	4.11803e-010	6.38143e-012	5.02418e-014	2.25398e-016	5.63502e-019	8.85426e-022	8.57047e-025	5.9605e-028	2.76811e-031	1.34421e-034	3.89364e-038	4.0025e-041	9.37025e-045	4.73547e-047	1.57403e-050	1.36211e-052	4.00082e-056	3.13403e-058	9.76038e-061	1.1137e-062	8.90538e-065	
N75	6.87064e-012	3.43127e-010	1.57193e-008	3.22918e-007	2.14452e-006	5.85783e-006	1.69771e-005	0.000170718	0.00116341	0.00785047	0.0651651	0.254743	0.37927	0.219791	0.0569438	0.0107416	0.00311503	0.000825262	0.000161267	2.99021e-005	4.21399e-006	4.13023e-007	2.05579e-008	6.17451e-010	7.88727e-012	9.27691e-014	2.84289e-016	5.23419e-018	5.34289e-021	1.58778e-022	9.95616e-026	1.73372e-027	7.51615e-031	7.73801e-033	2.46058e-036	1.79671e-038	4.79336e-042	4.26078e-044	1.33078e-047	2.00319e-049	6.20911e-053	9.05453e-055	6.13113e-058	1.87013e-059	4.72925e-061	
N76	3.53477e-012	4.90703e-010	4.08782e-008	3.07595e-007	4.36266e-007	2.44796e-007	9.53901e-007	3.71054e-006	1.41771e-005	0.000310879	0.00884957	0.110263	0.394795	0.353904	0.114062	0.016405	0.00132042	6.74237e-005	2.34964e-006	5.62941e-008	8.82876e-010	8.92651e-012	5.54451e-014	3.31986e-016	4.05526e-018	1.37836e-019	2.93545e-021	1.97211e-022	2.7432e-024	1.05024e-025	7.0904e-028	1.2943e-029	4.42141e-032	4.12638e-034	7.82721e-037	4.23057e-039	5.02266e-042	1.90189e-044	1.73251e-047	5.89025e-050	4.91998e-053	1.53954e-055	1.4497e-058	5.64931e-061	1.94497e-063	
Archimandrita_tessellata	0	0	0	0	0	0	0	0	0	0	0	0	0	0	0	0	1	0	0	0	0	0	0	0	0	0	0	0	0	0	0	0	0	0	0	0	0	0	0	0	0	0	0	0	0	
N77	3.71876e-013	5.87648e-011	4.47811e-009	5.24118e-009	5.78402e-010	4.69523e-011	3.48006e-010	1.4138e-008	1.03103e-006	0.000121661	0.00850793	0.213463	0.618167	0.149113	0.0103273	0.000295454	4.22799e-006	3.4279e-008	1.73666e-010	1.88025e-012	4.82189e-013	1.17704e-013	1.93735e-014	2.21903e-015	1.86839e-016	6.58957e-017	1.47824e-017	1.79858e-017	2.18807e-018	1.10472e-018	4.10968e-020	3.6673e-021	2.31739e-023	6.45928e-025	1.62327e-027	2.10787e-029	2.77402e-032	1.97476e-034	1.59567e-037	7.05159e-040	3.84753e-043	1.148e-045	4.57222e-049	1.05495e-051	1.22326e-054	
Blaberus_discoidalis	0	0	0	0	0	0	0	0	0	0	0	0	1	0	0	0	0	0	0	0	0	0	0	0	0	0	0	0	0	0	0	0	0	0	0	0	0	0	0	0	0	0	0	0	0	
Blaberus_giganteus	0	0	0	0	0	0	0	0	0	0	0	0	0	0	0	0	0	0	0	0	0	0	0	0	0	0	0	0	0	0	1	0	0	0	0	0	0	0	0	0	0	0	0	0	0	
Byrsotria_fumigata	0	0	0	0	0	0	0	0	0	0	0	0	0	0	0	0	0	1	0	0	0	0	0	0	0	0	0	0	0	0	0	0	0	0	0	0	0	0	0	0	0	0	0	0	0	
N78	2.19265e-010	2.09937e-008	9.24027e-008	1.40945e-007	6.11963e-007	5.06799e-006	2.5251e-005	7.52375e-005	0.000289768	0.0149871	0.186148	0.353113	0.295723	0.122299	0.0244352	0.00210638	9.71641e-005	0.000136689	0.000203885	0.000189573	0.000110038	4.12877e-005	1.01004e-005	2.32806e-006	4.20932e-007	1.23417e-007	1.05214e-008	4.24003e-010	4.24778e-012	4.71474e-014	1.83987e-016	9.17168e-019	1.81541e-021	4.98779e-024	5.75807e-027	1.0163e-029	7.78396e-033	1.02968e-035	6.12069e-039	6.74015e-042	3.38431e-045	3.04164e-048	1.38316e-051	1.28572e-054	1.28524e-057	
Eublaberus_distanti	0	0	0	0	0	0	0	0	0	0	0	0	0	0	0	0	0	0	0	0	0	0	0	0	0	0	1	0	0	0	0	0	0	0	0	0	0	0	0	0	0	0	0	0	0	
Eublaberus_posticus	0	0	0	0	0	0	0	0	0	0	0	0	0	0	0	1	0	0	0	0	0	0	0	0	0	0	0	0	0	0	0	0	0	0	0	0	0	0	0	0	0	0	0	0	0	
Gromphadorhina_portentosa	0	0	0	0	0	0	0	0	0	0	0	0	0	0	0	0	0	0	0	0	0	0	0	0	0	1	0	0	0	0	0	0	0	0	0	0	0	0	0	0	0	0	0	0	0	
N79	1.23485e-009	3.73504e-009	1.29511e-008	5.44764e-008	1.05134e-006	4.72078e-005	0.00117759	0.00862578	0.0184026	0.0153546	0.00353046	0.000388565	0.000240291	0.000221725	0.000135998	5.82298e-005	7.87501e-005	0.000671089	0.00435544	0.0178105	0.0436166	0.104045	0.158528	0.284802	0.190172	0.118873	0.0248025	0.00383767	0.000212543	1.09818e-005	2.49497e-007	6.00061e-009	6.94675e-011	9.30618e-013	6.20142e-015	5.21452e-017	2.17008e-019	1.25245e-021	3.45815e-024	1.4696e-026	2.87404e-029	1.0213e-031	2.52692e-034	1.65865e-036	1.34369e-038	
Lanxoblatta_emarginata	0	0	0	0	0	0	0	0	0	0	0	0	0	0	0	0	0	0	0	0	0	0	0	0	0	0	1	0	0	0	0	0	0	0	0	0	0	0	0	0	0	0	0	0	0	
Phoetalia_sp	0	0	0	0	0	0	0	0	0	0	0	0	0	0	0	0	0	0	0	0	1	0	0	0	0	0	0	0	0	0	0	0	0	0	0	0	0	0	0	0	0	0	0	0	0	
N80	8.42952e-008	4.61184e-007	2.41373e-006	7.47893e-006	1.70851e-005	5.32716e-005	0.000426301	0.00427701	0.0286492	0.112465	0.247657	0.300347	0.202792	0.0799333	0.0197345	0.00324467	0.000363158	2.86014e-005	1.58401e-006	8.02664e-008	3.14494e-009	2.09676e-010	7.05014e-012	4.40745e-013	9.87503e-015	4.18223e-016	6.09362e-018	1.7062e-019	1.66674e-021	3.20567e-023	2.19547e-025	3.10765e-027	1.59321e-029	1.80689e-031	7.49191e-034	7.17691e-036	2.51448e-038	2.03175e-040	5.96937e-043	3.99433e-045	9.76658e-048	5.62376e-050	1.50993e-052	1.44783e-054	2.04745e-056	
N81	1.52538e-009	3.06467e-008	5.26258e-007	2.6771e-006	2.81607e-006	1.67345e-006	3.15968e-006	2.50552e-005	0.000485582	0.00662249	0.0508284	0.200605	0.366156	0.276027	0.0868344	0.0116175	0.00075854	2.81989e-005	6.66186e-007	1.66218e-008	3.70053e-010	1.62347e-011	3.16379e-013	9.68074e-015	1.19409e-016	2.26199e-018	1.80835e-020	2.22671e-022	1.19602e-024	1.00433e-026	3.74131e-029	2.2429e-031	5.96632e-034	2.66956e-036	5.21117e-039	1.81256e-041	2.66271e-044	7.4581e-047	8.42729e-050	1.95731e-052	1.77145e-055	3.87551e-058	6.40479e-061	3.65421e-063	2.42519e-065	
Epilampra_sp	0	0	0	0	0	0	0	0	0	0	0	0	0	0	1	0	0	0	0	0	0	0	0	0	0	0	0	0	0	0	0	0	0	0	0	0	0	0	0	0	0	0	0	0	0	
Nauphoeta_cinerea	0	0	0	0	0	0	0	0	0	0	0	0	1	0	0	0	0	0	0	0	0	0	0	0	0	0	0	0	0	0	0	0	0	0	0	0	0	0	0	0	0	0	0	0	0	
Pycnoscelus_surinamensis	0	0	0	0	0	0	0	0	0	0	0	1	0	0	0	0	0	0	0	0	0	0	0	0	0	0	0	0	0	0	0	0	0	0	0	0	0	0	0	0	0	0	0	0	0	
Macropanesthia_rhinoceros	0	0	0	0	0	0	0	0	0	0	0	0	0	0	0	0	0	0	0	0	0	0	0	0	0	0	0	0	0	0	0	0	0	1	0	0	0	0	0	0	0	0	0	0	0	
N82	1.15717e-005	6.08913e-005	0.000506143	0.00430066	0.0269746	0.0827929	0.0988849	0.0554636	0.0335552	0.0550128	0.115911	0.17681	0.175093	0.111979	0.0466723	0.0130577	0.00246592	0.000388771	4.78555e-005	9.73652e-006	1.02418e-006	1.59016e-007	9.26932e-009	7.57181e-010	2.38704e-011	1.06856e-012	1.92464e-014	5.07747e-016	5.53575e-018	9.2678e-020	6.45303e-022	7.33977e-024	3.44494e-026	2.84503e-028	9.47487e-031	5.92693e-033	1.46131e-035	7.2425e-038	1.36662e-040	5.48798e-043	8.77168e-046	3.9112e-048	1.52689e-050	1.54867e-052	1.66351e-054	
N83	7.92333e-006	4.31748e-005	0.000368501	0.00279703	0.0140534	0.0368737	0.0450125	0.0297666	0.0195508	0.0271482	0.0635473	0.129634	0.179842	0.163893	0.0969478	0.0511544	0.0166766	0.050737	0.0127602	0.0431964	0.00539305	0.00940912	0.00060274	0.00055429	1.97137e-005	1.0022e-005	2.14227e-007	6.31663e-008	8.69331e-010	1.56097e-010	1.46163e-012	1.67777e-013	1.11722e-015	8.65396e-017	4.22904e-019	2.30114e-020	8.76231e-023	4.41875e-024	1.22814e-026	4.46902e-028	2.7408e-030	4.9708e-031	1.38428e-033	1.81745e-034	4.31128e-035	
Diploptera_punctata	0	0	0	0	0	0	0	0	0	0	0	0	0	0	0	0	0	1	0	0	0	0	0	0	0	0	0	0	0	0	0	0	0	0	0	0	0	0	0	0	0	0	0	0	0	
Rhabdoblatta_sp	0	0	0	0	0	0	0	0	0	0	0	0	0	0	0	0	0	0	1	0	0	0	0	0	0	0	0	0	0	0	0	0	0	0	0	0	0	0	0	0	0	0	0	0	0	
Galiblatta_sp	0	0	0	0	0	0	0	1	0	0	0	0	0	0	0	0	0	0	0	0	0	0	0	0	0	0	0	0	0	0	0	0	0	0	0	0	0	0	0	0	0	0	0	0	0	
N84	1.15076e-007	2.36465e-006	2.32546e-005	9.06035e-006	5.73769e-007	6.2286e-008	5.78512e-007	2.66474e-005	0.000840157	0.0153794	0.139863	0.480821	0.319443	0.0414984	0.0020405	5.15257e-005	7.65553e-007	7.84374e-009	5.67762e-011	3.5013e-013	1.67078e-015	7.78601e-018	2.74499e-020	9.66913e-023	2.4706e-025	6.336e-028	1.16964e-030	2.20442e-033	3.00607e-036	4.28776e-039	4.43577e-042	4.93562e-045	3.97733e-048	3.5561e-051	2.28316e-054	1.67996e-057	8.79511e-061	5.47503e-064	2.40062e-067	1.31834e-070	5.46397e-074	3.24611e-077	1.89446e-080	1.52205e-083	1.27686e-086	
Panchlora_nivea	0	0	0	0	0	0	0	0	0	0	0	1	0	0	0	0	0	0	0	0	0	0	0	0	0	0	0	0	0	0	0	0	0	0	0	0	0	0	0	0	0	0	0	0	0	
Panchlora_viridis	0	0	0	0	0	0	0	0	0	0	0	0	1	0	0	0	0	0	0	0	0	0	0	0	0	0	0	0	0	0	0	0	0	0	0	0	0	0	0	0	0	0	0	0	0	
N85	0.0104595	0.0185946	0.0338623	0.0585772	0.101068	0.162745	0.209976	0.196682	0.128279	0.0575586	0.017724	0.00381591	0.000582935	6.79973e-005	6.16631e-006	5.63774e-007	4.41165e-008	7.44133e-009	6.59183e-010	1.61479e-010	1.16619e-011	2.23647e-012	1.18228e-013	1.63806e-014	6.34353e-016	6.39835e-017	1.82963e-018	1.36136e-019	2.92738e-021	1.66781e-022	2.72352e-024	1.20915e-025	1.56525e-027	6.09132e-029	6.50696e-031	2.08896e-032	1.97872e-034	6.97764e-036	5.90181e-038	1.70035e-039	1.67493e-041	8.7506e-043	1.30808e-044	1.08911e-045	1.23425e-046	
Margattea_sp	0	0	0	0	0	0	0	0	0	1	0	0	0	0	0	0	0	0	0	0	0	0	0	0	0	0	0	0	0	0	0	0	0	0	0	0	0	0	0	0	0	0	0	0	0	
Supella_longipalpa	0	0	0	1	0	0	0	0	0	0	0	0	0	0	0	0	0	0	0	0	0	0	0	0	0	0	0	0	0	0	0	0	0	0	0	0	0	0	0	0	0	0	0	0	0	
Ectobius_pallidus	0	0	0	0	1	0	0	0	0	0	0	0	0	0	0	0	0	0	0	0	0	0	0	0	0	0	0	0	0	0	0	0	0	0	0	0	0	0	0	0	0	0	0	0	0	
N86	0.00530616	0.0102923	0.0238698	0.0563806	0.116945	0.189651	0.225646	0.191498	0.114118	0.0481376	0.0143288	0.00319245	0.000529559	8.9223e-005	1.26788e-005	2.80835e-006	3.72535e-007	6.99741e-008	6.54198e-009	8.42722e-010	5.3565e-011	4.75838e-012	2.08187e-013	1.3143e-014	4.03641e-016	1.88401e-017	4.13795e-019	1.48131e-020	2.40067e-022	7.0383e-024	8.67357e-026	2.16429e-027	2.32177e-029	6.21432e-031	6.07484e-033	1.48585e-034	1.68343e-036	4.88691e-038	4.33361e-040	8.88367e-042	8.6191e-044	2.05034e-045	2.11875e-047	5.52631e-049	1.82254e-050	
N87	0.00241457	0.00601989	0.0194511	0.0591481	0.139198	0.229114	0.250946	0.179277	0.0831354	0.0253553	0.00514919	0.000716318	6.9365e-005	4.90302e-006	2.55503e-007	1.09299e-008	3.75374e-010	1.31222e-011	3.7899e-013	1.23193e-014	2.90847e-016	7.48463e-018	1.31093e-019	2.49558e-021	3.20863e-023	4.56618e-025	4.37965e-027	4.77759e-029	3.48905e-031	3.00083e-033	1.69984e-035	1.18229e-037	5.30953e-040	3.08392e-042	1.12084e-044	5.57886e-047	1.71151e-049	7.75218e-052	2.10552e-054	9.06022e-057	2.68577e-059	1.4262e-061	6.93147e-064	4.81421e-066	3.63087e-068	
N88	0.00012443	0.0010507	0.0104846	0.0674109	0.231662	0.367263	0.239353	0.0709043	0.0107697	0.000926985	4.86032e-005	1.65483e-006	3.8122e-008	6.36214e-010	7.85091e-012	8.73415e-014	8.26347e-016	1.05319e-017	9.98421e-020	1.25767e-021	9.41403e-024	8.92054e-026	4.89754e-028	3.42672e-030	1.39454e-032	7.39199e-035	2.26862e-037	9.36036e-040	2.20372e-042	7.27981e-045	1.33388e-047	3.61684e-050	5.26053e-053	1.21653e-055	1.42996e-058	2.90258e-061	2.9599e-064	5.99095e-067	5.62582e-070	1.13074e-072	1.29384e-075	3.51188e-078	7.01386e-081	2.51807e-083	9.24824e-086	
Blattella_bisignata	0	0	0	0	0	1	0	0	0	0	0	0	0	0	0	0	0	0	0	0	0	0	0	0	0	0	0	0	0	0	0	0	0	0	0	0	0	0	0	0	0	0	0	0	0	
Blattella_germanica	0	0	0	0	0	1	0	0	0	0	0	0	0	0	0	0	0	0	0	0	0	0	0	0	0	0	0	0	0	0	0	0	0	0	0	0	0	0	0	0	0	0	0	0	0	
N89	0.0012953	0.00388586	0.00997521	0.0212865	0.0597036	0.155915	0.262578	0.263042	0.155038	0.0543622	0.0113118	0.00147503	0.000121624	8.50389e-006	4.35805e-007	3.29972e-008	1.3973e-009	8.87418e-011	2.51097e-012	1.05509e-013	1.96735e-015	5.59082e-017	7.12702e-019	1.43293e-020	1.29323e-022	1.92289e-024	1.26132e-026	1.43612e-028	7.06029e-031	6.49927e-033	2.4404e-035	1.86429e-037	5.87286e-040	4.55831e-042	1.23153e-044	8.7269e-047	2.72601e-049	2.53312e-051	6.23444e-054	4.02743e-056	1.15632e-058	9.4006e-061	2.77994e-063	2.41991e-065	2.45663e-067	
Blattella_sauteri	0	0	0	0	0	1	0	0	0	0	0	0	0	0	0	0	0	0	0	0	0	0	0	0	0	0	0	0	0	0	0	0	0	0	0	0	0	0	0	0	0	0	0	0	0	
Loboptera_decipiens	0	0	0	0	0	0	0	0	0	0	1	0	0	0	0	0	0	0	0	0	0	0	0	0	0	0	0	0	0	0	0	0	0	0	0	0	0	0	0	0	0	0	0	0	0	
N90	0.00026996	0.000559795	0.00119621	0.00293583	0.00821039	0.0256285	0.0747759	0.166844	0.251153	0.244331	0.148561	0.0581493	0.0144472	0.00258188	0.000316696	3.55748e-005	2.80164e-006	2.27468e-007	1.14915e-008	5.95923e-010	1.84417e-011	5.99524e-013	1.16889e-014	2.48919e-016	3.20173e-018	4.7119e-020	4.16084e-022	4.42635e-024	2.79371e-026	2.2629e-028	1.05485e-030	6.75388e-033	2.46369e-035	1.35442e-037	4.04816e-040	1.94025e-042	5.30974e-045	2.47855e-047	6.04314e-050	2.43848e-052	6.07055e-055	2.61641e-057	8.39721e-060	4.30346e-062	2.48183e-064	
N91	0.000132764	0.000310116	0.000802671	0.00220748	0.00656205	0.0210129	0.065257	0.159139	0.258081	0.258908	0.156057	0.0569018	0.0126449	0.00180253	0.000168664	1.16131e-005	5.69871e-007	2.49628e-008	7.06931e-010	3.01936e-011	5.01936e-013	3.36459e-014	3.61235e-016	2.36866e-017	1.70682e-019	7.93854e-021	3.9431e-023	1.26694e-024	4.50568e-027	1.03131e-028	2.69649e-031	4.48284e-033	8.97889e-036	1.14826e-037	1.79915e-040	1.78654e-042	2.31405e-045	1.98716e-047	2.12645e-050	1.47533e-052	1.39053e-055	9.33177e-058	7.81611e-061	5.901e-063	6.69142e-065	
N92	7.6217e-005	0.000253267	0.00106716	0.00368722	0.00915164	0.0204669	0.0553462	0.139972	0.243109	0.262915	0.173505	0.0700114	0.017422	0.00272435	0.000273033	1.88868e-005	9.22402e-007	6.66927e-008	3.57179e-009	6.45239e-010	2.91608e-011	3.92671e-012	1.17031e-013	1.03828e-014	2.08701e-016	1.25154e-017	1.74873e-019	7.28446e-021	7.27734e-023	2.16923e-024	1.58613e-026	3.48635e-028	1.90583e-030	3.20521e-032	1.33356e-034	1.771e-036	5.74753e-039	6.44509e-041	1.65611e-043	1.60113e-045	4.09497e-048	6.61731e-050	4.06602e-052	1.55349e-053	6.77188e-055	
Hemithyrsocera_sp	0	0	0	0	0	0	1	0	0	0	0	0	0	0	0	0	0	0	0	0	0	0	0	0	0	0	0	0	0	0	0	0	0	0	0	0	0	0	0	0	0	0	0	0	0	
Symplocodes_sp	0	0	0	0	0	0	0	0	0	0	0	0	0	1	0	0	0	0	0	0	0	0	0	0	0	0	0	0	0	0	0	0	0	0	0	0	0	0	0	0	0	0	0	0	0	
N93	1.3718e-005	3.48956e-005	0.000153415	0.000684058	0.0012411	0.00191065	0.0114037	0.0750426	0.226669	0.330001	0.243712	0.0913684	0.0164204	0.00129174	5.19996e-005	1.2478e-006	1.94093e-008	2.46239e-010	2.55882e-012	3.44005e-014	3.41981e-016	4.17614e-018	3.06042e-020	2.60357e-022	1.32507e-024	7.85303e-027	2.83107e-029	1.21016e-031	3.16473e-034	1.01086e-036	1.95905e-039	4.83462e-042	7.08627e-045	1.39699e-047	1.57719e-050	2.55926e-053	2.27634e-056	3.16482e-059	2.27968e-062	2.85029e-065	2.01676e-068	3.30194e-071	5.45777e-074	1.4883e-076	4.08095e-079	
Lobopterella_dimidiatipes	0	0	0	0	0	0	0	0	0	0	0	0	1	0	0	0	0	0	0	0	0	0	0	0	0	0	0	0	0	0	0	0	0	0	0	0	0	0	0	0	0	0	0	0	0	
Symploce_sp	0	0	0	0	0	0	0	1	0	0	0	0	0	0	0	0	0	0	0	0	0	0	0	0	0	0	0	0	0	0	0	0	0	0	0	0	0	0	0	0	0	0	0	0	0	
Xestoblatta_sp	0	0	0	0	0	0	0	0	0	0	0	0	1	0	0	0	0	0	0	0	0	0	0	0	0	0	0	0	0	0	0	0	0	0	0	0	0	0	0	0	0	0	0	0	0	
