NODE	9	10	11	12	13	14	15	16	17	18	19	20	21	22	23	24	25	26	27	28	29	30	31	32	33	34	35	36	37	38	39	40	41	42	
N1	0.111681	0.108566	0.102908	0.0954311	0.0867964	0.0775678	0.0682056	0.0590722	0.0504426	0.0425144	0.0354181	0.0292305	0.0239951	0.0197115	0.0162021	0.0133228	0.0109568	0.0090095	0.00740469	0.00608067	0.00498758	0.00408495	0.00333984	0.00272533	0.0022193	0.00180352	0.00146286	0.00118478	0.000958756	0.000776066	0.00062956	0.000513863	0.000426375	0.00037084	
N2	0.365526	0.145409	0.0744383	0.0516995	0.0438888	0.0405496	0.0387339	0.0377278	0.0372755	0.0370495	0.0243154	0.0200778	0.0142077	0.0118963	0.00900599	0.00753303	0.00576027	0.0047454	0.00363863	0.00302937	0.00241988	0.00214661	0.00187942	0.00183924	0.00176839	0.00184116	0.00181853	0.00185933	0.00174744	0.00164793	0.0014388	0.00123108	0.00099713	0.000857048	
N3	0.359798	0.140229	0.0684778	0.0455188	0.0386574	0.0376924	0.0395252	0.0428624	0.0464658	0.0489154	0.0296279	0.0230469	0.0141406	0.0109514	0.00732899	0.00590042	0.00422895	0.00362494	0.00286124	0.00277792	0.00253362	0.00281124	0.00279683	0.00317258	0.00301955	0.00311326	0.00259017	0.00230062	0.00163889	0.00126563	0.000860937	0.000603176	0.00038516	0.000276642	
N4	0.358091	0.138822	0.0674172	0.0451602	0.0392219	0.0392919	0.0420189	0.0455891	0.0482996	0.048894	0.0293352	0.0219011	0.012997	0.00964542	0.00625777	0.00494064	0.00357969	0.00320195	0.00275667	0.00295583	0.00297529	0.00349171	0.00354879	0.0039399	0.0035655	0.00344664	0.0026153	0.00214832	0.0013429	0.000953851	0.000588218	0.000430551	0.000308276	0.000267634	
N5	0.318399	0.122725	0.0607549	0.0435436	0.0423055	0.0475417	0.0542621	0.0583586	0.0575521	0.0522482	0.0261585	0.0170842	0.0088894	0.00646889	0.00451602	0.0046038	0.00469656	0.00624841	0.00722974	0.00941389	0.00962516	0.0104568	0.00853969	0.00736883	0.00467382	0.00320006	0.00159242	0.000890992	0.000364619	0.000173912	6.95147e-005	2.88879e-005	1.04014e-005	4.38302e-006	
N6	0.281393	0.11268	0.061579	0.0499911	0.0523302	0.0574392	0.0584874	0.0532059	0.0437566	0.0338106	0.0149918	0.0101549	0.00673723	0.00770559	0.00871013	0.0128378	0.0156603	0.0210296	0.0216641	0.0233114	0.0184549	0.0152511	0.00894634	0.0056534	0.00243935	0.00119388	0.000381369	0.000148899	3.70672e-005	1.24086e-005	3.31926e-006	9.73162e-007	2.32398e-007	6.43303e-008	
N7	0.276756	0.118361	0.0716049	0.0605083	0.0574765	0.0503651	0.0382626	0.0261766	0.0178439	0.0140766	0.0086874	0.0103085	0.0121599	0.0200692	0.0264587	0.0376206	0.039439	0.0407437	0.0303307	0.022036	0.0113955	0.00595678	0.00217643	0.000862313	0.000230523	7.34132e-005	1.47347e-005	3.92627e-006	6.06439e-007	1.48549e-007	2.91094e-008	7.1234e-009	1.40151e-009	3.24159e-010	
N8	0.267947	0.118529	0.0670107	0.0439297	0.029077	0.0181188	0.0111254	0.00797814	0.00862889	0.0153063	0.0209994	0.0397964	0.0539023	0.0745156	0.0727656	0.0655975	0.0422402	0.0251283	0.01078	0.00457945	0.00140266	0.000481056	0.000115931	3.51072e-005	6.98591e-006	1.83825e-006	2.97701e-007	6.62822e-008	9.02104e-009	1.76389e-009	2.67962e-010	4.50579e-011	6.04752e-012	9.55337e-013	
Acanthoxyla_geisovii	0	0	0	0	0	0	0	0	0	0	1	0	0	0	0	0	0	0	0	0	0	0	0	0	0	0	0	0	0	0	0	0	0	0	
N9	0.0257243	0.00209515	7.6857e-005	2.33147e-006	7.20487e-008	6.88961e-008	9.00791e-006	0.000925668	0.0435656	0.592542	0.282951	0.0486581	0.00330006	0.000146263	3.70162e-006	7.32007e-008	9.54912e-010	1.12723e-011	9.40016e-014	8.13539e-016	4.99351e-018	3.40516e-020	1.60196e-022	8.4831e-025	3.09093e-027	1.27064e-029	3.68647e-032	1.19922e-034	2.84461e-037	7.3826e-040	1.54145e-042	3.22669e-045	5.61245e-048	9.85839e-051	
Acanthoxyla_inermis	0	0	0	0	0	0	0	0	0	1	0	0	0	0	0	0	0	0	0	0	0	0	0	0	0	0	0	0	0	0	0	0	0	0	
Clitarchus_hookeri	0	0	0	0	0	0	0	0	0	1	0	0	0	0	0	0	0	0	0	0	0	0	0	0	0	0	0	0	0	0	0	0	0	0	
N10	0.248185	0.0955994	0.0378285	0.0158272	0.00772305	0.00553586	0.00662146	0.0126727	0.0326694	0.0806352	0.100004	0.123533	0.0989715	0.0726406	0.0372356	0.0167878	0.00548123	0.00160976	0.000351109	7.37663e-005	1.16702e-005	1.9582e-006	2.45813e-007	3.55234e-008	3.75235e-009	4.73889e-010	4.35e-011	4.7439e-012	3.82342e-013	3.48544e-014	2.59687e-015	1.92901e-016	1.20317e-017	8.39014e-019	
Ctenomorpha_sp	0	0	0	0	0	0	0	1	0	0	0	0	0	0	0	0	0	0	0	0	0	0	0	0	0	0	0	0	0	0	0	0	0	0	
Extatosoma_tiaratum	0	0	0	0	0	0	0	0	0	1	0	0	0	0	0	0	0	0	0	0	0	0	0	0	0	0	0	0	0	0	0	0	0	0	
N11	0.247604	0.101495	0.0553807	0.0428611	0.0425444	0.0447141	0.0440379	0.0406515	0.0378124	0.0385849	0.0262717	0.0278298	0.0252112	0.0285157	0.0274808	0.0302798	0.0298566	0.0316205	0.0268875	0.022239	0.0135913	0.00828251	0.00362843	0.00172943	0.000575228	0.000227169	6.08184e-005	2.05917e-005	4.77761e-006	1.39104e-006	3.24185e-007	7.62213e-008	1.46854e-008	3.21472e-009	
Acrophylla_titan	0	0	0	0	0	0	0	0	0	1	0	0	0	0	0	0	0	0	0	0	0	0	0	0	0	0	0	0	0	0	0	0	0	0	
N12	0.162997	0.0584985	0.0317591	0.0317326	0.0410766	0.0495556	0.052391	0.0543143	0.0636143	0.0815713	0.0563766	0.0492174	0.0312046	0.0248323	0.0227147	0.031151	0.0372468	0.0415498	0.0323128	0.0236918	0.0118255	0.00647883	0.00232481	0.00109516	0.000307165	0.000124151	2.642e-005	8.52699e-006	1.32022e-006	3.61235e-007	7.09868e-008	1.73657e-008	3.16892e-009	6.82267e-010	
Phobaeticus_sp	0	0	0	0	0	0	0	0	0	0	0	0	0	0	0	0	0	1	0	0	0	0	0	0	0	0	0	0	0	0	0	0	0	0	
Podacanthus_wilkinsoni	0	0	0	0	0	0	0	0	0	1	0	0	0	0	0	0	0	0	0	0	0	0	0	0	0	0	0	0	0	0	0	0	0	0	
N13	0.276017	0.117905	0.0701751	0.0573152	0.0535941	0.0492942	0.0428498	0.0363234	0.0317846	0.0304658	0.0203459	0.0219073	0.0217273	0.0280112	0.02929	0.0321999	0.027219	0.0226067	0.0143871	0.00898598	0.00431824	0.00208339	0.000772004	0.000297099	8.75606e-005	2.78743e-005	6.82435e-006	1.84546e-006	3.86541e-007	8.79181e-008	1.6865e-008	3.18739e-009	5.2252e-010	9.78219e-011	
N14	0.279525	0.120275	0.0629177	0.0418178	0.0329825	0.0278682	0.027073	0.033862	0.0494196	0.0715996	0.0620075	0.0617783	0.0467641	0.0351251	0.0214186	0.0130635	0.00695564	0.00352091	0.00139188	0.000479648	0.000121485	2.76926e-005	4.58778e-006	7.58292e-007	8.93412e-008	1.21173e-008	1.12805e-009	1.40401e-010	1.22793e-011	1.48499e-012	1.43997e-013	1.40382e-014	1.07107e-015	8.48185e-017	
N15	0.0885482	0.0358015	0.0222921	0.0204267	0.0179762	0.0143061	0.0207532	0.0560195	0.133573	0.231158	0.143286	0.0967934	0.0375637	0.0231227	0.0160843	0.0175323	0.0110852	0.00837856	0.00313859	0.00161391	0.000382335	0.000136179	2.16708e-005	5.46528e-006	6.15837e-007	1.13481e-007	8.96673e-009	1.18812e-009	5.39461e-011	5.10121e-012	2.67065e-013	2.44806e-014	1.47707e-015	1.27328e-016	
N16	0.0283692	0.0111497	0.00359431	0.000860922	0.000201467	0.000237792	0.00239058	0.0258191	0.137264	0.315483	0.268337	0.143091	0.0453845	0.0144011	0.00288424	0.000481405	4.72389e-005	3.71217e-006	1.81181e-007	7.35825e-009	1.93186e-010	4.46873e-012	6.77182e-014	9.76828e-016	9.06031e-018	8.88049e-020	5.26106e-022	3.90297e-024	2.22533e-026	1.34497e-027	2.45732e-028	8.13958e-029	3.20837e-029	1.81983e-029	
Bacillus_atticus	0	0	0	0	0	0	0	0	1	0	0	0	0	0	0	0	0	0	0	0	0	0	0	0	0	0	0	0	0	0	0	0	0	0	
N17	0.0267961	0.00995973	0.00305808	0.000687097	0.000165997	0.000230794	0.00240116	0.0264321	0.141533	0.319854	0.2714	0.139635	0.0428185	0.0123874	0.0022701	0.000339961	2.95497e-005	2.12336e-006	8.73399e-008	4.57794e-009	8.46365e-011	2.12197e-011	1.72667e-013	1.3307e-013	6.35079e-016	3.99077e-016	1.17646e-018	5.51835e-019	9.41255e-022	3.1415e-022	4.32405e-025	1.19227e-025	2.74155e-028	9.25584e-029	
Bacillus_grandii_benazzii	0	0	0	0	0	0	0	0	1	0	0	0	0	0	0	0	0	0	0	0	0	0	0	0	0	0	0	0	0	0	0	0	0	0	
Bacillus_grandii_grandii	0	0	0	0	0	0	0	0	1	0	0	0	0	0	0	0	0	0	0	0	0	0	0	0	0	0	0	0	0	0	0	0	0	0	
Bacillus_lynceorum	0	0	0	0	0	0	0	0	0	0	0	0	0	0	0	0	0	1	0	0	0	0	0	0	0	0	0	0	0	0	0	0	0	0	
N18	0.297883	0.153547	0.102287	0.0729664	0.0462531	0.0283906	0.032615	0.0583803	0.0813852	0.0738505	0.0360718	0.0127849	0.00297248	0.000535147	6.94222e-005	7.42069e-006	5.94709e-007	4.27259e-008	2.3413e-009	1.33594e-010	5.78726e-012	3.00715e-013	1.10721e-014	4.9973e-016	1.51427e-017	5.57043e-019	1.40109e-020	4.29441e-022	9.59885e-024	2.53714e-025	5.34088e-027	1.17898e-028	2.1294e-030	4.13117e-032	
N19	0.00015703	1.0106e-006	1.38286e-007	1.16716e-008	6.61138e-010	5.13878e-008	1.25893e-005	0.00133397	0.0618477	0.934928	0.00171847	1.43327e-006	1.41208e-009	1.80007e-010	1.15809e-011	1.50609e-012	8.52792e-013	7.06714e-013	1.67011e-013	5.41293e-016	5.05548e-019	7.90765e-022	1.34311e-023	4.60799e-025	6.065e-027	7.89205e-029	3.26667e-031	1.02676e-033	9.12767e-038	9.09515e-042	4.64807e-046	1.02823e-050	9.38803e-056	6.61544e-059	
Clonopsis_felicitatis	0	0	0	0	0	0	0	0	0	1	0	0	0	0	0	0	0	0	0	0	0	0	0	0	0	0	0	0	0	0	0	0	0	0	
N20	4.77271e-006	1.06227e-006	1.5851e-007	1.36238e-008	7.37619e-010	1.15081e-007	2.33635e-005	0.00208054	0.0794262	0.918297	0.000153745	1.75333e-008	1.19443e-009	2.04719e-010	1.42113e-011	2.57618e-012	1.04126e-012	3.90915e-011	3.57119e-011	6.56894e-010	1.87583e-011	2.51179e-010	1.72115e-010	5.65686e-008	2.34542e-008	3.0966e-006	2.86275e-007	9.01657e-006	7.99863e-011	1.74988e-012	3.92617e-018	3.05696e-020	3.44318e-026	2.3333e-028	
Clonopsis_gallica	0	0	0	0	0	0	0	0	0	0	0	0	0	0	0	0	0	0	1	0	0	0	0	0	0	0	0	0	0	0	0	0	0	0	
Clonopsis_soumiae	0	0	0	0	0	0	0	0	0	0	0	0	0	0	0	0	0	0	0	0	0	0	0	0	0	0	0	1	0	0	0	0	0	0	
Clonopsis_maroccana	0	0	1	0	0	0	0	0	0	0	0	0	0	0	0	0	0	0	0	0	0	0	0	0	0	0	0	0	0	0	0	0	0	0	
N21	0.0272238	0.0256719	0.0115422	0.00238957	0.000368929	5.8142e-005	2.41994e-005	0.000144322	0.00290793	0.0367235	0.13731	0.308777	0.256957	0.14193	0.0385266	0.00828129	0.00103883	0.000114957	8.0315e-006	5.27119e-007	2.27109e-008	9.56241e-010	2.71618e-011	7.77641e-013	1.53896e-014	3.15884e-016	4.58829e-018	7.08426e-020	7.91979e-022	9.55429e-024	9.41548e-026	9.28219e-028	7.71069e-030	6.6268e-032	
Leptynia_attenuata	0	0	0	0	0	0	0	0	0	1	0	0	0	0	0	0	0	0	0	0	0	0	0	0	0	0	0	0	0	0	0	0	0	0	
N22	0.0168123	0.0130926	0.00498537	0.000846688	0.000100785	1.6323e-005	1.09993e-005	7.12882e-005	0.00170821	0.0278705	0.147208	0.349858	0.285679	0.122868	0.0250474	0.00353158	0.000273111	1.94489e-005	7.14703e-007	5.23599e-008	1.50331e-009	2.84416e-010	8.6054e-012	1.54709e-012	3.27914e-014	4.12454e-015	5.5462e-017	4.84975e-018	3.28559e-020	1.97199e-021	1.06173e-023	5.12559e-025	3.12664e-027	1.57109e-028	
Leptynia_caprai	0	0	0	0	0	0	0	0	0	0	0	1	0	0	0	0	0	0	0	0	0	0	0	0	0	0	0	0	0	0	0	0	0	0	
Leptynia_montana	0	0	0	0	0	0	0	0	0	0	1	0	0	0	0	0	0	0	0	0	0	0	0	0	0	0	0	0	0	0	0	0	0	0	
Phalces_sp	0	0	0	0	0	0	0	0	0	1	0	0	0	0	0	0	0	0	0	0	0	0	0	0	0	0	0	0	0	0	0	0	0	0	
N23	0.295841	0.11602	0.057162	0.0390752	0.0354049	0.0373941	0.0418561	0.0472479	0.052563	0.057258	0.0334928	0.0275192	0.0168564	0.0146857	0.010301	0.010169	0.0081487	0.00905581	0.0079401	0.00940548	0.00844819	0.00993663	0.00855795	0.00948113	0.00744024	0.00754859	0.00516086	0.00474783	0.00270626	0.00236167	0.00170075	0.00166387	0.00141015	0.00143928	
Carausius_morosus	0	0	0	0	0	0	0	0	0	0	0	0	0	0	0	0	0	0	0	0	0	0	0	0	1	0	0	0	0	0	0	0	0	0	
N24	0.238755	0.0980739	0.0540734	0.0421918	0.0411009	0.0431845	0.0457205	0.0481337	0.0505339	0.0529411	0.0347639	0.0299926	0.022198	0.0216588	0.0197392	0.0218167	0.0215345	0.0232619	0.0212077	0.0200902	0.0156839	0.0125735	0.00828628	0.00564565	0.00318844	0.00187871	0.000927867	0.000478176	0.000208729	9.44606e-005	3.8401e-005	1.56661e-005	6.00527e-006	2.71284e-006	
Orxines_sp	0	0	0	0	0	0	0	0	0	0	1	0	0	0	0	0	0	0	0	0	0	0	0	0	0	0	0	0	0	0	0	0	0	0	
N25	0.169139	0.07156	0.0414752	0.0339764	0.0346605	0.0390315	0.0460265	0.0554856	0.0672132	0.0808546	0.057635	0.0547676	0.0424754	0.0419367	0.0355141	0.0340064	0.0274201	0.0231423	0.0162536	0.0116907	0.00698506	0.00431781	0.00221317	0.00120828	0.000540866	0.000269567	0.00010748	5.148e-005	1.97156e-005	1.04166e-005	5.34206e-006	3.26853e-006	1.82194e-006	1.10554e-006	
Pseudophasma_sp	0	0	0	1	0	0	0	0	0	0	0	0	0	0	0	0	0	0	0	0	0	0	0	0	0	0	0	0	0	0	0	0	0	0	
Sipyloidea_sipylus	0	0	0	0	0	0	0	0	0	0	0	0	0	0	0	0	0	0	0	0	0	0	0	0	0	0	0	0	0	0	0	1	0	0	
N26	0.363909	0.142554	0.0700563	0.0465183	0.038916	0.0368262	0.0371367	0.0388179	0.0411818	0.043419	0.026785	0.0216281	0.0137741	0.0111761	0.00774646	0.00655767	0.0048349	0.00434652	0.00342896	0.00336477	0.0028811	0.00308764	0.00281252	0.00314959	0.00287932	0.0031644	0.00272226	0.00282477	0.00224066	0.00227222	0.00207892	0.00224472	0.002222	0.00244261	
N27	0.100301	0.0364774	0.00978872	0.00239638	0.000596774	0.000216577	0.000402628	0.00336061	0.0299232	0.159224	0.244683	0.230139	0.109951	0.0480999	0.0159601	0.00558865	0.00184282	0.000689714	0.000237124	8.38757e-005	2.57936e-005	8.06816e-006	2.38237e-006	9.1752e-007	4.59858e-007	2.78385e-007	1.3747e-007	5.48789e-008	1.49932e-008	3.1833e-009	4.98924e-010	6.36799e-011	6.50516e-012	6.55001e-013	
Bacillus_rossius	0	0	0	0	0	0	0	0	0	1	0	0	0	0	0	0	0	0	0	0	0	0	0	0	0	0	0	0	0	0	0	0	0	0	
Baculum_sp	0	0	0	0	0	0	0	0	0	0	0	0	0	0	0	0	0	0	0	0	0	0	0	0	0	0	0	1	0	0	0	0	0	0	
Phyllium_bioculatum	0	0	0	0	0	0	0	0	1	0	0	0	0	0	0	0	0	0	0	0	0	0	0	0	0	0	0	0	0	0	0	0	0	0	
N28	0.0366053	0.0194888	0.0237766	0.0480962	0.0997503	0.165232	0.202871	0.184096	0.12587	0.066405	0.0200759	0.00601101	0.00136446	0.000295724	5.19146e-005	8.42255e-006	1.1359e-006	1.40795e-007	1.47809e-008	1.4346e-009	1.19804e-010	9.32418e-012	6.32847e-013	4.03229e-014	2.26664e-015	1.20332e-016	5.69294e-018	2.55587e-019	1.0317e-020	3.96713e-022	1.3951e-023	4.65965e-025	1.43921e-026	4.73849e-028	
Timema_poppensis	0	0	0	1	0	0	0	0	0	0	0	0	0	0	0	0	0	0	0	0	0	0	0	0	0	0	0	0	0	0	0	0	0	0	
Timema_shepardi	0	0	0	1	0	0	0	0	0	0	0	0	0	0	0	0	0	0	0	0	0	0	0	0	0	0	0	0	0	0	0	0	0	0	
