NODE	7	8	9	10	11	12	13	14	15	16	17	18	19	20	21	22	23	24	25	26	27	28	29	30	31	32	33	34	35	36	37	38	39	40	41	42	43	44	45	46	47	48	49	50	51	
N1	0.00659046	0.0131899	0.038757	0.110341	0.236289	0.313875	0.211642	0.0618091	0.00717685	0.000323992	5.80401e-006	4.31842e-008	1.41393e-010	2.16634e-013	3.32057e-018	6.64439e-020	9.89325e-022	1.122e-023	9.89693e-026	6.91781e-028	3.89612e-030	1.79452e-032	6.84991e-035	2.19286e-037	5.95063e-040	1.38204e-042	2.77113e-045	4.83492e-048	7.393e-051	9.97199e-054	1.1936e-056	1.27473e-059	1.22079e-062	1.05324e-065	8.22117e-069	5.82869e-072	3.7673e-075	2.22735e-078	1.20843e-081	6.03412e-085	2.78078e-088	1.18577e-091	4.69002e-095	1.72465e-098	6.22914e-102	
N2	0.00741718	0.017507	0.0494639	0.121573	0.226089	0.283113	0.203836	0.0754551	0.0140759	0.00138871	7.65496e-005	3.80818e-006	1.60452e-007	6.43936e-008	2.7984e-009	8.66437e-010	2.00927e-011	3.35292e-012	4.16442e-014	3.62733e-015	2.53261e-017	1.12668e-018	4.69005e-021	1.1014e-022	2.84053e-025	3.9251e-027	6.37965e-030	5.89892e-032	6.58199e-035	7.29818e-037	6.21431e-040	6.29447e-042	1.77857e-044	6.82464e-046	4.76517e-049	4.09334e-051	9.38968e-054	2.52324e-055	1.22652e-058	6.36383e-061	9.22224e-064	1.73946e-065	6.62445e-069	3.40632e-071	3.53544e-073	
N3	0.0095161	0.0273268	0.0639941	0.0979938	0.127	0.180752	0.211444	0.16473	0.0823544	0.0272686	0.00608905	0.00121943	0.000209193	8.31303e-005	1.45343e-005	4.63337e-006	4.52329e-007	7.59481e-008	3.9711e-009	3.60095e-010	1.05494e-011	5.56503e-013	9.63295e-015	3.22648e-016	3.48208e-018	8.15967e-020	5.76036e-022	1.01856e-023	5.31067e-026	9.59423e-028	4.18912e-030	7.12014e-032	4.55026e-034	1.24208e-035	5.08015e-038	7.3147e-040	3.9312e-042	7.88278e-044	2.34244e-046	2.25959e-048	8.28862e-051	1.19051e-052	3.08256e-055	3.20569e-057	4.70246e-059	
N4	0.00073799	0.00255441	0.00708618	0.0132617	0.0200525	0.0395138	0.0885846	0.156937	0.191374	0.169088	0.106993	0.0772655	0.0422998	0.0474617	0.0196211	0.0136536	0.00262626	0.000808412	7.01834e-005	1.03277e-005	4.5792e-007	3.7266e-008	9.42064e-010	4.72115e-011	7.41521e-013	2.58019e-014	2.64264e-016	6.67745e-018	5.30727e-020	1.47286e-021	9.07305e-024	1.90421e-025	1.46353e-027	4.66329e-029	2.1825e-031	3.41126e-033	1.97445e-035	4.63812e-037	1.5833e-039	1.76934e-041	7.38881e-044	1.31959e-045	3.99023e-048	5.02667e-050	9.40012e-052	
N5	0.000205307	0.000914727	0.0035655	0.00850304	0.0133009	0.0254046	0.0637375	0.129425	0.181623	0.181665	0.136165	0.095597	0.0622962	0.0511046	0.027614	0.0144773	0.00345337	0.000850272	8.13164e-005	1.54779e-005	7.44935e-007	1.79046e-007	5.49234e-009	1.27042e-009	2.82424e-011	5.02049e-012	8.42553e-014	1.11719e-014	1.57028e-016	1.89701e-017	2.29842e-019	2.44338e-020	3.3143e-022	4.74186e-023	5.87683e-025	6.53848e-026	8.67578e-028	1.11398e-028	1.03305e-030	7.29014e-032	5.9412e-034	4.74619e-035	2.68463e-037	1.43506e-038	9.28763e-040	
N6	8.93735e-005	0.000622069	0.00388344	0.0100276	0.0100554	0.0107566	0.033067	0.0946532	0.173903	0.206945	0.171381	0.117407	0.0775895	0.0517764	0.0262213	0.00939144	0.00193518	0.00027165	2.25984e-005	1.58865e-006	7.19849e-008	3.61056e-009	1.09685e-010	3.97966e-012	8.0705e-014	1.97647e-015	2.67636e-017	4.51392e-019	4.40982e-021	5.97932e-023	4.51601e-025	5.29808e-027	3.7274e-029	4.69669e-031	2.84857e-033	2.92555e-035	1.66353e-037	1.52514e-039	6.17631e-042	3.57261e-044	1.17633e-046	6.02751e-049	1.65222e-051	8.96658e-054	7.3345e-056	
N7	5.48292e-008	2.9204e-006	6.58706e-005	0.000120263	1.60399e-005	2.25496e-006	5.91509e-006	0.000137728	0.00274804	0.0292146	0.151066	0.348172	0.323124	0.124682	0.0190281	0.00155421	5.75387e-005	2.04585e-006	4.48108e-008	1.44163e-009	1.94282e-011	3.91391e-013	2.65409e-015	2.91032e-017	1.04299e-019	6.48007e-022	1.33464e-024	5.12576e-027	6.65306e-030	1.75316e-032	1.59308e-035	3.19161e-038	2.3303e-041	3.97698e-044	2.42828e-047	3.34241e-050	1.73304e-053	2.00898e-056	7.6917e-060	6.41769e-063	2.04222e-066	1.62227e-069	4.51967e-073	4.21585e-076	4.83755e-079	
N8	1.1513e-011	1.68783e-009	1.0557e-007	7.5841e-007	9.98706e-008	3.56073e-009	6.74981e-010	3.27996e-008	4.39857e-006	0.000295811	0.00876506	0.10057	0.383383	0.405143	0.0965519	0.00519725	8.79859e-005	6.21595e-007	2.26406e-009	1.35701e-011	6.37233e-014	9.99251e-016	2.84357e-018	2.28441e-020	3.39283e-023	1.44679e-025	1.19756e-028	2.87636e-031	1.4029e-034	1.97228e-037	5.95919e-041	5.10387e-044	1.00323e-047	5.63593e-051	7.48588e-055	2.95082e-058	2.73475e-062	8.13546e-066	5.43565e-070	1.26768e-073	6.29352e-078	1.30418e-081	1.88265e-085	1.95112e-088	1.95906e-091	
N9	6.72657e-013	7.65998e-011	4.05864e-009	3.0795e-008	5.66921e-009	2.43804e-010	7.31852e-011	1.91138e-009	3.82292e-007	4.36142e-005	0.00224702	0.0446763	0.285835	0.482415	0.172115	0.0124008	0.000265777	2.22086e-006	8.69502e-009	1.94286e-011	4.01799e-014	2.57655e-015	1.87343e-017	1.42513e-018	5.33039e-021	2.29687e-022	4.43648e-025	1.14176e-026	1.15539e-029	1.78444e-031	9.936e-035	8.80789e-037	2.94974e-040	1.41022e-042	3.11419e-046	7.91765e-049	1.21998e-052	1.80337e-055	1.97318e-059	1.94317e-062	1.51996e-066	1.12387e-069	1.05717e-073	5.41774e-076	4.67056e-078	
N10	3.97501e-016	8.06561e-014	9.16221e-012	2.53229e-010	5.81901e-011	6.8869e-012	9.11037e-013	1.87086e-012	8.415e-010	2.78731e-007	4.66936e-005	0.00336902	0.083944	0.517784	0.374065	0.0204985	0.000291671	1.57586e-006	3.99263e-009	5.4479e-012	4.43999e-015	4.08658e-018	7.41692e-021	1.19199e-022	2.64911e-025	2.58638e-027	3.62374e-030	2.02905e-032	1.73575e-035	5.7528e-038	2.86694e-041	5.62407e-044	1.63234e-047	1.82621e-050	3.27171e-054	2.07837e-057	2.41199e-061	9.54716e-065	7.31697e-069	2.04969e-072	1.05872e-076	2.31309e-080	1.10511e-084	6.50711e-088	7.25562e-091	
N11	2.0031e-022	9.48223e-019	1.98273e-015	5.59566e-013	7.254e-014	4.25481e-016	3.21701e-018	1.30103e-017	9.73174e-014	3.80733e-010	5.98951e-007	0.00030016	0.0339671	0.512185	0.442292	0.0112231	3.24434e-005	2.15669e-008	4.82852e-012	4.59414e-016	2.16802e-020	7.65586e-025	5.54293e-029	2.0298e-031	2.42181e-035	9.44271e-036	5.86191e-037	3.73118e-037	2.73512e-039	6.18069e-040	2.40514e-042	3.91074e-043	9.11496e-046	9.79251e-047	1.50534e-049	9.54253e-051	1.08521e-053	3.87087e-055	3.50127e-058	7.52424e-060	5.54767e-063	7.98782e-065	4.90088e-068	7.44248e-070	4.58634e-071	
N12	3.13562e-022	2.66812e-019	1.07741e-016	7.30225e-015	9.81124e-016	1.46466e-016	4.22654e-017	9.37751e-016	1.67448e-012	2.18459e-009	1.42279e-006	0.000384524	0.032079	0.479697	0.470428	0.0172974	0.000112751	2.32416e-007	2.0347e-010	9.03097e-014	2.28561e-017	3.63022e-021	4.87342e-025	5.71803e-027	9.30784e-030	2.50525e-031	2.80915e-034	4.32425e-036	3.40237e-039	3.04517e-041	1.52429e-044	8.13728e-047	1.90117e-050	6.16144e-053	5.17324e-057	7.34432e-060	3.32212e-064	1.34066e-067	3.86123e-072	9.14663e-076	1.69223e-080	3.1586e-084	4.7396e-089	3.34997e-092	7.08241e-095	
N13	2.75938e-025	3.18341e-022	2.02713e-019	1.54533e-017	2.28992e-017	6.35819e-018	6.68556e-018	1.50523e-016	4.4159e-013	1.09063e-009	1.16688e-006	0.000433192	0.039513	0.493033	0.45567	0.0113096	4.03516e-005	3.85254e-008	1.36254e-011	2.17891e-015	1.80185e-019	8.51924e-024	2.67078e-028	2.50154e-031	9.10062e-034	5.8776e-034	2.04732e-035	9.97363e-036	2.81161e-037	9.48019e-038	1.97152e-039	4.64166e-040	5.6791e-042	9.2982e-043	4.82193e-045	4.28308e-046	1.25213e-048	3.74877e-050	7.87903e-053	1.42069e-054	2.16556e-057	3.11689e-059	3.83926e-062	1.29687e-063	1.73639e-064	
N14	1.46063e-025	5.34449e-022	1.26151e-018	1.15797e-015	1.18957e-014	2.89811e-015	2.99911e-016	7.32326e-017	5.97798e-014	1.03754e-010	9.59786e-008	4.04119e-005	0.00608404	0.213174	0.751494	0.0290208	0.000186265	3.76973e-007	3.2584e-010	1.43695e-013	3.63409e-017	5.89198e-021	8.78458e-025	5.10016e-027	5.29966e-030	5.21909e-032	3.75018e-035	2.10813e-037	1.07358e-040	3.48084e-043	1.17487e-046	2.19973e-049	3.77586e-053	4.03674e-056	2.98659e-060	1.3403e-063	5.80917e-068	1.10462e-071	2.91444e-076	3.87338e-080	6.62386e-085	7.19851e-089	1.09871e-093	3.96576e-097	3.01049e-100	
N15	1.45206e-026	2.9033e-023	3.82667e-020	2.67577e-017	2.88306e-016	6.50013e-017	7.00405e-018	9.75217e-019	5.9981e-016	1.91537e-012	3.41998e-009	2.9499e-006	0.000991595	0.0884047	0.88377	0.0267117	0.000119304	1.63196e-007	9.47404e-011	2.80991e-014	4.7989e-018	5.14615e-022	3.86017e-026	4.12522e-029	3.31233e-032	3.51296e-034	2.04407e-037	1.27761e-039	5.32557e-043	1.99376e-045	5.71646e-049	1.29653e-051	2.14965e-055	2.97596e-058	2.07714e-062	1.5096e-065	4.93162e-070	1.02818e-073	2.09348e-078	2.64365e-082	3.49473e-087	3.41075e-091	3.40735e-096	7.25194e-100	4.90053e-103	
Amitermes_darwini	0	0	0	0	0	0	0	0	0	0	0	0	0	0	1	0	0	0	0	0	0	0	0	0	0	0	0	0	0	0	0	0	0	0	0	0	0	0	0	0	0	0	0	0	0	
Amitermes_germanus	0	0	0	0	0	0	0	0	0	0	0	0	0	0	1	0	0	0	0	0	0	0	0	0	0	0	0	0	0	0	0	0	0	0	0	0	0	0	0	0	0	0	0	0	0	
N16	1.41675e-026	2.8472e-023	3.78272e-020	2.68044e-017	2.90036e-016	6.48757e-017	6.92637e-018	9.51346e-019	5.82628e-016	1.86863e-012	3.35144e-009	2.90419e-006	0.000980999	0.0879236	0.884359	0.0266152	0.00011836	1.6122e-007	9.3204e-011	2.75303e-014	4.68275e-018	5.00149e-022	3.73586e-026	3.9382e-029	3.13978e-032	3.29818e-034	1.9065e-037	1.18033e-039	4.88901e-043	1.81293e-045	5.16823e-049	1.16083e-051	1.91562e-055	2.62545e-058	1.82582e-062	1.31388e-065	4.27725e-070	8.84168e-074	1.79318e-078	2.24727e-082	2.95862e-087	2.86683e-091	2.85275e-096	6.02185e-100	4.02656e-103	
Amitermes_parvus	0	0	0	0	0	0	0	0	0	0	0	0	0	0	1	0	0	0	0	0	0	0	0	0	0	0	0	0	0	0	0	0	0	0	0	0	0	0	0	0	0	0	0	0	0	
Drepanotermes_septentrionalis	0	0	0	0	0	0	0	0	0	0	0	0	0	0	1	0	0	0	0	0	0	0	0	0	0	0	0	0	0	0	0	0	0	0	0	0	0	0	0	0	0	0	0	0	0	
N17	7.13832e-022	9.74411e-021	2.47043e-019	7.44791e-018	1.52212e-017	5.28772e-018	7.84994e-018	7.70895e-016	1.75439e-012	2.81779e-009	2.10534e-006	0.000591288	0.0444679	0.497388	0.445741	0.0117591	5.05828e-005	6.5603e-008	3.49731e-011	9.21051e-015	1.34801e-018	1.18958e-022	9.24591e-027	3.36949e-027	1.30038e-029	1.05859e-029	2.25414e-032	1.23017e-032	1.33466e-035	5.18175e-036	2.47687e-039	7.11885e-040	1.16961e-043	2.46577e-044	9.93606e-049	1.1405e-049	1.79586e-054	3.02933e-056	3.68529e-061	1.85718e-063	1.81107e-068	4.18357e-071	3.25264e-076	7.7102e-079	5.38294e-080	
Procubitermes_sp	0	0	0	0	0	0	0	0	0	0	0	0	1	0	0	0	0	0	0	0	0	0	0	0	0	0	0	0	0	0	0	0	0	0	0	0	0	0	0	0	0	0	0	0	0	
N18	1.5374e-027	2.99088e-023	3.76759e-019	2.28056e-015	1.31925e-014	1.35242e-016	6.6261e-019	2.05919e-021	1.31592e-019	1.50949e-015	9.83381e-012	3.18072e-008	4.21776e-005	0.0165609	0.977889	0.00550243	5.39084e-006	1.76322e-009	2.57346e-013	1.98138e-017	8.97596e-022	2.60926e-026	5.41995e-031	3.95454e-035	3.3161e-039	1.39293e-042	9.52128e-047	2.37397e-050	1.1637e-054	1.70281e-058	5.89287e-063	4.96802e-067	1.09135e-071	5.11869e-076	5.99143e-081	1.42739e-085	9.40935e-091	1.20864e-095	4.59923e-101	4.07178e-106	9.62966e-112	6.54649e-117	1.20242e-122	1.31083e-127	2.27367e-132	
Tuberculitermes_bycanistes	0	0	0	0	0	0	0	0	0	0	0	0	0	0	1	0	0	0	0	0	0	0	0	0	0	0	0	0	0	0	0	0	0	0	0	0	0	0	0	0	0	0	0	0	0	
Unguitermes_sp	0	0	0	0	0	0	0	0	0	0	0	0	0	0	1	0	0	0	0	0	0	0	0	0	0	0	0	0	0	0	0	0	0	0	0	0	0	0	0	0	0	0	0	0	0	
N19	2.97404e-024	9.69345e-021	2.12419e-017	1.85557e-014	1.07844e-013	1.158e-014	5.40151e-016	5.08395e-017	2.80216e-014	4.81194e-011	4.52191e-008	2.00936e-005	0.00339914	0.150417	0.812698	0.0332329	0.000232691	5.19494e-007	4.98457e-010	2.45144e-013	6.93972e-017	1.23813e-020	1.57198e-024	1.16264e-027	7.87744e-031	3.44104e-033	1.76828e-036	4.52126e-039	1.67415e-042	2.5172e-045	6.64299e-049	5.80275e-052	9.64379e-056	4.74286e-059	3.82595e-063	9.03753e-067	4.14453e-071	4.88475e-075	1.33379e-079	1.11829e-083	2.28569e-088	4.40294e-092	4.96036e-096	5.59851e-099	1.14319e-101	
N20	2.62399e-027	2.36589e-023	1.07531e-019	1.33874e-016	3.36108e-016	3.80172e-018	5.31207e-020	6.77617e-021	2.15729e-017	1.76521e-013	7.32112e-010	1.29933e-006	0.000761958	0.0932221	0.885809	0.0201557	4.93786e-005	3.04291e-008	6.9492e-012	7.33292e-016	4.11851e-020	1.36204e-024	3.09787e-029	4.64293e-032	1.69261e-035	1.52388e-037	3.3445e-041	7.06244e-043	3.54335e-043	3.21644e-043	4.36761e-045	1.98767e-045	1.42462e-047	4.8413e-048	1.54744e-050	4.12955e-051	1.06367e-052	2.37083e-052	5.14563e-054	8.59914e-055	9.54128e-058	1.97313e-059	1.6162e-062	4.32383e-064	7.61037e-065	
N21	1.15078e-027	4.12162e-024	7.41466e-021	3.35732e-018	6.73957e-018	5.89496e-020	8.65643e-021	9.52233e-021	2.19293e-017	1.47598e-013	5.37998e-010	9.05194e-007	0.000552718	0.0785039	0.89973	0.0211544	5.84611e-005	4.4216e-008	1.32624e-011	1.94082e-015	1.58038e-019	7.8441e-024	2.67515e-028	1.6926e-030	2.16592e-033	1.37719e-034	1.18166e-037	4.44957e-039	2.49512e-042	5.8449e-044	1.88651e-047	2.90775e-049	4.09362e-053	4.33648e-055	1.71084e-059	1.06808e-061	1.35964e-066	1.20965e-069	1.10939e-074	3.66102e-078	2.38527e-083	4.81566e-087	2.29229e-092	1.29375e-095	6.96639e-098	
Ephelotermes_melachoma	0	0	0	0	0	0	0	0	0	0	0	0	0	0	1	0	0	0	0	0	0	0	0	0	0	0	0	0	0	0	0	0	0	0	0	0	0	0	0	0	0	0	0	0	0	
Ephelotermes_taylori	0	0	0	0	0	0	0	0	0	0	0	0	0	0	1	0	0	0	0	0	0	0	0	0	0	0	0	0	0	0	0	0	0	0	0	0	0	0	0	0	0	0	0	0	0	
Macrognathotermes_sunteri	0	0	0	0	0	0	0	0	0	0	0	0	0	0	1	0	0	0	0	0	0	0	0	0	0	0	0	0	0	0	0	0	0	0	0	0	0	0	0	0	0	0	0	0	0	
Lophotermes_septentrionalis	0	0	0	0	0	0	0	0	0	0	0	0	0	0	1	0	0	0	0	0	0	0	0	0	0	0	0	0	0	0	0	0	0	0	0	0	0	0	0	0	0	0	0	0	0	
N22	3.18058e-023	9.6426e-020	1.33713e-016	2.4009e-014	3.56586e-015	1.59085e-017	3.332e-019	1.50398e-017	8.86889e-014	3.13536e-010	4.75815e-007	0.000245792	0.030155	0.494589	0.460721	0.0142337	5.49758e-005	5.17209e-008	1.70629e-011	2.46398e-015	1.80083e-019	1.02124e-023	6.39631e-027	9.48479e-028	1.06331e-030	8.58075e-032	4.78476e-035	2.27336e-036	5.61004e-040	1.70611e-041	1.55029e-045	3.13459e-047	8.85577e-052	1.07824e-053	1.05439e-058	4.64969e-061	2.65011e-066	2.42541e-069	1.00886e-074	3.38585e-078	1.02281e-083	1.84203e-087	4.18248e-093	3.53104e-096	2.75973e-098	
N23	1.776e-022	1.10615e-019	3.3497e-017	1.82641e-015	3.77496e-016	3.06826e-017	5.20339e-017	1.56998e-015	2.2315e-012	2.52599e-009	1.46671e-006	0.000366072	0.0296532	0.454442	0.488865	0.0264121	0.000259228	7.94922e-007	1.01849e-009	6.51619e-013	2.34588e-016	5.38744e-020	2.41627e-023	5.46722e-024	2.67818e-026	4.76463e-027	1.52749e-029	1.55588e-030	3.08319e-033	1.89815e-034	1.86749e-037	7.42282e-039	2.44263e-042	6.17387e-044	5.99302e-048	5.61801e-050	3.11787e-054	6.17352e-057	2.40223e-061	2.20905e-064	5.85588e-069	3.74934e-072	8.05388e-077	3.75456e-079	7.00453e-081	
N24	3.21274e-022	2.21848e-019	1.17459e-016	2.42827e-014	2.40297e-013	1.67168e-013	5.24804e-014	1.01093e-013	3.67972e-011	1.57692e-008	3.80487e-006	0.000450112	0.0214174	0.293075	0.606717	0.0763257	0.00199335	1.7819e-005	7.10487e-008	1.48595e-010	1.81771e-013	1.41453e-016	7.83481e-020	3.23864e-022	1.20132e-024	3.67289e-026	1.03174e-028	1.86958e-030	3.83998e-033	4.15409e-035	6.14383e-038	3.93779e-040	3.63336e-043	1.35196e-045	5.71138e-049	1.02331e-051	2.45558e-055	1.97999e-058	2.92719e-062	1.63707e-065	1.59586e-069	7.28495e-073	5.75761e-077	5.3886e-080	1.17701e-082	
Crenetermes_albotarsalis	0	0	0	0	0	0	0	0	0	0	0	0	0	0	1	0	0	0	0	0	0	0	0	0	0	0	0	0	0	0	0	0	0	0	0	0	0	0	0	0	0	0	0	0	0	
N25	1.97535e-024	3.5322e-021	5.30285e-018	4.03857e-015	3.53253e-014	5.38704e-015	3.69997e-016	3.4814e-017	1.27587e-014	2.17914e-011	2.10114e-008	9.96035e-006	0.00190718	0.105523	0.850338	0.0418782	0.00034341	8.94507e-007	1.00185e-009	5.75931e-013	1.90874e-016	3.96962e-020	5.6281e-024	2.50459e-027	1.92188e-030	1.24545e-032	8.19505e-036	3.20571e-038	1.4948e-041	3.54569e-044	1.13509e-047	1.65127e-050	3.27148e-054	2.89636e-057	3.06057e-061	1.49611e-064	8.96989e-069	2.10168e-072	8.07375e-077	1.17638e-080	3.00656e-085	3.26339e-089	6.09692e-094	8.55997e-098	2.66679e-101	
Cubitermes_sp	0	0	0	0	0	0	0	0	0	0	0	0	0	0	1	0	0	0	0	0	0	0	0	0	0	0	0	0	0	0	0	0	0	0	0	0	0	0	0	0	0	0	0	0	0	
Thoracotermes_macrothorax	0	0	0	0	0	0	0	0	0	0	0	0	0	0	1	0	0	0	0	0	0	0	0	0	0	0	0	0	0	0	0	0	0	0	0	0	0	0	0	0	0	0	0	0	0	
N26	6.94038e-024	2.55609e-020	6.10695e-017	6.05135e-014	2.96954e-013	1.69485e-014	4.26541e-016	1.36707e-017	5.38271e-015	1.08667e-011	1.22251e-008	6.69959e-006	0.00147097	0.093157	0.875155	0.0300304	0.000179654	3.50635e-007	2.98493e-010	1.31452e-013	3.35207e-017	5.38966e-021	5.94907e-025	1.42426e-028	5.45401e-032	1.21765e-034	4.39478e-038	6.02289e-041	1.58267e-044	1.30156e-047	2.4983e-051	1.22338e-054	1.58259e-058	4.4573e-062	3.18933e-066	4.79651e-070	2.01463e-074	1.69137e-078	4.35973e-083	2.62733e-087	4.49388e-092	2.20525e-096	3.04253e-101	2.33632e-105	3.05665e-109	
N27	3.05831e-026	1.21635e-022	2.52825e-019	1.61508e-016	3.05396e-016	2.45039e-018	8.25167e-020	6.9469e-021	4.77034e-018	3.34155e-014	1.31213e-010	2.50442e-007	0.000188795	0.0388595	0.944561	0.0163531	3.78097e-005	2.57697e-008	7.29787e-012	1.04121e-015	8.467e-020	4.28013e-024	1.46197e-028	5.53759e-032	2.60658e-035	2.26691e-037	7.77733e-041	4.01942e-043	9.66908e-047	3.05151e-049	4.91149e-053	9.72436e-056	9.04564e-060	1.14775e-062	4.73772e-067	3.58099e-070	5.15521e-075	8.33575e-079	7.78425e-084	6.73254e-088	4.18695e-093	2.61061e-097	1.17932e-102	1.38519e-106	7.03093e-110	
Nasutitermes_graveolus	0	0	0	0	0	0	0	0	0	0	0	0	0	0	1	0	0	0	0	0	0	0	0	0	0	0	0	0	0	0	0	0	0	0	0	0	0	0	0	0	0	0	0	0	0	
Nasutitermes_triodiae	0	0	0	0	0	0	0	0	0	0	0	0	0	0	1	0	0	0	0	0	0	0	0	0	0	0	0	0	0	0	0	0	0	0	0	0	0	0	0	0	0	0	0	0	0	
N28	3.57731e-026	1.39504e-022	2.8429e-019	1.77346e-016	3.39992e-016	2.73497e-018	8.91575e-020	8.05431e-021	5.71633e-018	3.8979e-014	1.48863e-010	2.76016e-007	0.000201808	0.0401966	0.942763	0.0167988	3.99387e-005	2.79599e-008	8.12593e-012	1.18893e-015	9.90935e-020	5.13177e-024	1.79608e-028	7.36404e-032	3.61916e-035	3.33266e-037	1.18831e-040	6.50239e-043	1.62095e-046	5.42186e-049	8.99723e-053	1.89197e-055	1.80251e-059	2.4351e-062	1.02387e-066	8.24716e-070	1.20843e-074	2.07209e-078	1.97609e-083	1.79855e-087	1.14496e-092	7.47353e-097	3.45357e-102	4.22781e-106	2.28161e-109	
Nasutitermes_longipennis	0	0	0	0	0	0	0	0	0	0	0	0	0	0	1	0	0	0	0	0	0	0	0	0	0	0	0	0	0	0	0	0	0	0	0	0	0	0	0	0	0	0	0	0	0	
Tumulitermes_pastinator	0	0	0	0	0	0	0	0	0	0	0	0	0	0	1	0	0	0	0	0	0	0	0	0	0	0	0	0	0	0	0	0	0	0	0	0	0	0	0	0	0	0	0	0	0	
N29	9.67987e-021	5.45929e-018	2.32205e-015	3.94353e-013	2.90308e-012	1.28062e-012	2.51881e-013	2.2019e-013	5.60649e-011	2.02315e-008	4.19941e-006	0.000439084	0.0192351	0.260672	0.628801	0.0881697	0.00264992	2.79784e-005	1.34357e-007	3.4364e-010	5.20491e-013	5.06743e-016	3.4778e-019	7.72302e-022	2.3662e-024	4.499e-026	1.1861e-028	1.37788e-030	2.70009e-033	1.90221e-035	2.78201e-038	1.172e-040	1.163e-043	2.81148e-046	1.46587e-049	1.82408e-052	5.53773e-056	3.67642e-059	6.79832e-063	3.3215e-066	4.10515e-070	1.68094e-073	1.74274e-077	1.28832e-080	1.78161e-083	
Microcerotermes_boreus	0	0	0	0	0	0	0	0	0	0	0	0	0	0	1	0	0	0	0	0	0	0	0	0	0	0	0	0	0	0	0	0	0	0	0	0	0	0	0	0	0	0	0	0	0	
Microcerotermes_nervosus	0	0	0	0	0	0	0	0	0	0	0	0	0	0	1	0	0	0	0	0	0	0	0	0	0	0	0	0	0	0	0	0	0	0	0	0	0	0	0	0	0	0	0	0	0	
Pericapritermes_sp	0	0	0	0	0	0	0	0	0	0	0	0	0	0	1	0	0	0	0	0	0	0	0	0	0	0	0	0	0	0	0	0	0	0	0	0	0	0	0	0	0	0	0	0	0	
N30	8.01835e-014	2.83924e-012	6.98335e-011	5.61928e-010	9.06548e-010	5.99014e-010	2.87741e-010	1.70108e-009	1.62539e-007	1.29288e-005	0.000577546	0.0128097	0.121273	0.403733	0.378023	0.0782583	0.00516767	0.000141769	1.92526e-006	1.46158e-008	6.78654e-011	2.48034e-013	1.18974e-015	5.25198e-017	5.77937e-019	2.18379e-020	1.64968e-022	3.65711e-024	1.86519e-026	2.48139e-028	8.1383e-031	6.56002e-033	1.3216e-035	6.34994e-038	7.96949e-041	2.27923e-043	1.85139e-046	3.53362e-049	1.91385e-052	2.7874e-055	1.05138e-058	1.28099e-061	4.70423e-065	1.33325e-067	6.60657e-070	
Macrotermes_bellicosus	0	0	0	0	0	0	0	0	0	0	0	0	0	0	1	0	0	0	0	0	0	0	0	0	0	0	0	0	0	0	0	0	0	0	0	0	0	0	0	0	0	0	0	0	0	
N31	2.2624e-021	2.86828e-018	3.27329e-015	2.12944e-012	6.47834e-012	2.05485e-013	2.79554e-015	8.19906e-017	5.24899e-014	7.90865e-011	6.3636e-008	2.3852e-005	0.00343422	0.138699	0.819479	0.0380739	0.000288977	6.81686e-007	6.74807e-010	3.34591e-013	9.344e-017	1.63147e-020	2.0466e-024	8.42386e-028	3.19994e-031	4.32241e-034	1.21787e-037	5.90184e-040	4.53043e-040	6.15191e-041	1.52189e-042	9.75352e-044	1.7762e-045	8.1065e-047	1.07963e-048	4.67792e-050	7.27109e-051	5.39905e-051	6.2002e-052	5.63685e-053	3.46247e-055	5.35961e-057	2.55962e-059	5.3557e-061	1.88e-062	
Microtermes_sp	0	0	0	0	0	0	0	0	0	0	0	0	0	0	1	0	0	0	0	0	0	0	0	0	0	0	0	0	0	0	0	0	0	0	0	0	0	0	0	0	0	0	0	0	0	
N32	6.4631e-023	1.38245e-019	1.7837e-016	6.64451e-014	1.63055e-013	2.98905e-015	1.94824e-017	1.77975e-018	1.96341e-015	6.12704e-012	9.93872e-009	7.1499e-006	0.00182864	0.115272	0.849399	0.0333234	0.000169196	2.35366e-007	1.27226e-010	3.27375e-014	4.57828e-018	3.84946e-022	2.46239e-026	3.35964e-028	3.20238e-031	1.55084e-032	8.26559e-036	2.60774e-037	7.52948e-041	1.63043e-042	2.40827e-046	3.67343e-048	2.5765e-052	2.70766e-054	8.45638e-059	5.29806e-061	1.02674e-065	3.17012e-067	2.00091e-070	9.53105e-072	5.22172e-075	1.47045e-076	6.77881e-080	1.65908e-081	2.36538e-082	
N33	1.02099e-044	8.08957e-044	5.13463e-043	9.96024e-024	3.3874e-023	2.93017e-040	5.62519e-039	9.52994e-038	1.39038e-036	1.70598e-035	1.70492e-034	1.32574e-033	4.14967e-011	1.78737e-005	0.999973	8.81874e-006	1.09493e-011	1.62727e-033	2.46937e-034	2.98949e-035	3.00318e-036	2.57634e-037	1.94618e-038	5.17607e-039	4.28786e-039	5.76396e-038	6.27389e-038	7.17514e-037	7.84779e-037	7.27391e-036	7.74567e-036	5.60524e-035	5.1736e-035	2.81679e-034	1.67649e-034	6.40085e-034	1.85216e-034	2.45365e-034	5.07945e-035	5.11385e-035	8.03883e-036	7.61969e-036	1.05396e-036	2.08255e-036	1.15708e-035	
Odontotermes_sp	0	0	0	0	0	0	0	0	0	0	0	0	0	0	1	0	0	0	0	0	0	0	0	0	0	0	0	0	0	0	0	0	0	0	0	0	0	0	0	0	0	0	0	0	0	
Protermes_sp	0	0	0	0	0	0	0	0	0	0	0	0	0	0	1	0	0	0	0	0	0	0	0	0	0	0	0	0	0	0	0	0	0	0	0	0	0	0	0	0	0	0	0	0	0	
Pseudacanthotermes_militaris	0	0	0	0	0	0	0	0	0	0	0	0	0	0	1	0	0	0	0	0	0	0	0	0	0	0	0	0	0	0	0	0	0	0	0	0	0	0	0	0	0	0	0	0	0	
N34	8.61845e-013	5.62585e-011	2.02534e-009	1.13329e-008	2.57545e-009	2.07315e-010	2.07275e-010	1.3593e-008	1.8852e-006	0.000141846	0.00496402	0.0697097	0.329373	0.437246	0.145619	0.0125864	0.000354655	4.0322e-006	2.17385e-008	6.27866e-011	1.07932e-013	3.47779e-016	2.09676e-018	9.61815e-020	4.78919e-022	1.21998e-023	3.60348e-026	5.23111e-028	8.97306e-031	7.71665e-033	7.50869e-036	3.82496e-038	2.13938e-041	6.15808e-044	2.09491e-047	3.24129e-050	7.12628e-054	6.49977e-057	9.41288e-061	6.02231e-064	5.89173e-068	2.97365e-071	2.85119e-075	4.91631e-078	1.61991e-080	
N35	4.3698e-013	1.81935e-011	4.1545e-010	1.73182e-009	5.82568e-010	1.74428e-010	2.92804e-010	8.16661e-009	1.0101e-006	8.06107e-005	0.00311966	0.0501009	0.279152	0.452451	0.192541	0.0217219	0.000818262	1.26888e-005	9.47992e-008	3.87371e-010	1.03828e-012	6.98969e-014	1.03268e-015	3.18278e-016	2.46669e-018	4.58634e-019	1.84048e-021	2.16322e-022	4.47733e-025	3.33663e-026	3.63984e-029	1.62358e-030	1.01527e-033	2.43183e-035	9.90504e-039	1.19587e-040	3.48831e-044	2.26853e-046	4.92879e-050	1.95044e-052	3.19469e-056	8.62996e-059	1.23463e-062	1.14692e-064	4.22595e-066	
Coptotermes_acinaciformis	0	0	0	0	0	0	0	0	0	0	0	0	0	0	1	0	0	0	0	0	0	0	0	0	0	0	0	0	0	0	0	0	0	0	0	0	0	0	0	0	0	0	0	0	0	
N36	2.39812e-017	4.44792e-015	8.77424e-013	9.66592e-011	3.43294e-010	6.30316e-011	4.92982e-012	3.87386e-012	1.01262e-009	2.48816e-007	3.26447e-005	0.00200173	0.0481592	0.354036	0.5279	0.0659582	0.00189193	1.93297e-005	8.93991e-008	2.17833e-010	3.11066e-013	3.33338e-016	4.10064e-019	3.46775e-021	9.01479e-024	6.78227e-026	1.16828e-028	5.06443e-031	5.70355e-034	1.46875e-036	1.05206e-039	1.63792e-042	7.32334e-046	6.92537e-049	1.97646e-052	1.17329e-055	2.206e-059	8.97357e-063	1.14417e-066	3.50614e-070	3.13261e-074	7.83836e-078	6.4514e-082	3.14803e-085	2.56319e-088	
Reticulitermes_flavipes	0	0	0	0	0	0	0	0	0	0	0	0	0	0	1	0	0	0	0	0	0	0	0	0	0	0	0	0	0	0	0	0	0	0	0	0	0	0	0	0	0	0	0	0	0	
N37	5.77935e-019	2.14127e-016	5.0967e-014	3.6261e-012	7.48231e-012	6.49942e-013	6.00473e-014	7.58452e-014	2.87948e-011	1.4356e-008	3.8254e-006	0.000469958	0.0218508	0.284525	0.622684	0.0690066	0.0014501	9.80902e-006	2.82705e-008	4.12327e-011	3.41708e-014	1.81382e-017	9.23247e-021	2.1366e-022	6.53912e-025	2.40822e-026	4.48323e-029	1.02396e-030	1.1281e-033	1.67047e-035	1.04499e-038	1.01795e-040	3.50836e-044	2.16445e-046	4.20571e-050	1.46207e-052	1.74482e-056	2.83784e-059	2.37587e-063	2.15599e-066	1.31031e-070	7.85415e-074	3.59089e-078	2.35512e-081	5.30683e-084	
Reticulitermes_lucifugus	0	0	0	0	0	0	0	0	0	0	0	0	0	0	1	0	0	0	0	0	0	0	0	0	0	0	0	0	0	0	0	0	0	0	0	0	0	0	0	0	0	0	0	0	0	
Reticulitermes_urbis	0	0	0	0	0	0	0	0	0	0	0	0	0	0	1	0	0	0	0	0	0	0	0	0	0	0	0	0	0	0	0	0	0	0	0	0	0	0	0	0	0	0	0	0	0	
Schedorhinotermes_lamanianus	0	0	0	0	0	0	0	0	0	0	0	0	1	0	0	0	0	0	0	0	0	0	0	0	0	0	0	0	0	0	0	0	0	0	0	0	0	0	0	0	0	0	0	0	0	
N38	2.27277e-009	1.34268e-007	2.81858e-006	9.59793e-006	2.62073e-006	2.95043e-007	6.75799e-007	2.48956e-005	0.000837995	0.0148943	0.11913	0.363571	0.371259	0.11771	0.0119712	0.000554343	2.79071e-005	2.16591e-006	1.17497e-007	4.30062e-009	1.07254e-010	1.63038e-011	6.45249e-013	2.10816e-013	4.44255e-015	7.61856e-016	7.87494e-018	6.76199e-019	3.44417e-021	1.48094e-022	3.93089e-025	8.90579e-027	1.36589e-029	1.77889e-031	1.66681e-034	1.2584e-036	7.78875e-040	3.76869e-042	1.58125e-045	4.65627e-048	1.38541e-051	3.00671e-054	7.15561e-058	1.89562e-060	1.52477e-062	
N39	4.87754e-011	2.93827e-009	8.36382e-008	2.77652e-007	5.29759e-008	1.98039e-008	1.80079e-007	8.56042e-006	0.000316747	0.00549044	0.0552831	0.283053	0.45161	0.182936	0.0204931	0.000791316	1.60254e-005	3.18043e-007	5.04498e-009	5.32803e-011	4.0214e-013	8.04446e-015	9.27491e-017	1.67197e-018	8.21961e-021	7.32522e-023	2.85255e-025	1.02914e-026	1.31217e-028	3.42727e-030	2.2976e-032	2.67308e-034	1.01745e-036	6.57045e-039	1.43703e-041	7.68671e-044	9.37449e-047	6.91242e-049	5.69376e-052	6.91616e-054	5.74719e-057	1.14102e-058	7.33556e-061	5.17355e-062	3.06843e-063	
N40	7.91108e-012	6.58909e-010	2.27342e-008	3.82304e-008	1.04681e-008	8.07653e-009	2.56604e-007	1.59196e-005	0.000446608	0.00522045	0.0403931	0.243397	0.470224	0.21305	0.0261451	0.00108788	1.94672e-005	2.01599e-007	1.4289e-009	6.79784e-012	2.08446e-014	4.14968e-016	1.66301e-018	1.70606e-019	1.25439e-020	8.04801e-020	6.87758e-021	2.15048e-020	9.15319e-022	1.80504e-021	4.73151e-023	5.64728e-023	1.03485e-024	7.32973e-025	1.01793e-026	4.29385e-027	4.75124e-029	1.28195e-029	1.17038e-031	2.42724e-032	1.94641e-034	4.14483e-035	3.63596e-037	2.14702e-037	3.73988e-037	
N41	7.04608e-012	4.12142e-010	1.00841e-008	2.07582e-008	8.261e-009	5.73009e-009	1.86457e-007	1.24612e-005	0.000381408	0.00498104	0.042471	0.253631	0.472702	0.202247	0.022721	0.000839611	1.28686e-005	1.07077e-007	5.72287e-010	1.99217e-012	4.50172e-015	4.52132e-017	1.45374e-019	5.50746e-021	7.43595e-024	1.60471e-025	9.06199e-029	2.24886e-030	6.917e-034	6.9746e-035	1.29064e-038	1.27907e-039	1.35842e-043	8.51511e-045	5.7836e-049	2.12324e-050	1.02951e-054	2.18508e-056	8.21282e-061	1.07629e-062	3.33264e-067	3.17986e-069	8.3827e-074	6.4952e-076	5.21967e-079	
Bifiditermes_improbus	0	0	0	0	0	0	0	0	0	0	0	1	0	0	0	0	0	0	0	0	0	0	0	0	0	0	0	0	0	0	0	0	0	0	0	0	0	0	0	0	0	0	0	0	0	
N42	3.41959e-014	5.10918e-012	2.73608e-010	1.53402e-009	1.29247e-009	1.3685e-009	1.38451e-008	8.34732e-007	4.7893e-005	0.00177338	0.036309	0.280568	0.508242	0.163241	0.00967397	0.000142946	7.11765e-007	1.49146e-009	1.54053e-012	9.06827e-016	3.7567e-019	1.02116e-021	1.20024e-024	7.88115e-027	5.23588e-030	2.05973e-032	8.89192e-036	2.33883e-038	6.98996e-042	1.22582e-044	2.18962e-048	2.33375e-051	2.4419e-055	1.46621e-058	9.65446e-063	3.26358e-066	1.42633e-070	2.95522e-074	8.87501e-079	1.42186e-082	5.61333e-087	2.71554e-090	3.08722e-094	5.79869e-097	2.1397e-099	
N43	4.99571e-013	8.4015e-012	1.1541e-010	2.81105e-009	3.84354e-008	2.21915e-007	8.57682e-007	1.97354e-005	0.000779309	0.0141996	0.110911	0.348957	0.386105	0.126532	0.0121158	0.000374449	4.79718e-006	3.0576e-008	1.09837e-010	2.43939e-013	3.67732e-016	1.66607e-018	1.19506e-020	5.90414e-022	3.60211e-024	1.08104e-025	4.58967e-028	8.34491e-030	2.33504e-032	2.57969e-034	4.16431e-037	2.71357e-039	2.41683e-042	8.2224e-045	4.5605e-048	8.5569e-051	3.08953e-054	4.00462e-057	9.73848e-061	1.00808e-063	1.72356e-067	1.5462e-070	4.34004e-074	2.06889e-076	1.25264e-078	
N44	1.6917e-014	3.83988e-012	6.32602e-010	3.46912e-008	8.25404e-008	2.36781e-008	3.43058e-009	8.4818e-009	8.7208e-007	6.91971e-005	0.00264461	0.043204	0.262714	0.487892	0.191211	0.0120328	0.000229418	1.86156e-006	8.23751e-009	9.60417e-011	9.94461e-013	3.94307e-014	2.51099e-016	5.15151e-018	1.79841e-020	2.03104e-022	4.03486e-025	2.6269e-027	3.10302e-030	1.18644e-032	8.7265e-036	1.98753e-038	9.47024e-042	1.35965e-044	4.30268e-048	4.35363e-051	9.39501e-055	7.37744e-058	1.11984e-061	7.2618e-065	8.11514e-069	5.24744e-072	4.49141e-075	1.79934e-077	6.29503e-080	
N45	3.26228e-021	1.71398e-017	4.96175e-014	5.02068e-011	5.04781e-012	1.79442e-014	5.67865e-017	5.98412e-019	3.25814e-016	2.09799e-012	6.99555e-009	1.03676e-005	0.00543651	0.648209	0.345504	0.000840272	4.95476e-007	1.1211e-010	1.21988e-014	7.34178e-019	2.70289e-023	9.93422e-028	6.27995e-032	3.06548e-035	2.7902e-039	9.07649e-043	5.28827e-047	1.0048e-050	3.67709e-055	4.18733e-059	9.38981e-064	6.44086e-068	8.77799e-073	3.56504e-077	2.98617e-082	7.03408e-087	3.66248e-092	5.13301e-097	1.66323e-102	1.59032e-107	3.28114e-113	2.34099e-118	4.03684e-124	5.99631e-129	1.48767e-133	
Cryptotermes_austrinus	0	0	0	0	0	0	0	0	0	0	0	0	0	1	0	0	0	0	0	0	0	0	0	0	0	0	0	0	0	0	0	0	0	0	0	0	0	0	0	0	0	0	0	0	0	
Incisitermes_sp	0	0	0	0	0	0	0	0	0	0	0	0	0	0	1	0	0	0	0	0	0	0	0	0	0	0	0	0	0	0	0	0	0	0	0	0	0	0	0	0	0	0	0	0	0	
Cryptotermes_queenslandis	0	0	0	0	0	0	0	0	0	0	0	0	0	0	1	0	0	0	0	0	0	0	0	0	0	0	0	0	0	0	0	0	0	0	0	0	0	0	0	0	0	0	0	0	0	
Cryptotermes_primus	0	0	0	0	0	0	0	0	1	0	0	0	0	0	0	0	0	0	0	0	0	0	0	0	0	0	0	0	0	0	0	0	0	0	0	0	0	0	0	0	0	0	0	0	0	
N46	7.64317e-016	1.3059e-013	3.33693e-011	9.098e-010	1.46983e-009	2.23994e-009	2.45714e-008	8.4671e-007	3.09569e-005	0.000886047	0.02354	0.245216	0.527467	0.190723	0.0119748	0.000160838	5.74012e-007	6.69262e-010	3.03603e-013	1.11882e-016	7.51483e-020	1.55672e-021	7.93207e-025	7.99964e-027	1.67234e-030	8.65754e-033	1.44065e-036	1.62454e-036	2.66943e-038	9.43822e-039	4.75861e-041	9.46681e-042	3.50835e-044	1.00036e-044	2.44642e-046	1.20044e-046	1.10875e-048	9.54801e-050	2.11753e-052	5.27834e-054	5.89855e-057	1.01653e-058	2.0603e-061	5.46573e-062	1.78994e-062	
N47	5.43508e-016	7.2988e-014	8.59394e-012	1.59253e-010	6.03248e-010	2.28785e-009	2.1653e-008	4.63159e-007	1.69263e-005	0.00066042	0.0205957	0.231008	0.526835	0.205922	0.0147188	0.000241558	1.12539e-006	1.86605e-009	1.39647e-012	1.01631e-013	1.17932e-016	3.05313e-017	1.1864e-020	1.42778e-021	3.50053e-025	4.69039e-025	7.36758e-027	3.69922e-026	3.43829e-028	1.26037e-027	6.48329e-030	1.40805e-029	4.70382e-032	4.81566e-032	1.23826e-034	5.69193e-035	1.21381e-037	2.78052e-038	4.98991e-041	6.58772e-042	9.83378e-045	8.8156e-046	2.3565e-048	7.56894e-048	3.42981e-047	
N48	1.02456e-015	1.2775e-013	9.30653e-012	1.49679e-010	6.0578e-010	2.18403e-009	1.70165e-008	4.10112e-007	1.74294e-005	0.000750225	0.0222096	0.233698	0.521904	0.205741	0.0153913	0.000286631	1.73819e-006	4.34199e-009	5.37482e-012	6.0404e-014	1.20303e-016	2.11265e-017	2.65501e-020	1.46916e-020	2.08119e-023	1.36238e-023	1.63461e-026	8.12193e-027	4.97267e-030	1.74075e-030	4.28069e-034	8.99155e-035	1.06678e-038	1.02303e-039	7.80178e-044	2.89117e-045	1.65431e-049	2.44215e-051	1.10469e-055	7.39881e-058	2.65666e-062	9.78136e-065	3.10119e-069	9.76188e-071	1.84165e-071	
Cryptotermes_brevis	0	0	0	0	0	0	0	0	0	0	0	1	0	0	0	0	0	0	0	0	0	0	0	0	0	0	0	0	0	0	0	0	0	0	0	0	0	0	0	0	0	0	0	0	0	
N49	6.0803e-015	9.04395e-013	9.84454e-011	3.08261e-009	2.34731e-009	5.64727e-010	1.17064e-010	2.0983e-009	3.49892e-007	3.63647e-005	0.00190628	0.0426485	0.319731	0.546678	0.0855768	0.00337218	5.06521e-005	3.62704e-007	1.42452e-009	3.4216e-012	5.6262e-015	1.92117e-017	8.36951e-020	1.33991e-021	5.17023e-024	5.0508e-026	1.34523e-028	7.82788e-031	1.39576e-033	4.85661e-036	5.40294e-039	1.11758e-041	7.68191e-045	9.56773e-048	4.21003e-051	3.55268e-054	1.04129e-057	6.70777e-061	1.37094e-064	7.29561e-068	1.08677e-071	5.19113e-075	1.30928e-078	2.13548e-081	4.10949e-084	
Cryptotermes_dudleyi	0	0	0	0	0	0	0	0	0	0	0	0	0	1	0	0	0	0	0	0	0	0	0	0	0	0	0	0	0	0	0	0	0	0	0	0	0	0	0	0	0	0	0	0	0	
Cryptotermes_secundus	0	0	0	0	0	0	0	0	0	0	0	0	0	1	0	0	0	0	0	0	0	0	0	0	0	0	0	0	0	0	0	0	0	0	0	0	0	0	0	0	0	0	0	0	0	
Cryptotermes_cynocephalus	0	0	0	0	0	0	0	0	0	0	0	0	0	0	0	1	0	0	0	0	0	0	0	0	0	0	0	0	0	0	0	0	0	0	0	0	0	0	0	0	0	0	0	0	0	
N50	6.74667e-014	1.17214e-012	2.02662e-011	7.43464e-010	5.75327e-008	3.06409e-006	5.38912e-005	0.000388251	0.00138344	0.00555454	0.049228	0.250792	0.436915	0.21592	0.0369532	0.00271222	9.43276e-005	1.60671e-006	1.35901e-008	6.31134e-011	1.93452e-013	1.10358e-014	2.79583e-016	7.34066e-017	1.21611e-018	1.73966e-019	1.8298e-021	1.49439e-022	8.6868e-025	4.21352e-026	1.10144e-028	2.96957e-030	3.79058e-033	4.3962e-035	3.50295e-038	1.83083e-040	9.53172e-044	3.17983e-046	1.09453e-049	2.88141e-052	6.83865e-056	1.55767e-058	1.23274e-061	3.25137e-063	8.80944e-065	
Cryptotermes_domesticus	0	0	0	0	0	0	0	0	1	0	0	0	0	0	0	0	0	0	0	0	0	0	0	0	0	0	0	0	0	0	0	0	0	0	0	0	0	0	0	0	0	0	0	0	0	
Procryptotermes_australiensis	0	0	0	0	0	0	0	0	0	0	0	0	0	0	0	0	0	1	0	0	0	0	0	0	0	0	0	0	0	0	0	0	0	0	0	0	0	0	0	0	0	0	0	0	0	
Neotermes_insularis	0	0	0	0	0	0	0	0	0	0	0	0	0	0	0	0	0	0	0	1	0	0	0	0	0	0	0	0	0	0	0	0	0	0	0	0	0	0	0	0	0	0	0	0	0	
N51	5.25512e-012	1.19422e-010	2.98742e-009	4.18883e-008	1.26491e-007	8.28422e-008	3.68074e-008	1.92565e-007	7.76051e-006	0.00025196	0.00473782	0.0463841	0.211173	0.397833	0.273196	0.0608988	0.00529635	0.000215341	4.68625e-006	6.30771e-008	6.32912e-010	1.77543e-011	3.98721e-013	2.11807e-014	3.41028e-016	1.07181e-017	1.13019e-019	2.14861e-021	1.48842e-023	1.74251e-025	7.73194e-028	5.60812e-030	1.59576e-032	7.44593e-035	1.39005e-037	4.57669e-040	5.81197e-043	1.4782e-045	1.32809e-048	2.78474e-051	1.84801e-054	3.51888e-057	4.18566e-060	2.52165e-062	1.8315e-064	
Glyptotermes_brevicornis	0	0	0	0	0	0	0	0	0	0	0	0	0	0	1	0	0	0	0	0	0	0	0	0	0	0	0	0	0	0	0	0	0	0	0	0	0	0	0	0	0	0	0	0	0	
Glyptotermes_iridipennis	0	0	0	0	0	0	0	0	0	0	0	0	0	0	1	0	0	0	0	0	0	0	0	0	0	0	0	0	0	0	0	0	0	0	0	0	0	0	0	0	0	0	0	0	0	
Kalotermes_flavicollis	0	0	0	0	0	0	0	0	0	0	0	0	0	0	0	0	0	0	0	0	0	0	0	0	0	0	0	1	0	0	0	0	0	0	0	0	0	0	0	0	0	0	0	0	0	
N52	4.46015e-006	5.62683e-006	2.73659e-005	0.000231338	0.00358778	0.0445365	0.233381	0.295979	0.152404	0.0403334	0.00937539	0.0156268	0.0369979	0.0570229	0.0563739	0.0357374	0.0143015	0.00352319	0.000507454	4.10629e-005	1.7606e-006	5.41669e-008	1.23524e-009	3.46494e-011	6.30406e-013	1.32057e-014	1.55184e-016	2.0643e-018	1.5851e-020	1.40698e-022	7.44593e-025	4.65905e-027	1.77175e-029	8.14093e-032	2.28814e-034	7.95134e-037	1.68294e-039	4.53607e-042	7.33425e-045	1.57342e-047	1.99323e-050	3.65419e-053	4.77368e-056	1.25841e-058	4.4166e-061	
Stolotermes_sp	0	0	0	0	0	0	0	0	0	1	0	0	0	0	0	0	0	0	0	0	0	0	0	0	0	0	0	0	0	0	0	0	0	0	0	0	0	0	0	0	0	0	0	0	0	
N53	7.68067e-010	3.77131e-010	1.49593e-008	1.2213e-006	7.19382e-005	0.00217581	0.0171465	0.00504469	0.000417653	1.6084e-005	3.58137e-007	8.05088e-008	1.91359e-006	4.55708e-005	0.000673179	0.00596088	0.0300048	0.096201	0.177905	0.498602	0.127879	0.0361771	0.00156039	0.000112938	1.65798e-006	4.73734e-008	3.15936e-010	4.38417e-012	1.55686e-014	1.19891e-016	2.51077e-019	1.18666e-021	1.57258e-024	4.94322e-027	4.36184e-030	9.73051e-033	5.94578e-036	9.96466e-039	4.34859e-042	5.74465e-045	1.95111e-048	2.85143e-051	3.60897e-054	1.92553e-056	9.71261e-059	
Zootermopsis_angusticollis	0	0	0	0	0	0	0	0	0	0	0	0	0	0	0	0	0	0	0	1	0	0	0	0	0	0	0	0	0	0	0	0	0	0	0	0	0	0	0	0	0	0	0	0	0	
Zootermopsis_nevadensis	0	0	0	0	0	0	0	0	0	0	0	0	0	0	0	0	0	0	0	1	0	0	0	0	0	0	0	0	0	0	0	0	0	0	0	0	0	0	0	0	0	0	0	0	0	
Mastotermes_darwiniensis	0	0	0	0	0	0	0	0	0	0	0	0	0	0	0	0	0	0	0	0	0	0	0	0	0	0	0	0	0	0	0	0	0	0	0	0	0	0	0	0	0	0	1	0	0	
Porotermes_adamsoni	0	0	0	0	0	0	0	0	0	0	0	0	0	1	0	0	0	0	0	0	0	0	0	0	0	0	0	0	0	0	0	0	0	0	0	0	0	0	0	0	0	0	0	0	0	
N54	0.00543952	0.0287725	0.136606	0.332229	0.344998	0.133241	0.0176028	0.00106501	4.23398e-005	3.03058e-006	5.27963e-007	8.18691e-008	9.00646e-009	7.01988e-010	3.82217e-011	1.49084e-012	3.9876e-014	7.8054e-016	1.0147e-017	1.07219e-019	7.80513e-022	5.17032e-024	2.3366e-026	1.00605e-028	2.94011e-031	8.46209e-034	1.66506e-036	3.34266e-039	4.62229e-042	6.78312e-045	6.85982e-048	7.68165e-051	5.90647e-054	5.2599e-057	3.18509e-060	2.32776e-063	1.15197e-066	7.14967e-070	2.98941e-073	1.63084e-076	6.51903e-080	3.8502e-083	2.22365e-086	1.798e-089	1.57185e-092	
N55	0.00677889	0.0389066	0.181098	0.378792	0.300356	0.0851139	0.00856181	0.000382566	1.04079e-005	4.04401e-007	3.18864e-008	2.21506e-009	1.0593e-010	3.45079e-012	7.63203e-014	1.16536e-015	1.20549e-017	8.78225e-020	4.32626e-022	1.60533e-024	4.26986e-027	9.18816e-030	1.4704e-032	1.99751e-035	2.01142e-038	2.80633e-041	2.28607e-044	3.61427e-046	3.33995e-049	8.61092e-051	6.25005e-054	1.30633e-055	7.38464e-059	1.23495e-060	5.45944e-064	7.23944e-066	2.55579e-069	2.69182e-071	7.58339e-075	6.18801e-077	1.43602e-080	9.26198e-083	1.77672e-086	9.0231e-089	1.10814e-091	
Cryptocercus_primarius	0	0	0	1	0	0	0	0	0	0	0	0	0	0	0	0	0	0	0	0	0	0	0	0	0	0	0	0	0	0	0	0	0	0	0	0	0	0	0	0	0	0	0	0	0	
Cryptocercus_relictus	0	0	1	0	0	0	0	0	0	0	0	0	0	0	0	0	0	0	0	0	0	0	0	0	0	0	0	0	0	0	0	0	0	0	0	0	0	0	0	0	0	0	0	0	0	
Cryptocercus_punctulatus	0	0	0	0	0	0	0	0	0	0	0	0	0	0	0	0	0	1	0	0	0	0	0	0	0	0	0	0	0	0	0	0	0	0	0	0	0	0	0	0	0	0	0	0	0	
N56	0.0123967	0.0287986	0.0721497	0.150368	0.229867	0.241012	0.166108	0.0736951	0.0210684	0.00397585	0.000508028	4.82444e-005	3.55112e-006	4.31496e-007	4.3603e-008	1.08541e-008	9.68655e-010	1.81061e-010	1.12525e-011	1.42568e-012	6.0941e-014	5.25392e-015	1.55241e-016	9.39007e-018	1.94155e-019	8.67857e-021	1.27561e-022	4.44252e-024	4.79903e-026	1.43911e-027	1.19529e-029	3.26177e-031	2.92678e-033	1.32527e-034	1.09999e-036	3.71538e-038	4.68619e-040	2.40467e-041	1.69358e-043	4.37759e-045	4.27545e-047	1.68189e-048	1.21295e-050	3.94484e-052	1.92042e-053	
N57	4.95646e-005	0.000119755	0.000648569	0.00432296	0.0302647	0.140478	0.316492	0.314847	0.145862	0.0379618	0.00735244	0.00137903	0.000198249	2.15981e-005	1.42908e-006	7.94082e-008	2.4503e-009	6.55268e-011	9.19694e-013	1.16194e-014	7.85748e-017	5.10029e-019	1.90778e-021	2.46444e-023	2.24373e-024	3.5649e-025	3.63326e-026	5.06567e-027	4.39252e-028	5.64036e-029	4.29033e-030	5.18845e-031	3.7639e-032	4.74017e-033	3.3527e-034	4.0687e-035	2.99965e-036	3.80961e-037	2.62696e-038	2.95594e-039	2.11123e-040	2.61363e-041	2.391e-042	3.88339e-043	7.32012e-044	
N58	4.0277e-005	0.000110599	0.000609018	0.00414681	0.0297437	0.140411	0.318406	0.315621	0.144795	0.0372708	0.0072441	0.00137798	0.000200142	2.15962e-005	1.41096e-006	7.69535e-008	2.26319e-009	8.01255e-011	7.89388e-013	9.10772e-014	1.10355e-016	8.62255e-017	3.41388e-020	3.00288e-020	7.23425e-024	3.995e-024	6.34495e-028	2.17125e-028	2.44083e-032	5.54811e-033	4.55864e-037	6.8677e-038	4.44743e-042	5.28584e-043	2.68063e-047	2.28854e-048	9.894e-053	8.01301e-054	2.74515e-058	1.50445e-059	4.6405e-064	2.89915e-065	6.53119e-070	2.1041e-071	3.27778e-073	
N59	3.52172e-006	7.38183e-006	9.98216e-005	0.00213318	0.0304392	0.19447	0.411195	0.268089	0.0689039	0.0153039	0.00621077	0.00242576	0.000614579	9.50556e-005	8.9052e-006	7.40207e-007	4.70821e-008	1.26784e-008	6.50047e-010	1.14381e-010	2.66181e-012	2.16738e-013	2.46437e-015	1.01299e-016	6.27709e-019	1.41952e-020	5.21212e-023	6.9252e-025	1.61094e-027	1.35643e-029	2.09599e-032	1.18513e-034	1.26488e-037	5.22456e-040	3.99113e-043	1.25455e-045	7.51353e-049	2.64136e-051	1.2684e-054	4.14982e-057	4.28179e-060	3.86016e-062	3.51422e-065	3.20149e-067	3.28061e-069	
N60	1.32336e-007	7.40875e-007	1.03417e-005	0.000331895	0.0105726	0.135513	0.427517	0.33105	0.0781176	0.0123113	0.00348366	0.000951307	0.000131604	8.31184e-006	2.51239e-007	4.33191e-009	5.27694e-011	6.43972e-013	4.57245e-015	2.52736e-017	6.41483e-020	1.23739e-022	1.24617e-025	1.02676e-028	4.72535e-032	2.69167e-035	7.7042e-039	7.846e-042	2.0706e-045	2.44788e-048	4.75307e-052	3.94562e-055	5.33239e-059	3.0184e-062	2.90447e-066	1.16263e-069	8.60138e-074	2.81259e-077	1.73512e-081	5.28603e-085	3.76739e-089	1.36867e-092	8.70324e-097	3.01092e-100	8.56002e-104	
N61	6.42054e-008	3.75589e-007	9.73307e-006	0.000531338	0.0170725	0.185606	0.454371	0.275104	0.0515464	0.00986096	0.00423724	0.00138704	0.000248392	2.35643e-005	1.21225e-006	9.52685e-008	5.61741e-009	5.03346e-009	1.22199e-010	4.28343e-011	3.3933e-013	4.79609e-014	1.64092e-016	1.01483e-017	1.92035e-020	6.09955e-022	7.53591e-025	1.53896e-026	1.33035e-029	1.79847e-031	1.10545e-034	9.19852e-037	4.06673e-040	2.12723e-042	6.81702e-046	2.43547e-048	6.35365e-052	4.32704e-054	8.44955e-058	5.68152e-060	7.90418e-063	2.14858e-064	4.92739e-068	7.32375e-070	1.63592e-071	
Blatta_orientalis	0	0	0	0	0	0	0	0	0	0	0	0	0	0	0	0	0	1	0	0	0	0	0	0	0	0	0	0	0	0	0	0	0	0	0	0	0	0	0	0	0	0	0	0	0	
N62	8.46221e-007	3.47906e-007	3.68313e-007	2.03512e-005	0.00123851	0.0327018	0.288488	0.578396	0.0947029	0.00434405	0.00010445	1.82366e-006	2.18147e-008	1.63187e-010	7.72218e-013	2.98424e-015	1.1483e-017	5.39651e-020	1.64623e-022	4.5044e-025	6.8644e-028	9.49427e-031	7.54654e-034	7.09619e-037	3.52639e-040	3.32273e-043	1.44395e-046	1.72886e-049	7.92547e-053	9.24726e-056	3.67612e-059	3.31758e-062	1.0126e-065	6.81526e-069	1.56565e-072	8.24046e-076	1.55029e-079	7.947e-083	1.47163e-086	8.76466e-090	2.11628e-093	1.34437e-096	2.9168e-100	1.75837e-103	1.01997e-106	
Periplaneta_australasiae	0	0	0	0	0	0	0	1	0	0	0	0	0	0	0	0	0	0	0	0	0	0	0	0	0	0	0	0	0	0	0	0	0	0	0	0	0	0	0	0	0	0	0	0	0	
Periplaneta_fuliginosa	0	0	0	0	0	0	0	1	0	0	0	0	0	0	0	0	0	0	0	0	0	0	0	0	0	0	0	0	0	0	0	0	0	0	0	0	0	0	0	0	0	0	0	0	0	
N63	3.39147e-007	3.64806e-006	3.93531e-005	0.000360465	0.00511033	0.0657503	0.29779	0.405684	0.183866	0.0357978	0.00488158	0.000656597	5.65701e-005	2.62422e-006	6.03958e-008	3.93498e-009	5.61915e-011	8.3745e-012	5.13905e-014	3.67172e-015	1.13492e-017	3.48467e-019	6.49881e-022	1.0141e-023	1.27142e-026	1.44076e-028	1.51917e-031	2.08165e-033	2.32808e-036	3.61439e-038	3.39256e-041	3.92581e-043	2.77715e-046	2.20047e-048	1.14659e-051	6.0881e-054	3.4409e-057	4.31417e-059	1.25635e-062	6.80419e-065	8.96289e-068	1.87085e-069	4.32485e-073	2.13052e-075	2.41534e-077	
Periplaneta_americana	0	0	0	0	0	0	0	0	0	0	1	0	0	0	0	0	0	0	0	0	0	0	0	0	0	0	0	0	0	0	0	0	0	0	0	0	0	0	0	0	0	0	0	0	0	
Periplaneta_brunnea	0	0	0	0	0	0	0	1	0	0	0	0	0	0	0	0	0	0	0	0	0	0	0	0	0	0	0	0	0	0	0	0	0	0	0	0	0	0	0	0	0	0	0	0	0	
Deropeltis_erythrocephala	0	0	0	0	0	0	0	0	0	0	0	0	0	0	0	0	0	0	1	0	0	0	0	0	0	0	0	0	0	0	0	0	0	0	0	0	0	0	0	0	0	0	0	0	0	
N64	1.85194e-005	5.09454e-005	9.33322e-005	0.000528168	0.000833734	0.000635939	0.00196924	0.0976296	0.312034	0.358378	0.182405	0.0418506	0.00355396	1.91838e-005	4.45518e-008	8.03199e-011	1.05562e-013	1.56108e-016	1.38684e-019	1.28264e-022	6.78454e-026	3.78317e-029	1.23882e-032	4.46202e-036	9.54857e-040	2.37985e-043	3.48717e-047	6.37998e-051	6.66492e-055	9.42243e-059	7.25636e-063	8.2514e-067	4.88484e-071	4.75906e-075	2.28567e-079	2.01531e-083	9.26186e-088	8.82251e-092	4.04001e-096	3.58494e-100	1.90348e-104	1.90515e-108	1.40079e-112	1.6279e-116	1.79876e-120	
Eurycotis_floridana	0	0	0	0	0	0	0	1	0	0	0	0	0	0	0	0	0	0	0	0	0	0	0	0	0	0	0	0	0	0	0	0	0	0	0	0	0	0	0	0	0	0	0	0	0	
Pelmatosilpha_sp	0	0	0	0	0	0	0	0	0	0	0	0	1	0	0	0	0	0	0	0	0	0	0	0	0	0	0	0	0	0	0	0	0	0	0	0	0	0	0	0	0	0	0	0	0	
Periplaneta_japonica	0	0	0	0	0	0	0	0	0	0	1	0	0	0	0	0	0	0	0	0	0	0	0	0	0	0	0	0	0	0	0	0	0	0	0	0	0	0	0	0	0	0	0	0	0	
Lamproblatta_albipalpus	0	0	1	0	0	0	0	0	0	0	0	0	0	0	0	0	0	0	0	0	0	0	0	0	0	0	0	0	0	0	0	0	0	0	0	0	0	0	0	0	0	0	0	0	0	
N65	0.00462782	0.00996137	0.026508	0.0721264	0.168916	0.276324	0.264458	0.135366	0.0359138	0.00530561	0.000438843	5.0229e-005	3.39902e-006	7.74082e-007	3.2851e-008	4.15702e-009	9.11491e-011	5.97084e-012	7.06732e-014	2.46665e-015	1.6542e-017	3.21483e-019	1.27108e-021	1.4836e-023	3.60741e-026	2.9354e-028	4.54701e-031	2.7762e-033	3.80997e-036	4.25472e-038	4.63915e-041	3.06644e-043	6.3365e-046	8.8751e-048	7.17986e-051	3.23341e-053	4.58541e-056	4.39487e-058	2.47996e-061	7.24553e-064	6.67674e-067	4.48315e-069	1.99995e-072	5.73822e-075	2.46211e-077	
N66	0.00565156	0.0128706	0.0268396	0.0479008	0.0958919	0.190078	0.263335	0.219145	0.104505	0.0286877	0.00452937	0.000516446	4.08228e-005	7.27986e-006	4.97995e-007	7.81898e-008	2.84448e-009	2.32476e-010	4.4822e-012	1.95873e-013	2.12194e-015	5.27673e-017	3.38303e-019	5.12873e-021	2.04e-023	2.05195e-025	5.26665e-028	3.75483e-030	6.78813e-033	4.42339e-035	6.06629e-038	3.39877e-040	6.24692e-043	6.6546e-045	7.49196e-048	3.79992e-050	6.48994e-053	5.53913e-055	4.34274e-058	1.43392e-060	1.6154e-063	9.5637e-066	6.26826e-069	2.22325e-071	1.10496e-073	
N67	0.00530896	0.0140297	0.028695	0.0389617	0.0650207	0.143454	0.239154	0.247	0.150665	0.054347	0.0113904	0.00175512	0.000161586	5.15216e-005	3.41928e-006	1.50814e-006	5.43799e-008	1.44655e-008	2.95431e-010	4.51665e-011	5.58831e-013	5.04222e-014	3.99801e-016	2.20962e-017	1.17981e-019	4.22462e-021	1.57002e-023	3.78642e-025	1.04485e-027	2.16115e-029	4.37539e-032	6.64926e-034	1.74806e-036	7.59739e-038	1.013e-040	1.37281e-042	4.63079e-045	2.27364e-046	2.08241e-049	1.92346e-051	4.85168e-054	1.85083e-055	1.37511e-058	1.52068e-060	3.86446e-062	
N68	2.47821e-005	0.000350698	0.00153432	0.00148685	0.00101227	0.00405444	0.0174511	0.0545045	0.143861	0.280242	0.286503	0.152856	0.0418309	0.012153	0.00180741	0.000309492	1.68391e-005	9.81227e-007	1.83447e-008	3.97691e-010	2.99833e-012	2.88536e-014	1.01805e-016	5.05239e-019	9.43157e-022	2.76746e-024	3.01255e-027	5.82177e-030	4.18642e-033	6.52897e-036	3.45622e-039	4.55421e-042	2.45393e-045	4.13982e-048	1.831e-051	2.12677e-054	1.02624e-057	1.37813e-060	4.29853e-064	3.26654e-067	1.03777e-070	9.27141e-074	2.48646e-077	2.004e-080	1.78973e-083	
N69	6.60661e-007	1.24608e-005	3.92909e-005	3.12569e-005	3.76453e-005	0.000231146	0.00250486	0.0196133	0.0975519	0.271742	0.343562	0.192384	0.0556893	0.0139139	0.00231787	0.000347479	1.8861e-005	2.02195e-006	3.56734e-008	3.25959e-009	2.4778e-011	1.43663e-012	1.09376e-014	1.16227e-015	1.2905e-017	1.12715e-018	7.4487e-021	3.57038e-022	1.33809e-024	3.5655e-026	7.72165e-029	1.14712e-030	1.62178e-033	1.74617e-035	1.55392e-038	9.56615e-041	6.2102e-044	3.53772e-046	1.40682e-049	3.93565e-052	1.6634e-055	1.185e-057	4.43715e-061	3.00107e-063	5.13931e-065	
N70	5.31517e-008	4.47603e-007	1.14783e-006	2.60759e-006	8.91015e-006	7.00424e-005	0.000987763	0.0124298	0.088278	0.281334	0.356051	0.184758	0.0544667	0.0168	0.00409815	0.000648398	6.04257e-005	4.52115e-006	1.91998e-007	4.22691e-008	1.16864e-009	3.15538e-010	3.60557e-012	4.18977e-013	2.0458e-015	1.06486e-016	2.31743e-019	5.58559e-021	6.13429e-024	1.61585e-025	1.54463e-027	2.7535e-028	3.08533e-030	3.78601e-031	3.0768e-033	2.44124e-034	1.52575e-036	9.6489e-038	4.7013e-040	1.95758e-041	7.7557e-044	3.72205e-045	1.83012e-047	2.84267e-048	7.70082e-049	
N71	1.86146e-008	1.09322e-007	4.97895e-007	1.36043e-006	4.10312e-006	5.3074e-005	0.00120346	0.0177371	0.119159	0.317911	0.326901	0.140932	0.0428691	0.0208816	0.00902218	0.00261471	0.000575209	9.94591e-005	1.26528e-005	9.03177e-006	2.75091e-006	7.88195e-006	1.24808e-006	1.76694e-006	1.27327e-007	8.75388e-008	2.85389e-009	9.53769e-010	1.48336e-011	2.40138e-012	1.95184e-014	1.5362e-015	7.2349e-018	2.95766e-019	8.61455e-022	1.93608e-023	3.64037e-026	5.04407e-028	6.31017e-031	5.83388e-033	4.95465e-036	3.52506e-038	8.49065e-041	5.88477e-042	4.51382e-043	
N72	7.97742e-010	2.2314e-008	3.45924e-007	3.45072e-006	1.21255e-005	1.83247e-005	6.06872e-005	0.00145107	0.0230401	0.148459	0.344023	0.314797	0.131244	0.0289464	0.00487205	0.00176102	0.000913102	0.000309882	6.74739e-005	1.51156e-005	4.0634e-006	1.3528e-006	2.72488e-007	4.48737e-008	3.88305e-009	2.57561e-010	8.6193e-012	2.24088e-013	3.02285e-015	3.7117e-017	2.32367e-019	1.87868e-021	7.05556e-024	5.35849e-026	1.58662e-028	1.0862e-030	2.50933e-033	1.26397e-035	2.10184e-038	7.48237e-041	9.13182e-044	2.81891e-046	8.14739e-049	6.0086e-051	4.49269e-053	
N73	1.6395e-011	1.04868e-009	5.69546e-008	1.13418e-006	4.7212e-006	7.8387e-006	1.00704e-005	5.66297e-005	0.0016056	0.0255329	0.155632	0.358545	0.321883	0.115381	0.0184651	0.00236653	0.000435112	6.3947e-005	7.50904e-006	1.25872e-006	2.51529e-007	4.00692e-008	3.66547e-009	1.97251e-010	5.53774e-012	9.18427e-014	8.11138e-016	4.38836e-018	1.38976e-020	2.93019e-023	3.96435e-026	4.15483e-029	2.87375e-032	2.37926e-035	1.01704e-038	1.41301e-041	5.19996e-045	1.79431e-047	9.06633e-051	4.54487e-053	2.60844e-056	1.73629e-058	1.10118e-060	9.27127e-063	5.8253e-065	
N74	2.36748e-012	1.7349e-010	1.13899e-008	2.89791e-007	1.51611e-006	2.54498e-006	6.16845e-006	1.90593e-005	0.000127436	0.00271996	0.0374567	0.202012	0.396461	0.276962	0.0744914	0.00898871	0.000695416	5.25014e-005	3.28965e-006	3.96813e-007	1.90126e-008	1.59425e-009	2.5475e-011	9.83659e-013	4.34186e-015	1.28738e-016	2.1194e-019	4.6597e-021	4.15698e-024	4.94645e-026	2.77332e-029	1.80142e-031	6.84257e-035	2.70158e-037	7.36626e-041	2.03008e-043	4.31946e-047	1.06695e-049	2.16445e-053	7.04064e-056	1.65309e-059	6.94847e-062	4.84771e-065	7.6942e-067	1.223e-068	
Archimandrita_tessellata	0	0	0	0	0	0	0	0	0	0	0	0	0	0	0	0	1	0	0	0	0	0	0	0	0	0	0	0	0	0	0	0	0	0	0	0	0	0	0	0	0	0	0	0	0	
N75	5.12426e-012	5.18807e-010	3.32774e-008	2.79697e-007	5.60411e-007	8.41777e-007	4.67966e-006	2.02436e-005	8.0131e-005	0.000513775	0.00993643	0.110163	0.372714	0.360229	0.126326	0.0186652	0.00129684	4.73114e-005	1.02014e-006	2.05016e-008	3.01033e-010	4.7593e-012	3.27278e-014	7.09088e-016	6.00609e-018	9.11754e-019	2.06797e-020	3.35665e-021	3.89025e-023	3.04159e-024	1.6898e-026	6.28647e-028	1.82947e-030	3.38775e-032	5.64466e-035	5.61436e-037	5.78004e-040	3.43887e-042	2.35275e-045	9.73664e-048	4.89234e-051	1.6737e-053	8.07102e-057	4.90248e-059	5.53494e-061	
N76	1.01574e-012	1.23425e-010	7.26495e-009	6.95517e-009	7.28125e-010	7.57367e-011	8.66366e-010	4.26261e-008	2.65825e-006	0.000222288	0.012257	0.249886	0.600318	0.129018	0.0080864	0.000206656	2.51139e-006	1.62136e-008	6.26765e-011	8.22673e-013	1.79608e-013	3.48516e-014	5.05807e-015	7.12119e-016	9.82719e-017	8.63499e-017	2.07607e-017	1.93673e-017	2.48427e-018	9.47275e-019	3.85339e-020	2.61853e-021	1.89838e-023	3.98144e-025	1.16246e-027	1.11784e-029	1.69816e-032	8.73286e-035	7.87247e-038	2.39217e-040	1.38571e-043	2.72382e-046	1.09012e-049	1.71029e-052	2.47484e-055	
Blaberus_discoidalis	0	0	0	0	0	0	0	0	0	0	0	0	1	0	0	0	0	0	0	0	0	0	0	0	0	0	0	0	0	0	0	0	0	0	0	0	0	0	0	0	0	0	0	0	0	
Blaberus_giganteus	0	0	0	0	0	0	0	0	0	0	0	0	0	0	0	0	0	0	0	0	0	0	0	0	0	0	0	0	0	0	1	0	0	0	0	0	0	0	0	0	0	0	0	0	0	
Byrsotria_fumigata	0	0	0	0	0	0	0	0	0	0	0	0	0	0	0	0	0	1	0	0	0	0	0	0	0	0	0	0	0	0	0	0	0	0	0	0	0	0	0	0	0	0	0	0	0	
N77	2.50474e-010	3.34297e-008	1.2124e-007	1.55977e-007	5.92898e-007	4.58908e-006	2.21394e-005	6.26821e-005	0.000209406	0.0145829	0.203357	0.361615	0.28736	0.111305	0.0199689	0.00138479	3.47627e-005	3.3832e-005	3.08185e-005	1.78879e-005	7.00551e-006	2.27062e-006	6.19943e-007	3.42041e-007	8.8853e-008	2.99573e-008	2.34718e-009	5.942e-011	3.69392e-013	2.44469e-015	5.86359e-018	1.72774e-020	2.09382e-023	3.3564e-026	2.33389e-029	2.32507e-032	1.01418e-035	7.0134e-039	2.08317e-042	1.09204e-045	2.39767e-049	1.02926e-052	2.34656e-056	1.60643e-059	1.45913e-062	
Eublaberus_distanti	0	0	0	0	0	0	0	0	0	0	0	0	0	0	0	0	0	0	0	0	0	0	0	0	0	0	1	0	0	0	0	0	0	0	0	0	0	0	0	0	0	0	0	0	0	
Eublaberus_posticus	0	0	0	0	0	0	0	0	0	0	0	0	0	0	0	1	0	0	0	0	0	0	0	0	0	0	0	0	0	0	0	0	0	0	0	0	0	0	0	0	0	0	0	0	0	
Gromphadorhina_portentosa	0	0	0	0	0	0	0	0	0	0	0	0	0	0	0	0	0	0	0	0	0	0	0	0	0	1	0	0	0	0	0	0	0	0	0	0	0	0	0	0	0	0	0	0	0	
N78	1.85252e-009	7.01971e-009	2.96413e-008	1.41551e-007	3.03556e-006	0.000111425	0.00220466	0.0137673	0.0270201	0.0206573	0.0047494	0.000743882	0.000561191	0.000450566	0.000237144	9.58924e-005	0.000186518	0.00121972	0.00560355	0.017409	0.0369451	0.105184	0.163441	0.286291	0.18023	0.107207	0.0219251	0.00353274	0.000210045	1.1675e-005	2.86225e-007	7.41392e-009	9.18072e-011	1.32862e-012	9.39443e-015	8.61715e-017	3.78668e-019	2.41746e-021	7.02972e-024	3.35276e-026	6.96919e-029	2.94903e-031	1.03812e-033	9.65156e-036	1.05e-037	
Lanxoblatta_emarginata	0	0	0	0	0	0	0	0	0	0	0	0	0	0	0	0	0	0	0	0	0	0	0	0	0	0	1	0	0	0	0	0	0	0	0	0	0	0	0	0	0	0	0	0	0	
Phoetalia_sp	0	0	0	0	0	0	0	0	0	0	0	0	0	0	0	0	0	0	0	0	1	0	0	0	0	0	0	0	0	0	0	0	0	0	0	0	0	0	0	0	0	0	0	0	0	
N79	5.77691e-008	4.05623e-007	1.04179e-006	2.55434e-006	9.84166e-006	7.87568e-005	0.0010209	0.0121825	0.0848144	0.2713	0.353641	0.194193	0.0599748	0.0177767	0.00426124	0.000674642	6.40009e-005	4.69329e-006	2.1033e-007	4.54901e-008	1.32841e-009	8.98006e-010	8.13897e-012	1.34535e-011	4.7959e-014	7.79188e-014	1.51673e-016	1.36392e-016	1.71093e-019	7.91253e-020	7.38765e-023	2.19151e-023	1.76043e-026	5.36149e-027	3.64252e-030	9.60825e-031	5.31915e-034	1.05523e-034	4.73111e-038	6.54451e-039	2.52239e-042	3.05731e-043	9.93794e-047	9.77362e-048	1.69176e-048	
Epilampra_sp	0	0	0	0	0	0	0	0	0	0	0	0	0	0	1	0	0	0	0	0	0	0	0	0	0	0	0	0	0	0	0	0	0	0	0	0	0	0	0	0	0	0	0	0	0	
Pycnoscelus_surinamensis	0	0	0	0	0	0	0	0	0	0	0	1	0	0	0	0	0	0	0	0	0	0	0	0	0	0	0	0	0	0	0	0	0	0	0	0	0	0	0	0	0	0	0	0	0	
N80	4.69301e-007	1.96904e-006	6.32323e-006	1.32882e-005	2.66457e-005	9.37067e-005	0.000705815	0.00597474	0.0359002	0.1321	0.27443	0.306934	0.179265	0.0545226	0.00902985	0.000925451	6.49558e-005	5.02138e-006	3.50018e-007	1.02228e-007	1.51597e-008	2.58744e-008	1.42259e-008	2.55663e-008	9.37484e-009	1.03399e-008	2.31158e-009	1.48055e-009	1.99004e-010	7.31864e-011	5.86008e-012	1.28178e-012	6.14662e-014	8.55868e-015	2.53622e-016	2.29353e-017	4.40487e-019	2.75912e-020	3.59995e-022	1.551e-023	1.52558e-025	7.52564e-027	2.29639e-028	3.6404e-029	7.15497e-030	
Macropanesthia_rhinoceros	0	0	0	0	0	0	0	0	0	0	0	0	0	0	0	0	0	0	0	0	0	0	0	0	0	0	0	0	0	0	0	0	0	1	0	0	0	0	0	0	0	0	0	0	0	
Nauphoeta_cinerea	0	0	0	0	0	0	0	0	0	0	0	0	1	0	0	0	0	0	0	0	0	0	0	0	0	0	0	0	0	0	0	0	0	0	0	0	0	0	0	0	0	0	0	0	0	
N81	1.01932e-005	8.56741e-005	0.000599138	0.0016951	0.00321081	0.00888525	0.0229841	0.0445066	0.0882274	0.190589	0.281447	0.228242	0.0989611	0.0258672	0.00419773	0.000458125	3.07181e-005	1.91281e-006	8.06701e-008	1.8915e-008	5.90425e-010	9.42247e-011	1.38067e-012	1.08962e-013	8.03956e-016	3.26824e-017	1.31873e-019	2.83706e-021	6.91254e-024	8.62813e-026	1.35888e-028	1.07072e-030	1.20104e-033	7.52158e-036	6.45647e-039	2.99291e-041	2.03952e-044	8.22089e-047	4.45792e-050	1.25274e-052	5.43898e-056	1.7447e-058	1.73431e-061	2.31462e-063	3.41166e-065	
N82	5.83621e-006	3.72363e-005	0.000226416	0.000761536	0.00244387	0.00930075	0.0235107	0.0359178	0.0514287	0.102626	0.207307	0.267486	0.19285	0.0797327	0.0192316	0.00446911	0.00070626	0.00146704	0.000187366	0.000278274	1.51371e-005	1.03104e-005	2.50779e-007	8.03453e-008	9.65805e-010	1.49854e-010	9.8738e-013	7.67675e-014	3.04166e-016	1.27645e-017	3.24817e-020	8.01628e-022	1.37975e-024	2.25399e-026	2.73431e-029	3.13514e-031	2.91498e-034	3.75841e-036	2.54537e-039	2.59824e-041	6.2508e-044	3.45758e-045	3.49655e-048	1.55447e-049	8.9822e-051	
N83	6.054e-006	3.00401e-005	0.000147858	0.000587615	0.00245929	0.00913529	0.0200128	0.0256117	0.0323648	0.0669131	0.152418	0.246104	0.240658	0.139381	0.0486837	0.0116934	0.00245734	0.000979616	0.000259774	8.5117e-005	1.02975e-005	1.52152e-006	8.56379e-008	6.71587e-009	2.00022e-010	1.45196e-011	2.81744e-013	2.44485e-014	3.38806e-016	2.30825e-017	2.23523e-019	1.0303e-020	7.10185e-023	2.26435e-024	1.141e-026	2.63521e-028	1.02937e-030	2.03141e-032	6.78782e-035	1.36757e-036	6.98691e-039	2.41855e-040	1.22342e-042	4.53445e-044	1.99612e-045	
Diploptera_punctata	0	0	0	0	0	0	0	0	0	0	0	0	0	0	0	0	0	1	0	0	0	0	0	0	0	0	0	0	0	0	0	0	0	0	0	0	0	0	0	0	0	0	0	0	0	
Panchlora_nivea	0	0	0	0	0	0	0	0	0	0	0	1	0	0	0	0	0	0	0	0	0	0	0	0	0	0	0	0	0	0	0	0	0	0	0	0	0	0	0	0	0	0	0	0	0	
Rhabdoblatta_sp	0	0	0	0	0	0	0	0	0	0	0	0	0	0	0	0	0	0	1	0	0	0	0	0	0	0	0	0	0	0	0	0	0	0	0	0	0	0	0	0	0	0	0	0	0	
Galiblatta_sp	0	0	0	0	0	0	0	1	0	0	0	0	0	0	0	0	0	0	0	0	0	0	0	0	0	0	0	0	0	0	0	0	0	0	0	0	0	0	0	0	0	0	0	0	0	
N84	0.00888216	0.0152586	0.0284209	0.0625514	0.133609	0.216262	0.239921	0.176618	0.0851433	0.026883	0.00558833	0.000781731	7.51454e-005	5.18989e-006	2.63267e-007	1.09774e-008	3.78561e-010	1.47856e-011	5.00756e-013	2.14037e-014	6.3113e-016	2.15183e-017	4.71918e-019	1.17855e-020	1.89388e-022	3.51712e-024	4.19914e-026	5.97347e-028	5.40083e-030	6.08474e-032	4.24922e-034	3.91331e-036	2.16102e-038	1.68673e-040	7.54879e-043	5.13565e-045	1.95042e-047	1.23594e-049	4.21721e-052	2.60723e-054	1.03725e-056	8.80977e-059	6.94102e-061	8.26888e-063	1.11067e-064	
Margattea_sp	0	0	0	0	0	0	0	0	0	1	0	0	0	0	0	0	0	0	0	0	0	0	0	0	0	0	0	0	0	0	0	0	0	0	0	0	0	0	0	0	0	0	0	0	0	
Supella_longipalpa	0	0	0	1	0	0	0	0	0	0	0	0	0	0	0	0	0	0	0	0	0	0	0	0	0	0	0	0	0	0	0	0	0	0	0	0	0	0	0	0	0	0	0	0	0	
N85	0.00859115	0.0174323	0.0341845	0.0558438	0.0862176	0.137715	0.19328	0.203219	0.1503	0.0772938	0.0275579	0.0069373	0.00123787	0.000169923	1.80681e-005	2.12285e-006	2.14978e-007	3.01699e-008	2.65357e-009	2.8532e-010	1.74987e-011	1.28632e-012	5.42477e-014	2.79084e-015	8.25785e-017	3.0953e-018	6.57575e-020	1.87062e-021	2.92701e-023	6.60767e-025	7.80219e-027	1.45088e-028	1.34665e-030	2.21977e-032	1.70443e-034	2.59682e-036	1.95868e-038	3.39216e-040	2.54415e-042	4.07798e-044	3.65838e-046	7.06981e-048	9.24287e-050	2.20909e-051	6.46222e-053	
Ectobius_pallidus	0	0	0	0	1	0	0	0	0	0	0	0	0	0	0	0	0	0	0	0	0	0	0	0	0	0	0	0	0	0	0	0	0	0	0	0	0	0	0	0	0	0	0	0	0	
Panchlora_viridis	0	0	0	0	0	0	0	0	0	0	0	0	1	0	0	0	0	0	0	0	0	0	0	0	0	0	0	0	0	0	0	0	0	0	0	0	0	0	0	0	0	0	0	0	0	
N86	0.00267813	0.00599803	0.0169963	0.0498116	0.122719	0.219002	0.259837	0.196356	0.092745	0.027756	0.00530411	0.000717328	6.93545e-005	8.85511e-006	8.50651e-007	1.52421e-007	1.12818e-008	1.36799e-009	6.32613e-011	4.7276e-012	1.37196e-013	6.51794e-015	1.21499e-016	3.84894e-018	4.74577e-020	1.06694e-021	8.95687e-024	1.5086e-025	9.06309e-028	1.28085e-029	5.82139e-032	7.15136e-034	3.23431e-036	5.43738e-038	2.20178e-040	2.83691e-042	1.47243e-044	2.52191e-046	8.35858e-049	8.08327e-051	3.18846e-053	4.07614e-055	1.36176e-057	1.5952e-059	2.40505e-061	
N87	0.00166901	0.00453763	0.013066	0.0369803	0.0982858	0.197669	0.262256	0.220208	0.116337	0.0391517	0.0084889	0.00122242	0.000118823	8.51118e-006	4.54299e-007	2.4756e-008	1.1231e-009	6.7721e-011	2.61801e-012	1.23666e-013	3.34958e-015	1.09417e-016	2.04983e-018	4.72564e-020	6.26804e-022	1.05882e-023	1.0183e-025	1.3067e-027	9.33536e-030	9.46126e-032	5.13162e-034	4.24575e-036	1.81238e-038	1.30598e-040	4.56957e-043	2.97584e-045	9.79996e-048	6.92516e-050	2.19779e-052	1.4461e-054	5.34271e-057	4.26276e-059	2.32048e-061	2.34869e-063	2.72099e-065	
N88	0.000105335	0.0008991	0.00889712	0.0587108	0.212833	0.362275	0.257988	0.0833832	0.0136121	0.00122894	6.58086e-005	2.21538e-006	4.90304e-008	7.48419e-010	8.11913e-012	6.89261e-014	4.64046e-016	3.82257e-018	2.69589e-020	3.24277e-022	2.13445e-024	2.14665e-026	1.05247e-028	7.73549e-031	2.79358e-033	1.52079e-035	4.10235e-038	1.69571e-040	3.4678e-043	1.11737e-045	1.75588e-048	4.52286e-051	5.54293e-054	1.17558e-056	1.13944e-059	2.03923e-062	1.61044e-065	2.59548e-068	1.72197e-071	2.57601e-074	1.78865e-077	3.79781e-080	6.14541e-083	2.40318e-085	9.77069e-088	
N89	1.42223e-007	5.75621e-006	0.000391063	0.0136117	0.185796	0.643198	0.148223	0.00858111	0.000190562	2.01436e-006	1.15511e-008	4.04071e-011	9.23806e-014	2.08074e-016	4.05941e-019	1.75938e-021	3.35332e-024	1.17369e-026	1.46877e-029	3.29922e-032	2.72274e-035	4.07685e-038	2.29408e-041	2.40531e-044	9.50708e-048	7.32812e-051	2.08507e-054	1.2347e-057	2.59454e-061	1.24811e-064	1.98018e-068	8.08668e-072	1.10435e-075	5.35421e-079	6.76416e-083	3.20062e-086	6.05446e-090	4.41723e-093	5.44667e-097	2.24246e-100	3.65119e-104	2.11364e-107	2.88627e-111	1.54967e-114	9.30768e-118	
Blattella_bisignata	0	0	0	0	0	1	0	0	0	0	0	0	0	0	0	0	0	0	0	0	0	0	0	0	0	0	0	0	0	0	0	0	0	0	0	0	0	0	0	0	0	0	0	0	0	
Blattella_germanica	0	0	0	0	0	1	0	0	0	0	0	0	0	0	0	0	0	0	0	0	0	0	0	0	0	0	0	0	0	0	0	0	0	0	0	0	0	0	0	0	0	0	0	0	0	
Blattella_sauteri	0	0	0	0	0	1	0	0	0	0	0	0	0	0	0	0	0	0	0	0	0	0	0	0	0	0	0	0	0	0	0	0	0	0	0	0	0	0	0	0	0	0	0	0	0	
Loboptera_decipiens	0	0	0	0	0	0	0	0	0	0	1	0	0	0	0	0	0	0	0	0	0	0	0	0	0	0	0	0	0	0	0	0	0	0	0	0	0	0	0	0	0	0	0	0	0	
N90	0.00127366	0.0031017	0.00728255	0.0149717	0.0343343	0.0858147	0.175835	0.249441	0.229393	0.134672	0.0496961	0.0120137	0.0018945	0.000248459	2.44397e-005	3.1364e-006	2.46479e-007	2.4661e-008	1.24195e-009	7.81702e-011	2.47312e-012	1.00506e-013	2.0759e-015	5.73684e-017	8.04249e-019	1.59264e-020	1.56448e-022	2.3201e-024	1.65591e-026	1.95526e-028	1.04652e-030	1.02364e-032	4.5445e-035	4.41616e-037	1.73464e-039	1.55284e-041	6.69221e-044	6.96929e-046	2.50827e-048	1.93252e-050	7.36044e-053	6.44159e-055	2.7798e-057	2.81267e-059	3.44044e-061	
N91	0.000309102	0.00177056	0.00735986	0.0116331	0.00856544	0.0109664	0.0325395	0.0973175	0.212482	0.285769	0.216701	0.0910008	0.020387	0.00291834	0.000251553	2.71461e-005	1.50791e-006	1.21364e-007	3.69271e-009	1.62831e-010	2.74009e-012	6.94421e-014	6.96325e-016	1.09562e-017	6.96606e-020	7.27912e-022	3.07457e-024	2.25175e-026	6.58971e-029	3.59414e-031	7.51611e-034	3.17379e-036	5.10608e-039	1.9715e-041	2.54287e-044	8.64747e-047	1.21177e-049	5.60319e-052	6.25804e-055	1.97464e-057	2.62717e-060	1.09271e-062	1.47732e-065	6.511e-068	3.27734e-070	
N92	3.78508e-005	0.00023216	0.00257899	0.0146415	0.0246545	0.0233077	0.0239011	0.0756043	0.205448	0.295837	0.224324	0.0894081	0.018177	0.00177124	7.5397e-005	1.66643e-006	2.17898e-008	2.08391e-010	1.54593e-012	2.025e-014	1.78736e-016	3.13706e-018	2.08092e-020	2.4682e-022	1.09645e-024	8.58716e-027	2.60961e-029	1.39657e-031	2.97467e-034	1.12653e-036	1.71548e-039	4.76343e-042	5.30103e-045	1.13024e-047	9.4156e-051	1.6029e-053	1.0297e-056	1.47387e-059	7.57618e-063	9.29817e-066	4.0856e-069	5.28815e-072	5.65829e-075	2.16204e-077	8.86605e-080	
Hemithyrsocera_sp	0	0	0	0	0	0	1	0	0	0	0	0	0	0	0	0	0	0	0	0	0	0	0	0	0	0	0	0	0	0	0	0	0	0	0	0	0	0	0	0	0	0	0	0	0	
Symplocodes_sp	0	0	0	0	0	0	0	0	0	0	0	0	0	1	0	0	0	0	0	0	0	0	0	0	0	0	0	0	0	0	0	0	0	0	0	0	0	0	0	0	0	0	0	0	0	
N93	2.5272e-006	3.17213e-005	0.000225873	0.000222637	3.72993e-005	8.78508e-006	5.86816e-005	0.000942733	0.0104614	0.0688105	0.239067	0.38793	0.238575	0.0492216	0.00408788	0.00030363	1.1419e-005	6.51955e-007	1.33574e-008	4.38044e-010	5.07107e-012	9.91454e-014	7.10675e-016	8.82772e-018	4.12186e-020	3.39104e-022	1.06184e-024	6.0108e-027	1.29875e-029	5.32921e-032	8.12645e-035	2.51785e-037	2.84864e-040	7.55153e-043	6.53116e-046	1.47357e-048	1.24827e-051	3.81669e-054	2.72245e-057	6.00793e-060	5.36128e-063	1.75395e-065	1.72215e-068	6.30464e-071	2.62746e-073	
Lobopterella_dimidiatipes	0	0	0	0	0	0	0	0	0	0	0	0	1	0	0	0	0	0	0	0	0	0	0	0	0	0	0	0	0	0	0	0	0	0	0	0	0	0	0	0	0	0	0	0	0	
Xestoblatta_sp	0	0	0	0	0	0	0	0	0	0	0	0	1	0	0	0	0	0	0	0	0	0	0	0	0	0	0	0	0	0	0	0	0	0	0	0	0	0	0	0	0	0	0	0	0	
Symploce_sp	0	0	0	0	0	0	0	1	0	0	0	0	0	0	0	0	0	0	0	0	0	0	0	0	0	0	0	0	0	0	0	0	0	0	0	0	0	0	0	0	0	0	0	0	0	
