NODE	7	8	9	10	11	12	13	14	15	16	17	18	19	20	21	22	23	24	25	26	27	28	29	30	31	32	33	34	35	36	37	38	39	40	41	42	
N1	0.112517	0.110675	0.107049	0.10175	0.0949438	0.0868568	0.0777693	0.0680106	0.0579487	0.0479742	0.0384747	0.0297998	0.0222226	0.0159088	0.0109025	0.00713365	0.00444541	0.00263231	0.00147806	0.000785529	0.000394478	0.000186911	8.34554e-005	3.50787e-005	1.38701e-005	5.15693e-006	1.80302e-006	5.93222e-007	1.83992e-007	5.39878e-008	1.5093e-008	4.07752e-009	1.09635e-009	3.1225e-010	1.0705e-010	5.52717e-011	
N2	0.127409	0.116974	0.107519	0.0986284	0.0899271	0.0811811	0.0723325	0.0634773	0.0541395	0.0453537	0.0367869	0.0292704	0.0224598	0.0169092	0.0122189	0.00868831	0.0058961	0.00397016	0.0025354	0.00163724	0.00099528	0.000633423	0.000375071	0.000244158	0.000144796	9.88948e-005	5.94377e-005	4.22874e-005	2.57467e-005	1.89026e-005	1.1948e-005	9.39016e-006	6.8326e-006	6.36203e-006	6.05739e-006	7.21797e-006	
N3	0.0849652	0.0803823	0.0780487	0.07694	0.0761305	0.0749165	0.0728825	0.0698862	0.0651392	0.0597132	0.0530811	0.0463225	0.0390463	0.0322045	0.0255297	0.0197421	0.0146123	0.0105369	0.0072572	0.00487454	0.00312578	0.00195977	0.00117393	0.000690019	0.000388301	0.000215277	0.000114586	6.03087e-005	3.05858e-005	1.53868e-005	7.49899e-006	3.64869e-006	1.74952e-006	8.66819e-007	4.6384e-007	3.17435e-007	
N4	0.193243	0.189066	0.184694	0.164623	0.125335	0.0786832	0.0401659	0.0166438	0.00557915	0.00153837	0.00034944	6.65558e-005	1.06496e-005	1.45573e-006	1.70164e-007	1.7277e-008	1.52318e-009	1.1835e-010	8.09035e-012	4.93788e-013	2.68223e-014	1.31671e-015	5.81423e-017	2.34857e-018	8.62623e-020	2.93636e-021	9.1956e-023	2.70683e-024	7.42184e-026	1.9386e-027	4.76608e-029	1.12581e-030	2.51579e-032	5.40751e-034	1.10308e-035	2.67911e-037	
Cryptocercus_primarius	0	0	0	1	0	0	0	0	0	0	0	0	0	0	0	0	0	0	0	0	0	0	0	0	0	0	0	0	0	0	0	0	0	0	0	0	
Cryptocercus_relictus	0	0	1	0	0	0	0	0	0	0	0	0	0	0	0	0	0	0	0	0	0	0	0	0	0	0	0	0	0	0	0	0	0	0	0	0	
Cryptocercus_punctulatus	0	0	0	0	0	0	0	0	0	0	0	0	0	0	0	0	0	1	0	0	0	0	0	0	0	0	0	0	0	0	0	0	0	0	0	0	
N5	0.118864	0.108927	0.0998298	0.0913919	0.0834498	0.0758821	0.0686213	0.0616523	0.0542262	0.0472707	0.0401849	0.0338063	0.0276304	0.0223386	0.0174827	0.0135496	0.0101302	0.00752494	0.00537651	0.00384078	0.00263229	0.00182029	0.00120425	0.000813069	0.000524046	0.000349229	0.000222028	0.000148063	9.47765e-005	6.46583e-005	4.30372e-005	3.1073e-005	2.2616e-005	1.83265e-005	1.58444e-005	1.59937e-005	
N6	0.0557998	0.0532567	0.0526922	0.0535503	0.0553416	0.0576534	0.0601497	0.0625591	0.063719	0.0642146	0.0628317	0.0604566	0.0560202	0.0508106	0.0440752	0.0373435	0.0300995	0.0237103	0.0177004	0.0129546	0.00895908	0.00610605	0.00392315	0.00250161	0.0015028	0.000903913	0.000513028	0.000294528	0.000160548	8.94297e-005	4.78248e-005	2.64241e-005	1.43941e-005	8.42567e-006	5.3826e-006	4.37759e-006	
N7	0.0221349	0.0220463	0.0236085	0.0266566	0.0310733	0.0367228	0.0434113	0.0508707	0.0579987	0.0648793	0.0700187	0.0737242	0.0743696	0.0728376	0.0678496	0.0611254	0.0520187	0.0427647	0.0330513	0.0247478	0.0173612	0.0118784	0.00759263	0.00478364	0.00281091	0.00165296	0.00090705	0.000508434	0.000268034	0.000147918	7.80905e-005	4.40414e-005	2.44219e-005	1.48127e-005	9.5935e-006	7.92878e-006	
N8	0.00230202	0.00294704	0.00470556	0.00824322	0.0144717	0.0242434	0.0380877	0.0561347	0.0772456	0.0997174	0.11832	0.128034	0.123672	0.106487	0.0806675	0.0540804	0.0318019	0.0165651	0.0075824	0.00308852	0.00110987	0.000357426	0.0001021	2.63929e-005	6.0975e-006	1.29232e-006	2.47506e-007	4.43108e-008	7.28066e-009	1.14242e-009	1.67099e-010	2.36759e-011	3.15669e-012	4.12426e-013	5.34679e-014	9.1053e-015	
Blatta_orientalis	0	0	0	0	0	0	0	0	0	0	0	0	0	0	0	0	0	1	0	0	0	0	0	0	0	0	0	0	0	0	0	0	0	0	0	0	
N9	0.00108004	0.00151073	0.00284542	0.00616248	0.0135909	0.0282738	0.053108	0.0878613	0.12581	0.154512	0.160995	0.141488	0.104213	0.0642065	0.0330186	0.0141926	0.00510175	0.00153903	0.000390343	8.36464e-005	1.51778e-005	2.34688e-006	3.09788e-007	3.5217e-008	3.44821e-009	2.94948e-010	2.19387e-011	1.45859e-012	8.52076e-014	4.66152e-015	2.29601e-016	1.21394e-017	6.63716e-019	4.78335e-020	3.59222e-021	3.76683e-022	
N10	0.000163212	0.000285297	0.000722841	0.00223803	0.00757439	0.0238611	0.0617664	0.123896	0.187711	0.213237	0.180874	0.115106	0.0551934	0.0201898	0.00567936	0.00125058	0.000217065	3.04565e-005	3.46017e-006	3.33067e-007	2.68644e-008	1.99977e-009	1.30217e-010	8.78199e-012	5.15809e-013	3.27445e-014	1.69216e-015	9.30843e-017	4.02157e-018	1.84696e-019	6.73627e-021	2.66225e-022	8.80184e-024	3.20843e-025	1.04923e-026	4.69862e-028	
Periplaneta_americana	0	0	0	0	0	0	0	0	0	0	1	0	0	0	0	0	0	0	0	0	0	0	0	0	0	0	0	0	0	0	0	0	0	0	0	0	
Periplaneta_brunnea	0	0	0	0	0	0	0	1	0	0	0	0	0	0	0	0	0	0	0	0	0	0	0	0	0	0	0	0	0	0	0	0	0	0	0	0	
N11	0.00118347	0.00175017	0.0035677	0.00825354	0.0189118	0.0396637	0.0729001	0.114629	0.152039	0.168802	0.15601	0.119706	0.0761002	0.0400935	0.0175076	0.00635382	0.00191851	0.00048482	0.000102532	1.84095e-005	2.78569e-006	3.74376e-007	4.2889e-008	5.27746e-009	5.55284e-010	9.36334e-011	1.05894e-011	2.13073e-012	2.19985e-013	3.95431e-014	3.47085e-015	5.33661e-016	4.32233e-017	6.50573e-018	7.46417e-019	1.85344e-019	
Periplaneta_australasiae	0	0	0	0	0	0	0	1	0	0	0	0	0	0	0	0	0	0	0	0	0	0	0	0	0	0	0	0	0	0	0	0	0	0	0	0	
Periplaneta_fuliginosa	0	0	0	0	0	0	0	1	0	0	0	0	0	0	0	0	0	0	0	0	0	0	0	0	0	0	0	0	0	0	0	0	0	0	0	0	
Deropeltis_erythrocephala	0	0	0	0	0	0	0	0	0	0	0	0	0	0	0	0	0	0	1	0	0	0	0	0	0	0	0	0	0	0	0	0	0	0	0	0	
N12	0.0563143	0.0533917	0.0523241	0.0527551	0.0543502	0.0567684	0.0596369	0.0625392	0.0644497	0.0654749	0.0646543	0.0623326	0.0579196	0.0521968	0.0450634	0.0375902	0.0299148	0.0229743	0.0167886	0.0118552	0.00795189	0.00517448	0.00319444	0.001927	0.00110234	0.0006237	0.00033525	0.000181946	9.47502e-005	5.15256e-005	2.75578e-005	1.60131e-005	9.48979e-006	6.34167e-006	4.66386e-006	4.3017e-006	
N13	3.29481e-005	6.31619e-005	0.000177984	0.000772341	0.00111901	0.00102035	0.00404423	0.0390621	0.15163	0.289516	0.297207	0.165809	0.0448172	0.00448967	0.000231378	7.3987e-006	1.6008e-007	2.53649e-009	3.03441e-011	2.88239e-013	2.1947e-015	1.39513e-017	7.39173e-020	3.39076e-022	1.33479e-024	4.68494e-027	1.44496e-029	4.07109e-032	1.02781e-034	2.4129e-037	5.14683e-040	1.03053e-042	1.88992e-045	3.26047e-048	5.17269e-051	8.22435e-054	
Eurycotis_floridana	0	0	0	0	0	0	0	1	0	0	0	0	0	0	0	0	0	0	0	0	0	0	0	0	0	0	0	0	0	0	0	0	0	0	0	0	
Pelmatosilpha_sp	0	0	0	0	0	0	0	0	0	0	0	0	1	0	0	0	0	0	0	0	0	0	0	0	0	0	0	0	0	0	0	0	0	0	0	0	
Periplaneta_japonica	0	0	0	0	0	0	0	0	0	0	1	0	0	0	0	0	0	0	0	0	0	0	0	0	0	0	0	0	0	0	0	0	0	0	0	0	
Lamproblatta_albipalpus	0	0	1	0	0	0	0	0	0	0	0	0	0	0	0	0	0	0	0	0	0	0	0	0	0	0	0	0	0	0	0	0	0	0	0	0	
N14	0.115341	0.106789	0.099741	0.0935611	0.0876539	0.0815591	0.0750045	0.0679154	0.0595628	0.0511195	0.0422049	0.0339708	0.0261489	0.0195891	0.0139581	0.00968728	0.00636248	0.00408792	0.00247385	0.00147803	0.000827789	0.000464448	0.00024282	0.000129557	6.39385e-005	3.2824e-005	1.54474e-005	7.69152e-006	3.50368e-006	1.7165e-006	7.79908e-007	3.88086e-007	1.86949e-007	1.02522e-007	6.15656e-008	5.03073e-008	
N15	0.104088	0.097275	0.0923604	0.0884208	0.084635	0.0804105	0.0754432	0.0697054	0.0622983	0.0546358	0.0460687	0.0380822	0.0300685	0.0233073	0.0171214	0.0124184	0.00845333	0.0057584	0.00363431	0.00235572	0.00138785	0.000876094	0.000487218	0.000307295	0.000163427	0.000104806	5.35454e-005	3.47425e-005	1.71095e-005	1.11588e-005	5.38792e-006	3.63181e-006	1.9739e-006	1.63634e-006	1.36199e-006	1.68469e-006	
N16	0.0676606	0.0657563	0.0667705	0.0692419	0.0718245	0.0734964	0.0737138	0.0724257	0.0686804	0.064083	0.0577604	0.0514349	0.0440347	0.0372818	0.030062	0.024046	0.0181285	0.013695	0.00965285	0.00694683	0.00460784	0.0032002	0.00201257	0.00136019	0.000814947	0.000536431	0.000305739	0.000194808	0.000106239	6.61351e-005	3.57306e-005	2.28531e-005	1.36668e-005	1.01838e-005	8.06197e-006	8.43828e-006	
N17	0.0153211	0.0162826	0.0191572	0.0235878	0.0291596	0.0353423	0.0415815	0.047483	0.0520248	0.0560784	0.0587765	0.0615683	0.0628647	0.0641891	0.0629423	0.0612777	0.0562271	0.0512287	0.0434106	0.0369008	0.0288392	0.0229594	0.0165789	0.0123926	0.00828558	0.00582038	0.00360935	0.00238722	0.00139302	0.000886062	0.000508715	0.000329833	0.000206352	0.000153158	0.000122152	0.000123908	
N18	0.000467927	0.000569478	0.000842335	0.00136589	0.00225445	0.00363143	0.00560454	0.00826262	0.0115545	0.0156979	0.0206675	0.0270089	0.0345606	0.0439379	0.0539662	0.0648636	0.073773	0.0812921	0.083735	0.083649	0.0775228	0.0702348	0.0586363	0.0484953	0.0367209	0.0280469	0.0194963	0.0139898	0.00916029	0.00638131	0.00414298	0.00296093	0.00206785	0.0016436	0.00138282	0.00141235	
N19	8.65176e-005	0.000104441	0.000155614	0.000261799	0.000461535	0.000811316	0.00138412	0.00226886	0.00356494	0.00543582	0.00808593	0.0118474	0.0170574	0.0241335	0.0332176	0.0442918	0.0565319	0.0689717	0.0796861	0.0874275	0.0902944	0.0884112	0.0812589	0.071007	0.0582299	0.0457987	0.033929	0.0245822	0.0170119	0.0119864	0.00835551	0.0062835	0.00487503	0.00421088	0.00387284	0.00410672	
N20	1.22918e-005	1.65746e-005	2.87252e-005	5.55086e-005	0.000109602	0.000212213	0.000398479	0.000730078	0.00131561	0.00234604	0.00410714	0.00700282	0.0115152	0.0182004	0.0275094	0.0396676	0.0542165	0.0700231	0.0849331	0.096575	0.102423	0.101366	0.0932687	0.0800621	0.0639742	0.0479454	0.0336925	0.0225011	0.0143079	0.00883493	0.00530347	0.00316075	0.00186248	0.00111266	0.000692466	0.000516777	
N21	1.81554e-006	2.74603e-006	5.6446e-006	1.31421e-005	3.12204e-005	7.2346e-005	0.000162157	0.000354418	0.000759976	0.00159764	0.00325824	0.00637905	0.0118596	0.0207728	0.0340024	0.0516999	0.0725532	0.0935942	0.110519	0.119225	0.117224	0.105038	0.0857108	0.0638049	0.0433684	0.027022	0.0154754	0.00820046	0.00403911	0.00186675	0.000814446	0.000339798	0.000137215	5.54662e-005	2.41288e-005	1.38488e-005	
N22	1.3429e-006	1.97737e-006	4.03788e-006	9.64218e-006	2.41467e-005	6.02323e-005	0.000146678	0.00034589	0.000785202	0.00170802	0.00354237	0.00697652	0.0129817	0.0226936	0.0370101	0.0559243	0.077779	0.0990836	0.115168	0.121847	0.117131	0.102258	0.0810567	0.0584055	0.0382927	0.0229102	0.0125337	0.00630264	0.00292186	0.00126043	0.000508327	0.000195867	7.37787e-005	2.98061e-005	1.49384e-005	1.19031e-005	
N23	1.44011e-006	2.32306e-006	5.31219e-006	1.39789e-005	3.80419e-005	0.000102646	0.000270096	0.000686125	0.00166487	0.00381387	0.00814283	0.0160217	0.0287865	0.0469473	0.0692465	0.0922644	0.111086	0.121103	0.119889	0.108199	0.0893596	0.0677921	0.0473505	0.0304927	0.0180877	0.00987268	0.00494381	0.00227087	0.00095592	0.000372207	0.000135916	4.87385e-005	1.8159e-005	7.69397e-006	3.94965e-006	2.895e-006	
Archimandrita_tessellata	0	0	0	0	0	0	0	0	0	0	0	0	0	0	0	0	1	0	0	0	0	0	0	0	0	0	0	0	0	0	0	0	0	0	0	0	
N24	8.58738e-007	1.5787e-006	4.13417e-006	1.21494e-005	3.88361e-005	0.00013514	0.000485203	0.00166964	0.00518253	0.0139023	0.0312392	0.057668	0.0870302	0.109047	0.117431	0.112955	0.0994336	0.0824864	0.0666834	0.0541863	0.0447007	0.0367327	0.0289298	0.0210695	0.0138061	0.00803303	0.00411076	0.00185871	0.000744541	0.000273034	9.43933e-005	3.3432e-005	1.2389e-005	4.96592e-006	2.05782e-006	1.05995e-006	
Blaberus_discoidalis	0	0	0	0	0	0	0	0	0	0	0	0	1	0	0	0	0	0	0	0	0	0	0	0	0	0	0	0	0	0	0	0	0	0	0	0	
Blaberus_giganteus	0	0	0	0	0	0	0	0	0	0	0	0	0	0	0	0	0	0	0	0	0	0	0	0	0	0	0	0	0	0	1	0	0	0	0	0	
N25	5.95615e-007	1.09689e-006	2.59339e-006	7.19699e-006	2.22639e-005	6.46004e-005	0.000178184	0.000543851	0.00180247	0.00529956	0.0118903	0.0194092	0.0233327	0.0217205	0.017481	0.016347	0.0242249	0.0462436	0.0826431	0.124314	0.153461	0.155064	0.127886	0.0864526	0.0478486	0.0218866	0.00828766	0.00264892	0.000719557	0.000171585	3.61462e-005	6.95222e-006	1.20773e-006	1.94061e-007	2.93507e-008	5.83565e-009	
Eublaberus_distanti	0	0	0	0	0	0	0	0	0	0	0	0	0	0	0	0	0	0	0	0	0	0	0	0	0	0	1	0	0	0	0	0	0	0	0	0	
Eublaberus_posticus	0	0	0	0	0	0	0	0	0	0	0	0	0	0	0	1	0	0	0	0	0	0	0	0	0	0	0	0	0	0	0	0	0	0	0	0	
Byrsotria_fumigata	0	0	0	0	0	0	0	0	0	0	0	0	0	0	0	0	0	1	0	0	0	0	0	0	0	0	0	0	0	0	0	0	0	0	0	0	
Gromphadorhina_portentosa	0	0	0	0	0	0	0	0	0	0	0	0	0	0	0	0	0	0	0	0	0	0	0	0	0	1	0	0	0	0	0	0	0	0	0	0	
N26	2.22534e-005	2.65057e-005	3.90436e-005	6.60404e-005	0.000119488	0.000218649	0.000389748	0.00066348	0.00106971	0.00164738	0.00244227	0.00353934	0.00507049	0.0072926	0.0105927	0.0155289	0.0226151	0.0322778	0.0443661	0.0581995	0.072036	0.0839818	0.0916055	0.0938405	0.0898987	0.0812506	0.0691033	0.0561314	0.0434956	0.0328355	0.0241161	0.0176738	0.0129282	0.00979672	0.00788093	0.00723808	
Lanxoblatta_emarginata	0	0	0	0	0	0	0	0	0	0	0	0	0	0	0	0	0	0	0	0	0	0	0	0	0	0	1	0	0	0	0	0	0	0	0	0	
Phoetalia_sp	0	0	0	0	0	0	0	0	0	0	0	0	0	0	0	0	0	0	0	0	1	0	0	0	0	0	0	0	0	0	0	0	0	0	0	0	
N27	0.000407674	0.000467182	0.000639463	0.000975713	0.00156292	0.00252407	0.00401501	0.00621788	0.00930784	0.0135008	0.0189465	0.0258203	0.0341035	0.0437192	0.0541331	0.0646712	0.0740477	0.0812057	0.0848003	0.0844566	0.0798245	0.0718924	0.0613968	0.0500719	0.0387765	0.0288459	0.0204687	0.0141253	0.00940221	0.00624033	0.00409972	0.0028155	0.00201343	0.00160614	0.00141899	0.00147919	
N28	0.00084684	0.000950552	0.00124738	0.00179109	0.00267693	0.00404237	0.00606611	0.00896178	0.0129499	0.0182594	0.0250297	0.033295	0.0428374	0.0531986	0.0635556	0.0728923	0.0800017	0.0839085	0.0839118	0.0799864	0.0725697	0.0627182	0.0515964	0.040495	0.0303279	0.0217739	0.0150176	0.0100414	0.00654822	0.0042347	0.00274587	0.0018285	0.00126723	0.00094206	0.000767669	0.000716232	
Epilampra_sp	0	0	0	0	0	0	0	0	0	0	0	0	0	0	1	0	0	0	0	0	0	0	0	0	0	0	0	0	0	0	0	0	0	0	0	0	
Nauphoeta_cinerea	0	0	0	0	0	0	0	0	0	0	0	0	1	0	0	0	0	0	0	0	0	0	0	0	0	0	0	0	0	0	0	0	0	0	0	0	
N29	0.000305748	0.000334484	0.000426677	0.000607979	0.000925692	0.00145351	0.00229638	0.00359306	0.0054987	0.00820856	0.011878	0.0166558	0.0225352	0.0294349	0.0369969	0.0448384	0.0522993	0.0588884	0.0638534	0.0669342	0.0675975	0.0661149	0.0622886	0.0569699	0.0501583	0.0431026	0.0357139	0.0293571	0.0236053	0.0197178	0.0168716	0.016148	0.016461	0.0187728	0.0219912	0.0271644	
Macropanesthia_rhinoceros	0	0	0	0	0	0	0	0	0	0	0	0	0	0	0	0	0	0	0	0	0	0	0	0	0	0	0	0	0	0	0	0	0	1	0	0	
Pycnoscelus_surinamensis	0	0	0	0	0	0	0	0	0	0	0	0	0	0	0	0	0	0	0	0	1	0	0	0	0	0	0	0	0	0	0	0	0	0	0	0	
N30	0.0173167	0.0179005	0.0202907	0.0241416	0.0290871	0.0347135	0.0405744	0.0462464	0.0512518	0.0556043	0.0590837	0.061857	0.0635787	0.0642438	0.063281	0.0607519	0.0563094	0.0505311	0.0435446	0.0362853	0.0289863	0.0224347	0.0166308	0.0119833	0.00825688	0.00555691	0.00356976	0.00226319	0.0013731	0.000842725	0.000502795	0.00031996	0.000208267	0.00016096	0.000144648	0.000172231	
N31	0.0231076	0.0224795	0.0231432	0.0249841	0.0279336	0.0319239	0.0368493	0.0425367	0.0483863	0.0543398	0.0595793	0.0639883	0.066674	0.0676695	0.0662833	0.0629497	0.0574234	0.0506233	0.0427301	0.034823	0.0271268	0.0204284	0.0147038	0.0102741	0.00687858	0.00451014	0.0028534	0.00179557	0.00110515	0.000691125	0.000430347	0.000277984	0.000182682	0.000128414	9.76101e-005	8.78375e-005	
Diploptera_punctata	0	0	0	0	0	0	0	0	0	0	0	0	0	0	0	0	0	1	0	0	0	0	0	0	0	0	0	0	0	0	0	0	0	0	0	0	
N32	0.010427	0.0116203	0.0150152	0.0211453	0.0308173	0.0446859	0.0625702	0.082761	0.101121	0.113884	0.116717	0.109191	0.0924692	0.071261	0.0496574	0.0314913	0.0180753	0.00946054	0.0044919	0.00195166	0.000771917	0.00028081	9.34408e-005	2.8799e-005	8.17268e-006	2.16804e-006	5.34065e-007	1.2433e-007	2.71307e-008	5.65237e-009	1.112e-009	2.10088e-010	3.76206e-011	6.51959e-012	1.13609e-012	2.86074e-013	
Galiblatta_sp	0	0	0	0	0	0	0	1	0	0	0	0	0	0	0	0	0	0	0	0	0	0	0	0	0	0	0	0	0	0	0	0	0	0	0	0	
N33	0.000151374	0.000207601	0.000345706	0.000702078	0.00189446	0.00628282	0.0203123	0.0547078	0.114246	0.181351	0.21436	0.189145	0.123842	0.0611677	0.0228486	0.00662406	0.0014948	0.000271164	3.94151e-005	4.78272e-006	4.77216e-007	4.1473e-008	3.03004e-009	2.02668e-010	1.15817e-011	6.384e-013	3.01929e-014	1.43503e-015	5.83818e-017	2.44948e-018	8.87834e-020	3.36273e-021	1.12911e-022	3.91315e-024	1.23124e-025	4.92778e-027	
Panchlora_nivea	0	0	0	0	0	0	0	0	0	0	0	1	0	0	0	0	0	0	0	0	0	0	0	0	0	0	0	0	0	0	0	0	0	0	0	0	
Rhabdoblatta_sp	0	0	0	0	0	0	0	0	0	1	0	0	0	0	0	0	0	0	0	0	0	0	0	0	0	0	0	0	0	0	0	0	0	0	0	0	
Panchlora_viridis	0	0	0	0	0	0	0	0	0	0	0	0	1	0	0	0	0	0	0	0	0	0	0	0	0	0	0	0	0	0	0	0	0	0	0	0	
N34	0.109175	0.100472	0.0929156	0.0862442	0.0801759	0.0744467	0.068841	0.0632117	0.0569443	0.0507014	0.0441076	0.0377897	0.0315273	0.0258398	0.0205649	0.0160559	0.0121433	0.00900735	0.006461	0.00455204	0.00309846	0.00207896	0.00134781	0.000866944	0.000540041	0.000337361	0.000205306	0.000127282	7.77348e-005	4.92662e-005	3.12247e-005	2.09013e-005	1.43205e-005	1.06774e-005	8.62567e-006	8.1559e-006	
Margattea_sp	0	0	0	0	0	0	0	0	0	1	0	0	0	0	0	0	0	0	0	0	0	0	0	0	0	0	0	0	0	0	0	0	0	0	0	0	
Supella_longipalpa	0	0	0	1	0	0	0	0	0	0	0	0	0	0	0	0	0	0	0	0	0	0	0	0	0	0	0	0	0	0	0	0	0	0	0	0	
Ectobius_pallidus	0	0	0	0	1	0	0	0	0	0	0	0	0	0	0	0	0	0	0	0	0	0	0	0	0	0	0	0	0	0	0	0	0	0	0	0	
N35	0.128385	0.117379	0.107114	0.0974603	0.0882696	0.0794157	0.0708198	0.0624632	0.0537369	0.0455228	0.0374218	0.0301822	0.0235051	0.0179171	0.0131269	0.0094091	0.00645521	0.00434257	0.00278602	0.00176355	0.0010611	0.000637006	0.000362157	0.000208845	0.000113594	6.39949e-005	3.38501e-005	1.8986e-005	1.00144e-005	5.74319e-006	3.14725e-006	1.9202e-006	1.16492e-006	8.1157e-007	6.13739e-007	5.84134e-007	
N36	0.135129	0.122972	0.111191	0.0998527	0.0890063	0.0786936	0.0689585	0.0598487	0.0507389	0.0425069	0.0346613	0.0278729	0.0217347	0.0166908	0.0123824	0.00904418	0.00635827	0.00440718	0.00293093	0.00192948	0.00121542	0.000763212	0.000457497	0.000276214	0.000159033	9.35212e-005	5.25149e-005	3.06442e-005	1.72032e-005	1.02226e-005	5.92956e-006	3.69691e-006	2.31061e-006	1.59302e-006	1.18442e-006	1.07864e-006	
N37	0.149376	0.135286	0.121171	0.107301	0.0939005	0.0811447	0.0691717	0.0580907	0.04737	0.0379032	0.0292942	0.0221301	0.0160665	0.0113695	0.0076993	0.0050759	0.00319157	0.00195474	0.00113893	0.000647999	0.000350081	0.00018554	9.3269e-005	4.6326e-005	2.18402e-005	1.02793e-005	4.60779e-006	2.08977e-006	9.09781e-007	4.0621e-007	1.75919e-007	7.89092e-008	3.49957e-008	1.6611e-008	8.68115e-009	6.11837e-009	
N38	0.0823212	0.0865438	0.0996742	0.116664	0.129904	0.131803	0.119028	0.0946322	0.0650495	0.0391605	0.0203634	0.00931517	0.00369638	0.00130103	0.000399659	0.000110019	2.66075e-005	5.83375e-006	1.131e-006	2.01322e-007	3.18791e-008	4.69904e-009	6.19566e-010	7.71761e-011	8.65263e-012	9.31157e-013	9.08629e-014	8.64891e-015	7.544e-016	6.50675e-017	5.20131e-018	4.13525e-019	3.07537e-020	2.26537e-021	1.59819e-022	1.55448e-023	
Blattella_bisignata	0	0	0	0	0	1	0	0	0	0	0	0	0	0	0	0	0	0	0	0	0	0	0	0	0	0	0	0	0	0	0	0	0	0	0	0	
Blattella_germanica	0	0	0	0	0	1	0	0	0	0	0	0	0	0	0	0	0	0	0	0	0	0	0	0	0	0	0	0	0	0	0	0	0	0	0	0	
Blattella_sauteri	0	0	0	0	0	1	0	0	0	0	0	0	0	0	0	0	0	0	0	0	0	0	0	0	0	0	0	0	0	0	0	0	0	0	0	0	
Loboptera_decipiens	0	0	0	0	0	0	0	0	0	0	1	0	0	0	0	0	0	0	0	0	0	0	0	0	0	0	0	0	0	0	0	0	0	0	0	0	
N39	0.121102	0.110962	0.101658	0.0930044	0.0848337	0.0770195	0.0694933	0.062246	0.0544858	0.0472082	0.0397718	0.0331081	0.0266617	0.0212128	0.0162388	0.0123117	0.00892697	0.00645238	0.00443135	0.00307372	0.00200986	0.0013557	0.000852198	0.000568552	0.00034797	0.000233344	0.00014048	9.54875e-005	5.73782e-005	4.01855e-005	2.51582e-005	1.91651e-005	1.39721e-005	1.27918e-005	1.21767e-005	1.42859e-005	
N40	0.0314072	0.0313209	0.033523	0.037652	0.0434164	0.0505138	0.0585477	0.0669544	0.0739352	0.0793412	0.081062	0.079697	0.073909	0.0656467	0.0547084	0.043632	0.0325569	0.0232901	0.0155643	0.0100088	0.00600853	0.00348925	0.00189166	0.00099871	0.000493071	0.00023894	0.000108637	4.88748e-005	2.0746e-005	8.76764e-006	3.51816e-006	1.41071e-006	5.44556e-007	2.16125e-007	9.23105e-008	5.45967e-008	
N41	0.0207598	0.0215261	0.0246821	0.0302225	0.038268	0.0488587	0.0616668	0.0756738	0.0883116	0.0976418	0.100561	0.0965811	0.0854396	0.0699953	0.0525659	0.0364995	0.0231957	0.0136514	0.00735289	0.00368318	0.00168979	0.000726238	0.000286271	0.000106938	3.67391e-005	1.21803e-005	3.73577e-006	1.13642e-006	3.24014e-007	9.47663e-008	2.64304e-008	7.70285e-009	2.15826e-009	6.32106e-010	1.92472e-010	8.60258e-011	
Hemithyrsocera_sp	0	0	0	0	0	0	1	0	0	0	0	0	0	0	0	0	0	0	0	0	0	0	0	0	0	0	0	0	0	0	0	0	0	0	0	0	
Symplocodes_sp	0	0	0	0	0	0	0	0	0	0	0	0	0	1	0	0	0	0	0	0	0	0	0	0	0	0	0	0	0	0	0	0	0	0	0	0	
N42	0.00661979	0.00722533	0.00903399	0.0122831	0.0174115	0.0250067	0.0356584	0.0496476	0.0657968	0.0828565	0.0970912	0.106347	0.10706	0.100059	0.0854643	0.0677095	0.0489069	0.0328664	0.0201196	0.0115365	0.00602519	0.00298033	0.00134293	0.000582483	0.000230296	8.95739e-005	3.1804e-005	1.14031e-005	3.75567e-006	1.28164e-006	4.06596e-007	1.35301e-007	4.24967e-008	1.40863e-008	4.86185e-009	2.46478e-009	
Lobopterella_dimidiatipes	0	0	0	0	0	0	0	0	0	0	0	0	1	0	0	0	0	0	0	0	0	0	0	0	0	0	0	0	0	0	0	0	0	0	0	0	
Xestoblatta_sp	0	0	0	0	0	0	0	0	0	0	0	0	1	0	0	0	0	0	0	0	0	0	0	0	0	0	0	0	0	0	0	0	0	0	0	0	
Symploce_sp	0	0	0	0	0	0	0	1	0	0	0	0	0	0	0	0	0	0	0	0	0	0	0	0	0	0	0	0	0	0	0	0	0	0	0	0	
