NODE	7	8	9	10	11	12	13	14	15	16	17	18	19	20	21	22	23	24	25	26	27	28	29	30	31	32	33	34	35	36	37	38	39	40	41	42	43	44	45	46	47	48	49	50	51	
N1	0.00453172	0.0090546	0.02598	0.0748577	0.170306	0.265569	0.256635	0.142392	0.0431135	0.00694142	0.000591113	2.6885e-005	6.66144e-007	9.22744e-009	7.35638e-011	3.47876e-013	8.65867e-018	3.69258e-019	1.26641e-020	3.53811e-022	8.14929e-024	1.56467e-025	2.52989e-027	3.4772e-029	4.09776e-031	4.17338e-033	3.70013e-035	2.87504e-037	1.96993e-039	1.19705e-041	6.4852e-044	3.14774e-046	1.37502e-048	5.42847e-051	1.9445e-053	6.34289e-056	1.89058e-058	5.16554e-061	1.29763e-063	3.00549e-066	6.43508e-069	1.27686e-071	2.35345e-074	4.0396e-077	7.15777e-080	
N2	0.00605689	0.0133365	0.0349843	0.0841676	0.163551	0.235995	0.234024	0.150024	0.0601474	0.0150546	0.00237873	0.000257066	1.95759e-005	3.18024e-006	3.2926e-007	1.32422e-007	9.96248e-009	2.57915e-009	1.17888e-010	1.84209e-011	5.19844e-013	4.94667e-014	8.84685e-016	5.23873e-017	6.09443e-019	2.34116e-020	1.80726e-022	4.7601e-024	2.5029e-026	5.04791e-028	1.84618e-030	3.04999e-032	1.19322e-034	4.30143e-036	1.28126e-038	2.73238e-040	1.79012e-042	7.55161e-044	1.70134e-046	2.4656e-048	1.12043e-050	3.3599e-052	6.8776e-055	1.18608e-056	2.99557e-058	
N3	0.00891363	0.0203276	0.0430788	0.0676621	0.0902669	0.127447	0.17301	0.187029	0.148168	0.0849068	0.0348573	0.0108822	0.00257296	0.000668539	0.000146761	5.01975e-005	9.44262e-006	2.41528e-006	2.96827e-007	4.90245e-008	3.90828e-009	4.30784e-010	2.29626e-011	1.77131e-012	6.50939e-014	3.68439e-015	9.53931e-017	4.11139e-018	7.72947e-020	2.71156e-021	3.81733e-023	1.13769e-024	1.42941e-026	4.74275e-028	5.43024e-030	1.5725e-031	2.06803e-033	6.7107e-035	6.42185e-037	1.39463e-038	1.40836e-040	3.40538e-042	3.40955e-044	8.59428e-046	2.73764e-047	
N4	0.00333255	0.00688597	0.0141265	0.0231309	0.0322648	0.0487968	0.0840769	0.135011	0.172433	0.171247	0.12558	0.0815507	0.039005	0.0309604	0.0131503	0.0120511	0.00357705	0.00221882	0.000414432	0.000162867	1.94438e-005	4.98744e-006	3.91287e-007	6.78049e-008	3.62643e-009	4.48951e-010	1.6707e-011	1.51161e-012	4.18633e-014	3.27346e-015	6.68519e-017	4.14129e-018	8.62044e-020	7.82429e-021	1.16226e-022	6.44627e-024	1.28417e-025	1.1245e-026	1.23641e-028	5.02576e-030	7.35567e-032	4.83711e-033	4.90582e-035	2.42589e-036	1.88014e-037	
N5	1.0864e-005	9.17059e-005	0.000712497	0.0021176	0.00181676	0.00108341	0.00323331	0.0137444	0.0403965	0.0837659	0.133487	0.185046	0.212089	0.180223	0.0962502	0.0360842	0.00818762	0.0014878	0.000156301	1.49046e-005	8.09921e-007	4.51404e-008	1.43599e-009	5.08791e-011	1.02682e-012	2.43504e-014	3.26706e-016	5.38655e-018	5.01074e-020	6.0207e-022	4.03902e-024	3.69317e-026	1.89825e-028	1.42408e-030	5.99547e-033	3.91351e-035	1.51645e-037	9.66328e-040	3.51884e-042	2.06096e-044	7.31675e-047	4.36391e-049	1.89128e-051	1.40166e-053	1.17741e-055	
N6	2.10333e-007	3.42515e-006	3.76249e-005	9.63926e-005	4.59024e-005	1.79047e-005	5.22759e-005	0.000578392	0.00521581	0.0291037	0.100361	0.220122	0.298775	0.231489	0.0921918	0.0195531	0.00219685	0.000153648	6.20289e-006	1.93743e-007	3.51142e-009	7.27906e-011	7.17799e-013	1.47725e-014	9.35343e-017	1.8622e-018	8.28909e-021	1.3284e-022	4.46631e-025	5.74428e-027	1.54551e-029	1.6255e-031	3.55309e-034	3.02329e-036	5.21254e-039	3.46671e-041	4.77247e-044	2.54206e-046	2.72968e-049	1.12513e-051	9.88116e-055	3.41312e-057	2.51153e-060	8.12398e-063	2.24001e-065	
N7	2.41061e-011	1.76946e-009	6.95442e-008	5.10078e-007	1.97121e-007	1.78931e-008	6.67095e-009	1.49977e-007	9.95655e-006	0.000380987	0.00756895	0.0715928	0.286871	0.418076	0.188294	0.0258788	0.00129822	2.83954e-005	3.09432e-007	2.09796e-009	1.00835e-011	9.38021e-014	5.02467e-016	5.02402e-018	1.65318e-020	9.57552e-023	1.88829e-025	6.66854e-028	8.40676e-031	1.93106e-033	1.63353e-036	2.5531e-039	1.49456e-042	1.63768e-045	6.75474e-049	5.31777e-052	1.56902e-055	9.16351e-059	1.96332e-062	8.79158e-066	1.3934e-069	5.06472e-073	7.96093e-077	5.03803e-080	4.53447e-083	
N8	6.38628e-014	8.13017e-012	5.42324e-010	5.98643e-009	2.36885e-009	2.16917e-010	4.83338e-011	1.24335e-009	2.23737e-007	2.35573e-005	0.00119039	0.0255084	0.199052	0.46829	0.268308	0.0361329	0.00147191	2.26232e-005	1.55309e-007	5.46512e-010	1.13274e-012	7.40506e-015	4.2749e-017	1.67224e-018	5.89889e-021	1.29462e-022	2.50476e-025	3.23114e-027	3.56561e-030	2.80734e-032	1.83384e-035	8.90442e-038	3.59793e-041	1.06898e-043	2.81252e-047	5.09226e-050	9.14776e-054	1.03761e-056	1.31296e-060	9.9269e-064	8.99868e-068	4.89959e-071	3.57146e-075	3.1634e-078	7.18912e-081	
N9	8.17991e-018	2.79879e-015	5.32307e-013	2.65507e-011	1.82445e-011	2.39636e-012	1.73458e-013	4.89648e-013	2.98464e-010	1.23736e-007	2.55165e-005	0.00224299	0.0672441	0.481858	0.413205	0.0347427	0.000677259	4.54149e-006	1.32321e-008	1.95426e-011	1.63246e-014	9.32035e-018	5.77143e-021	3.8273e-023	6.70162e-026	4.46532e-028	5.01462e-031	1.90427e-033	1.35385e-036	3.05185e-039	1.33589e-042	1.83037e-045	4.83328e-049	4.01406e-052	6.5374e-056	3.25878e-059	3.43246e-063	1.0743e-066	7.55486e-071	1.64468e-074	7.9045e-079	1.32486e-082	5.05029e-087	1.28856e-090	6.22803e-094	
N10	3.45333e-023	1.03179e-019	1.77412e-016	4.71364e-014	1.45851e-014	1.69361e-016	3.48054e-018	5.86704e-017	3.05431e-013	8.7256e-010	1.02905e-006	0.000401516	0.0373036	0.489934	0.450854	0.0213718	0.000134006	1.97537e-007	9.66593e-011	1.96229e-014	1.92676e-018	1.05979e-022	5.38623e-027	1.75506e-029	5.09789e-033	2.03169e-035	3.06437e-039	6.75279e-042	6.57215e-046	2.29374e-047	8.00638e-050	8.05459e-051	5.48822e-053	2.85971e-053	7.24198e-055	2.01896e-054	1.49764e-055	1.70123e-055	3.8257e-057	8.56709e-058	5.81866e-060	4.92796e-061	2.26821e-063	1.87611e-064	5.1196e-065	
N11	2.47642e-026	6.65904e-023	1.22918e-019	2.76743e-017	9.56525e-018	1.95803e-019	1.64013e-019	1.38771e-017	1.02116e-013	4.41508e-010	7.2218e-007	0.000352639	0.0367536	0.495165	0.449805	0.0178459	7.74165e-005	6.89554e-008	1.83806e-011	1.86879e-015	8.56298e-020	2.01287e-024	3.59763e-029	1.5909e-030	1.88158e-031	6.58074e-031	6.84266e-032	1.69701e-031	1.31252e-032	2.36546e-032	1.11102e-033	1.50837e-033	3.28047e-035	3.27294e-035	3.00994e-037	1.67989e-037	9.09547e-040	1.84498e-040	7.68296e-043	7.062e-044	2.27118e-046	1.37546e-047	3.46669e-050	3.94651e-051	3.17335e-051	
N12	9.08803e-026	6.36e-023	7.86752e-020	9.97657e-018	3.67482e-018	1.61794e-019	1.6695e-019	1.33587e-017	9.58196e-014	4.23543e-010	7.04513e-007	0.000347988	0.0365386	0.49445	0.450592	0.017992	7.88535e-005	7.0921e-008	1.90036e-011	1.92743e-015	8.72231e-020	3.53667e-024	2.99158e-028	7.69787e-028	5.04821e-032	8.50011e-032	2.15728e-036	2.31639e-036	8.37106e-041	6.87007e-039	2.54397e-042	1.48594e-040	1.98848e-044	8.29455e-043	8.10838e-047	1.00776e-044	3.78778e-048	1.17321e-046	1.43302e-050	5.04368e-050	1.84114e-054	1.64168e-054	4.47744e-059	2.19655e-059	1.4423e-059	
N13	1.35072e-022	2.6273e-019	3.49486e-016	1.67787e-013	1.11519e-012	1.75441e-013	1.09449e-014	3.06494e-015	1.82588e-012	1.50756e-009	6.71954e-007	0.000139741	0.0109904	0.230946	0.682426	0.0741022	0.00138676	8.01783e-006	1.9316e-008	2.32264e-011	1.57207e-014	6.59593e-018	1.9506e-021	2.66857e-024	3.54402e-027	2.43815e-029	2.46263e-032	9.858e-035	7.10409e-038	1.6676e-040	8.57822e-044	1.16907e-046	3.88116e-050	2.97833e-053	5.10341e-057	2.0153e-060	1.96336e-064	4.18263e-068	2.43701e-072	3.73075e-076	1.41374e-080	1.76234e-084	5.44462e-089	1.14298e-092	4.07285e-096	
N14	4.4649e-026	1.38839e-022	3.71715e-019	6.45742e-016	5.82043e-015	3.33862e-016	8.91702e-018	1.81954e-019	2.6921e-017	1.24953e-013	3.32615e-010	4.42351e-007	0.000242717	0.0394986	0.938609	0.0215708	7.8243e-005	8.92109e-008	4.36846e-011	1.0997e-014	1.59987e-018	1.46376e-022	9.11183e-027	1.39123e-030	4.23383e-034	1.04855e-036	2.97333e-040	4.51276e-043	9.32032e-047	8.59073e-050	1.28307e-053	7.19324e-057	7.12543e-061	2.40547e-064	1.31594e-068	2.52742e-072	7.21118e-077	6.32919e-081	1.10763e-085	6.25849e-090	7.11683e-095	3.11488e-099	2.60302e-104	1.50073e-108	1.62692e-112	
Amitermes_darwini	0	0	0	0	0	0	0	0	0	0	0	0	0	0	1	0	0	0	0	0	0	0	0	0	0	0	0	0	0	0	0	0	0	0	0	0	0	0	0	0	0	0	0	0	0	
Amitermes_germanus	0	0	0	0	0	0	0	0	0	0	0	0	0	0	1	0	0	0	0	0	0	0	0	0	0	0	0	0	0	0	0	0	0	0	0	0	0	0	0	0	0	0	0	0	0	
N15	1.82788e-022	1.39447e-019	6.27738e-017	8.09451e-015	2.8862e-014	3.1871e-015	4.49708e-016	7.96518e-016	4.91738e-013	5.07611e-010	2.86489e-007	7.57682e-005	0.0075889	0.201185	0.712438	0.077359	0.0013457	6.98923e-006	1.48545e-008	1.55928e-011	9.15255e-015	3.29034e-018	8.29871e-022	8.22062e-024	3.01551e-026	2.18565e-027	5.15986e-030	2.294e-031	3.33947e-034	9.59381e-036	7.9178e-039	1.5263e-040	6.22809e-044	8.02101e-046	1.414e-049	1.04168e-051	8.81192e-056	2.23565e-058	1.31154e-062	1.56322e-065	6.6875e-070	4.84198e-073	1.54161e-077	1.1157e-080	3.4759e-083	
Amitermes_parvus	0	0	0	0	0	0	0	0	0	0	0	0	0	0	1	0	0	0	0	0	0	0	0	0	0	0	0	0	0	0	0	0	0	0	0	0	0	0	0	0	0	0	0	0	0	
Drepanotermes_septentrionalis	0	0	0	0	0	0	0	0	0	0	0	0	0	0	1	0	0	0	0	0	0	0	0	0	0	0	0	0	0	0	0	0	0	0	0	0	0	0	0	0	0	0	0	0	0	
N16	3.42319e-025	1.56313e-022	3.89817e-020	1.67979e-018	1.4557e-018	8.9357e-018	5.49411e-017	3.25481e-015	4.09464e-012	4.31923e-009	2.32806e-006	0.00052943	0.0375622	0.471175	0.462466	0.0279478	0.000315966	1.13487e-006	1.71986e-009	1.30908e-012	5.62298e-016	1.64408e-019	2.86072e-022	2.60487e-022	2.60438e-024	1.41974e-024	9.00561e-027	2.84595e-027	1.01324e-029	2.00154e-030	2.9908e-033	3.99204e-034	1.69078e-037	1.46806e-038	1.77698e-042	5.89744e-044	4.01928e-048	2.55405e-050	1.27252e-054	2.98507e-057	1.04125e-061	1.52791e-064	4.18795e-069	5.44247e-071	3.60828e-072	
N17	3.13959e-022	5.12077e-019	5.77235e-016	2.57091e-013	1.569e-012	2.40217e-013	1.56216e-014	2.06923e-015	6.1964e-013	5.52427e-010	2.74768e-007	6.63044e-005	0.00637601	0.176382	0.754701	0.0615277	0.000942026	4.75741e-006	1.04908e-008	1.1958e-011	7.88468e-015	3.28916e-018	9.69719e-022	1.01306e-024	1.23962e-027	7.6293e-030	7.58072e-033	2.78679e-035	1.99796e-038	4.37914e-041	2.25476e-044	2.91839e-047	9.83988e-051	7.29175e-054	1.32454e-057	5.22359e-061	5.48163e-065	1.20551e-068	7.67415e-073	1.20047e-076	4.98279e-081	6.25497e-085	2.06306e-089	3.96839e-093	1.25829e-096	
N18	2.05152e-025	9.46525e-022	2.28712e-018	1.55292e-015	4.22795e-015	8.3671e-017	2.07493e-018	2.79763e-019	4.07136e-016	1.78305e-012	4.03623e-009	4.01305e-006	0.00137988	0.108787	0.850797	0.0388209	0.000211203	2.98254e-007	1.58081e-010	3.89503e-014	5.12691e-018	3.98527e-022	2.0804e-026	2.61975e-029	1.64511e-032	1.73666e-034	6.84145e-038	4.28383e-040	1.0152e-043	3.98107e-046	5.28098e-050	1.34648e-052	8.88108e-057	1.46457e-059	4.30104e-064	3.98637e-067	5.69989e-072	1.95554e-075	1.87311e-080	3.04698e-084	2.0621e-089	2.00202e-093	9.77441e-099	8.70212e-103	2.53807e-106	
Ephelotermes_melachoma	0	0	0	0	0	0	0	0	0	0	0	0	0	0	1	0	0	0	0	0	0	0	0	0	0	0	0	0	0	0	0	0	0	0	0	0	0	0	0	0	0	0	0	0	0	
N19	3.12799e-026	7.14033e-023	8.48689e-020	2.60565e-017	5.50503e-017	9.19336e-019	1.71864e-019	1.54554e-019	1.95187e-016	8.46544e-013	2.00609e-009	2.21356e-006	0.000903095	0.090017	0.871618	0.037267	0.000192561	2.71795e-007	1.51332e-010	4.09085e-014	6.13204e-018	5.59362e-022	3.45827e-026	1.56054e-028	2.70687e-031	1.61392e-032	1.88066e-035	6.67648e-037	5.07487e-040	1.12644e-041	4.98833e-045	7.29349e-047	1.49163e-050	1.48783e-052	1.00453e-056	6.01178e-059	1.39956e-063	1.79916e-066	2.94365e-071	1.45024e-074	1.70369e-079	4.95591e-083	4.23201e-088	1.85037e-091	6.75558e-094	
Ephelotermes_taylori	0	0	0	0	0	0	0	0	0	0	0	0	0	0	1	0	0	0	0	0	0	0	0	0	0	0	0	0	0	0	0	0	0	0	0	0	0	0	0	0	0	0	0	0	0	
Macrognathotermes_sunteri	0	0	0	0	0	0	0	0	0	0	0	0	0	0	1	0	0	0	0	0	0	0	0	0	0	0	0	0	0	0	0	0	0	0	0	0	0	0	0	0	0	0	0	0	0	
Lophotermes_septentrionalis	0	0	0	0	0	0	0	0	0	0	0	0	0	0	1	0	0	0	0	0	0	0	0	0	0	0	0	0	0	0	0	0	0	0	0	0	0	0	0	0	0	0	0	0	0	
N20	1.44659e-020	1.18054e-017	7.12394e-015	1.8046e-012	1.09601e-011	2.07574e-012	1.71356e-013	2.53926e-014	4.30583e-012	2.29699e-009	7.14297e-007	0.000113674	0.00779068	0.173672	0.734313	0.0821915	0.00190266	1.55153e-005	5.78463e-008	1.15343e-010	1.3661e-013	1.04432e-016	5.63405e-020	6.40264e-023	1.0788e-025	8.32454e-028	1.34582e-030	6.58709e-033	7.87295e-036	2.37931e-038	2.10506e-041	3.90768e-044	2.38925e-047	2.6441e-050	9.61686e-054	6.1335e-057	1.35599e-060	5.27965e-064	7.39306e-068	2.13208e-071	2.03545e-075	4.87921e-079	3.84369e-083	1.33137e-086	6.95448e-090	
Tuberculitermes_bycanistes	0	0	0	0	0	0	0	0	0	0	0	0	0	0	1	0	0	0	0	0	0	0	0	0	0	0	0	0	0	0	0	0	0	0	0	0	0	0	0	0	0	0	0	0	0	
Unguitermes_sp	0	0	0	0	0	0	0	0	0	0	0	0	0	0	1	0	0	0	0	0	0	0	0	0	0	0	0	0	0	0	0	0	0	0	0	0	0	0	0	0	0	0	0	0	0	
Procubitermes_sp	0	0	0	0	0	0	0	0	0	0	0	0	1	0	0	0	0	0	0	0	0	0	0	0	0	0	0	0	0	0	0	0	0	0	0	0	0	0	0	0	0	0	0	0	0	
N21	1.57564e-021	6.52988e-019	1.48785e-016	7.01018e-015	2.63869e-015	1.10751e-016	2.65581e-016	1.76706e-014	1.60778e-011	1.15973e-008	4.37884e-006	0.000727324	0.0407101	0.463141	0.459699	0.0351494	0.000566154	3.04101e-006	7.05141e-009	8.31064e-012	5.56442e-015	2.40955e-018	2.81525e-021	2.01434e-021	2.38384e-023	1.19798e-023	9.19689e-026	2.67738e-026	1.23027e-028	2.20762e-029	4.78417e-032	5.67855e-033	3.89612e-036	3.02044e-037	5.82119e-041	1.79001e-042	1.89821e-046	1.21199e-048	9.23453e-053	2.41665e-055	1.2836e-059	2.17392e-062	8.98237e-067	9.48809e-069	5.3438e-070	
N22	1.27701e-020	8.54605e-018	4.1583e-015	7.72387e-013	5.43223e-012	2.04267e-012	3.2542e-013	2.06335e-013	5.28584e-011	1.98905e-008	4.2311e-006	0.000444897	0.0192468	0.255387	0.622841	0.0986766	0.00335977	3.95201e-005	2.07439e-007	5.69659e-010	9.11797e-013	9.27266e-016	6.65199e-019	1.60559e-021	4.82443e-024	7.55922e-026	1.88498e-028	1.78367e-030	3.23674e-033	1.84755e-035	2.43153e-038	8.32585e-041	7.27645e-044	1.45553e-046	6.98833e-050	7.62069e-053	2.15721e-056	1.3307e-059	2.34854e-063	1.04719e-066	1.23802e-070	4.53094e-074	4.33196e-078	2.44095e-081	2.36934e-084	
Crenetermes_albotarsalis	0	0	0	0	0	0	0	0	0	0	0	0	0	0	1	0	0	0	0	0	0	0	0	0	0	0	0	0	0	0	0	0	0	0	0	0	0	0	0	0	0	0	0	0	0	
N23	2.98328e-022	2.03368e-019	8.71993e-017	1.33721e-014	5.58294e-014	1.38326e-014	2.35587e-015	8.09977e-016	2.84322e-013	2.87668e-010	1.63218e-007	4.49808e-005	0.00495013	0.157002	0.761796	0.0749493	0.00125045	6.51263e-006	1.43168e-008	1.58986e-011	1.00441e-014	3.93993e-018	1.0568e-021	1.68243e-024	3.34144e-027	6.27544e-029	9.3127e-032	1.05579e-033	1.056e-036	7.45565e-039	4.7838e-042	2.16076e-044	8.0622e-048	2.32754e-050	4.57002e-054	7.68072e-057	8.37878e-061	6.68871e-064	4.85663e-068	2.22234e-071	1.12231e-075	3.55077e-079	1.30714e-083	4.34276e-087	3.16225e-090	
Cubitermes_sp	0	0	0	0	0	0	0	0	0	0	0	0	0	0	1	0	0	0	0	0	0	0	0	0	0	0	0	0	0	0	0	0	0	0	0	0	0	0	0	0	0	0	0	0	0	
Thoracotermes_macrothorax	0	0	0	0	0	0	0	0	0	0	0	0	0	0	1	0	0	0	0	0	0	0	0	0	0	0	0	0	0	0	0	0	0	0	0	0	0	0	0	0	0	0	0	0	0	
N24	1.51557e-020	1.47623e-017	1.0548e-014	3.22991e-012	1.69081e-011	2.01595e-012	1.05956e-013	7.92995e-015	1.14145e-012	7.42647e-010	2.83519e-007	5.59729e-005	0.00483905	0.139683	0.7823	0.0717585	0.00135399	9.06769e-006	2.79402e-008	4.62479e-011	4.56112e-014	2.90759e-017	1.29791e-020	9.05279e-024	9.75099e-027	4.55089e-029	5.37964e-032	1.66733e-034	1.45632e-037	2.81542e-040	1.81864e-043	2.19105e-046	9.8905e-050	7.25484e-053	2.04085e-056	8.97998e-060	1.57768e-063	4.42321e-067	5.02647e-071	1.04642e-074	8.20687e-079	1.4133e-082	9.13455e-087	2.12631e-090	6.92758e-094	
Microcerotermes_boreus	0	0	0	0	0	0	0	0	0	0	0	0	0	0	1	0	0	0	0	0	0	0	0	0	0	0	0	0	0	0	0	0	0	0	0	0	0	0	0	0	0	0	0	0	0	
Microcerotermes_nervosus	0	0	0	0	0	0	0	0	0	0	0	0	0	0	1	0	0	0	0	0	0	0	0	0	0	0	0	0	0	0	0	0	0	0	0	0	0	0	0	0	0	0	0	0	0	
N25	1.21678e-017	8.30219e-016	4.15214e-014	8.95354e-013	4.90625e-012	6.51386e-012	4.80042e-012	2.77752e-011	4.47817e-009	7.06593e-007	6.39466e-005	0.00291007	0.0560902	0.351554	0.477197	0.10563	0.00640342	0.000148416	1.61985e-006	9.55951e-009	3.36216e-011	7.7087e-014	1.39635e-016	2.99173e-018	3.22068e-020	2.13858e-021	1.67287e-023	6.59418e-025	3.69854e-027	8.7807e-029	3.39978e-031	4.88146e-033	1.14792e-035	9.82148e-038	1.17852e-040	5.22691e-043	3.68898e-046	8.38131e-049	3.73132e-052	5.92784e-055	1.76176e-058	2.27031e-061	5.46494e-065	1.29261e-067	6.69608e-070	
N26	1.43849e-024	8.12252e-021	3.87691e-017	8.05721e-014	4.21008e-013	1.0652e-014	1.1762e-016	3.27944e-018	3.64182e-015	9.85059e-012	1.39105e-008	8.81798e-006	0.00202241	0.117258	0.83252	0.0478212	0.000368159	7.78993e-007	6.36729e-010	2.45603e-013	5.09822e-017	6.28463e-021	5.07031e-025	8.3613e-029	2.05014e-032	9.49601e-034	4.6207e-034	2.8762e-034	1.07674e-035	1.13111e-036	2.96011e-038	2.19617e-039	4.2541e-041	2.21222e-042	2.95567e-044	1.03995e-045	9.73007e-048	2.32335e-049	1.58116e-051	2.84601e-053	1.44841e-055	2.17485e-057	9.03876e-060	1.67256e-061	4.67734e-063	
N27	1.50225e-024	5.19278e-021	1.03116e-017	5.35275e-015	2.4102e-014	8.48599e-016	9.40191e-018	8.58657e-019	1.03274e-015	3.72536e-012	6.9564e-009	5.69002e-006	0.00162328	0.11051	0.841051	0.0464957	0.000313679	5.48067e-007	3.55922e-010	1.06252e-013	1.6761e-017	1.54493e-021	9.4997e-026	1.35803e-027	1.78769e-030	2.50446e-031	1.78557e-034	1.66543e-035	6.20197e-039	4.06128e-040	7.37402e-044	3.49464e-045	2.78429e-049	9.44496e-051	2.92567e-055	6.18804e-057	7.10082e-062	3.72777e-064	3.11913e-069	6.31139e-072	4.16397e-077	4.18723e-080	2.21724e-085	1.42923e-088	3.06978e-091	
Nasutitermes_graveolus	0	0	0	0	0	0	0	0	0	0	0	0	0	0	1	0	0	0	0	0	0	0	0	0	0	0	0	0	0	0	0	0	0	0	0	0	0	0	0	0	0	0	0	0	0	
Nasutitermes_triodiae	0	0	0	0	0	0	0	0	0	0	0	0	0	0	1	0	0	0	0	0	0	0	0	0	0	0	0	0	0	0	0	0	0	0	0	0	0	0	0	0	0	0	0	0	0	
N28	9.27865e-030	1.22962e-025	8.98269e-022	2.79389e-018	1.28064e-017	1.99904e-019	1.87147e-021	1.07871e-023	7.40568e-022	2.05326e-017	3.26292e-013	2.58844e-009	8.42752e-006	0.00795307	0.987213	0.00482179	3.29166e-006	6.78198e-010	5.8926e-014	2.60533e-018	6.60978e-023	1.04674e-027	1.1125e-032	3.36258e-037	2.44054e-041	2.09761e-044	1.34504e-048	6.88075e-052	3.16276e-056	9.56496e-060	3.15858e-064	5.59832e-068	1.21652e-072	1.24096e-076	1.36187e-081	7.61371e-086	3.16474e-091	5.3794e-096	1.26129e-101	1.24219e-106	1.73137e-112	1.23693e-117	1.16153e-123	1.16319e-128	2.63585e-133	
Nasutitermes_longipennis	0	0	0	0	0	0	0	0	0	0	0	0	0	0	1	0	0	0	0	0	0	0	0	0	0	0	0	0	0	0	0	0	0	0	0	0	0	0	0	0	0	0	0	0	0	
Tumulitermes_pastinator	0	0	0	0	0	0	0	0	0	0	0	0	0	0	1	0	0	0	0	0	0	0	0	0	0	0	0	0	0	0	0	0	0	0	0	0	0	0	0	0	0	0	0	0	0	
Pericapritermes_sp	0	0	0	0	0	0	0	0	0	0	0	0	0	0	1	0	0	0	0	0	0	0	0	0	0	0	0	0	0	0	0	0	0	0	0	0	0	0	0	0	0	0	0	0	0	
N29	6.26627e-014	2.50316e-012	6.26959e-011	3.82073e-010	2.26432e-010	7.67173e-011	1.49979e-010	4.38547e-009	4.4422e-007	3.12816e-005	0.00119743	0.021937	0.165059	0.423536	0.31414	0.0685754	0.00534223	0.000178337	2.94265e-006	2.67486e-008	1.45731e-010	6.80054e-013	7.35174e-015	1.79878e-015	3.88224e-017	6.39027e-018	8.52957e-020	8.42457e-021	6.70965e-023	4.14791e-024	1.86767e-026	7.29934e-028	1.80424e-030	4.23333e-032	6.01902e-035	7.55248e-037	6.9406e-040	4.6144e-042	2.91328e-045	1.21553e-047	5.36266e-051	1.63832e-053	5.69601e-057	3.32188e-059	6.21955e-061	
Macrotermes_bellicosus	0	0	0	0	0	0	0	0	0	0	0	0	0	0	1	0	0	0	0	0	0	0	0	0	0	0	0	0	0	0	0	0	0	0	0	0	0	0	0	0	0	0	0	0	0	
N30	9.98145e-017	9.98696e-015	1.16574e-012	6.59624e-011	3.21212e-010	1.61638e-010	3.83563e-011	1.53078e-010	2.20865e-008	2.59009e-006	0.000168602	0.00540588	0.0735984	0.348509	0.443509	0.119211	0.00931369	0.000278599	3.85877e-006	2.82691e-008	1.20685e-010	3.33658e-013	7.12437e-016	6.61458e-018	4.50825e-020	1.01678e-021	5.02481e-024	6.71944e-026	2.22474e-028	1.80429e-030	3.93956e-033	1.98086e-035	2.77132e-038	8.71289e-041	7.76673e-044	1.53408e-046	8.98535e-050	1.17264e-052	4.65549e-056	4.38199e-059	1.21434e-062	8.96513e-066	1.96626e-069	1.884e-072	3.95003e-075	
N31	7.48673e-028	2.46809e-023	5.94947e-019	7.44217e-015	3.17192e-014	6.97088e-017	7.46947e-020	4.62436e-023	3.84199e-022	9.85771e-018	1.46601e-013	1.12869e-009	3.86254e-006	0.00451821	0.992849	0.00262788	1.333e-006	2.37556e-010	1.93339e-014	8.34448e-019	2.10348e-023	3.33154e-028	3.53734e-033	4.28713e-038	7.28903e-043	4.78805e-047	9.38588e-052	3.85217e-056	4.60782e-061	9.83329e-066	6.70258e-071	7.03329e-076	2.43517e-081	1.1337e-086	1.66335e-092	2.81806e-098	1.27357e-104	4.79536e-111	2.2597e-118	5.36852e-034	2.33647e-034	2.14889e-034	8.56962e-035	1.03896e-034	1.65049e-034	
Microtermes_sp	0	0	0	0	0	0	0	0	0	0	0	0	0	0	1	0	0	0	0	0	0	0	0	0	0	0	0	0	0	0	0	0	0	0	0	0	0	0	0	0	0	0	0	0	0	
Protermes_sp	0	0	0	0	0	0	0	0	0	0	0	0	0	0	1	0	0	0	0	0	0	0	0	0	0	0	0	0	0	0	0	0	0	0	0	0	0	0	0	0	0	0	0	0	0	
N32	1.36168e-017	1.73292e-015	1.61637e-013	5.14661e-012	1.65462e-011	9.39577e-012	4.42753e-012	1.65194e-011	2.71569e-009	4.73911e-007	4.64609e-005	0.00224402	0.0454969	0.308421	0.504424	0.130478	0.00867889	0.000208381	2.24561e-006	1.25773e-008	4.06218e-011	8.26668e-014	1.22374e-016	1.54971e-018	1.26543e-020	7.61982e-022	4.21248e-024	1.56904e-025	5.49516e-028	1.31375e-029	2.83488e-032	4.44279e-034	5.74217e-037	5.82727e-039	4.53879e-042	2.82492e-044	1.40942e-047	5.10065e-050	1.76679e-053	3.96163e-056	9.898e-060	1.52472e-062	2.84891e-066	4.00964e-069	8.97889e-072	
Odontotermes_sp	0	0	0	0	0	0	0	0	0	0	0	0	0	0	1	0	0	0	0	0	0	0	0	0	0	0	0	0	0	0	0	0	0	0	0	0	0	0	0	0	0	0	0	0	0	
Pseudacanthotermes_militaris	0	0	0	0	0	0	0	0	0	0	0	0	0	0	1	0	0	0	0	0	0	0	0	0	0	0	0	0	0	0	0	0	0	0	0	0	0	0	0	0	0	0	0	0	0	
N33	1.72613e-011	4.72858e-010	7.53413e-009	2.96217e-008	1.79117e-008	5.3015e-009	8.19e-009	2.67986e-007	1.45552e-005	0.000481502	0.00853858	0.0736742	0.276349	0.399021	0.202283	0.0368101	0.0027316	9.47599e-005	1.72317e-006	1.80026e-008	1.16442e-010	6.70339e-013	7.05726e-015	1.02817e-015	1.96192e-017	2.09069e-018	2.50399e-020	1.65051e-021	1.23291e-023	5.19512e-025	2.38303e-027	6.46746e-029	1.80182e-031	3.05935e-033	5.28657e-036	5.29061e-038	6.04803e-041	3.59053e-043	2.84047e-046	1.11645e-048	6.23995e-052	1.82042e-054	7.95889e-058	3.46469e-060	4.02617e-062	
N34	1.00641e-012	1.77579e-011	2.62101e-010	1.8159e-009	5.29544e-009	6.39547e-009	6.32438e-009	5.61686e-008	2.81191e-006	0.000112213	0.0025764	0.0306245	0.168811	0.381867	0.315749	0.0896719	0.0100526	0.000518528	1.39391e-005	2.15498e-007	2.08093e-009	2.0103e-011	3.03985e-013	3.02909e-014	6.39093e-016	4.45886e-017	6.06671e-019	2.57599e-020	2.25738e-022	6.02754e-024	3.38192e-026	5.76204e-028	2.07884e-030	2.25885e-032	5.37677e-035	3.76205e-037	6.11118e-040	2.90693e-042	3.30447e-045	1.15719e-047	9.40829e-051	2.61784e-053	1.82447e-056	8.62631e-059	8.18747e-061	
Coptotermes_acinaciformis	0	0	0	0	0	0	0	0	0	0	0	0	0	0	1	0	0	0	0	0	0	0	0	0	0	0	0	0	0	0	0	0	0	0	0	0	0	0	0	0	0	0	0	0	0	
N35	1.70876e-020	2.53057e-017	3.80565e-014	2.58062e-011	7.89161e-011	1.93904e-012	2.07581e-014	9.36523e-016	5.68608e-013	5.57803e-010	2.91243e-007	7.07594e-005	0.00665506	0.17924	0.747056	0.0660226	0.000950452	4.15734e-006	7.46548e-009	6.58451e-012	3.21411e-015	9.76517e-019	2.12515e-022	1.0371e-025	4.75565e-029	4.15963e-031	1.98635e-031	8.58759e-032	4.28266e-033	3.74087e-034	1.2713e-035	8.16293e-037	2.13999e-038	1.02703e-039	2.05848e-041	7.48758e-043	1.15074e-044	3.2705e-046	3.89143e-048	9.04844e-050	8.45787e-052	1.69855e-053	1.39503e-055	3.58829e-057	1.26127e-058	
N36	5.6724e-021	8.01139e-018	7.18588e-015	1.75093e-012	4.95281e-012	1.75441e-013	1.94829e-015	1.70909e-016	1.01475e-013	1.53079e-010	1.19315e-007	4.11269e-005	0.00513348	0.168041	0.762306	0.0637057	0.000770291	2.58544e-006	3.32914e-009	1.9984e-012	6.37179e-016	1.20361e-019	1.60864e-023	3.96785e-025	4.36713e-028	5.92103e-029	3.45475e-032	3.17656e-033	9.7386e-037	6.32268e-038	9.96801e-042	4.63531e-043	3.63433e-047	1.17667e-048	4.43289e-053	8.7562e-055	1.58365e-059	1.08904e-061	1.42543e-066	4.41063e-069	4.54343e-074	7.50528e-077	6.26102e-082	6.4171e-085	5.62303e-088	
Reticulitermes_flavipes	0	0	0	0	0	0	0	0	0	0	0	0	0	0	1	0	0	0	0	0	0	0	0	0	0	0	0	0	0	0	0	0	0	0	0	0	0	0	0	0	0	0	0	0	0	
Reticulitermes_lucifugus	0	0	0	0	0	0	0	0	0	0	0	0	0	0	1	0	0	0	0	0	0	0	0	0	0	0	0	0	0	0	0	0	0	0	0	0	0	0	0	0	0	0	0	0	0	
Reticulitermes_urbis	0	0	0	0	0	0	0	0	0	0	0	0	0	0	1	0	0	0	0	0	0	0	0	0	0	0	0	0	0	0	0	0	0	0	0	0	0	0	0	0	0	0	0	0	0	
Schedorhinotermes_lamanianus	0	0	0	0	0	0	0	0	0	0	0	0	1	0	0	0	0	0	0	0	0	0	0	0	0	0	0	0	0	0	0	0	0	0	0	0	0	0	0	0	0	0	0	0	0	
N37	5.36692e-010	2.28943e-008	3.45368e-007	4.62141e-007	9.85236e-008	7.52767e-008	7.09935e-007	1.96317e-005	0.000489743	0.00719234	0.0584099	0.23416	0.39015	0.244733	0.0583631	0.00604855	0.000401975	2.82689e-005	1.64034e-006	5.78738e-008	1.19505e-009	2.31232e-011	3.82953e-013	1.72302e-014	2.36193e-016	6.71471e-018	4.91855e-020	7.53323e-022	3.12469e-024	2.76828e-026	6.92828e-029	3.7558e-031	5.92021e-034	2.03424e-036	2.0708e-039	4.61964e-042	3.11523e-045	4.67125e-048	2.13571e-051	2.23205e-054	7.08705e-058	5.44513e-061	1.32985e-064	1.09076e-067	1.23849e-070	
N38	5.95489e-011	1.83938e-009	2.67446e-008	9.16009e-008	5.32555e-008	3.4053e-008	4.65216e-007	1.7579e-005	0.000475283	0.00710409	0.0596168	0.245863	0.401783	0.232588	0.047967	0.00422684	0.000321316	3.3608e-005	2.47654e-006	1.02989e-007	2.48004e-009	5.40321e-011	9.81669e-013	6.42998e-013	1.09919e-014	7.80416e-015	6.46432e-017	2.48577e-017	1.00049e-019	2.06902e-020	4.21487e-023	4.81878e-024	5.31132e-027	3.44281e-028	2.2111e-031	8.20302e-033	3.3127e-036	7.08114e-038	1.92524e-041	2.40898e-043	4.65819e-047	3.52733e-049	5.05841e-053	2.50943e-055	4.78414e-058	
N39	5.33388e-012	1.16616e-010	1.80942e-009	6.88546e-009	7.81307e-009	1.71615e-008	6.22854e-007	2.74461e-005	0.000581799	0.00596505	0.0407193	0.195874	0.404777	0.280114	0.0656141	0.00601449	0.000299115	1.27486e-005	4.2393e-007	8.03897e-009	8.1427e-011	6.12201e-013	6.29379e-015	2.48276e-016	3.08215e-018	7.56962e-020	3.59358e-022	4.43444e-024	8.431e-027	5.05377e-029	4.55718e-032	1.29282e-034	6.39603e-038	9.62901e-041	2.74117e-044	3.04501e-047	4.99053e-051	5.73351e-054	6.32657e-058	8.90649e-061	8.96461e-065	1.63588e-067	2.35303e-071	8.76227e-074	3.29348e-076	
N40	1.51559e-011	1.36716e-010	1.0498e-009	4.60548e-009	5.87315e-008	1.93074e-006	4.74738e-005	0.000578344	0.00344591	0.0112739	0.0321645	0.12447	0.306694	0.325447	0.154436	0.0364182	0.00466096	0.000345596	1.5576e-005	4.65771e-007	1.30821e-008	7.51912e-009	8.24076e-010	6.058e-010	3.69115e-011	1.44915e-011	4.69751e-013	1.05243e-013	1.73185e-015	2.25458e-016	1.93475e-018	1.39249e-019	6.97038e-022	2.63712e-023	8.55555e-026	1.80368e-027	3.9715e-030	5.41294e-032	8.26555e-035	8.4136e-037	9.2091e-040	7.74612e-042	1.61688e-044	9.9725e-046	8.25812e-047	
Bifiditermes_improbus	0	0	0	0	0	0	0	0	0	0	0	1	0	0	0	0	0	0	0	0	0	0	0	0	0	0	0	0	0	0	0	0	0	0	0	0	0	0	0	0	0	0	0	0	0	
Neotermes_insularis	0	0	0	0	0	0	0	0	0	0	0	0	0	0	0	0	0	0	0	1	0	0	0	0	0	0	0	0	0	0	0	0	0	0	0	0	0	0	0	0	0	0	0	0	0	
N41	3.12297e-013	1.2227e-011	3.39947e-010	2.55583e-009	4.20494e-009	6.14727e-009	7.12445e-008	3.92549e-006	0.000148208	0.00316982	0.0369586	0.203977	0.422413	0.274105	0.0551039	0.0039927	0.000125616	2.04555e-006	1.98188e-008	1.24706e-010	5.31401e-013	3.08389e-015	1.85507e-017	6.89538e-019	3.75794e-021	1.01399e-022	3.70354e-025	6.84327e-027	1.75793e-029	2.23725e-031	3.72737e-034	3.10088e-036	3.26691e-039	1.70346e-041	1.18381e-044	3.86813e-047	1.86292e-050	4.03001e-053	1.40167e-056	2.23032e-059	5.89701e-063	7.71664e-066	1.79927e-069	3.25199e-072	1.12461e-074	
N42	1.17205e-012	6.57913e-011	2.0648e-009	1.45099e-007	1.35474e-006	2.43937e-006	2.08732e-006	9.11855e-006	0.000470049	0.00953952	0.0791381	0.278997	0.399833	0.203797	0.0273733	0.00082683	9.33612e-006	5.04458e-008	1.50652e-010	2.74432e-013	3.28618e-016	3.35999e-019	4.01273e-022	2.00909e-024	4.43074e-027	2.07194e-029	3.27509e-032	9.62635e-035	1.06363e-037	1.99726e-040	1.51077e-043	1.83695e-046	9.31679e-050	7.45768e-053	2.54633e-056	1.39933e-059	3.27951e-063	1.32754e-066	2.19543e-070	7.01889e-074	8.45942e-078	2.29396e-081	2.7229e-085	1.29881e-088	8.75401e-092	
N43	5.46712e-015	1.53775e-012	5.00099e-010	6.28339e-008	2.09814e-007	6.85203e-008	9.24838e-009	1.33113e-008	1.66755e-006	0.000142722	0.00496017	0.0676444	0.331145	0.473087	0.119081	0.00390136	3.62192e-005	2.31886e-007	1.84953e-009	2.20378e-010	1.33898e-012	8.22465e-014	2.08111e-016	6.52324e-018	7.10073e-021	1.15426e-022	6.57211e-026	5.72813e-028	1.96588e-031	9.54948e-034	2.15983e-037	6.10418e-040	9.60477e-044	1.66775e-046	1.88191e-050	2.1522e-053	1.76944e-057	1.43799e-060	8.6981e-065	5.39688e-068	2.55522e-072	2.34822e-075	2.13408e-078	1.63438e-080	9.83446e-083	
N44	5.33529e-018	6.07654e-015	3.94623e-012	7.80793e-010	2.85075e-010	6.07767e-012	1.10198e-013	1.80156e-014	6.94975e-012	6.99018e-009	3.40867e-006	0.000685674	0.0456864	0.67224	0.278015	0.00335962	1.00481e-005	1.15929e-008	6.46857e-012	2.10372e-015	5.23212e-019	1.13208e-021	1.13135e-024	5.73843e-027	3.6584e-030	1.05344e-032	3.95897e-036	6.77972e-039	1.48732e-042	1.561e-045	2.03347e-049	1.30466e-052	1.05052e-056	4.02346e-060	2.09164e-064	4.70902e-068	1.619e-072	2.25876e-076	5.13159e-081	5.3091e-085	8.2267e-090	7.03827e-094	1.47814e-098	5.97832e-102	3.15722e-105	
Cryptotermes_austrinus	0	0	0	0	0	0	0	0	0	0	0	0	0	1	0	0	0	0	0	0	0	0	0	0	0	0	0	0	0	0	0	0	0	0	0	0	0	0	0	0	0	0	0	0	0	
Incisitermes_sp	0	0	0	0	0	0	0	0	0	0	0	0	0	0	1	0	0	0	0	0	0	0	0	0	0	0	0	0	0	0	0	0	0	0	0	0	0	0	0	0	0	0	0	0	0	
Cryptotermes_queenslandis	0	0	0	0	0	0	0	0	0	0	0	0	0	0	1	0	0	0	0	0	0	0	0	0	0	0	0	0	0	0	0	0	0	0	0	0	0	0	0	0	0	0	0	0	0	
Cryptotermes_primus	0	0	0	0	0	0	0	0	1	0	0	0	0	0	0	0	0	0	0	0	0	0	0	0	0	0	0	0	0	0	0	0	0	0	0	0	0	0	0	0	0	0	0	0	0	
N45	2.54425e-015	3.17067e-013	3.51206e-011	5.8874e-010	1.54359e-009	4.50906e-009	2.06805e-008	3.31905e-007	1.0457e-005	0.000440551	0.0120361	0.133434	0.43529	0.348674	0.0664559	0.0035893	6.81347e-005	5.50437e-007	2.19242e-009	4.92832e-012	7.47404e-015	4.68743e-017	2.00179e-019	3.55979e-021	9.60414e-024	9.84635e-026	1.596e-028	9.8575e-031	9.77178e-034	3.73313e-036	2.26175e-039	5.33198e-042	2.01862e-045	2.90765e-048	7.19607e-052	6.49928e-055	1.09136e-058	6.6346e-062	7.74223e-066	3.44685e-069	2.85454e-073	1.00535e-076	8.25362e-081	7.70798e-084	1.26396e-086	
N46	4.09846e-015	1.08819e-013	6.17037e-012	1.15902e-010	1.55209e-009	2.24404e-008	2.85112e-007	1.92983e-006	2.01131e-005	0.000363466	0.00949831	0.124054	0.431651	0.358173	0.072222	0.0039505	6.56466e-005	3.96222e-007	1.02547e-009	1.30734e-012	9.38649e-016	3.09991e-018	1.0714e-020	4.12195e-022	8.20146e-025	1.73543e-026	1.81096e-029	2.25274e-031	1.22592e-034	9.28046e-037	2.6235e-040	1.19339e-042	2.01431e-046	1.02906e-048	6.07498e-052	7.35171e-054	4.52512e-057	3.20778e-059	1.4344e-062	6.50391e-065	2.12136e-068	6.82051e-071	1.87203e-074	1.54619e-076	4.27821e-078	
N47	2.74677e-015	9.61314e-014	4.30428e-012	1.10201e-010	1.33881e-009	2.29661e-008	4.2858e-007	6.75996e-006	8.61451e-005	0.000830272	0.015184	0.156951	0.448028	0.319386	0.0567339	0.00275335	4.07992e-005	2.08401e-007	4.06112e-010	3.51511e-013	1.54415e-016	4.65339e-020	2.30243e-023	1.06317e-024	1.74359e-027	7.92543e-029	6.89325e-032	2.95765e-033	1.67168e-034	1.501e-033	1.02298e-034	2.07639e-034	2.50016e-036	2.00739e-036	1.20163e-038	5.61629e-039	2.4796e-041	6.49349e-042	2.27193e-044	3.19602e-045	9.03645e-048	7.74178e-049	1.82658e-051	1.37801e-052	3.91783e-053	
Cryptotermes_brevis	0	0	0	0	0	0	0	0	0	0	0	1	0	0	0	0	0	0	0	0	0	0	0	0	0	0	0	0	0	0	0	0	0	0	0	0	0	0	0	0	0	0	0	0	0	
N48	3.75749e-015	1.35197e-013	3.32621e-012	8.31837e-011	1.67656e-009	6.56797e-008	1.94103e-006	3.00854e-005	0.000225378	0.00127674	0.0183261	0.162225	0.436622	0.315353	0.0620239	0.00382883	8.59675e-005	7.6762e-007	2.83767e-009	5.0462e-012	5.07072e-015	2.53717e-016	3.65182e-018	2.83695e-018	2.13342e-020	1.01323e-020	3.54977e-023	1.10588e-023	1.62773e-026	3.39992e-027	1.9939e-030	2.57779e-031	7.04021e-035	4.63038e-036	7.56991e-040	2.08105e-041	2.43862e-045	2.80125e-047	2.51266e-051	1.40156e-053	9.67985e-058	3.19452e-060	1.88424e-064	3.23995e-066	3.1336e-067	
Cryptotermes_domesticus	0	0	0	0	0	0	0	0	1	0	0	0	0	0	0	0	0	0	0	0	0	0	0	0	0	0	0	0	0	0	0	0	0	0	0	0	0	0	0	0	0	0	0	0	0	
Procryptotermes_australiensis	0	0	0	0	0	0	0	0	0	0	0	0	0	0	0	0	0	1	0	0	0	0	0	0	0	0	0	0	0	0	0	0	0	0	0	0	0	0	0	0	0	0	0	0	0	
Cryptotermes_cynocephalus	0	0	0	0	0	0	0	0	0	0	0	0	0	0	0	1	0	0	0	0	0	0	0	0	0	0	0	0	0	0	0	0	0	0	0	0	0	0	0	0	0	0	0	0	0	
N49	9.27199e-015	8.17252e-013	5.88825e-011	1.32951e-009	1.54502e-009	5.94941e-010	2.34061e-010	5.08539e-009	6.687e-007	5.60588e-005	0.00241763	0.0458417	0.306134	0.514528	0.122899	0.00792427	0.000196203	2.29931e-006	1.46241e-008	5.58376e-011	1.39837e-013	4.72084e-016	2.60889e-018	7.16817e-020	4.50614e-022	8.07623e-024	3.49494e-026	3.7909e-028	1.10232e-030	7.33898e-033	1.36143e-035	5.58883e-038	6.48054e-041	1.63527e-043	1.22535e-046	2.00095e-049	1.00093e-052	1.17507e-055	4.05004e-059	3.75972e-062	9.25659e-066	7.35342e-069	2.06495e-072	4.30382e-075	1.30972e-077	
Cryptotermes_dudleyi	0	0	0	0	0	0	0	0	0	0	0	0	0	1	0	0	0	0	0	0	0	0	0	0	0	0	0	0	0	0	0	0	0	0	0	0	0	0	0	0	0	0	0	0	0	
Cryptotermes_secundus	0	0	0	0	0	0	0	0	0	0	0	0	0	1	0	0	0	0	0	0	0	0	0	0	0	0	0	0	0	0	0	0	0	0	0	0	0	0	0	0	0	0	0	0	0	
Kalotermes_flavicollis	0	0	0	0	0	0	0	0	0	0	0	0	0	0	0	0	0	0	0	0	0	0	0	0	0	0	0	1	0	0	0	0	0	0	0	0	0	0	0	0	0	0	0	0	0	
N50	2.86264e-011	4.69921e-010	9.7953e-009	1.14132e-007	3.30668e-007	2.40817e-007	1.24055e-007	5.58314e-007	1.55394e-005	0.000369379	0.00536352	0.0436198	0.18282	0.359068	0.297539	0.0965275	0.0136718	0.000965036	3.78799e-005	9.22068e-007	1.54819e-008	3.54007e-010	9.06597e-012	5.20306e-013	1.23683e-014	4.67818e-016	7.40526e-018	1.73944e-019	1.84494e-021	2.78028e-023	1.9819e-025	1.97397e-027	9.52246e-030	6.50905e-032	2.15998e-034	1.06874e-036	2.49896e-039	9.50508e-042	1.61096e-044	4.97525e-047	6.34094e-050	1.73083e-052	2.73498e-055	1.5418e-057	1.16627e-059	
Glyptotermes_brevicornis	0	0	0	0	0	0	0	0	0	0	0	0	0	0	1	0	0	0	0	0	0	0	0	0	0	0	0	0	0	0	0	0	0	0	0	0	0	0	0	0	0	0	0	0	0	
Glyptotermes_iridipennis	0	0	0	0	0	0	0	0	0	0	0	0	0	0	1	0	0	0	0	0	0	0	0	0	0	0	0	0	0	0	0	0	0	0	0	0	0	0	0	0	0	0	0	0	0	
N51	6.8001e-006	3.36526e-005	0.000206741	0.000836981	0.00187859	0.00362019	0.0102581	0.0276176	0.054219	0.0792793	0.0966332	0.116136	0.146883	0.17087	0.151486	0.092295	0.0365059	0.00932835	0.00159458	0.000235374	3.4144e-005	2.46752e-005	6.59797e-006	6.76751e-006	1.38462e-006	1.04242e-006	1.56118e-007	8.59491e-008	9.51751e-009	3.86956e-009	3.22967e-010	9.93794e-011	6.70656e-012	1.73352e-012	1.07431e-013	2.58247e-014	1.47599e-015	3.04982e-016	1.35886e-017	2.093e-018	6.62528e-020	7.66438e-021	2.3179e-022	5.60543e-023	2.45331e-023	
Mastotermes_darwiniensis	0	0	0	0	0	0	0	0	0	0	0	0	0	0	0	0	0	0	0	0	0	0	0	0	0	0	0	0	0	0	0	0	0	0	0	0	0	0	0	0	0	0	1	0	0	
N52	7.16818e-007	1.57029e-006	8.9433e-006	8.30657e-005	0.001143	0.012231	0.0633161	0.115433	0.0955346	0.0442042	0.0187579	0.0331629	0.0853393	0.15003	0.171768	0.127238	0.0602464	0.0178895	0.00323959	0.000348739	2.23403e-005	9.85141e-007	3.68397e-008	1.52415e-009	5.84762e-011	2.05411e-012	5.39221e-014	1.21824e-015	2.06268e-017	3.09183e-019	3.54678e-021	3.75113e-023	3.09022e-025	2.4575e-027	1.53975e-029	9.63102e-032	4.72914e-034	2.33457e-036	8.9229e-039	3.45058e-041	1.05785e-043	3.65198e-046	1.2566e-048	5.68498e-051	3.05265e-053	
Stolotermes_sp	0	0	0	0	0	0	0	0	0	1	0	0	0	0	0	0	0	0	0	0	0	0	0	0	0	0	0	0	0	0	0	0	0	0	0	0	0	0	0	0	0	0	0	0	0	
N53	2.66803e-011	1.035e-011	6.55769e-010	8.49721e-008	6.90144e-006	0.000284932	0.00320349	0.000754252	5.11635e-005	1.69591e-006	3.22487e-008	2.48149e-009	7.58088e-008	3.70891e-006	0.000115516	0.00217546	0.0232285	0.130758	0.330219	0.41843	0.0774593	0.0127536	0.000528382	2.58655e-005	3.78443e-007	7.51108e-009	5.14123e-011	5.13255e-013	1.91638e-015	1.09706e-017	2.45837e-020	8.84186e-023	1.26998e-025	3.07777e-028	2.97307e-031	5.13834e-034	3.46378e-037	4.4803e-040	2.17021e-043	2.19049e-046	7.95965e-050	7.11613e-053	4.33432e-056	1.00124e-058	2.58092e-061	
Zootermopsis_angusticollis	0	0	0	0	0	0	0	0	0	0	0	0	0	0	0	0	0	0	0	1	0	0	0	0	0	0	0	0	0	0	0	0	0	0	0	0	0	0	0	0	0	0	0	0	0	
Zootermopsis_nevadensis	0	0	0	0	0	0	0	0	0	0	0	0	0	0	0	0	0	0	0	1	0	0	0	0	0	0	0	0	0	0	0	0	0	0	0	0	0	0	0	0	0	0	0	0	0	
Porotermes_adamsoni	0	0	0	0	0	0	0	0	0	0	0	0	0	1	0	0	0	0	0	0	0	0	0	0	0	0	0	0	0	0	0	0	0	0	0	0	0	0	0	0	0	0	0	0	0	
N54	0.0152484	0.0408891	0.116051	0.238073	0.296577	0.200617	0.0719473	0.0157275	0.00311551	0.00104057	0.00046803	0.000179743	5.23132e-005	1.14292e-005	1.85539e-006	2.26685e-007	2.05347e-008	1.43599e-009	7.58064e-011	3.36263e-012	1.1755e-013	3.85214e-015	9.91201e-017	2.49377e-018	4.72945e-020	8.82977e-022	1.21997e-023	1.68054e-025	1.71393e-027	1.77878e-029	1.37066e-031	1.10191e-033	6.58088e-036	4.21872e-038	1.99947e-040	1.04892e-042	4.04468e-045	1.78691e-047	5.78524e-050	2.25238e-052	6.86509e-055	2.81612e-057	1.12771e-059	5.94497e-062	3.62111e-064	
N55	0.0285617	0.088537	0.238339	0.337501	0.222745	0.0709875	0.0119662	0.00124713	0.000104842	8.97262e-006	7.20149e-007	4.56835e-008	2.13404e-009	7.27214e-011	1.81639e-012	3.36147e-014	4.6541e-016	4.89274e-018	3.95616e-020	2.51304e-022	1.27276e-024	5.27959e-027	1.80664e-029	5.33467e-032	1.33203e-034	3.58114e-037	8.74739e-040	5.09089e-042	1.69837e-044	1.40254e-046	4.22229e-049	2.93467e-051	7.26536e-054	4.07634e-056	8.25909e-059	3.756e-061	6.25154e-064	2.32325e-066	3.18588e-069	9.7509e-072	1.11145e-074	2.86143e-077	2.97952e-080	8.03563e-083	2.04258e-085	
Cryptocercus_primarius	0	0	0	1	0	0	0	0	0	0	0	0	0	0	0	0	0	0	0	0	0	0	0	0	0	0	0	0	0	0	0	0	0	0	0	0	0	0	0	0	0	0	0	0	0	
Cryptocercus_relictus	0	0	1	0	0	0	0	0	0	0	0	0	0	0	0	0	0	0	0	0	0	0	0	0	0	0	0	0	0	0	0	0	0	0	0	0	0	0	0	0	0	0	0	0	0	
Cryptocercus_punctulatus	0	0	0	0	0	0	0	0	0	0	0	0	0	0	0	0	0	1	0	0	0	0	0	0	0	0	0	0	0	0	0	0	0	0	0	0	0	0	0	0	0	0	0	0	0	
N56	0.012523	0.0249608	0.0555618	0.110434	0.176061	0.213733	0.1923	0.126449	0.0603727	0.0210284	0.00537013	0.00103334	0.000151203	1.97755e-005	2.28689e-006	4.43116e-007	6.31008e-008	1.50765e-008	1.75474e-009	3.15926e-010	2.66403e-011	3.45582e-012	2.10101e-013	1.99325e-014	8.80492e-016	6.27434e-017	2.03546e-018	1.12335e-019	2.72086e-021	1.21221e-022	2.22997e-024	8.31239e-026	1.23698e-027	4.43253e-029	5.71384e-031	1.99358e-032	3.05121e-034	1.4382e-035	1.89965e-037	6.81305e-039	1.11004e-040	4.99688e-042	9.23262e-044	4.70818e-045	3.16209e-046	
N57	0.00164516	0.00372413	0.0106968	0.0309899	0.0779229	0.152202	0.216413	0.219345	0.157827	0.0836423	0.0327326	0.0100147	0.00230015	0.000460739	7.04873e-005	1.14861e-005	1.30318e-006	1.62985e-007	1.22116e-008	9.89638e-010	4.61196e-011	2.36659e-012	6.94861e-014	2.32445e-015	4.44198e-017	1.01164e-018	1.29624e-020	2.0849e-022	1.86142e-024	2.23535e-026	1.43365e-028	1.32838e-030	6.58831e-033	5.24568e-035	2.09163e-037	1.40208e-039	5.08424e-042	3.26444e-044	9.87729e-047	5.06213e-049	1.48438e-051	7.77836e-054	2.70318e-056	1.61905e-058	1.11057e-060	
N58	0.00152564	0.00351669	0.0102432	0.0299655	0.0761979	0.150526	0.215975	0.220214	0.159528	0.0851169	0.033752	0.010433	0.00243242	0.000486627	7.34505e-005	1.26004e-005	1.28107e-006	2.60575e-007	1.25956e-008	4.73117e-009	8.22798e-011	6.11435e-011	5.3428e-013	4.25151e-013	2.52273e-015	1.52738e-015	6.63702e-018	2.87721e-018	9.58288e-021	3.09407e-021	8.01434e-024	1.91628e-024	4.09203e-027	8.21666e-028	1.42577e-030	2.22934e-031	3.51422e-034	5.74998e-035	7.14826e-038	8.25562e-039	1.05846e-041	1.70633e-042	1.4245e-045	1.21592e-046	1.13852e-047	
N59	9.01438e-005	0.000265242	0.00208995	0.0164668	0.0809687	0.20957	0.265656	0.180299	0.0966164	0.066128	0.0458878	0.024065	0.00896065	0.00240403	0.000456669	6.71504e-005	7.30457e-006	8.22201e-007	6.7323e-008	6.43594e-009	3.52156e-010	2.13886e-011	7.05204e-013	2.61728e-014	5.3723e-016	1.28371e-017	1.72251e-019	2.7993e-021	2.56434e-023	2.97841e-025	1.92959e-027	1.66975e-029	7.91198e-032	5.33337e-034	1.90073e-036	1.03327e-038	2.9139e-041	1.38744e-043	3.25034e-046	1.41254e-048	3.52364e-051	1.96151e-053	8.91904e-056	6.8532e-058	5.6662e-060	
Blatta_orientalis	0	0	0	0	0	0	0	0	0	0	0	0	0	0	0	0	0	1	0	0	0	0	0	0	0	0	0	0	0	0	0	0	0	0	0	0	0	0	0	0	0	0	0	0	0	
N60	1.54448e-005	3.38283e-005	0.000309387	0.00414771	0.0355227	0.153723	0.303465	0.274196	0.140526	0.0569425	0.0214412	0.00741388	0.00191916	0.000311891	3.04091e-005	1.85237e-006	7.43621e-008	2.17132e-009	4.7319e-011	8.2257e-013	1.06199e-014	1.07661e-016	7.87535e-019	4.80617e-021	2.09969e-023	1.17589e-025	4.24413e-028	4.62222e-030	1.6152e-032	1.86526e-034	5.05525e-037	4.45594e-039	9.1289e-042	6.07284e-044	9.52326e-047	4.86186e-049	6.01121e-052	2.44229e-054	2.43115e-057	8.06614e-060	6.84914e-063	2.00955e-065	1.63711e-068	5.3047e-071	1.52718e-073	
N61	8.45386e-007	3.04117e-006	4.01353e-005	0.000581666	0.00837245	0.0879116	0.326582	0.362017	0.150194	0.0362517	0.0156022	0.00898774	0.00292008	0.000490232	4.27379e-005	2.60771e-006	9.06856e-008	6.36249e-009	1.21367e-010	5.07159e-012	3.7965e-014	6.69327e-016	2.35244e-018	2.14799e-020	4.31794e-023	2.43074e-025	3.14163e-028	1.17183e-030	1.01586e-033	2.54654e-036	1.50434e-039	2.57479e-042	1.05879e-045	1.2918e-048	3.7551e-052	3.37651e-055	7.48082e-059	6.32989e-062	1.04054e-065	7.3247e-069	1.66132e-072	2.41141e-075	4.94331e-079	7.22849e-082	1.20939e-084	
N62	3.08992e-007	3.01072e-006	4.46991e-005	0.000439281	0.00612512	0.0799868	0.32732	0.366547	0.151612	0.0340939	0.0154795	0.0115929	0.00489102	0.00119722	0.000160383	0.000339814	3.19988e-005	0.000125987	3.87209e-006	5.16752e-006	5.07032e-008	2.45828e-008	1.03167e-010	2.16121e-011	4.88311e-014	5.15135e-015	7.18838e-018	4.25591e-019	3.98046e-022	1.40207e-023	9.26231e-027	2.00937e-028	9.79288e-032	1.47692e-033	5.30269e-037	5.41713e-039	3.97128e-042	3.23966e-043	6.39429e-047	7.22003e-049	1.72744e-051	1.45898e-052	2.32219e-056	3.93063e-058	2.19542e-059	
Deropeltis_erythrocephala	0	0	0	0	0	0	0	0	0	0	0	0	0	0	0	0	0	0	1	0	0	0	0	0	0	0	0	0	0	0	0	0	0	0	0	0	0	0	0	0	0	0	0	0	0	
Periplaneta_americana	0	0	0	0	0	0	0	0	0	0	1	0	0	0	0	0	0	0	0	0	0	0	0	0	0	0	0	0	0	0	0	0	0	0	0	0	0	0	0	0	0	0	0	0	0	
Periplaneta_brunnea	0	0	0	0	0	0	0	1	0	0	0	0	0	0	0	0	0	0	0	0	0	0	0	0	0	0	0	0	0	0	0	0	0	0	0	0	0	0	0	0	0	0	0	0	0	
N63	1.77076e-006	8.31157e-008	3.3924e-009	1.25259e-007	2.48891e-005	0.00246212	0.0945141	0.83876	0.0630862	0.00114179	8.63203e-006	3.50809e-008	8.75261e-011	1.46292e-013	1.68435e-016	1.45847e-019	9.3263e-023	5.7919e-026	2.84423e-029	1.78989e-032	7.35215e-036	3.81856e-039	1.13387e-042	4.30126e-046	9.20809e-050	2.63705e-053	4.27744e-057	9.70988e-061	1.25208e-064	2.3162e-068	2.42826e-072	3.66168e-076	3.11072e-080	3.80714e-084	2.57669e-088	2.56058e-092	1.38359e-096	1.16407e-100	5.04203e-105	3.70915e-109	1.48088e-113	1.25244e-117	8.02347e-122	1.08198e-125	1.44129e-129	
Periplaneta_australasiae	0	0	0	0	0	0	0	1	0	0	0	0	0	0	0	0	0	0	0	0	0	0	0	0	0	0	0	0	0	0	0	0	0	0	0	0	0	0	0	0	0	0	0	0	0	
Periplaneta_fuliginosa	0	0	0	0	0	0	0	1	0	0	0	0	0	0	0	0	0	0	0	0	0	0	0	0	0	0	0	0	0	0	0	0	0	0	0	0	0	0	0	0	0	0	0	0	0	
Periplaneta_japonica	0	0	0	0	0	0	0	0	0	0	1	0	0	0	0	0	0	0	0	0	0	0	0	0	0	0	0	0	0	0	0	0	0	0	0	0	0	0	0	0	0	0	0	0	0	
N64	4.39045e-005	9.14221e-005	0.000133352	0.000624066	0.000849669	0.000605126	0.00174705	0.0650023	0.241656	0.352718	0.244396	0.0813818	0.0106243	0.000126119	6.36188e-007	1.92617e-009	3.83142e-012	6.1855e-015	7.51732e-018	8.58311e-021	7.32709e-024	6.03615e-027	3.6061e-030	2.10604e-033	8.89553e-037	3.76162e-040	1.1544e-043	3.65068e-047	8.38243e-051	2.04891e-054	3.60756e-058	7.0066e-062	9.6973e-066	1.54319e-069	1.71594e-073	2.29392e-077	2.12364e-081	2.4971e-085	2.02467e-089	2.22288e-093	1.90843e-097	2.40394e-101	2.86036e-105	4.19753e-109	5.92454e-113	
Eurycotis_floridana	0	0	0	0	0	0	0	1	0	0	0	0	0	0	0	0	0	0	0	0	0	0	0	0	0	0	0	0	0	0	0	0	0	0	0	0	0	0	0	0	0	0	0	0	0	
Pelmatosilpha_sp	0	0	0	0	0	0	0	0	0	0	0	0	1	0	0	0	0	0	0	0	0	0	0	0	0	0	0	0	0	0	0	0	0	0	0	0	0	0	0	0	0	0	0	0	0	
Lamproblatta_albipalpus	0	0	1	0	0	0	0	0	0	0	0	0	0	0	0	0	0	0	0	0	0	0	0	0	0	0	0	0	0	0	0	0	0	0	0	0	0	0	0	0	0	0	0	0	0	
N65	0.00253731	0.00536194	0.014383	0.0404469	0.102247	0.198825	0.262691	0.219604	0.111835	0.0346729	0.00651564	0.000806576	6.62488e-005	5.84143e-006	3.84003e-007	3.81978e-008	1.76425e-009	1.09042e-010	2.86886e-012	1.01294e-013	1.55002e-015	3.28373e-017	3.03677e-019	4.08291e-021	2.37156e-023	2.15392e-025	8.12914e-028	5.27655e-030	1.3605e-032	6.97243e-035	1.29402e-037	5.5479e-040	9.43178e-043	4.77404e-045	7.28011e-048	3.00321e-050	5.35185e-053	2.50802e-055	3.04612e-058	8.99853e-061	1.17991e-063	3.99088e-066	4.90568e-069	1.64605e-071	6.01192e-074	
N66	0.00269886	0.00585847	0.0142397	0.0342305	0.081518	0.167554	0.247758	0.23802	0.142119	0.0522848	0.0118005	0.00173539	0.000162927	1.90495e-005	1.27798e-006	3.61374e-007	1.6817e-008	3.60774e-009	9.4985e-011	1.17437e-011	1.80442e-013	1.30153e-014	1.21875e-016	5.29774e-018	3.15561e-020	8.62181e-022	3.3807e-024	6.0258e-026	1.61895e-028	2.04437e-030	3.83751e-033	3.48584e-035	5.42945e-038	6.28343e-040	6.8752e-043	5.1797e-045	1.02834e-047	1.99998e-049	1.44699e-052	8.28042e-055	1.37006e-057	2.08107e-059	1.26845e-062	9.18962e-065	1.05716e-066	
N67	0.00275093	0.00635485	0.0146638	0.0299132	0.0647434	0.137782	0.223805	0.2443	0.171564	0.0770581	0.022052	0.00431865	0.000553861	0.000118836	1.22894e-005	8.3749e-006	6.12569e-007	3.21271e-007	1.43094e-008	4.67489e-009	1.31199e-010	2.67665e-011	4.92315e-013	6.39583e-014	8.01296e-016	6.83726e-017	6.01347e-019	3.46948e-020	2.22035e-022	9.42182e-024	4.4192e-026	1.37019e-027	5.86287e-030	2.98336e-031	8.71916e-034	2.46827e-035	1.75926e-037	1.70029e-038	3.49121e-041	7.69002e-043	4.68637e-045	3.65303e-046	6.43655e-049	1.90864e-050	1.17868e-051	
N68	8.8173e-005	0.000423002	0.00163376	0.00363909	0.00557608	0.0106032	0.030977	0.0879173	0.181682	0.251039	0.222043	0.131182	0.0506499	0.0170567	0.00407046	0.00120314	0.00018186	3.11135e-005	2.30404e-006	1.93228e-007	7.21714e-009	3.30359e-010	7.25992e-012	2.20005e-013	3.33527e-015	7.34252e-017	7.50318e-019	1.13028e-020	7.36434e-023	7.66471e-025	3.20567e-027	2.39009e-029	7.38527e-032	4.96668e-034	1.1983e-036	6.39909e-039	1.52808e-041	8.29297e-044	1.40453e-046	4.95707e-049	8.12089e-052	2.94879e-054	4.76601e-057	1.75044e-059	6.65105e-062	
N69	2.6933e-005	0.000129177	0.000580533	0.00176066	0.00347541	0.00559357	0.0144682	0.0486142	0.126152	0.219775	0.249035	0.186929	0.0943358	0.0356358	0.00965533	0.00301166	0.000524171	0.000254542	2.71575e-005	1.43963e-005	1.03827e-006	4.88702e-007	3.44501e-008	1.58103e-008	9.19558e-010	2.88549e-010	1.08221e-011	2.083e-012	5.00571e-014	6.11202e-015	9.70707e-017	7.78109e-018	8.71694e-020	5.24868e-021	4.28074e-023	1.88754e-024	1.29833e-026	6.21476e-028	3.03337e-030	9.0878e-032	5.40946e-034	3.3107e-035	1.30574e-037	7.23708e-039	6.89698e-040	
N70	1.52916e-006	8.2464e-006	4.14226e-005	0.000147141	0.000391186	0.000855557	0.00225422	0.00978046	0.0403785	0.114204	0.205827	0.238927	0.192117	0.116591	0.0523305	0.0186776	0.0047872	0.00189689	0.000399708	0.000208919	5.72908e-005	6.47513e-005	2.47247e-005	2.09556e-005	4.81471e-006	2.38407e-006	3.25155e-007	9.66754e-008	8.04014e-009	1.48103e-009	7.6473e-011	8.96438e-012	2.92961e-013	2.27516e-014	4.80285e-016	2.54915e-017	3.70162e-019	1.54971e-020	1.60621e-022	5.16737e-024	5.33542e-026	2.45086e-027	3.6606e-029	2.60315e-030	2.38465e-031	
N71	7.63173e-009	8.02452e-008	5.0204e-007	2.2332e-006	1.19807e-005	6.50749e-005	0.00036122	0.00292321	0.0178892	0.0720069	0.168804	0.208218	0.164718	0.128072	0.103218	0.076201	0.0406445	0.0134371	0.00268157	0.000621342	9.77645e-005	2.31628e-005	2.20321e-006	2.22024e-007	1.02002e-008	4.14785e-010	8.98835e-012	1.60323e-013	1.68111e-015	1.42918e-017	7.6099e-020	3.31704e-022	9.47787e-025	2.27491e-027	3.67711e-030	5.24113e-033	5.05286e-036	4.74975e-039	2.90223e-042	2.04589e-045	9.0016e-049	9.04167e-052	1.9418e-054	6.77206e-057	1.97522e-059	
N72	1.51251e-009	2.1168e-008	1.76161e-007	9.52388e-007	5.46596e-006	3.10773e-005	0.000289634	0.0024715	0.0124799	0.0479087	0.136918	0.216113	0.196651	0.139452	0.0982085	0.0768525	0.0488654	0.0187072	0.00415342	0.000761968	0.000104028	2.32499e-005	1.68064e-006	4.37695e-007	1.12236e-008	3.01149e-009	3.37521e-011	5.52728e-012	3.26708e-014	2.85432e-015	1.03325e-017	5.64578e-019	1.47763e-021	6.38147e-023	1.26304e-025	4.21916e-027	5.89548e-030	1.34068e-031	1.30529e-034	1.93814e-036	1.36574e-039	1.38597e-041	7.53542e-045	6.4242e-047	4.65101e-049	
N73	4.66636e-010	7.37766e-009	1.1678e-007	1.3656e-006	7.34174e-006	1.98705e-005	0.000108213	0.00123755	0.00951827	0.0474884	0.14389	0.230318	0.20696	0.129145	0.0797505	0.0695355	0.0520825	0.0229172	0.00584222	0.00102191	0.00013464	1.90464e-005	1.76272e-006	2.4349e-007	1.25988e-008	2.01972e-009	5.8771e-011	1.51966e-011	2.56861e-013	5.79624e-014	5.99204e-016	8.8437e-017	6.30671e-019	6.61022e-020	3.37328e-022	2.55117e-023	8.90021e-026	4.55556e-027	1.07882e-029	3.59175e-031	5.99224e-034	1.31391e-035	1.63173e-038	2.64118e-040	1.82772e-042	
N74	5.21617e-011	2.37605e-009	7.74452e-008	9.50371e-007	3.68111e-006	6.26955e-006	7.65628e-006	4.59453e-005	0.000768058	0.00862114	0.0534686	0.170487	0.276207	0.244901	0.146519	0.0703191	0.0232828	0.00465166	0.000630407	7.14884e-005	6.90867e-006	5.30331e-007	2.98856e-008	1.30086e-009	3.98473e-011	1.03964e-012	1.92421e-014	3.57699e-016	4.12896e-018	4.97378e-020	3.3016e-022	2.57979e-024	1.01075e-026	6.55385e-029	1.79799e-031	1.34677e-033	3.44541e-036	3.02446e-038	7.01247e-041	5.19295e-043	9.24636e-046	5.10969e-048	8.33387e-051	4.75799e-053	2.42633e-055	
N75	8.99705e-012	3.5812e-010	1.34648e-008	2.08022e-007	8.20285e-007	1.23567e-006	2.66102e-006	9.58171e-006	7.63226e-005	0.00120344	0.0140894	0.0846937	0.238724	0.317797	0.222346	0.0933791	0.0238725	0.00348861	0.000297941	1.69247e-005	6.81065e-007	2.27417e-008	4.66174e-010	1.49129e-011	1.57042e-013	7.59944e-015	4.57488e-017	1.81981e-018	6.6764e-021	1.72017e-022	4.2822e-025	7.63853e-027	1.47772e-029	2.07051e-031	3.43672e-034	4.17418e-036	6.12086e-039	6.68932e-041	8.36759e-044	7.65605e-046	7.70616e-049	5.49879e-051	4.69781e-054	3.30434e-056	1.99175e-058	
Archimandrita_tessellata	0	0	0	0	0	0	0	0	0	0	0	0	0	0	0	0	1	0	0	0	0	0	0	0	0	0	0	0	0	0	0	0	0	0	0	0	0	0	0	0	0	0	0	0	0	
N76	1.231e-011	5.50107e-010	1.68295e-008	1.03997e-007	1.81718e-007	3.37636e-007	2.02935e-006	1.05733e-005	4.97803e-005	0.000379873	0.00579469	0.0557874	0.22202	0.351561	0.252913	0.0920288	0.0176088	0.00174993	9.01714e-005	2.56127e-006	4.33934e-008	4.84954e-010	3.95357e-012	5.62291e-014	1.6642e-015	4.49711e-016	2.36883e-017	5.25011e-018	1.47892e-019	1.74461e-020	2.59152e-022	1.65842e-023	1.37832e-025	5.04625e-027	2.54805e-029	5.76922e-031	1.91703e-033	2.90025e-035	6.67066e-038	6.98949e-040	1.13849e-042	8.31549e-045	1.00004e-047	5.79917e-050	2.31693e-052	
N77	2.15955e-012	1.0024e-010	2.53576e-009	3.13823e-009	6.27665e-010	2.0167e-010	3.00714e-009	1.49857e-007	9.47317e-006	0.000509116	0.0158404	0.198572	0.505162	0.23716	0.0395631	0.00305948	0.000121981	2.66214e-006	3.51289e-008	1.28078e-009	3.96762e-010	1.01893e-010	1.79752e-011	2.23648e-012	2.0428e-013	3.30806e-014	6.99222e-015	6.19428e-015	1.01695e-015	4.27385e-016	2.73779e-017	3.32892e-018	6.38435e-020	2.90149e-021	2.52711e-023	5.77797e-025	2.77761e-027	3.66588e-029	1.07392e-031	8.783e-034	1.661e-036	8.79416e-039	1.14454e-041	4.52142e-044	1.23035e-046	
Blaberus_discoidalis	0	0	0	0	0	0	0	0	0	0	0	0	1	0	0	0	0	0	0	0	0	0	0	0	0	0	0	0	0	0	0	0	0	0	0	0	0	0	0	0	0	0	0	0	0	
Blaberus_giganteus	0	0	0	0	0	0	0	0	0	0	0	0	0	0	0	0	0	0	0	0	0	0	0	0	0	0	0	0	0	0	1	0	0	0	0	0	0	0	0	0	0	0	0	0	0	
Byrsotria_fumigata	0	0	0	0	0	0	0	0	0	0	0	0	0	0	0	0	0	1	0	0	0	0	0	0	0	0	0	0	0	0	0	0	0	0	0	0	0	0	0	0	0	0	0	0	0	
N78	2.98984e-010	2.0117e-008	8.46777e-008	1.39269e-007	6.59341e-007	5.3856e-006	2.44513e-005	6.59138e-005	0.000245173	0.0110493	0.135604	0.296274	0.313531	0.179336	0.0527591	0.00675299	0.000466295	0.00074742	0.00115269	0.00106817	0.00061949	0.000231361	5.61404e-005	9.69861e-006	1.23437e-006	2.0485e-007	1.748e-008	7.40444e-010	1.00118e-011	1.31667e-013	7.54411e-016	4.77271e-018	1.49721e-020	5.5046e-023	1.07481e-025	2.56752e-028	3.38179e-031	5.62785e-034	5.24498e-037	6.33287e-040	4.2954e-043	3.93116e-046	2.17393e-049	1.97789e-052	1.95635e-055	
Eublaberus_distanti	0	0	0	0	0	0	0	0	0	0	0	0	0	0	0	0	0	0	0	0	0	0	0	0	0	0	1	0	0	0	0	0	0	0	0	0	0	0	0	0	0	0	0	0	0	
Eublaberus_posticus	0	0	0	0	0	0	0	0	0	0	0	0	0	0	0	1	0	0	0	0	0	0	0	0	0	0	0	0	0	0	0	0	0	0	0	0	0	0	0	0	0	0	0	0	0	
Gromphadorhina_portentosa	0	0	0	0	0	0	0	0	0	0	0	0	0	0	0	0	0	0	0	0	0	0	0	0	0	1	0	0	0	0	0	0	0	0	0	0	0	0	0	0	0	0	0	0	0	
Rhabdoblatta_sp	0	0	0	0	0	0	0	0	0	0	0	0	0	0	0	0	0	0	1	0	0	0	0	0	0	0	0	0	0	0	0	0	0	0	0	0	0	0	0	0	0	0	0	0	0	
N79	3.86406e-009	1.76608e-008	8.36292e-008	6.73104e-007	4.11053e-006	2.73228e-005	0.00041306	0.00610396	0.0446575	0.138048	0.189399	0.131721	0.0653145	0.0605897	0.0953043	0.115223	0.0904044	0.0451	0.0142619	0.00294914	0.000415998	5.47085e-005	6.05633e-006	1.79221e-006	1.80198e-007	4.42066e-008	2.3991e-009	3.02856e-010	8.56966e-012	5.66619e-013	8.73304e-015	3.19581e-016	2.87604e-018	6.27722e-020	3.57281e-022	5.13474e-024	1.99967e-026	2.06728e-028	5.82511e-031	4.47887e-033	9.33277e-036	5.41752e-038	9.27521e-041	6.19674e-043	6.40121e-045	
N80	2.48109e-009	4.2792e-008	6.17569e-007	3.34305e-006	6.16317e-006	9.44466e-006	3.06042e-005	0.000264507	0.00294611	0.0209405	0.0828973	0.179812	0.228271	0.208933	0.159214	0.0844466	0.0266932	0.00493845	0.000552301	3.92109e-005	1.86875e-006	6.54967e-008	1.88387e-009	5.10368e-011	1.24531e-012	2.66951e-014	4.33577e-016	5.64274e-018	5.3639e-020	4.23207e-022	2.43362e-024	1.36919e-026	5.62753e-029	3.92753e-031	1.90914e-033	2.26673e-035	1.21453e-037	1.34499e-039	6.06707e-042	5.32417e-044	1.95305e-046	1.40566e-048	5.48482e-051	4.54088e-053	3.8207e-055	
Epilampra_sp	0	0	0	0	0	0	0	0	0	0	0	0	0	0	1	0	0	0	0	0	0	0	0	0	0	0	0	0	0	0	0	0	0	0	0	0	0	0	0	0	0	0	0	0	0	
Nauphoeta_cinerea	0	0	0	0	0	0	0	0	0	0	0	0	1	0	0	0	0	0	0	0	0	0	0	0	0	0	0	0	0	0	0	0	0	0	0	0	0	0	0	0	0	0	0	0	0	
N81	3.75483e-010	1.78142e-009	1.14184e-008	9.75144e-008	2.46545e-006	7.21902e-005	0.00122427	0.00891753	0.0262334	0.0327588	0.0173977	0.00905959	0.0108692	0.0110871	0.00732161	0.00411069	0.00780703	0.0282204	0.0716291	0.114151	0.111451	0.0891406	0.0677494	0.138138	0.0951783	0.103405	0.0300135	0.0123376	0.00145886	0.000250387	1.38314e-005	1.16223e-006	3.40303e-008	1.58239e-009	2.69355e-011	7.63797e-013	8.09458e-015	1.51893e-016	1.05615e-018	1.4044e-020	6.68811e-023	6.74667e-025	2.7347e-027	3.84542e-029	9.01174e-031	
Lanxoblatta_emarginata	0	0	0	0	0	0	0	0	0	0	0	0	0	0	0	0	0	0	0	0	0	0	0	0	0	0	1	0	0	0	0	0	0	0	0	0	0	0	0	0	0	0	0	0	0	
Phoetalia_sp	0	0	0	0	0	0	0	0	0	0	0	0	0	0	0	0	0	0	0	0	1	0	0	0	0	0	0	0	0	0	0	0	0	0	0	0	0	0	0	0	0	0	0	0	0	
Macropanesthia_rhinoceros	0	0	0	0	0	0	0	0	0	0	0	0	0	0	0	0	0	0	0	0	0	0	0	0	0	0	0	0	0	0	0	0	0	1	0	0	0	0	0	0	0	0	0	0	0	
Pycnoscelus_surinamensis	0	0	0	0	0	0	0	0	0	0	0	1	0	0	0	0	0	0	0	0	0	0	0	0	0	0	0	0	0	0	0	0	0	0	0	0	0	0	0	0	0	0	0	0	0	
N82	0.000115594	0.000396127	0.00133557	0.00315307	0.00592153	0.0125545	0.0326512	0.0825552	0.164698	0.233352	0.22428	0.145888	0.0650733	0.0213659	0.00533324	0.00111947	0.000180812	2.40779e-005	2.26024e-006	2.65042e-007	1.87074e-008	5.4798e-009	3.35955e-010	9.62711e-011	4.05347e-012	7.95813e-013	2.30042e-014	3.09071e-015	6.3628e-017	6.0487e-018	9.12711e-020	6.32125e-021	7.41911e-023	4.11549e-024	3.86327e-026	1.71821e-027	1.38642e-029	5.62365e-031	3.76054e-033	1.17063e-034	6.57957e-037	1.84308e-038	9.43246e-041	3.33418e-042	2.38008e-043	
N83	4.1851e-005	0.000117768	0.000378059	0.00109559	0.00312267	0.00807158	0.0154204	0.0220215	0.0326164	0.0656214	0.132515	0.203768	0.219902	0.165161	0.0860116	0.0324455	0.00886112	0.00221693	0.000456908	0.00012664	2.28519e-005	5.09271e-006	6.16951e-007	8.89331e-008	7.00464e-009	6.64042e-010	3.5048e-011	2.28378e-012	8.34968e-014	3.90727e-015	1.01928e-016	3.56477e-018	6.82254e-020	1.85417e-021	2.66738e-023	5.82108e-025	6.48792e-027	1.1932e-028	1.06255e-030	1.72125e-032	1.47855e-034	3.04698e-036	5.84526e-038	2.03038e-039	8.40255e-041	
Diploptera_punctata	0	0	0	0	0	0	0	0	0	0	0	0	0	0	0	0	0	1	0	0	0	0	0	0	0	0	0	0	0	0	0	0	0	0	0	0	0	0	0	0	0	0	0	0	0	
Panchlora_nivea	0	0	0	0	0	0	0	0	0	0	0	1	0	0	0	0	0	0	0	0	0	0	0	0	0	0	0	0	0	0	0	0	0	0	0	0	0	0	0	0	0	0	0	0	0	
Galiblatta_sp	0	0	0	0	0	0	0	1	0	0	0	0	0	0	0	0	0	0	0	0	0	0	0	0	0	0	0	0	0	0	0	0	0	0	0	0	0	0	0	0	0	0	0	0	0	
N84	0.0104219	0.0177795	0.0350998	0.0709806	0.128527	0.187243	0.207627	0.171284	0.104129	0.0467237	0.0155019	0.00384755	0.000719065	0.00010384	1.16721e-005	1.09599e-006	8.60707e-008	6.90494e-009	5.00509e-010	4.28822e-011	2.89777e-012	2.17197e-013	1.1635e-014	6.73663e-016	2.74829e-017	1.2222e-018	3.81997e-020	1.33074e-021	3.23305e-023	9.04451e-025	1.73434e-026	3.99346e-028	6.15177e-030	1.19918e-031	1.51078e-033	2.55748e-035	2.72283e-037	4.20161e-039	3.98293e-041	5.98891e-043	6.49471e-045	1.28191e-046	2.44154e-048	6.2653e-050	1.93878e-051	
Margattea_sp	0	0	0	0	0	0	0	0	0	1	0	0	0	0	0	0	0	0	0	0	0	0	0	0	0	0	0	0	0	0	0	0	0	0	0	0	0	0	0	0	0	0	0	0	0	
Supella_longipalpa	0	0	0	1	0	0	0	0	0	0	0	0	0	0	0	0	0	0	0	0	0	0	0	0	0	0	0	0	0	0	0	0	0	0	0	0	0	0	0	0	0	0	0	0	0	
N85	0.0053162	0.0103102	0.0226532	0.0480946	0.0923479	0.151357	0.198847	0.199117	0.147558	0.0802174	0.032014	0.00953748	0.00214243	0.000400459	6.36678e-005	1.65719e-005	3.65766e-006	1.61545e-006	3.23815e-007	1.12035e-007	1.64858e-008	4.09961e-009	4.36966e-010	7.895e-011	6.1253e-012	8.23754e-013	4.69287e-014	4.84098e-015	2.05124e-016	1.68651e-017	5.38865e-019	3.65598e-020	9.13637e-022	5.62509e-023	1.1521e-024	6.7469e-026	1.54983e-027	1.33804e-028	2.87301e-030	2.03296e-031	6.18177e-033	5.95925e-034	2.12905e-035	2.34573e-036	3.62898e-037	
Ectobius_pallidus	0	0	0	0	1	0	0	0	0	0	0	0	0	0	0	0	0	0	0	0	0	0	0	0	0	0	0	0	0	0	0	0	0	0	0	0	0	0	0	0	0	0	0	0	0	
Panchlora_viridis	0	0	0	0	0	0	0	0	0	0	0	0	1	0	0	0	0	0	0	0	0	0	0	0	0	0	0	0	0	0	0	0	0	0	0	0	0	0	0	0	0	0	0	0	0	
N86	0.00222547	0.00484516	0.0135471	0.038401	0.0929873	0.17268	0.231588	0.217285	0.140271	0.0622734	0.0190491	0.00412059	0.000635516	8.17291e-005	8.68928e-006	1.51247e-006	1.85333e-007	3.85027e-008	3.6096e-009	5.2449e-010	3.3328e-011	3.26935e-012	1.41546e-013	9.61405e-015	2.88304e-016	1.4036e-017	2.96572e-019	1.0732e-020	1.63203e-022	4.59878e-024	5.13494e-026	1.17008e-027	1.01784e-029	2.15194e-031	1.55044e-033	3.1066e-035	2.61357e-037	7.29057e-039	5.22867e-041	1.08187e-042	9.81945e-045	2.56959e-046	2.57393e-048	7.36007e-050	2.54024e-051	
N87	0.00127296	0.00367138	0.0115489	0.0344454	0.0936354	0.1921	0.260625	0.224725	0.122888	0.0433502	0.0100073	0.00155293	0.000164648	1.24567e-005	6.81431e-007	2.96019e-008	1.01402e-009	3.37444e-011	9.38019e-013	2.84235e-014	6.45795e-016	1.54459e-017	2.58669e-019	4.52651e-021	5.50602e-023	7.12057e-025	6.40289e-027	6.28731e-029	4.2728e-031	3.28073e-033	1.71888e-035	1.05989e-037	4.37453e-040	2.23491e-042	7.41575e-045	3.22606e-047	8.94252e-050	3.5028e-052	8.57105e-055	3.21964e-057	8.7866e-060	4.11794e-062	1.81012e-064	1.05821e-066	6.72789e-069	
N88	0.000427705	0.00195199	0.0112143	0.0515572	0.157712	0.284105	0.282462	0.153947	0.0471881	0.00844975	0.000918451	6.29558e-005	2.81524e-006	8.51997e-008	1.79479e-009	2.79617e-011	3.25347e-013	4.03345e-015	4.02925e-017	1.05282e-018	1.09334e-020	3.11704e-022	2.43818e-024	5.16186e-026	2.96195e-028	4.60269e-030	1.96871e-032	2.28442e-034	7.41242e-037	6.55154e-039	1.63692e-041	1.12291e-043	2.1932e-046	1.19561e-048	1.84822e-051	8.16178e-054	1.01772e-056	3.80164e-059	3.86302e-062	1.233e-064	1.12455e-067	4.12683e-070	6.07346e-073	5.48697e-075	6.13023e-077	
N89	6.50598e-005	0.000643078	0.00769605	0.0572825	0.218705	0.372274	0.255147	0.0762184	0.011069	0.000860629	3.86575e-005	1.07667e-006	1.95102e-008	2.65963e-010	2.80248e-012	5.02719e-014	6.29622e-016	1.64382e-017	1.60946e-019	2.98263e-021	2.00074e-023	2.54104e-025	1.19124e-027	1.07118e-029	3.59478e-032	2.36969e-034	5.80968e-037	2.90442e-039	5.30089e-042	2.08665e-044	2.87711e-047	9.21156e-050	9.95351e-053	2.88135e-055	2.51585e-058	6.8477e-061	6.94107e-064	3.05086e-066	2.6607e-069	8.70829e-072	1.13387e-074	5.40304e-077	6.95743e-080	3.46188e-082	1.86639e-084	
Blattella_bisignata	0	0	0	0	0	1	0	0	0	0	0	0	0	0	0	0	0	0	0	0	0	0	0	0	0	0	0	0	0	0	0	0	0	0	0	0	0	0	0	0	0	0	0	0	0	
Blattella_germanica	0	0	0	0	0	1	0	0	0	0	0	0	0	0	0	0	0	0	0	0	0	0	0	0	0	0	0	0	0	0	0	0	0	0	0	0	0	0	0	0	0	0	0	0	0	
Blattella_sauteri	0	0	0	0	0	1	0	0	0	0	0	0	0	0	0	0	0	0	0	0	0	0	0	0	0	0	0	0	0	0	0	0	0	0	0	0	0	0	0	0	0	0	0	0	0	
Loboptera_decipiens	0	0	0	0	0	0	0	0	0	0	1	0	0	0	0	0	0	0	0	0	0	0	0	0	0	0	0	0	0	0	0	0	0	0	0	0	0	0	0	0	0	0	0	0	0	
N90	0.00125411	0.00259021	0.00607294	0.0151856	0.0393901	0.0912974	0.166428	0.223506	0.213596	0.143898	0.0676384	0.0226245	0.00535672	0.00099503	0.000141058	2.21347e-005	2.70196e-006	4.38471e-007	4.18179e-008	4.96813e-009	3.19009e-010	2.55249e-011	1.10376e-012	6.09523e-014	1.82179e-015	7.20761e-017	1.52614e-018	4.47726e-020	6.89389e-022	1.5615e-023	1.78606e-025	3.22399e-027	2.86337e-029	4.47183e-031	3.20588e-033	4.45142e-035	3.03853e-037	4.61692e-039	2.87501e-041	3.80475e-043	2.66806e-045	4.124e-047	3.82483e-049	7.04912e-051	1.52239e-052	
N91	0.000833599	0.00170008	0.00382886	0.00832364	0.0187479	0.0449288	0.0996508	0.175839	0.226756	0.206844	0.130903	0.0582562	0.0180058	0.00438143	0.000773898	0.000187955	2.85757e-005	8.94793e-006	1.02324e-006	2.37322e-007	1.79973e-008	2.79379e-009	1.42788e-010	1.5186e-011	5.39482e-013	4.07263e-014	1.0323e-015	5.70428e-017	1.05996e-018	4.46024e-020	6.18208e-022	2.02529e-023	2.18854e-025	6.19735e-027	5.23303e-029	1.24415e-030	1.02908e-032	3.26847e-034	2.13205e-036	4.97428e-038	4.42755e-040	1.64682e-041	1.37462e-043	5.23904e-045	2.66889e-046	
N92	5.37364e-005	0.000357995	0.00329245	0.0140682	0.019117	0.0149126	0.0277733	0.0974789	0.217864	0.281308	0.210205	0.0897914	0.0210176	0.002583	0.000170477	6.81675e-006	1.77295e-007	3.61169e-009	5.67466e-011	9.5823e-013	1.23728e-014	1.85018e-016	1.81359e-018	2.00796e-020	1.40389e-022	1.11613e-024	5.62929e-027	3.29188e-029	1.22691e-031	5.44476e-034	1.53359e-036	5.31759e-039	1.1565e-041	3.22717e-044	5.52494e-047	1.27345e-049	1.75979e-052	3.47392e-055	3.98578e-058	6.99862e-061	7.61687e-064	1.52557e-066	2.88276e-069	9.16293e-072	3.10817e-074	
Hemithyrsocera_sp	0	0	0	0	0	0	1	0	0	0	0	0	0	0	0	0	0	0	0	0	0	0	0	0	0	0	0	0	0	0	0	0	0	0	0	0	0	0	0	0	0	0	0	0	0	
N93	8.22761e-010	1.3994e-007	1.50415e-005	0.000109918	5.20351e-006	8.808e-008	6.61172e-009	5.33995e-008	5.5481e-006	0.000349633	0.0110429	0.15083	0.631863	0.200674	0.00499383	0.000109869	9.44148e-007	1.16002e-008	4.06123e-011	2.15855e-013	3.57511e-016	9.6051e-019	8.64569e-022	1.33266e-024	7.15655e-028	6.97134e-031	2.38581e-034	1.58509e-037	3.63475e-041	1.75854e-044	2.80679e-048	1.0426e-051	1.23046e-055	4.04382e-059	3.76317e-063	1.17694e-066	1.39693e-070	7.12088e-074	6.57705e-078	2.24555e-081	2.96977e-085	1.3517e-088	1.62854e-092	7.30216e-096	3.24768e-099	
Symplocodes_sp	0	0	0	0	0	0	0	0	0	0	0	0	0	1	0	0	0	0	0	0	0	0	0	0	0	0	0	0	0	0	0	0	0	0	0	0	0	0	0	0	0	0	0	0	0	
Xestoblatta_sp	0	0	0	0	0	0	0	0	0	0	0	0	1	0	0	0	0	0	0	0	0	0	0	0	0	0	0	0	0	0	0	0	0	0	0	0	0	0	0	0	0	0	0	0	0	
Lobopterella_dimidiatipes	0	0	0	0	0	0	0	0	0	0	0	0	1	0	0	0	0	0	0	0	0	0	0	0	0	0	0	0	0	0	0	0	0	0	0	0	0	0	0	0	0	0	0	0	0	
Symploce_sp	0	0	0	0	0	0	0	1	0	0	0	0	0	0	0	0	0	0	0	0	0	0	0	0	0	0	0	0	0	0	0	0	0	0	0	0	0	0	0	0	0	0	0	0	0	
