NODE	13	14	15	16	17	18	19	20	21	22	23	24	25	26	27	28	29	30	31	32	33	34	35	36	37	38	39	40	41	42	43	44	45	46	47	48	49	50	51	
N1	6.73098e-018	1.05816e-017	9.80449e-012	2.19262e-008	1.64805e-005	0.00327074	0.127576	0.642843	0.214235	0.0118371	0.000220913	9.68012e-007	5.70569e-010	7.45485e-014	3.6977e-019	2.16354e-021	1.06498e-023	4.4835e-026	1.60938e-028	4.91e-031	1.27458e-033	2.8274e-036	5.39176e-039	8.89671e-042	1.27855e-044	1.61033e-047	1.78799e-050	1.75962e-053	1.54254e-056	1.21022e-059	8.54242e-063	5.47854e-066	3.28965e-069	2.01418e-072	1.42792e-075	1.15535e-078	8.80142e-082	5.42075e-085	2.72189e-088	
N2	3.02778e-013	4.63855e-012	3.07542e-009	1.04161e-006	0.000156244	0.00922211	0.172387	0.645051	0.17039	0.00277771	1.45458e-005	5.11041e-008	1.26079e-010	1.483e-013	8.10418e-017	2.41354e-020	1.3544e-023	1.295e-024	4.56186e-027	2.81603e-028	5.93689e-031	1.89154e-032	2.3715e-035	4.16212e-037	2.58171e-040	2.71476e-042	5.93008e-046	3.8829e-048	2.63603e-052	8.55511e-055	3.26646e-059	5.55314e-062	1.42464e-066	1.38542e-069	2.4182e-074	1.07666e-077	1.41135e-082	9.82345e-086	2.65688e-088	
N3	1.29022e-016	4.25196e-015	8.27033e-012	1.25799e-008	7.57801e-006	0.00148533	0.0741303	0.638966	0.281078	0.00431896	1.33074e-005	1.46704e-008	7.90537e-012	9.01396e-015	2.38611e-017	1.4462e-018	2.44905e-021	7.93421e-023	6.36868e-026	1.21734e-027	4.62861e-031	5.61728e-033	1.00516e-036	7.96753e-039	6.65219e-043	3.31849e-045	1.31209e-049	3.44891e-052	7.55059e-057	7.49231e-060	1.14471e-064	5.77994e-068	6.50907e-073	2.20923e-076	1.91718e-081	5.43732e-085	7.78608e-089	3.97863e-091	1.56078e-093	
N4	3.68499e-018	2.5865e-018	6.70157e-015	2.04805e-011	3.21142e-008	2.17927e-005	0.00487408	0.21923	0.755418	0.0203575	9.85427e-005	1.58752e-007	1.13501e-010	4.34974e-014	1.304e-017	1.44834e-019	3.47986e-022	6.97869e-024	1.07697e-026	1.19125e-028	1.23961e-031	7.85908e-034	5.38577e-037	2.01022e-039	7.84197e-043	1.78076e-045	3.06168e-049	4.08231e-052	2.72841e-056	1.35349e-059	5.41294e-064	1.45578e-067	3.62054e-072	7.38035e-076	1.21602e-080	2.31082e-084	5.57681e-088	8.62178e-091	1.02868e-093	
N5	6.30417e-026	1.26139e-027	3.59964e-023	2.1655e-018	7.03394e-014	1.07067e-009	6.06935e-006	0.00833794	0.987922	0.00373249	1.96072e-006	3.08506e-010	2.02838e-014	6.71392e-019	1.26318e-023	3.91137e-028	5.36314e-032	1.31934e-034	1.70959e-038	2.27305e-041	1.89092e-045	1.35777e-048	7.25055e-053	2.83366e-056	4.67003e-060	2.57757e-061	1.33909e-063	6.23097e-065	1.17976e-067	3.08736e-069	4.88175e-070	5.23846e-067	1.27178e-065	4.53629e-064	1.99655e-067	1.02704e-069	1.32952e-072	6.32445e-074	2.79852e-075	
N6	1.44419e-041	1.61652e-041	1.36464e-037	1.31756e-031	3.7419e-024	3.41996e-017	8.46536e-011	3.97195e-005	0.999911	4.96433e-005	1.56143e-010	9.984e-017	1.90622e-023	1.24827e-030	7.62691e-038	1.55559e-042	1.29649e-044	7.24774e-043	7.31113e-043	4.61835e-041	4.64885e-041	2.42845e-039	2.39662e-039	1.00909e-037	9.04624e-038	3.03207e-036	1.92325e-036	5.27554e-035	1.16189e-035	2.7275e-034	8.05586e-036	2.09606e-035	5.17481e-037	6.91138e-037	1.38216e-038	1.47492e-038	6.65394e-040	2.32958e-038	9.38068e-037	
N7	4.49412e-036	3.1755e-039	7.52155e-036	1.25418e-030	2.36261e-023	1.261e-016	1.55882e-010	4.35878e-005	0.999891	6.49162e-005	3.73289e-010	4.80237e-016	1.54147e-022	1.78978e-029	9.38483e-034	1.84352e-037	2.60413e-041	2.69548e-045	2.06471e-049	1.99647e-052	9.848e-052	2.83123e-051	3.2423e-053	8.46187e-052	7.02504e-054	1.33067e-052	7.15365e-055	5.74888e-054	8.46572e-057	4.84981e-056	3.04798e-061	8.90987e-063	3.86044e-068	3.8045e-070	7.83186e-076	5.12765e-078	1.83099e-083	8.68022e-086	1.77425e-080	
N8	1.3509e-029	1.27526e-030	6.95655e-026	9.07655e-021	6.74001e-016	2.52192e-011	3.91832e-007	0.00177464	0.995451	0.00277308	9.39467e-007	9.16619e-011	3.68246e-015	7.40967e-020	8.44372e-025	6.00738e-030	5.47916e-035	3.54268e-037	7.16635e-041	5.07698e-043	6.7233e-047	2.72477e-049	2.46556e-053	5.74502e-056	3.64252e-060	5.078e-063	3.21737e-066	2.31758e-066	2.5839e-065	3.01007e-063	1.00572e-063	3.00893e-063	1.47477e-064	4.39872e-065	7.61245e-069	4.05645e-071	4.72697e-074	5.46129e-075	5.0407e-076	
N9	4.692e-030	3.74621e-031	2.90216e-026	4.22526e-021	3.54506e-016	1.51859e-011	2.7413e-007	0.00146856	0.996397	0.00213359	5.76696e-007	4.61298e-011	1.55128e-015	2.65818e-020	2.61977e-025	1.63486e-030	1.19422e-035	4.49954e-038	7.08669e-042	3.41367e-044	3.66465e-048	1.05246e-050	8.09014e-055	1.40298e-057	7.9848e-062	8.26208e-065	3.51387e-069	2.0828e-072	5.7961e-077	1.83859e-080	3.02419e-086	7.98175e-091	7.2409e-097	1.22804e-101	6.53229e-108	8.57245e-113	1.70526e-118	3.65298e-122	6.25523e-126	
Amitermes_darwini	0	0	0	0	0	0	0	0	1	0	0	0	0	0	0	0	0	0	0	0	0	0	0	0	0	0	0	0	0	0	0	0	0	0	0	0	0	0	0	
Amitermes_germanus	0	0	0	0	0	0	0	0	1	0	0	0	0	0	0	0	0	0	0	0	0	0	0	0	0	0	0	0	0	0	0	0	0	0	0	0	0	0	0	
N10	2.35854e-029	8.15552e-030	4.11868e-025	3.92686e-020	2.13994e-015	5.90801e-011	6.82279e-007	0.00232061	0.99419	0.00348737	1.5229e-006	1.94271e-010	1.03064e-014	2.75865e-019	4.20484e-024	3.98924e-029	4.13617e-034	6.1725e-036	2.45763e-039	5.09119e-041	1.38103e-044	1.68938e-046	3.27866e-050	2.40197e-052	3.43599e-056	1.49319e-058	1.55029e-062	3.89209e-065	2.29239e-069	3.32541e-072	7.75874e-078	6.68959e-082	9.33963e-088	4.32557e-092	3.59796e-098	1.22822e-102	3.73284e-108	3.55343e-111	2.71062e-114	
Amitermes_parvus	0	0	0	0	0	0	0	0	1	0	0	0	0	0	0	0	0	0	0	0	0	0	0	0	0	0	0	0	0	0	0	0	0	0	0	0	0	0	0	
Drepanotermes_septentrionalis	0	0	0	0	0	0	0	0	1	0	0	0	0	0	0	0	0	0	0	0	0	0	0	0	0	0	0	0	0	0	0	0	0	0	0	0	0	0	0	
N11	5.10085e-034	1.68772e-034	3.52898e-029	1.79215e-023	4.85249e-018	6.34299e-013	3.37554e-008	0.000522554	0.998618	0.000858958	8.81357e-008	2.57729e-012	3.0337e-017	1.71435e-022	5.1501e-028	8.75236e-034	1.67379e-039	3.64329e-041	5.78936e-045	6.28967e-046	3.67124e-045	8.3532e-043	1.83731e-044	3.93005e-044	7.32393e-046	1.06823e-045	1.76258e-047	1.69393e-047	2.37882e-049	1.39019e-049	3.15939e-053	4.18249e-055	5.87842e-059	6.72152e-061	6.40008e-065	6.74046e-067	1.23378e-069	1.0119e-069	6.20739e-070	
N12	2.37658e-032	8.74339e-033	1.03024e-027	2.82976e-022	4.28619e-017	3.20476e-012	9.86488e-008	0.000886621	0.997615	0.0014982	2.71114e-007	1.39696e-011	2.91761e-016	2.97965e-021	1.66669e-026	5.51121e-032	1.88114e-037	3.77918e-039	9.70024e-043	2.50924e-044	4.23573e-048	6.00792e-050	6.959e-054	5.50384e-056	4.46739e-060	2.3654e-062	8.00901e-065	1.65658e-064	8.77458e-063	2.35931e-059	1.9879e-059	6.04669e-058	7.07393e-059	1.04678e-058	1.63876e-062	2.0473e-064	2.35607e-067	1.8617e-067	1.17168e-067	
N13	3.83205e-033	2.96058e-034	5.23148e-029	2.92856e-023	8.56247e-018	1.16604e-012	6.03272e-008	0.000794285	0.997651	0.00155417	2.1355e-007	7.16907e-012	8.92016e-017	5.11413e-022	1.53007e-027	2.59455e-033	5.83138e-039	2.16556e-039	6.17772e-041	1.47971e-040	3.54518e-042	6.05769e-042	1.24238e-043	1.50935e-043	2.69095e-045	2.27803e-045	3.43214e-047	1.9665e-047	1.90733e-049	7.47737e-050	2.36151e-053	4.6951e-055	1.05841e-058	1.2596e-060	1.99363e-064	2.02454e-066	1.654e-069	8.18583e-070	3.43302e-070	
Ephelotermes_melachoma	0	0	0	0	0	0	0	0	1	0	0	0	0	0	0	0	0	0	0	0	0	0	0	0	0	0	0	0	0	0	0	0	0	0	0	0	0	0	0	
N14	2.72034e-031	2.59636e-032	3.69689e-027	9.44131e-022	1.23508e-016	7.55102e-012	1.83724e-007	0.00125417	0.996579	0.0021666	5.14863e-007	3.33113e-011	8.49845e-016	1.01897e-020	6.32837e-026	2.90467e-031	8.50529e-035	1.27675e-037	9.01054e-041	8.01836e-042	3.91673e-045	4.17832e-046	1.48039e-049	8.73998e-051	2.25183e-054	7.7234e-056	1.28453e-059	2.7564e-061	1.83077e-065	2.74978e-067	2.86702e-073	1.22455e-076	9.3843e-083	1.45886e-086	7.67334e-093	7.6293e-097	1.2031e-102	1.62461e-104	1.73086e-106	
Ephelotermes_taylori	0	0	0	0	0	0	0	0	1	0	0	0	0	0	0	0	0	0	0	0	0	0	0	0	0	0	0	0	0	0	0	0	0	0	0	0	0	0	0	
Macrognathotermes_sunteri	0	0	0	0	0	0	0	0	1	0	0	0	0	0	0	0	0	0	0	0	0	0	0	0	0	0	0	0	0	0	0	0	0	0	0	0	0	0	0	
Lophotermes_septentrionalis	0	0	0	0	0	0	0	0	1	0	0	0	0	0	0	0	0	0	0	0	0	0	0	0	0	0	0	0	0	0	0	0	0	0	0	0	0	0	0	
N15	9.36056e-029	4.14852e-030	2.25619e-025	2.31008e-020	1.36699e-015	4.14226e-011	5.30766e-007	0.00202873	0.995118	0.0028519	1.0488e-006	1.15048e-010	5.33624e-015	1.26735e-019	1.73907e-024	1.53623e-029	1.72657e-034	4.06856e-037	5.79248e-041	1.56089e-043	1.51695e-047	2.44369e-050	1.70297e-054	1.66093e-057	8.59472e-062	5.01583e-065	1.96739e-069	6.57517e-073	1.82772e-077	3.06736e-081	7.6676e-087	1.51593e-091	1.9301e-097	2.8101e-102	2.09177e-108	2.42688e-113	6.6282e-119	7.7801e-123	7.35155e-127	
Tuberculitermes_bycanistes	0	0	0	0	0	0	0	0	1	0	0	0	0	0	0	0	0	0	0	0	0	0	0	0	0	0	0	0	0	0	0	0	0	0	0	0	0	0	0	
Unguitermes_sp	0	0	0	0	0	0	0	0	1	0	0	0	0	0	0	0	0	0	0	0	0	0	0	0	0	0	0	0	0	0	0	0	0	0	0	0	0	0	0	
N16	1.00876e-035	3.78097e-038	1.4654e-032	4.70791e-026	5.86189e-020	2.82951e-014	4.84117e-009	0.000220054	0.999583	0.000196988	4.77019e-009	3.33478e-014	8.44315e-020	8.34311e-026	3.21106e-032	3.37274e-037	1.72832e-039	8.37675e-041	3.67845e-042	9.64069e-043	3.52586e-044	6.38703e-043	1.99966e-044	2.05784e-043	5.62455e-045	3.48262e-044	8.38098e-046	3.16066e-045	5.71124e-047	1.39835e-046	1.64863e-050	3.87755e-052	3.06152e-056	5.26203e-058	2.62698e-062	4.10834e-064	7.22705e-067	2.81047e-066	7.12706e-066	
N17	4.64198e-038	8.71993e-039	2.18499e-032	1.19309e-025	2.33713e-019	1.54601e-013	2.7751e-008	0.000692325	0.999077	0.000230366	4.34024e-009	1.92514e-014	2.93247e-020	1.78097e-026	4.49345e-033	9.55363e-040	1.71971e-043	3.11813e-045	4.16565e-047	6.36269e-047	7.02273e-049	2.04536e-048	1.91127e-050	3.31021e-050	2.65563e-052	2.81818e-052	1.89648e-054	1.25729e-054	5.46459e-057	2.439e-057	1.24043e-061	1.01159e-063	3.60025e-068	1.75918e-070	4.06875e-075	1.66501e-077	4.72127e-081	2.89893e-081	1.17249e-081	
N18	5.93673e-028	3.29523e-026	2.25748e-021	1.69668e-016	6.59917e-012	1.09505e-007	0.000519988	0.0616761	0.936923	0.000880556	1.55852e-007	9.80003e-012	2.87887e-016	4.61025e-021	4.44318e-026	2.78906e-031	2.25825e-036	2.01186e-038	4.79952e-042	5.06566e-044	8.17859e-048	5.07462e-050	5.71731e-054	2.0727e-056	1.65259e-060	3.38156e-063	1.90711e-067	6.20542e-070	5.30863e-068	1.00222e-064	3.23437e-064	1.14339e-062	4.84041e-063	1.32051e-062	3.07513e-066	2.85334e-068	5.36613e-071	1.3987e-071	2.9466e-072	
N19	2.3328e-031	5.85162e-033	1.09005e-027	6.7077e-022	1.94815e-016	2.2902e-011	7.97997e-007	0.00342917	0.995905	0.000664724	4.63501e-008	8.60647e-013	6.22952e-018	2.11608e-023	3.73914e-029	3.42641e-034	2.85465e-037	3.17659e-037	6.01036e-039	4.7984e-039	7.49497e-041	4.01284e-041	5.22935e-043	1.82473e-043	1.78418e-045	3.91529e-046	8.28861e-049	1.32289e-049	9.94417e-053	9.88332e-054	2.71816e-057	2.32663e-059	4.07835e-063	2.55784e-065	3.00339e-069	1.63893e-071	2.37316e-074	4.51502e-075	6.4873e-076	
Crenetermes_albotarsalis	0	0	0	0	0	0	0	0	1	0	0	0	0	0	0	0	0	0	0	0	0	0	0	0	0	0	0	0	0	0	0	0	0	0	0	0	0	0	0	
N20	2.74572e-033	1.58368e-033	4.83023e-028	2.41042e-022	6.06747e-017	6.85158e-012	2.67909e-007	0.00210756	0.997116	0.000775946	6.61362e-008	1.54081e-012	1.41733e-017	6.12542e-023	1.37017e-028	3.63822e-034	9.06445e-038	6.57915e-040	1.88906e-043	1.20743e-044	2.33346e-048	8.05184e-050	1.05276e-053	1.99071e-055	1.52865e-059	1.72488e-061	4.34769e-066	3.36807e-068	1.44969e-073	7.89749e-076	2.37952e-082	3.11358e-086	6.47615e-093	2.99445e-097	3.97401e-104	1.10296e-108	5.30548e-115	2.23727e-117	6.59234e-120	
Cubitermes_sp	0	0	0	0	0	0	0	0	1	0	0	0	0	0	0	0	0	0	0	0	0	0	0	0	0	0	0	0	0	0	0	0	0	0	0	0	0	0	0	
Thoracotermes_macrothorax	0	0	0	0	0	0	0	0	1	0	0	0	0	0	0	0	0	0	0	0	0	0	0	0	0	0	0	0	0	0	0	0	0	0	0	0	0	0	0	
Procubitermes_sp	0	0	0	0	0	0	1	0	0	0	0	0	0	0	0	0	0	0	0	0	0	0	0	0	0	0	0	0	0	0	0	0	0	0	0	0	0	0	0	
N21	1.29114e-031	8.02369e-034	1.92334e-029	3.32196e-023	1.40205e-017	1.73991e-012	7.73901e-008	0.000894296	0.998393	0.00071306	6.24504e-008	1.58893e-012	1.09426e-017	1.85049e-023	3.62082e-029	3.23977e-032	3.08528e-035	2.30899e-038	1.3886e-041	3.08595e-044	1.2671e-047	5.13355e-048	1.51057e-051	2.01555e-052	4.25346e-056	2.04685e-057	2.48975e-061	6.9258e-063	2.34179e-067	5.42868e-069	3.21727e-074	7.332e-076	1.06066e-079	4.8614e-081	7.49527e-086	5.39138e-088	2.41146e-093	7.26632e-091	1.07508e-090	
N22	2.72998e-027	4.35811e-028	1.20494e-023	6.35507e-019	1.93631e-014	3.0197e-010	1.99109e-006	0.00391724	0.990633	0.00544412	3.84658e-006	8.11082e-010	7.23227e-014	3.30133e-018	8.70089e-023	1.46655e-027	3.28909e-032	2.89822e-034	1.08267e-037	1.05327e-039	2.6841e-043	1.55946e-045	2.84828e-049	1.00119e-051	1.35658e-055	2.85108e-058	2.9206e-062	3.51338e-065	2.52488e-069	1.55878e-072	7.36111e-078	3.92006e-082	9.54895e-088	3.74381e-092	5.33457e-098	1.65779e-102	1.07949e-107	4.70887e-111	1.59801e-114	
Microcerotermes_boreus	0	0	0	0	0	0	0	0	1	0	0	0	0	0	0	0	0	0	0	0	0	0	0	0	0	0	0	0	0	0	0	0	0	0	0	0	0	0	0	
Microcerotermes_nervosus	0	0	0	0	0	0	0	0	1	0	0	0	0	0	0	0	0	0	0	0	0	0	0	0	0	0	0	0	0	0	0	0	0	0	0	0	0	0	0	
N23	3.53851e-032	3.83712e-034	7.73703e-029	3.21607e-023	7.38735e-018	8.42907e-013	4e-008	0.000562183	0.998605	0.000833083	8.73548e-008	2.70034e-012	3.46365e-017	2.20554e-022	7.7649e-028	1.65792e-033	4.32417e-039	2.6441e-042	7.55521e-047	2.92843e-049	1.30713e-048	3.30729e-047	1.49387e-049	1.08523e-050	4.01739e-053	1.96222e-053	1.84732e-053	2.07355e-052	2.23501e-051	1.30821e-046	7.17254e-044	2.22622e-040	1.99495e-038	6.52987e-036	3.19026e-037	3.06863e-037	7.57504e-038	1.05858e-036	1.32946e-035	
N24	1.4497e-035	2.09013e-036	1.041e-030	9.06533e-025	4.33494e-019	1.02396e-013	9.98785e-009	0.000284785	0.999283	0.00043256	2.26968e-008	3.4462e-013	2.14887e-018	6.60264e-024	1.11331e-029	1.10582e-035	1.09163e-041	6.00436e-044	4.35136e-048	3.06939e-050	1.3682e-054	4.88503e-057	1.35384e-061	2.39702e-064	4.03119e-069	3.32058e-072	3.05231e-077	1.04268e-080	3.42504e-086	4.09669e-090	1.49048e-097	2.20721e-103	8.17528e-112	1.31605e-037	1.54989e-039	1.55185e-039	1.19131e-040	8.20581e-039	4.76404e-037	
Nasutitermes_graveolus	0	0	0	0	0	0	0	0	1	0	0	0	0	0	0	0	0	0	0	0	0	0	0	0	0	0	0	0	0	0	0	0	0	0	0	0	0	0	0	
Nasutitermes_triodiae	0	0	0	0	0	0	0	0	1	0	0	0	0	0	0	0	0	0	0	0	0	0	0	0	0	0	0	0	0	0	0	0	0	0	0	0	0	0	0	
N25	9.66003e-036	6.50704e-037	3.58312e-031	3.56391e-025	1.99936e-019	5.64512e-014	6.6568e-009	0.000231238	0.999426	0.000342809	1.45153e-008	1.79983e-013	9.28022e-019	2.4006e-024	3.49415e-030	3.10196e-036	3.00464e-042	8.36255e-045	4.04722e-049	1.39566e-051	4.15327e-056	7.5123e-059	1.38992e-063	1.28001e-066	1.44214e-071	6.27874e-075	3.967e-080	7.12998e-084	1.79081e-089	1.07491e-093	3.43634e-101	2.83363e-107	8.77442e-116	2.19131e-037	3.22356e-039	3.19269e-039	3.45509e-040	1.81051e-038	8.00223e-037	
Nasutitermes_longipennis	0	0	0	0	0	0	0	0	1	0	0	0	0	0	0	0	0	0	0	0	0	0	0	0	0	0	0	0	0	0	0	0	0	0	0	0	0	0	0	
Tumulitermes_pastinator	0	0	0	0	0	0	0	0	1	0	0	0	0	0	0	0	0	0	0	0	0	0	0	0	0	0	0	0	0	0	0	0	0	0	0	0	0	0	0	
Pericapritermes_sp	0	0	0	0	0	0	0	0	1	0	0	0	0	0	0	0	0	0	0	0	0	0	0	0	0	0	0	0	0	0	0	0	0	0	0	0	0	0	0	
N26	2.45399e-028	1.84402e-029	6.76175e-025	6.61457e-020	3.59643e-015	9.55544e-011	1.0124e-006	0.00295933	0.99295	0.00408723	1.95745e-006	2.60883e-010	1.39465e-014	3.65887e-019	5.34961e-024	4.91995e-029	8.74016e-034	6.90083e-036	1.51146e-039	9.43048e-042	1.34581e-045	4.72823e-048	4.60086e-052	9.14949e-055	6.18373e-059	7.37359e-062	5.08953e-065	2.7188e-065	1.20861e-064	8.97508e-063	2.16316e-063	5.72949e-063	2.2504e-064	4.86052e-065	9.71093e-069	5.01802e-071	3.81351e-074	3.85312e-075	3.37974e-076	
N27	4.34745e-028	1.90624e-028	6.0696e-024	3.72359e-019	1.3038e-014	2.30543e-010	1.69719e-006	0.00365836	0.99092	0.00541606	3.68552e-006	7.2988e-010	5.99293e-014	2.47781e-018	5.82888e-023	8.54817e-028	1.43189e-032	2.96431e-034	1.69286e-037	4.59619e-039	1.80504e-042	2.91881e-044	8.30152e-048	8.12917e-050	1.72585e-053	1.01745e-055	1.56891e-059	5.97635e-062	4.77777e-065	1.01118e-065	4.73878e-069	8.74874e-071	2.89714e-074	3.2108e-076	7.44207e-080	7.03842e-082	5.9672e-085	1.68753e-085	4.32438e-086	
Macrotermes_bellicosus	0	0	0	0	0	0	0	0	1	0	0	0	0	0	0	0	0	0	0	0	0	0	0	0	0	0	0	0	0	0	0	0	0	0	0	0	0	0	0	
N28	2.08994e-033	2.08094e-035	8.37075e-030	5.44151e-024	1.85278e-018	3.02217e-013	2.01649e-008	0.000399556	0.999014	0.000586368	4.31938e-008	9.40795e-013	8.35298e-018	3.54291e-023	7.85264e-029	9.65276e-035	1.131e-040	3.37271e-044	3.78041e-049	5.95615e-053	9.48677e-059	2.34658e-038	2.40771e-038	5.13714e-037	5.28221e-037	8.98296e-036	9.03983e-036	1.15682e-034	9.46849e-035	8.51942e-034	7.01567e-035	8.85336e-035	5.22037e-036	5.15129e-036	2.28092e-037	2.20136e-037	3.53003e-038	5.56525e-037	8.41951e-036	
Microtermes_sp	0	0	0	0	0	0	0	0	1	0	0	0	0	0	0	0	0	0	0	0	0	0	0	0	0	0	0	0	0	0	0	0	0	0	0	0	0	0	0	
Protermes_sp	0	0	0	0	0	0	0	0	1	0	0	0	0	0	0	0	0	0	0	0	0	0	0	0	0	0	0	0	0	0	0	0	0	0	0	0	0	0	0	
N29	1.92312e-027	4.86815e-028	1.33861e-023	7.02779e-019	2.12287e-014	3.26582e-010	2.11184e-006	0.00404725	0.990077	0.0058693	4.42113e-006	9.83548e-010	9.17235e-014	4.34712e-018	1.18231e-022	2.03104e-027	4.13338e-032	5.05605e-034	2.36485e-037	3.63932e-039	1.1608e-042	1.06326e-044	2.42926e-048	1.34078e-050	2.26531e-054	7.44374e-057	9.26892e-061	1.74929e-063	1.31787e-067	1.38355e-070	6.12094e-076	5.29316e-080	1.33335e-085	6.88896e-090	1.02157e-095	4.01966e-100	2.01795e-105	1.40397e-108	7.9805e-112	
Odontotermes_sp	0	0	0	0	0	0	0	0	1	0	0	0	0	0	0	0	0	0	0	0	0	0	0	0	0	0	0	0	0	0	0	0	0	0	0	0	0	0	0	
Pseudacanthotermes_militaris	0	0	0	0	0	0	0	0	1	0	0	0	0	0	0	0	0	0	0	0	0	0	0	0	0	0	0	0	0	0	0	0	0	0	0	0	0	0	0	
N30	6.81823e-023	2.3569e-021	2.57578e-017	2.87167e-013	1.61792e-009	3.78234e-006	0.00254767	0.174213	0.812049	0.0111641	2.22553e-005	1.34501e-008	3.42169e-012	4.41158e-016	3.25e-020	2.2073e-024	5.93118e-028	4.54867e-030	2.13146e-033	9.71019e-036	3.03709e-039	7.85359e-042	1.69404e-045	2.49854e-048	3.61089e-052	5.31049e-052	2.49526e-053	8.03762e-052	3.84048e-051	1.07174e-049	6.89497e-050	1.29554e-049	1.64595e-051	6.00187e-053	9.43335e-056	1.49427e-057	6.07875e-060	7.6923e-061	9.66817e-062	
Coptotermes_acinaciformis	0	0	0	0	0	0	0	0	1	0	0	0	0	0	0	0	0	0	0	0	0	0	0	0	0	0	0	0	0	0	0	0	0	0	0	0	0	0	0	
N31	2.23389e-024	1.80329e-022	3.97031e-018	9.00598e-014	1.00421e-009	4.44359e-006	0.00509646	0.209892	0.780976	0.00402761	3.18809e-006	7.89905e-010	8.39973e-014	4.58693e-018	1.44397e-022	2.89435e-027	9.40065e-032	2.80357e-033	1.95078e-036	5.55686e-038	2.65792e-041	4.55004e-043	1.48003e-046	1.57324e-048	3.15512e-052	2.17014e-054	2.09979e-058	9.8275e-061	2.70542e-065	8.50105e-068	4.07185e-073	2.30124e-076	7.47715e-082	1.5107e-085	3.45195e-091	3.81751e-095	8.12154e-101	7.5664e-104	1.69323e-106	
N32	1.74144e-027	4.53901e-029	2.88659e-024	3.65375e-019	2.36497e-014	6.66601e-010	6.10406e-006	0.00925814	0.988941	0.00179475	4.35336e-007	3.13209e-011	9.35435e-016	1.39021e-020	1.15571e-025	5.71184e-030	7.88122e-034	2.30871e-036	1.9014e-040	2.4087e-042	1.56915e-041	4.67033e-040	5.95525e-042	9.4863e-043	8.96482e-045	8.9635e-046	2.64888e-048	1.80694e-049	1.90845e-052	6.61544e-054	3.66803e-057	3.00042e-059	1.07449e-062	6.29505e-065	1.51677e-068	7.7724e-071	1.64251e-073	1.41154e-074	9.47668e-076	
Reticulitermes_flavipes	0	0	0	0	0	0	0	0	1	0	0	0	0	0	0	0	0	0	0	0	0	0	0	0	0	0	0	0	0	0	0	0	0	0	0	0	0	0	0	
N33	6.1313e-032	1.28475e-032	2.32845e-027	7.44976e-022	1.28161e-016	1.03051e-011	3.05089e-007	0.00209524	0.996887	0.00101754	1.21284e-007	4.07642e-012	5.55864e-017	3.73708e-022	1.39472e-027	3.40948e-033	7.64492e-038	1.58293e-039	2.51976e-043	2.98216e-045	3.21877e-049	2.13934e-051	1.6087e-055	6.12543e-058	2.97856e-062	6.68227e-065	1.44044e-069	2.08496e-072	8.97782e-078	8.60327e-081	4.32538e-087	2.25018e-091	7.38418e-098	1.62184e-102	3.31933e-109	4.76967e-114	2.95879e-120	1.99074e-123	1.09969e-126	
Reticulitermes_lucifugus	0	0	0	0	0	0	0	0	1	0	0	0	0	0	0	0	0	0	0	0	0	0	0	0	0	0	0	0	0	0	0	0	0	0	0	0	0	0	0	
Reticulitermes_urbis	0	0	0	0	0	0	0	0	1	0	0	0	0	0	0	0	0	0	0	0	0	0	0	0	0	0	0	0	0	0	0	0	0	0	0	0	0	0	0	
Schedorhinotermes_lamanianus	0	0	0	0	0	0	1	0	0	0	0	0	0	0	0	0	0	0	0	0	0	0	0	0	0	0	0	0	0	0	0	0	0	0	0	0	0	0	0	
N34	8.27223e-018	9.90814e-016	3.87126e-012	1.54388e-008	1.93314e-005	0.00246009	0.0660291	0.659988	0.268014	0.0034821	7.50585e-006	4.86231e-009	1.29923e-012	2.41875e-016	1.81744e-019	2.51517e-021	5.01239e-023	1.13979e-023	1.02875e-025	8.24568e-027	3.04491e-029	8.12621e-031	1.11788e-033	1.04354e-035	5.32291e-039	2.17339e-041	2.64044e-044	4.26389e-043	1.16353e-043	2.281e-043	1.75992e-045	8.59755e-047	2.14141e-049	4.76964e-051	5.88853e-054	1.07754e-055	6.75027e-058	1.54376e-058	3.05135e-059	
N35	2.89243e-018	1.78868e-014	1.04323e-010	2.56988e-007	0.000174076	0.00809153	0.0969407	0.686401	0.206348	0.00203999	3.51027e-006	1.87077e-009	6.7241e-013	4.15644e-015	3.47566e-017	1.946e-019	6.71098e-021	7.41586e-020	9.98813e-021	4.7554e-020	2.52643e-021	3.26816e-021	2.71886e-023	5.48632e-024	1.09025e-026	8.57777e-028	4.3324e-031	1.75854e-032	1.5786e-036	3.11117e-038	7.28599e-043	2.57526e-045	3.69454e-050	4.14399e-053	4.77556e-058	8.93252e-060	1.37785e-062	1.3944e-062	3.46205e-062	
N36	5.61067e-015	4.35676e-012	5.45669e-009	2.4723e-006	0.000338464	0.00974171	0.0549209	0.678027	0.249287	0.00763055	5.17883e-005	1.09478e-007	8.14551e-011	2.10905e-014	2.54869e-018	6.13372e-020	6.65761e-023	1.21846e-024	1.00688e-027	6.44895e-030	6.93284e-033	1.43306e-035	4.0087e-038	3.37998e-039	1.80268e-041	1.08058e-042	2.00597e-045	1.09645e-046	1.17453e-049	1.16211e-049	8.00549e-051	4.46781e-050	1.0582e-050	1.96293e-050	6.75857e-052	7.34544e-052	1.97746e-051	4.58237e-050	7.78738e-049	
N37	1.32094e-010	3.27323e-008	3.6194e-006	0.000182023	0.00380334	0.0252888	0.0486673	0.60063	0.294763	0.0258539	0.000797366	1.0468e-005	6.0106e-008	1.3194e-010	5.90935e-014	1.11011e-015	1.79501e-017	1.62805e-017	1.37032e-019	5.79272e-020	2.93829e-022	6.50829e-023	1.94977e-025	2.478e-026	3.42002e-029	2.77736e-030	1.02832e-033	5.68177e-035	2.28185e-039	2.09806e-041	5.61069e-046	1.1361e-048	2.06848e-053	2.3122e-056	2.80541e-061	2.37973e-064	8.96498e-068	4.41407e-069	1.59833e-070	
Bifiditermes_improbus	0	0	0	0	0	1	0	0	0	0	0	0	0	0	0	0	0	0	0	0	0	0	0	0	0	0	0	0	0	0	0	0	0	0	0	0	0	0	0	
Neotermes_insularis	0	0	0	0	0	0	0	0	0	0	0	0	0	1	0	0	0	0	0	0	0	0	0	0	0	0	0	0	0	0	0	0	0	0	0	0	0	0	0	
N38	1.99299e-023	1.47359e-019	3.93932e-015	4.56103e-011	1.70396e-007	0.000132582	0.017999	0.825014	0.156185	0.000668771	3.79488e-007	5.75571e-011	3.31544e-015	9.86078e-020	4.47224e-024	1.20517e-026	2.0272e-030	3.45731e-033	2.74937e-037	2.351e-040	7.51302e-045	3.50965e-048	4.25115e-053	2.57775e-056	7.12511e-061	1.18961e-056	3.56258e-055	7.86264e-051	2.60722e-047	9.14188e-043	7.20632e-040	2.29943e-036	1.40546e-035	3.86796e-035	2.54492e-036	2.87525e-036	3.4856e-037	3.98396e-036	5.70986e-035	
N39	3.06435e-020	1.14697e-017	9.64818e-014	3.52132e-010	4.90771e-007	0.000233979	0.0316899	0.805027	0.162269	0.000779025	6.99368e-007	2.06816e-010	2.66834e-014	1.77637e-018	6.84429e-023	2.92651e-026	3.79236e-029	1.68903e-030	1.47516e-033	3.58946e-035	2.10238e-038	2.91079e-040	1.07092e-043	9.00042e-046	1.73325e-049	1.00546e-051	2.27573e-055	2.19769e-056	1.26634e-059	7.26482e-061	2.87213e-064	6.70289e-066	7.02946e-069	2.17038e-070	4.9893e-074	3.50106e-076	7.15839e-079	1.50471e-079	2.42592e-080	
N40	1.12256e-022	4.58917e-021	5.21127e-017	5.91242e-013	3.38221e-009	8.13307e-006	0.00604159	0.716989	0.275768	0.00119296	1.06927e-006	3.41206e-010	5.03213e-014	4.01869e-018	2.14903e-022	8.74043e-025	9.431e-028	1.77708e-029	1.25196e-032	1.32713e-034	6.2839e-038	3.9207e-040	1.18507e-043	4.57008e-046	7.57901e-050	1.90345e-052	1.3516e-056	2.19819e-059	3.40462e-064	1.33783e-067	1.30314e-072	2.01213e-076	1.24007e-081	1.3506e-085	5.44871e-091	5.08455e-095	4.57976e-099	7.45986e-102	9.0198e-105	
Cryptotermes_austrinus	0	0	0	0	0	0	0	1	0	0	0	0	0	0	0	0	0	0	0	0	0	0	0	0	0	0	0	0	0	0	0	0	0	0	0	0	0	0	0	
Cryptotermes_queenslandis	0	0	0	0	0	0	0	0	1	0	0	0	0	0	0	0	0	0	0	0	0	0	0	0	0	0	0	0	0	0	0	0	0	0	0	0	0	0	0	
N41	5.02638e-012	7.33282e-011	1.35219e-006	0.000138484	0.00471651	0.0645862	0.338539	0.515228	0.0767745	1.60047e-005	8.39588e-010	1.78623e-014	1.91141e-019	1.16241e-024	4.35165e-030	2.53369e-035	6.88415e-040	3.71427e-043	1.008e-047	2.86222e-051	4.64465e-056	6.40384e-060	5.86877e-065	3.44307e-069	1.49692e-074	2.69136e-079	2.72877e-085	1.15392e-048	5.17976e-052	2.01349e-054	3.44724e-058	2.927e-061	1.26033e-065	4.43581e-027	3.43219e-028	3.30986e-028	1.86686e-028	1.85802e-027	1.59719e-026	
Cryptotermes_primus	0	0	1	0	0	0	0	0	0	0	0	0	0	0	0	0	0	0	0	0	0	0	0	0	0	0	0	0	0	0	0	0	0	0	0	0	0	0	0	
Incisitermes_sp	0	0	0	0	0	0	0	0	1	0	0	0	0	0	0	0	0	0	0	0	0	0	0	0	0	0	0	0	0	0	0	0	0	0	0	0	0	0	0	
N42	3.5347e-021	1.9126e-018	1.09247e-015	5.26351e-012	1.01399e-008	2.88377e-005	0.0148177	0.845421	0.139142	0.000590777	8.64427e-008	2.35889e-012	1.97133e-017	6.48378e-023	3.36709e-028	2.60965e-029	1.89858e-030	6.14781e-030	3.37875e-031	7.02545e-031	2.67438e-032	3.76055e-032	7.36041e-034	7.74016e-034	6.13128e-036	5.19404e-036	3.0152e-038	2.09602e-038	2.49911e-041	7.60531e-042	5.07179e-045	2.78175e-046	1.42369e-049	3.8613e-051	1.46125e-054	2.99951e-056	6.48839e-059	5.81112e-059	4.39341e-059	
N43	2.90424e-021	1.66198e-018	2.14153e-015	9.8941e-012	1.37193e-008	3.29289e-005	0.0159665	0.850237	0.133251	0.00051196	6.64723e-008	1.56104e-012	1.09209e-017	2.97987e-023	3.76549e-029	7.54287e-034	2.46551e-038	2.71984e-041	9.3298e-046	9.03426e-047	3.78656e-051	4.69995e-052	7.63264e-057	5.98206e-058	3.12196e-063	8.98902e-048	5.48737e-050	2.79707e-048	2.30764e-052	2.06234e-051	3.05702e-056	8.15886e-056	7.64762e-061	1.81172e-061	1.43841e-066	1.15668e-067	7.78614e-073	3.17535e-074	2.57698e-073	
N44	7.26471e-013	6.88037e-010	2.23298e-007	8.98338e-006	0.000119524	0.00775364	0.173713	0.727482	0.0904093	0.000513354	5.99922e-007	1.78781e-010	8.76058e-015	1.59752e-019	1.42906e-024	8.43666e-030	5.74573e-034	2.61342e-035	2.85136e-037	7.26143e-037	2.14761e-038	4.00926e-038	1.04386e-039	1.37349e-039	3.14769e-041	2.79497e-041	4.89252e-043	2.80529e-043	2.88007e-046	8.58839e-047	3.82108e-050	1.50918e-051	5.13401e-055	8.14555e-057	1.86623e-060	2.58326e-062	3.55249e-065	2.43506e-065	1.38752e-065	
Cryptotermes_brevis	0	0	0	0	0	1	0	0	0	0	0	0	0	0	0	0	0	0	0	0	0	0	0	0	0	0	0	0	0	0	0	0	0	0	0	0	0	0	0	
N45	8.27187e-008	5.69887e-006	0.000136695	0.000213096	0.000231779	0.0104806	0.184729	0.697296	0.104668	0.00222494	1.48897e-005	3.08486e-008	4.38956e-012	2.30709e-016	6.45331e-021	1.65605e-022	3.76712e-025	6.99248e-026	9.89229e-029	9.59068e-030	9.01189e-033	4.79649e-034	2.66359e-037	8.18087e-039	9.60326e-043	2.06144e-044	6.6948e-049	9.6581e-051	6.11338e-056	1.53145e-058	6.58974e-064	2.60612e-067	7.43373e-073	1.74514e-076	3.26046e-082	6.05349e-086	8.27249e-090	1.2269e-091	1.28815e-093	
Cryptotermes_domesticus	0	0	1	0	0	0	0	0	0	0	0	0	0	0	0	0	0	0	0	0	0	0	0	0	0	0	0	0	0	0	0	0	0	0	0	0	0	0	0	
Procryptotermes_australiensis	0	0	0	0	0	0	0	0	0	0	0	1	0	0	0	0	0	0	0	0	0	0	0	0	0	0	0	0	0	0	0	0	0	0	0	0	0	0	0	
N46	4.09459e-025	4.11666e-021	8.34238e-017	9.68198e-013	5.67686e-009	1.38555e-005	0.00996673	0.951072	0.0388333	0.000113679	8.22278e-008	2.28251e-011	3.05651e-015	2.27251e-019	1.03482e-023	1.37537e-027	9.56755e-031	1.56476e-032	9.31834e-036	8.99754e-038	3.83086e-041	2.22584e-043	7.02907e-047	2.45567e-049	5.50031e-053	1.14735e-055	1.35425e-059	1.73698e-062	3.98995e-067	2.10776e-070	2.43622e-075	3.31973e-079	2.32032e-084	2.15621e-088	9.53202e-094	7.59906e-098	2.56997e-102	2.84413e-105	2.47884e-108	
Cryptotermes_dudleyi	0	0	0	0	0	0	0	1	0	0	0	0	0	0	0	0	0	0	0	0	0	0	0	0	0	0	0	0	0	0	0	0	0	0	0	0	0	0	0	
Cryptotermes_secundus	0	0	0	0	0	0	0	1	0	0	0	0	0	0	0	0	0	0	0	0	0	0	0	0	0	0	0	0	0	0	0	0	0	0	0	0	0	0	0	
Cryptotermes_cynocephalus	0	0	0	0	0	0	0	0	0	1	0	0	0	0	0	0	0	0	0	0	0	0	0	0	0	0	0	0	0	0	0	0	0	0	0	0	0	0	0	
Kalotermes_flavicollis	0	0	0	0	0	0	0	0	0	0	0	0	0	0	0	0	0	0	0	0	0	1	0	0	0	0	0	0	0	0	0	0	0	0	0	0	0	0	0	
N47	5.12119e-016	1.79045e-016	1.41628e-013	2.10959e-010	1.64259e-007	5.71701e-005	0.00722073	0.240644	0.713083	0.0386027	0.000391678	1.34288e-006	2.06224e-009	1.7334e-012	1.32264e-015	4.17086e-017	2.18582e-019	8.88148e-021	3.01094e-023	6.69538e-025	1.53323e-027	1.92523e-029	2.75089e-032	2.05968e-034	1.58601e-037	7.6103e-040	3.30136e-043	9.99204e-046	1.59384e-049	1.75815e-052	1.67368e-056	1.0096e-059	5.95485e-064	2.81563e-067	1.11179e-071	5.07271e-075	3.12165e-078	1.12162e-080	3.16464e-083	
Glyptotermes_brevicornis	0	0	0	0	0	0	0	0	1	0	0	0	0	0	0	0	0	0	0	0	0	0	0	0	0	0	0	0	0	0	0	0	0	0	0	0	0	0	0	
Glyptotermes_iridipennis	0	0	0	0	0	0	0	0	1	0	0	0	0	0	0	0	0	0	0	0	0	0	0	0	0	0	0	0	0	0	0	0	0	0	0	0	0	0	0	
N48	0.0222801	0.143254	0.411313	0.394596	0.0270027	0.000635041	2.12876e-005	0.000103559	0.000293159	0.000314849	0.000149269	3.34572e-005	3.44051e-006	1.30515e-007	1.58324e-010	1.0429e-013	1.00524e-016	9.34535e-019	1.34171e-021	7.64309e-024	6.89385e-027	2.18692e-029	1.35705e-032	2.51465e-035	1.10736e-038	1.2058e-041	3.53402e-045	2.18017e-048	3.36751e-052	1.16889e-055	8.81013e-060	1.55615e-063	6.75517e-068	8.34284e-072	2.298e-076	2.38796e-080	1.26046e-084	4.24623e-088	1.38937e-091	
Stolotermes_sp	0	0	0	1	0	0	0	0	0	0	0	0	0	0	0	0	0	0	0	0	0	0	0	0	0	0	0	0	0	0	0	0	0	0	0	0	0	0	0	
N49	0.0415896	0.00450587	0.00014336	1.47999e-006	3.16978e-009	2.28157e-012	3.68747e-015	7.02299e-013	1.87403e-010	2.3358e-008	1.35015e-006	3.39801e-005	0.00120614	0.915172	0.0326359	0.0046912	1.85855e-005	5.29649e-007	5.75689e-010	5.60381e-012	9.78045e-016	3.86148e-018	2.53266e-022	4.51508e-025	1.48511e-029	1.26193e-032	2.3978e-037	9.96908e-041	1.17715e-045	2.48085e-049	1.86797e-054	2.23927e-058	1.0707e-063	8.60077e-068	2.89147e-073	6.07222e-077	5.78904e-080	5.32919e-083	3.38122e-086	
Zootermopsis_angusticollis	0	0	0	0	0	0	0	0	0	0	0	0	0	1	0	0	0	0	0	0	0	0	0	0	0	0	0	0	0	0	0	0	0	0	0	0	0	0	0	
Zootermopsis_nevadensis	0	0	0	0	0	0	0	0	0	0	0	0	0	1	0	0	0	0	0	0	0	0	0	0	0	0	0	0	0	0	0	0	0	0	0	0	0	0	0	
N50	6.13935e-012	4.93524e-010	6.37331e-008	6.04034e-006	0.000357456	0.0113441	0.152401	0.546442	0.239267	0.0448795	0.005044	0.000255034	3.63498e-006	2.01761e-008	8.5825e-011	9.40148e-012	1.41182e-012	5.57622e-012	7.29362e-013	2.00318e-012	2.20884e-013	4.15949e-013	3.68985e-014	4.73556e-014	2.64148e-015	2.41005e-015	4.85973e-017	3.16996e-017	1.84575e-019	4.26334e-020	1.70416e-022	1.55641e-023	6.23912e-026	7.71855e-027	4.13726e-029	4.64534e-030	1.77702e-031	1.734e-031	1.08172e-031	
Mastotermes_darwiniensis	0	0	0	0	0	0	0	0	0	0	0	0	0	0	0	0	0	0	0	0	0	0	0	0	0	0	0	0	0	0	0	0	0	0	0	0	1	0	0	
Porotermes_adamsoni	0	0	0	0	0	0	0	1	0	0	0	0	0	0	0	0	0	0	0	0	0	0	0	0	0	0	0	0	0	0	0	0	0	0	0	0	0	0	0	
