NODE	7	8	9	10	11	12	13	14	15	16	17	18	19	20	21	22	23	24	25	26	27	28	29	30	31	32	33	34	35	36	37	38	39	40	41	42	43	44	45	46	47	48	49	50	51	
N1	0.000621493	0.00111398	0.00278102	0.00808583	0.0236159	0.0611132	0.12824	0.204606	0.235627	0.187935	0.100819	0.0357389	0.00830407	0.00126365	0.00012648	8.3929e-006	3.73055e-007	1.124e-008	2.32529e-010	3.34751e-012	5.49315e-017	4.68086e-018	3.39541e-019	2.11029e-020	1.13085e-021	5.25656e-023	2.13176e-024	7.58402e-026	2.37932e-027	6.6152e-029	1.63758e-030	3.62536e-032	7.20775e-034	1.29199e-035	2.09579e-037	3.08737e-039	4.144e-041	5.08397e-043	5.71773e-045	5.91149e-047	5.63345e-049	4.96075e-051	4.04632e-053	3.0688e-055	2.55789e-057	
N2	0.00117522	0.00242344	0.00639937	0.0166242	0.0385787	0.0776669	0.13293	0.186411	0.204341	0.16842	0.101885	0.044813	0.0143069	0.00335155	0.000579642	8.11356e-005	9.4107e-006	1.86892e-006	2.98964e-007	1.00425e-007	1.3645e-008	3.38515e-009	3.20964e-010	5.47879e-011	3.60391e-012	4.27608e-013	1.9634e-014	1.6466e-015	5.32645e-017	3.22575e-018	7.42804e-020	3.33125e-021	5.5273e-023	1.89409e-024	2.28974e-026	6.18575e-028	5.61921e-030	1.30685e-031	9.21901e-034	1.97464e-035	1.65159e-037	6.04323e-039	1.24989e-040	6.80755e-042	3.97197e-043	
N3	0.00222744	0.00464822	0.011421	0.0244082	0.0424939	0.0647274	0.0957657	0.13633	0.169004	0.169732	0.133995	0.0828538	0.0400398	0.0155064	0.00478494	0.00141879	0.000374482	0.000173407	5.40232e-005	2.91528e-005	7.28137e-006	2.94824e-006	5.33093e-007	1.55795e-007	2.03585e-008	4.34879e-009	4.1414e-010	6.58743e-011	4.62428e-012	5.602e-013	2.93081e-014	2.76552e-015	1.09554e-016	8.33388e-018	2.52727e-019	1.59077e-020	3.9377e-022	2.37429e-023	4.94714e-025	2.86049e-026	7.54299e-028	6.54138e-029	2.95104e-030	3.36758e-031	4.76647e-032	
N4	1.7385e-006	9.22808e-006	5.0792e-005	0.000169098	0.000281066	0.000367705	0.000907673	0.00321402	0.0107028	0.0304453	0.0714315	0.136057	0.19837	0.218043	0.168858	0.0997793	0.0413549	0.0150587	0.00380754	0.000921389	0.000144779	2.22906e-005	2.19762e-006	2.19322e-007	1.4223e-008	9.67744e-010	4.32005e-011	2.09698e-012	6.70428e-014	2.42677e-015	5.7672e-017	1.63266e-018	3.05191e-020	7.28564e-022	1.14402e-023	2.45094e-025	3.42798e-027	6.86536e-029	8.49775e-031	1.56013e-032	1.98049e-034	3.94886e-036	6.57453e-038	1.41862e-039	3.43259e-041	
N5	2.80418e-007	1.9511e-006	1.47357e-005	5.90287e-005	0.000102912	0.000118429	0.000305229	0.00142159	0.00583279	0.0195739	0.0547213	0.123864	0.209485	0.245967	0.192133	0.100185	0.0354268	0.00892281	0.00161828	0.000221025	2.21527e-005	1.72282e-006	9.80817e-008	4.74498e-009	1.62146e-010	6.56624e-012	1.53882e-013	8.02806e-015	1.46313e-016	8.15335e-018	1.12147e-019	4.97108e-021	5.10244e-023	1.70746e-024	1.31866e-026	3.35343e-028	2.00392e-030	3.98884e-032	1.87015e-034	2.95527e-036	1.13514e-038	1.50159e-040	5.38379e-043	7.5174e-045	8.96694e-047	
N6	5.42548e-009	7.02402e-008	7.43961e-007	2.6227e-006	2.64443e-006	1.74397e-006	4.78454e-006	5.21519e-005	0.000620339	0.00534205	0.0308398	0.112639	0.244368	0.29999	0.204718	0.0794984	0.0186688	0.00290083	0.000321437	2.64494e-005	1.57489e-006	7.12857e-008	2.29329e-009	8.26777e-011	2.089e-012	1.09393e-013	2.38378e-015	1.08182e-016	1.68163e-018	5.41049e-020	5.96316e-022	1.36333e-023	1.08177e-025	1.78611e-027	1.03565e-029	1.26359e-031	5.81106e-034	9.58598e-036	1.81945e-037	1.1074e-038	2.26934e-040	9.23059e-042	1.31729e-043	4.55819e-045	1.60554e-046	
N7	2.71878e-011	5.43854e-010	1.01847e-008	7.9849e-008	1.47041e-007	8.2084e-008	6.43416e-008	5.77513e-007	1.82675e-005	0.000423019	0.00584493	0.0449328	0.178823	0.341705	0.293987	0.112112	0.0201809	0.0018711	9.7038e-005	3.03758e-006	6.10718e-008	9.24431e-010	1.17653e-011	2.94104e-013	5.23945e-015	1.6339e-016	2.12698e-018	4.3311e-020	3.77935e-022	5.0548e-024	3.02173e-026	2.74782e-028	1.14726e-030	7.32031e-033	2.17287e-035	1.00393e-037	2.15775e-040	7.46359e-043	1.18418e-045	3.17477e-048	3.80281e-051	8.26256e-054	8.53961e-057	2.10503e-059	6.14693e-062	
N8	5.43226e-016	1.00818e-013	1.39105e-011	5.73109e-010	1.5078e-009	3.4938e-010	3.39737e-011	1.39358e-010	2.32345e-008	2.95628e-006	0.000196232	0.00608824	0.0775087	0.342926	0.427642	0.132447	0.0127194	0.000462342	7.42243e-006	5.939e-008	2.60634e-010	7.26809e-013	1.57603e-015	1.08525e-017	4.51407e-020	4.51044e-022	1.20237e-024	6.9431e-027	1.13639e-029	3.95769e-032	4.09998e-035	9.00021e-038	6.04868e-041	8.66037e-044	3.86878e-047	3.72527e-050	1.13425e-053	7.59635e-057	1.61414e-060	7.8204e-064	1.18471e-067	4.34679e-071	5.08317e-075	1.88037e-078	7.68952e-082	
N9	4.01817e-020	3.6374e-017	1.80262e-014	2.01124e-012	3.60405e-012	4.11312e-013	2.33631e-014	2.98354e-014	2.22721e-011	1.52403e-008	5.03301e-006	0.000682372	0.0303857	0.322601	0.53557	0.106773	0.00394111	4.09213e-005	1.58387e-007	2.76471e-010	2.48927e-013	1.29057e-016	4.45031e-020	6.89851e-023	9.86556e-026	6.88256e-028	6.66859e-031	2.63358e-033	1.57042e-036	3.67104e-039	1.32911e-042	1.90998e-045	4.12439e-049	3.69747e-052	4.8e-056	2.66157e-059	2.1675e-063	7.39537e-067	3.97025e-071	8.63426e-075	3.15291e-079	4.70344e-083	1.21845e-087	1.60526e-091	2.29499e-095	
N10	1.9309e-021	1.43365e-018	5.35615e-016	3.22979e-014	4.24988e-014	3.31323e-015	6.35177e-016	3.39592e-014	3.24346e-011	2.06973e-008	6.36764e-006	0.000801788	0.0331321	0.328887	0.526254	0.106728	0.00414489	4.58449e-005	1.89649e-007	3.53555e-010	3.39027e-013	1.84788e-016	6.51399e-020	5.85278e-022	2.73407e-024	2.06164e-025	5.84401e-028	2.4929e-029	4.0994e-032	1.05666e-033	9.25893e-037	1.51924e-038	6.25849e-042	6.59755e-044	1.1707e-047	7.07242e-050	6.19452e-054	1.63845e-056	9.29579e-061	1.12081e-063	4.48647e-068	3.02349e-071	8.72462e-076	4.67705e-079	5.74447e-082	
N11	8.99541e-019	1.93871e-016	3.55523e-014	2.66021e-012	2.46233e-011	2.92622e-011	1.57525e-011	3.50052e-011	3.72174e-009	5.23974e-007	4.37218e-005	0.0019012	0.0371691	0.263904	0.49985	0.178403	0.0180191	0.000696823	1.25997e-005	1.22094e-007	6.98912e-010	2.55728e-012	6.55118e-015	4.41989e-017	4.55351e-019	2.40522e-020	2.21147e-022	7.22266e-024	4.84141e-026	9.69768e-028	4.71323e-030	5.79918e-032	1.90255e-034	1.42486e-036	2.77001e-039	1.2344e-041	1.40605e-044	3.6167e-047	2.60102e-050	4.60318e-053	2.19965e-056	3.09293e-059	1.12025e-062	1.93717e-065	4.96786e-068	
N12	5.58608e-021	3.34025e-018	1.78218e-015	4.54673e-013	3.85715e-012	1.10455e-012	1.33273e-013	2.18602e-014	2.60334e-012	1.49529e-009	4.99931e-007	8.48884e-005	0.00620472	0.149862	0.721319	0.118517	0.00396703	4.4941e-005	2.23585e-007	5.73812e-010	8.47578e-013	7.82922e-016	4.89386e-019	5.16062e-022	1.00795e-024	1.14587e-026	2.33503e-029	1.70073e-031	2.41925e-034	1.09867e-036	1.07571e-039	3.11181e-042	2.00761e-045	3.73488e-048	1.51075e-051	1.78705e-054	4.54187e-058	3.35824e-061	5.6759e-065	2.80726e-068	3.27782e-072	1.19555e-075	1.02356e-079	3.57339e-083	1.33184e-086	
N13	2.2726e-025	5.95118e-022	9.26087e-019	5.46653e-016	2.43849e-015	1.68263e-016	9.24037e-018	4.11684e-019	4.68929e-017	2.01781e-013	4.97961e-010	6.07154e-007	0.000301761	0.0439147	0.918626	0.0369385	0.000217897	3.82811e-007	2.77637e-010	1.00431e-013	2.04973e-017	2.57743e-021	2.16291e-025	5.77438e-029	3.36459e-032	1.98295e-034	9.81121e-038	3.50984e-040	1.20682e-043	2.66794e-046	6.16319e-050	8.62947e-053	1.22032e-056	1.09477e-059	8.2172e-064	4.49548e-067	1.62195e-071	4.0988e-075	9.41768e-080	1.33057e-083	2.07499e-088	1.98347e-092	2.19439e-097	1.99011e-101	2.811e-105	
Amitermes_darwini	0	0	0	0	0	0	0	0	0	0	0	0	0	0	1	0	0	0	0	0	0	0	0	0	0	0	0	0	0	0	0	0	0	0	0	0	0	0	0	0	0	0	0	0	0	
Amitermes_germanus	0	0	0	0	0	0	0	0	0	0	0	0	0	0	1	0	0	0	0	0	0	0	0	0	0	0	0	0	0	0	0	0	0	0	0	0	0	0	0	0	0	0	0	0	0	
Amitermes_parvus	0	0	0	0	0	0	0	0	0	0	0	0	0	0	1	0	0	0	0	0	0	0	0	0	0	0	0	0	0	0	0	0	0	0	0	0	0	0	0	0	0	0	0	0	0	
Drepanotermes_septentrionalis	0	0	0	0	0	0	0	0	0	0	0	0	0	0	1	0	0	0	0	0	0	0	0	0	0	0	0	0	0	0	0	0	0	0	0	0	0	0	0	0	0	0	0	0	0	
N14	4.64865e-021	8.08928e-019	7.88155e-017	1.61384e-015	3.60266e-015	7.50602e-015	2.99574e-014	1.68342e-012	6.21147e-010	1.77353e-007	2.66255e-005	0.00181834	0.0466931	0.342875	0.493957	0.108928	0.00560388	9.7087e-005	7.18457e-007	2.66214e-009	5.52365e-012	6.9798e-015	5.92354e-018	8.20128e-020	9.85686e-022	1.85399e-022	1.52854e-024	1.68998e-025	9.0531e-028	6.14788e-029	1.94901e-031	8.49847e-033	1.34481e-035	3.83641e-037	2.57761e-040	4.3035e-042	1.40314e-045	1.01601e-047	2.16526e-051	7.23265e-054	1.08708e-057	2.14275e-060	2.31611e-064	4.11836e-067	1.99605e-069	
N15	3.62709e-020	2.43209e-017	1.2257e-014	2.37893e-012	1.85029e-011	6.49911e-012	9.18353e-013	3.0992e-013	5.11278e-011	1.85436e-008	3.81671e-006	0.000389015	0.0165182	0.223558	0.609835	0.142443	0.00713207	0.00012041	8.84743e-007	3.32674e-009	7.15419e-012	9.62658e-015	9.00197e-018	2.17694e-020	7.19395e-023	1.02613e-024	2.91609e-027	2.53423e-029	5.10345e-032	2.69526e-034	3.81595e-037	1.23742e-039	1.16213e-042	2.31432e-045	1.3231e-048	1.59717e-051	5.54452e-055	4.06254e-058	9.02685e-062	4.59885e-065	6.84201e-069	2.73499e-072	3.08139e-076	1.45496e-079	9.34656e-083	
N16	5.79513e-023	9.07533e-020	8.50669e-017	2.29207e-014	9.20059e-014	8.45613e-015	6.99849e-016	2.62171e-016	1.95426e-013	2.59286e-010	1.79655e-007	5.54565e-005	0.00615947	0.175029	0.696111	0.119593	0.00303166	2.06328e-005	5.23965e-008	6.08837e-011	3.71323e-014	1.3147e-017	3.00537e-021	4.78964e-024	8.43171e-027	1.64204e-028	1.90793e-031	2.20223e-033	1.54383e-036	1.1109e-038	4.50111e-042	2.0936e-044	4.58213e-048	1.37953e-050	1.55216e-054	2.81185e-057	1.72328e-061	1.6024e-064	6.40614e-069	3.20974e-072	9.0162e-077	2.7579e-080	5.61839e-085	1.30933e-088	3.27483e-092	
Ephelotermes_melachoma	0	0	0	0	0	0	0	0	0	0	0	0	0	0	1	0	0	0	0	0	0	0	0	0	0	0	0	0	0	0	0	0	0	0	0	0	0	0	0	0	0	0	0	0	0	
N17	2.45133e-023	1.60839e-020	6.27697e-018	6.66624e-016	2.07285e-015	3.19814e-016	1.58087e-016	3.27391e-016	1.6677e-013	2.02161e-010	1.35534e-007	4.26065e-005	0.00508145	0.161675	0.712972	0.117351	0.00285799	1.9477e-005	5.19529e-008	6.63447e-011	4.63157e-014	1.94243e-017	5.38934e-021	3.38632e-023	1.74575e-025	2.02891e-026	6.92134e-029	4.89007e-030	1.03831e-032	4.71149e-034	5.6427e-037	1.72458e-038	9.93013e-042	2.07606e-043	4.86892e-047	6.23284e-049	6.38029e-053	3.21254e-055	2.19389e-059	4.73519e-062	2.37349e-066	2.80799e-069	1.04947e-073	9.77983e-077	2.47512e-079	
Ephelotermes_taylori	0	0	0	0	0	0	0	0	0	0	0	0	0	0	1	0	0	0	0	0	0	0	0	0	0	0	0	0	0	0	0	0	0	0	0	0	0	0	0	0	0	0	0	0	0	
Macrognathotermes_sunteri	0	0	0	0	0	0	0	0	0	0	0	0	0	0	1	0	0	0	0	0	0	0	0	0	0	0	0	0	0	0	0	0	0	0	0	0	0	0	0	0	0	0	0	0	0	
Lophotermes_septentrionalis	0	0	0	0	0	0	0	0	0	0	0	0	0	0	1	0	0	0	0	0	0	0	0	0	0	0	0	0	0	0	0	0	0	0	0	0	0	0	0	0	0	0	0	0	0	
N18	5.85044e-018	9.75918e-016	1.18597e-013	3.56654e-012	1.36746e-011	1.55872e-011	5.60538e-011	8.31506e-010	9.00641e-008	9.20927e-006	0.000517505	0.0137543	0.14139	0.427021	0.34833	0.0649109	0.00396305	0.00010258	1.33538e-006	9.83483e-009	4.46076e-011	1.33178e-013	2.79127e-016	9.20026e-019	6.13847e-021	2.6603e-022	2.10708e-024	6.10249e-026	3.61332e-028	6.61642e-030	2.90832e-032	3.37282e-034	1.03597e-036	7.54516e-039	1.44453e-041	6.48983e-044	7.39387e-047	1.96218e-049	1.43592e-052	2.56925e-055	1.26403e-058	1.75561e-061	6.39975e-065	9.73684e-068	1.92797e-070	
Procubitermes_sp	0	0	0	0	0	0	0	0	0	0	0	0	1	0	0	0	0	0	0	0	0	0	0	0	0	0	0	0	0	0	0	0	0	0	0	0	0	0	0	0	0	0	0	0	0	
N19	1.67565e-022	5.07892e-019	1.08993e-015	1.06634e-012	7.33539e-012	3.79129e-013	8.67948e-015	1.43443e-016	6.14534e-015	1.07875e-011	1.08216e-008	5.37993e-006	0.00111619	0.0737427	0.892855	0.0320541	0.000225804	5.59721e-007	6.35535e-010	3.8613e-013	1.39399e-016	3.54882e-020	9.06607e-024	1.59053e-026	1.12853e-029	2.38e-032	1.16971e-035	1.47595e-038	4.91408e-042	3.80253e-045	8.32699e-049	4.01582e-052	5.54143e-056	1.6794e-059	1.47259e-063	2.85537e-067	1.64489e-071	2.15237e-075	8.39153e-080	8.04804e-084	2.18331e-088	1.6599e-092	3.67102e-097	3.82643e-101	5.82114e-105	
Tuberculitermes_bycanistes	0	0	0	0	0	0	0	0	0	0	0	0	0	0	1	0	0	0	0	0	0	0	0	0	0	0	0	0	0	0	0	0	0	0	0	0	0	0	0	0	0	0	0	0	0	
Unguitermes_sp	0	0	0	0	0	0	0	0	0	0	0	0	0	0	1	0	0	0	0	0	0	0	0	0	0	0	0	0	0	0	0	0	0	0	0	0	0	0	0	0	0	0	0	0	0	
N20	3.09154e-024	4.84967e-021	5.42784e-018	1.35019e-015	7.35591e-015	1.37563e-015	9.83239e-017	3.82563e-016	7.62756e-013	1.16449e-009	8.03737e-007	0.000210175	0.0163856	0.26919	0.584329	0.125711	0.00414066	3.22988e-005	8.13358e-008	8.20102e-011	3.86141e-014	9.57817e-018	1.4773e-021	2.42914e-024	2.43346e-027	2.45447e-029	4.5093e-031	2.10269e-031	1.10058e-032	3.57848e-033	1.36354e-034	3.05424e-035	7.26744e-037	1.12078e-037	1.46549e-039	1.41294e-040	1.12376e-042	5.90235e-044	3.30002e-046	1.07511e-047	4.35872e-050	1.07673e-051	3.36021e-054	1.03988e-055	7.09482e-057	
N21	5.89431e-024	4.18208e-021	2.32356e-018	2.5937e-016	1.3706e-015	4.86299e-016	6.89252e-017	7.00804e-016	1.08913e-012	1.44871e-009	9.02142e-007	0.000219948	0.0164993	0.267732	0.58351	0.127625	0.00437652	3.67032e-005	1.02882e-007	1.19464e-010	6.68612e-014	2.01887e-017	3.79964e-021	2.53042e-022	9.64106e-025	6.83182e-025	1.2432e-027	5.70995e-028	4.73827e-031	1.49566e-031	5.20219e-035	1.16172e-035	1.51574e-039	2.32253e-040	1.09775e-044	9.53281e-046	2.15545e-050	7.37606e-052	1.13083e-056	1.46058e-058	1.72676e-063	9.79716e-066	9.29518e-071	2.76033e-073	4.76316e-076	
N22	7.49742e-023	5.40739e-020	3.0469e-017	6.39329e-015	1.05302e-013	1.48146e-013	8.80124e-014	2.98169e-013	9.60142e-011	3.29829e-008	6.31216e-006	0.000584405	0.0218162	0.248294	0.555087	0.163482	0.0105079	0.000220014	1.93508e-006	8.45302e-009	2.06054e-011	3.05901e-014	3.03311e-017	1.46056e-019	1.06434e-021	6.91047e-023	3.89786e-025	1.47525e-026	5.90222e-029	1.31927e-030	3.67591e-033	4.89232e-035	8.33522e-038	6.67546e-040	5.51046e-043	2.51349e-045	1.04765e-048	2.22835e-051	5.78607e-055	6.94445e-058	1.16927e-061	1.01937e-064	1.21221e-068	1.26992e-071	2.75658e-074	
Crenetermes_albotarsalis	0	0	0	0	0	0	0	0	0	0	0	0	0	0	1	0	0	0	0	0	0	0	0	0	0	0	0	0	0	0	0	0	0	0	0	0	0	0	0	0	0	0	0	0	0	
N23	1.38778e-022	6.5048e-020	2.57597e-017	4.5413e-015	7.12717e-014	9.83785e-014	5.64576e-014	1.36336e-013	4.2637e-011	1.71552e-008	3.82771e-006	0.000410366	0.0176065	0.228418	0.575819	0.167461	0.0100873	0.00019228	1.51075e-006	5.81552e-009	1.23611e-011	1.58543e-014	1.33936e-017	4.97334e-020	3.15502e-022	2.01283e-023	9.72043e-026	3.68912e-027	1.17631e-029	2.74782e-031	5.51577e-034	8.20069e-036	9.378e-039	8.9718e-041	5.22793e-044	3.00863e-046	9.42235e-050	2.77168e-052	5.64974e-056	9.17161e-059	1.30184e-062	1.37285e-065	1.40654e-069	1.29536e-072	1.72823e-075	
Cubitermes_sp	0	0	0	0	0	0	0	0	0	0	0	0	0	0	1	0	0	0	0	0	0	0	0	0	0	0	0	0	0	0	0	0	0	0	0	0	0	0	0	0	0	0	0	0	0	
N24	2.01903e-022	9.00768e-020	3.78854e-017	7.51538e-015	1.18415e-013	1.45822e-013	7.57805e-014	9.49132e-014	1.9288e-011	8.09313e-009	1.96703e-006	0.000239336	0.0122143	0.19745	0.621639	0.159992	0.00832148	0.000140938	1.0199e-006	3.74051e-009	7.80652e-012	1.00922e-014	8.74825e-018	2.31541e-020	1.30857e-022	7.02355e-024	3.42815e-026	1.12063e-027	3.82312e-030	7.72691e-032	1.77192e-034	2.26889e-036	3.1606e-039	2.59499e-041	1.9275e-044	9.6487e-047	3.86996e-050	1.01122e-052	2.62251e-056	3.90836e-059	6.9625e-063	7.06641e-066	9.03134e-070	8.6393e-073	1.21993e-075	
Odontotermes_sp	0	0	0	0	0	0	0	0	0	0	0	0	0	0	1	0	0	0	0	0	0	0	0	0	0	0	0	0	0	0	0	0	0	0	0	0	0	0	0	0	0	0	0	0	0	
Thoracotermes_macrothorax	0	0	0	0	0	0	0	0	0	0	0	0	0	0	1	0	0	0	0	0	0	0	0	0	0	0	0	0	0	0	0	0	0	0	0	0	0	0	0	0	0	0	0	0	0	
N25	6.70895e-019	1.47315e-016	2.78722e-014	2.19206e-012	1.99011e-011	2.13784e-011	1.01696e-011	1.71491e-011	1.7627e-009	2.73939e-007	2.56771e-005	0.00127387	0.0288569	0.239661	0.520869	0.189884	0.0187195	0.000696752	1.2101e-005	1.12926e-007	6.25309e-010	2.2178e-012	5.42216e-015	2.19346e-017	1.7011e-019	7.91523e-021	6.8009e-023	2.05838e-024	1.31164e-026	2.47176e-028	1.17609e-030	1.37903e-032	4.62862e-035	3.3137e-037	6.83286e-040	2.93451e-042	3.49932e-045	8.61769e-048	6.44133e-051	1.08871e-053	5.39287e-057	7.26632e-060	2.71216e-063	4.31909e-066	9.4338e-069	
Microcerotermes_boreus	0	0	0	0	0	0	0	0	0	0	0	0	0	0	1	0	0	0	0	0	0	0	0	0	0	0	0	0	0	0	0	0	0	0	0	0	0	0	0	0	0	0	0	0	0	
Microcerotermes_nervosus	0	0	0	0	0	0	0	0	0	0	0	0	0	0	1	0	0	0	0	0	0	0	0	0	0	0	0	0	0	0	0	0	0	0	0	0	0	0	0	0	0	0	0	0	0	
N26	2.35806e-021	5.69035e-019	1.3605e-016	1.44933e-014	2.47183e-013	6.86734e-013	9.3737e-013	5.69956e-012	8.9913e-010	1.71725e-007	1.94048e-005	0.00113107	0.0289668	0.255251	0.525524	0.173781	0.0148547	0.000464404	6.61978e-006	4.98144e-008	2.19322e-010	6.10852e-013	1.1727e-015	1.13158e-017	1.67754e-019	2.25853e-020	2.6841e-022	2.17538e-023	1.89384e-025	9.29623e-027	5.82877e-029	1.73398e-030	6.87342e-033	1.24458e-034	2.41833e-037	2.52423e-039	2.47529e-042	1.19693e-044	7.37686e-048	2.05297e-050	8.25865e-054	1.71645e-056	4.95725e-060	1.29956e-062	7.36554e-065	
N27	1.36665e-023	5.3971e-020	1.39031e-016	1.42805e-013	1.07227e-012	6.8246e-014	1.71437e-015	3.75501e-017	5.85748e-015	1.1313e-011	1.21664e-008	6.36455e-006	0.00134569	0.0846358	0.845343	0.0677789	0.000886395	3.53065e-006	5.78932e-009	4.6825e-012	2.10823e-015	5.78015e-019	1.04425e-022	2.41919e-026	9.9518e-030	2.30054e-032	1.14586e-035	1.73339e-038	6.04294e-042	5.555e-045	1.35453e-048	7.69342e-052	1.26084e-055	4.4483e-059	4.57753e-063	9.98432e-067	6.29747e-071	8.43767e-075	3.42579e-079	3.09747e-083	8.42515e-088	5.72273e-092	1.13334e-096	7.76714e-101	5.78238e-105	
N28	1.19721e-024	2.36758e-021	2.62223e-018	8.76813e-016	2.8793e-015	5.58963e-017	2.3376e-018	6.01919e-019	2.19868e-016	7.62865e-013	1.51069e-009	1.46376e-006	0.000567733	0.0620508	0.884484	0.0524787	0.000416813	9.49221e-007	8.75629e-010	3.98553e-013	1.01671e-016	1.5899e-020	1.653e-024	1.62185e-027	2.60066e-030	7.67161e-032	9.03365e-035	1.59892e-036	1.30929e-039	1.4375e-041	7.79792e-045	5.49495e-047	1.72087e-050	8.01739e-053	1.12424e-056	3.33299e-059	1.45711e-063	1.24134e-066	3.60107e-071	1.46486e-074	2.97595e-079	7.81401e-083	1.14725e-087	3.36979e-091	3.58719e-094	
Nasutitermes_graveolus	0	0	0	0	0	0	0	0	0	0	0	0	0	0	1	0	0	0	0	0	0	0	0	0	0	0	0	0	0	0	0	0	0	0	0	0	0	0	0	0	0	0	0	0	0	
Nasutitermes_triodiae	0	0	0	0	0	0	0	0	0	0	0	0	0	0	1	0	0	0	0	0	0	0	0	0	0	0	0	0	0	0	0	0	0	0	0	0	0	0	0	0	0	0	0	0	0	
N29	9.64672e-025	1.92742e-021	2.15825e-018	7.36461e-016	2.31675e-015	4.31368e-017	2.2502e-018	5.13922e-019	1.73693e-016	6.22317e-013	1.27572e-009	1.2836e-006	0.000518995	0.0594005	0.889272	0.0504226	0.000383667	8.40386e-007	7.48202e-010	3.29604e-013	8.15678e-017	1.23981e-020	1.2546e-024	1.07902e-027	1.59605e-030	4.14903e-032	4.56371e-035	7.11534e-037	5.4938e-040	5.29397e-042	2.74972e-045	1.68886e-047	5.1598e-051	2.07796e-053	2.88444e-057	7.35249e-060	3.2076e-064	2.3736e-067	6.82717e-072	2.4528e-075	4.89864e-080	1.15735e-083	1.66459e-088	4.53975e-092	4.33523e-095	
Nasutitermes_longipennis	0	0	0	0	0	0	0	0	0	0	0	0	0	0	1	0	0	0	0	0	0	0	0	0	0	0	0	0	0	0	0	0	0	0	0	0	0	0	0	0	0	0	0	0	0	
Tumulitermes_pastinator	0	0	0	0	0	0	0	0	0	0	0	0	0	0	1	0	0	0	0	0	0	0	0	0	0	0	0	0	0	0	0	0	0	0	0	0	0	0	0	0	0	0	0	0	0	
Pericapritermes_sp	0	0	0	0	0	0	0	0	0	0	0	0	0	0	1	0	0	0	0	0	0	0	0	0	0	0	0	0	0	0	0	0	0	0	0	0	0	0	0	0	0	0	0	0	0	
N30	4.92158e-016	4.09921e-014	2.41031e-012	3.90517e-011	8.02598e-011	2.44466e-011	1.34056e-011	4.40369e-010	5.77822e-008	5.40627e-006	0.000280206	0.00715292	0.0791901	0.325103	0.415075	0.15289	0.0192892	0.000989527	2.36972e-005	2.95331e-007	2.08714e-009	9.11201e-012	3.14246e-014	3.53389e-015	9.01081e-017	2.647e-017	3.99646e-019	7.08556e-020	6.15105e-022	6.92651e-023	3.32401e-025	2.44431e-026	6.20402e-029	2.93363e-030	3.89578e-033	1.07792e-034	8.27803e-038	1.1718e-039	6.07311e-043	4.70458e-045	1.75146e-048	8.40291e-051	2.31925e-054	8.97077e-057	5.84379e-059	
N31	1.45442e-015	3.04023e-014	5.74882e-013	5.29504e-012	2.91369e-011	1.16681e-010	4.67978e-010	8.55879e-009	4.77972e-007	2.28632e-005	0.000671627	0.0108275	0.0859807	0.295602	0.385786	0.182843	0.0350236	0.00309621	0.00014177	3.68914e-006	5.87265e-008	6.11458e-010	4.65099e-012	2.20459e-013	1.01096e-014	3.00169e-015	1.02658e-016	1.8896e-017	4.35502e-019	5.10244e-020	7.59221e-022	5.79756e-023	5.23781e-025	2.60622e-026	1.37897e-028	4.26475e-030	1.39373e-032	2.54024e-034	5.6158e-037	6.45057e-039	1.00692e-041	8.13733e-044	9.3737e-047	7.12811e-049	8.07877e-051	
Macrotermes_bellicosus	0	0	0	0	0	0	0	0	0	0	0	0	0	0	1	0	0	0	0	0	0	0	0	0	0	0	0	0	0	0	0	0	0	0	0	0	0	0	0	0	0	0	0	0	0	
N32	5.15537e-027	1.93614e-022	5.09384e-018	6.7882e-014	2.46214e-013	2.66084e-016	1.42275e-019	4.39823e-023	6.59396e-023	1.92686e-018	3.4314e-014	3.34052e-010	1.554e-006	0.0027135	0.99498	0.00230351	1.12373e-006	2.06973e-010	1.83445e-014	8.95608e-019	2.62536e-023	4.943e-028	6.30275e-033	6.94621e-038	7.83172e-043	2.0617e-047	3.16101e-052	7.00719e-057	6.82162e-062	8.32389e-067	4.66626e-072	2.96078e-077	8.73502e-083	2.62964e-088	3.50361e-094	4.16095e-100	1.83648e-106	5.25438e-113	2.57944e-120	7.3284e-034	4.31919e-034	3.93518e-034	2.25251e-034	2.53362e-034	3.13253e-034	
Microtermes_sp	0	0	0	0	0	0	0	0	0	0	0	0	0	0	1	0	0	0	0	0	0	0	0	0	0	0	0	0	0	0	0	0	0	0	0	0	0	0	0	0	0	0	0	0	0	
Protermes_sp	0	0	0	0	0	0	0	0	0	0	0	0	0	0	1	0	0	0	0	0	0	0	0	0	0	0	0	0	0	0	0	0	0	0	0	0	0	0	0	0	0	0	0	0	0	
Pseudacanthotermes_militaris	0	0	0	0	0	0	0	0	0	0	0	0	0	0	1	0	0	0	0	0	0	0	0	0	0	0	0	0	0	0	0	0	0	0	0	0	0	0	0	0	0	0	0	0	0	
N33	5.34774e-013	1.26906e-011	2.68354e-010	2.16518e-009	5.33944e-009	7.50415e-009	1.446e-008	2.70152e-007	1.15684e-005	0.000324288	0.00518107	0.0437863	0.182068	0.348414	0.292968	0.107601	0.0180811	0.00149693	6.60192e-005	1.66634e-006	2.56117e-008	2.58158e-010	1.88469e-012	2.7047e-014	4.39231e-016	2.03366e-017	2.78755e-019	8.18798e-021	7.45588e-023	1.37118e-024	8.36149e-027	9.92916e-029	4.06626e-031	3.1929e-033	8.82006e-036	4.6783e-038	8.83023e-041	3.2561e-043	4.28264e-046	1.14653e-048	1.07357e-051	2.20101e-054	1.58471e-057	3.25038e-060	7.54061e-063	
N34	2.12481e-013	3.16837e-012	4.96396e-011	4.42293e-010	2.15966e-009	5.61292e-009	1.36042e-008	1.62139e-007	6.23194e-006	0.000192859	0.00348614	0.0334386	0.157482	0.338823	0.315775	0.126037	0.0226737	0.00199078	9.25914e-005	2.45761e-006	3.97227e-008	5.25e-010	8.0978e-012	2.26121e-012	5.79699e-014	1.53665e-014	2.33491e-016	4.03197e-017	3.70559e-019	4.2797e-020	2.44281e-022	1.9036e-023	6.99026e-026	3.65752e-027	9.04298e-030	3.15125e-031	5.5077e-034	1.28019e-035	1.65008e-038	2.6054e-040	2.55433e-043	2.8302e-045	2.17854e-048	1.95165e-050	1.57197e-052	
Coptotermes_acinaciformis	0	0	0	0	0	0	0	0	0	0	0	0	0	0	1	0	0	0	0	0	0	0	0	0	0	0	0	0	0	0	0	0	0	0	0	0	0	0	0	0	0	0	0	0	0	
N35	1.32593e-015	1.97861e-013	2.59876e-011	1.39621e-009	5.95962e-009	2.10673e-009	3.13433e-010	1.31643e-010	7.79994e-009	8.62147e-007	5.77796e-005	0.00209999	0.0366492	0.255944	0.522774	0.16619	0.0156685	0.000604605	1.15012e-005	1.2188e-007	7.84789e-010	3.37777e-012	1.08477e-014	6.15571e-017	3.82095e-019	5.42974e-021	2.97521e-023	2.8009e-025	1.06123e-027	6.45374e-030	1.70042e-032	6.88688e-035	1.2658e-037	3.50897e-040	4.52185e-043	8.82827e-046	8.06196e-049	1.14774e-051	7.54028e-055	8.16401e-058	3.9335e-061	3.41425e-064	1.34708e-067	1.28839e-070	1.41665e-073	
Reticulitermes_flavipes	0	0	0	0	0	0	0	0	0	0	0	0	0	0	1	0	0	0	0	0	0	0	0	0	0	0	0	0	0	0	0	0	0	0	0	0	0	0	0	0	0	0	0	0	0	
N36	1.20327e-019	6.59031e-017	2.39376e-014	3.12573e-012	7.36353e-012	5.1985e-013	3.17486e-014	2.66172e-015	2.71813e-013	2.35156e-010	1.18282e-007	3.01417e-005	0.00329462	0.117614	0.788642	0.0885121	0.00189348	1.34847e-005	4.1971e-008	6.72996e-011	6.2097e-014	3.5911e-017	1.4257e-020	1.36774e-023	2.03392e-026	1.66953e-028	2.15944e-031	1.12302e-033	9.82751e-037	3.26055e-039	1.9102e-042	4.14951e-045	1.58302e-048	2.26928e-051	5.46791e-055	5.06807e-058	7.68427e-062	4.41219e-065	4.51608e-069	1.72086e-072	1.2415e-076	3.43045e-080	1.83308e-084	4.61385e-088	1.15718e-091	
Reticulitermes_lucifugus	0	0	0	0	0	0	0	0	0	0	0	0	0	0	1	0	0	0	0	0	0	0	0	0	0	0	0	0	0	0	0	0	0	0	0	0	0	0	0	0	0	0	0	0	0	
Reticulitermes_urbis	0	0	0	0	0	0	0	0	0	0	0	0	0	0	1	0	0	0	0	0	0	0	0	0	0	0	0	0	0	0	0	0	0	0	0	0	0	0	0	0	0	0	0	0	0	
Schedorhinotermes_lamanianus	0	0	0	0	0	0	0	0	0	0	0	0	1	0	0	0	0	0	0	0	0	0	0	0	0	0	0	0	0	0	0	0	0	0	0	0	0	0	0	0	0	0	0	0	0	
N37	1.83932e-011	3.31165e-010	5.55963e-009	3.62015e-008	7.30302e-008	7.07e-008	2.28559e-007	5.95919e-006	0.000167408	0.00296033	0.0283035	0.134173	0.301184	0.316121	0.159238	0.0441779	0.0102886	0.00272174	0.000574342	7.6436e-005	6.26178e-006	3.34135e-007	1.2452e-008	7.26029e-010	3.87418e-011	5.06664e-012	2.00096e-013	1.53576e-014	3.44559e-016	1.4703e-017	2.00106e-019	1.77922e-020	7.92309e-021	2.17027e-020	3.55873e-020	1.14604e-019	1.01214e-019	1.38919e-019	4.92396e-020	2.85699e-020	4.77051e-021	1.61318e-021	1.88978e-022	6.05303e-023	2.12911e-023	
N38	1.38504e-011	1.89169e-010	2.21846e-009	1.20493e-008	2.90258e-008	4.70243e-008	2.04709e-007	4.95277e-006	0.000140659	0.00257343	0.0256307	0.126913	0.296826	0.322189	0.166074	0.0463137	0.010309	0.00248589	0.000477307	5.74736e-005	4.20527e-006	1.96894e-007	6.44423e-009	2.99698e-010	1.40662e-011	1.28547e-012	4.29832e-014	2.25409e-015	4.07556e-017	1.15463e-018	1.15849e-020	1.82198e-022	1.0529e-024	9.51817e-027	3.29265e-029	1.78775e-031	3.82608e-034	1.35807e-036	1.80037e-039	6.37021e-042	4.32722e-045	7.58272e-047	2.46635e-050	2.07102e-051	9.58144e-053	
N39	1.91301e-013	6.06121e-012	2.56726e-010	4.95143e-009	1.97667e-008	3.47232e-008	1.70634e-007	4.80894e-006	9.41674e-005	0.00111799	0.00974186	0.0641968	0.235781	0.373758	0.238851	0.0663896	0.00926121	0.000761084	4.09697e-005	1.45348e-006	3.27778e-008	4.75202e-010	4.55222e-012	5.02756e-014	4.9521e-016	1.41714e-017	1.25052e-019	2.53285e-021	1.36353e-023	1.66299e-025	5.51707e-028	4.19108e-030	8.86577e-033	4.36344e-035	6.12509e-038	2.0475e-040	1.99692e-043	4.84942e-046	3.5149e-049	6.83426e-052	4.06609e-055	6.92172e-058	3.94821e-061	7.34213e-064	1.25127e-066	
N40	6.82561e-012	6.38504e-011	9.51848e-010	1.32079e-008	1.96761e-007	3.74312e-006	5.72604e-005	0.000478074	0.00210936	0.00544382	0.0115524	0.0389085	0.135635	0.275295	0.293982	0.169496	0.0551749	0.0105495	0.00122148	8.79528e-005	4.065e-006	1.69559e-007	1.0063e-008	3.83494e-009	3.59386e-010	9.88949e-011	5.90285e-012	9.48545e-013	3.59133e-014	3.51032e-015	8.3149e-017	5.07326e-018	7.49889e-020	2.88871e-021	2.74511e-023	6.82958e-025	4.35088e-027	7.44078e-029	3.28688e-031	4.18278e-033	1.32026e-035	1.34482e-037	3.65478e-040	5.75252e-042	1.68998e-043	
Bifiditermes_improbus	0	0	0	0	0	0	0	0	0	0	0	1	0	0	0	0	0	0	0	0	0	0	0	0	0	0	0	0	0	0	0	0	0	0	0	0	0	0	0	0	0	0	0	0	0	
Neotermes_insularis	0	0	0	0	0	0	0	0	0	0	0	0	0	0	0	0	0	0	0	1	0	0	0	0	0	0	0	0	0	0	0	0	0	0	0	0	0	0	0	0	0	0	0	0	0	
N41	3.70513e-015	6.16123e-013	5.59777e-011	8.4708e-010	9.76204e-010	3.43215e-010	1.52785e-009	1.09217e-007	6.5877e-006	0.000246646	0.00540368	0.0598373	0.271205	0.419205	0.206668	0.0350059	0.00234837	7.21892e-005	1.14786e-006	1.03034e-008	5.5317e-011	1.91332e-013	4.5328e-016	2.31407e-018	8.41267e-021	1.54728e-022	4.54348e-025	6.02872e-027	1.23122e-029	1.12273e-031	1.54629e-034	9.55799e-037	8.6522e-040	3.59595e-042	2.16817e-045	6.08378e-048	2.53306e-051	4.89336e-054	1.46664e-057	2.02641e-060	4.54392e-064	4.71753e-067	8.33809e-071	7.46725e-074	4.16587e-077	
N42	2.36946e-014	6.58819e-013	1.29838e-011	8.7959e-011	2.4715e-010	7.46714e-010	9.47099e-009	3.38711e-007	1.60215e-005	0.000511502	0.00890648	0.0752791	0.274863	0.389515	0.204802	0.0421485	0.00378714	0.00016644	3.94877e-006	5.48551e-008	4.77177e-010	3.16728e-012	2.77195e-014	3.05154e-015	7.38755e-017	7.76188e-018	1.25489e-019	8.14811e-021	8.653e-023	3.56166e-024	2.38524e-026	6.29768e-028	2.55926e-030	4.27698e-032	1.07626e-034	1.11131e-036	1.84365e-039	1.211e-041	1.38566e-044	6.29449e-047	5.09429e-050	1.75451e-052	1.10809e-055	4.8987e-058	4.28018e-060	
N43	1.37109e-014	8.82746e-013	2.88231e-011	3.48097e-010	2.86815e-009	1.3203e-008	7.03153e-008	1.11836e-006	5.20092e-005	0.00159855	0.0230267	0.143908	0.363238	0.341888	0.112636	0.0130255	0.000612049	1.35254e-005	1.58053e-007	1.06973e-009	4.50293e-012	1.27995e-014	2.81844e-017	2.16235e-019	1.52896e-021	3.5804e-023	1.97849e-025	2.919e-027	1.10874e-029	1.04213e-031	2.68625e-034	1.64413e-036	2.82209e-039	1.14001e-041	1.29972e-044	3.50218e-047	2.71125e-050	5.01476e-053	2.70962e-056	3.6298e-059	1.40132e-062	1.44991e-065	4.31915e-069	4.70453e-072	6.32678e-075	
N44	2.14595e-013	4.15706e-012	3.76124e-011	6.56282e-010	6.98125e-009	5.02936e-008	3.80992e-007	1.24304e-005	0.000613973	0.011654	0.0904729	0.297442	0.393308	0.181971	0.0234688	0.0010373	1.91504e-005	1.72919e-007	8.59585e-010	2.57003e-012	4.94378e-015	6.49641e-018	6.37981e-021	2.86243e-023	1.52096e-025	5.40293e-027	2.30516e-029	5.46226e-031	1.60335e-033	2.57023e-035	5.01407e-038	5.52577e-040	6.90769e-043	5.20882e-045	4.12275e-048	2.05653e-050	1.06771e-053	3.38703e-056	1.23364e-059	2.5696e-062	6.83919e-066	1.00662e-068	2.02819e-072	2.57909e-075	3.20528e-078	
Cryptotermes_austrinus	0	0	0	0	0	0	0	0	0	0	0	0	0	1	0	0	0	0	0	0	0	0	0	0	0	0	0	0	0	0	0	0	0	0	0	0	0	0	0	0	0	0	0	0	0	
Cryptotermes_primus	0	0	0	0	0	0	0	0	1	0	0	0	0	0	0	0	0	0	0	0	0	0	0	0	0	0	0	0	0	0	0	0	0	0	0	0	0	0	0	0	0	0	0	0	0	
Cryptotermes_queenslandis	0	0	0	0	0	0	0	0	0	0	0	0	0	0	1	0	0	0	0	0	0	0	0	0	0	0	0	0	0	0	0	0	0	0	0	0	0	0	0	0	0	0	0	0	0	
Incisitermes_sp	0	0	0	0	0	0	0	0	0	0	0	0	0	0	1	0	0	0	0	0	0	0	0	0	0	0	0	0	0	0	0	0	0	0	0	0	0	0	0	0	0	0	0	0	0	
N45	6.52608e-017	5.56357e-015	6.81221e-013	2.96212e-011	3.0588e-010	1.28991e-009	4.9982e-009	1.36545e-007	6.42167e-006	0.000198664	0.00434367	0.0576028	0.293514	0.442405	0.180529	0.0206566	0.000735071	9.2638e-006	4.69558e-008	1.0719e-010	1.21445e-013	8.14525e-017	4.96432e-020	2.95637e-022	4.1786e-025	2.36519e-027	3.65351e-030	3.2857e-031	8.29265e-033	9.07158e-034	1.54893e-035	1.17483e-036	1.33069e-038	6.95289e-040	5.33025e-042	1.88865e-043	1.02521e-045	2.48909e-047	9.94073e-050	1.73738e-051	5.21881e-054	7.03364e-056	1.6839e-058	2.48301e-060	5.48547e-062	
N46	1.4323e-016	1.05194e-014	9.28595e-013	3.08247e-011	2.88962e-010	1.258e-009	8.16521e-009	3.4572e-007	1.32196e-005	0.00030773	0.00543572	0.0633742	0.299949	0.435053	0.174913	0.0201918	0.000751756	1.04503e-005	6.24201e-008	1.80772e-010	2.80401e-013	2.63263e-016	2.57059e-019	2.10439e-019	1.72244e-021	2.32305e-021	9.32227e-024	8.62254e-024	1.58444e-026	1.038e-026	8.29801e-030	3.83181e-030	1.33434e-033	4.04568e-034	6.89952e-038	1.17967e-038	1.2106e-042	1.00311e-043	7.32448e-048	2.79796e-049	1.59036e-053	2.9486e-055	1.35561e-059	1.3691e-061	7.67258e-064	
Cryptotermes_brevis	0	0	0	0	0	0	0	0	0	0	0	1	0	0	0	0	0	0	0	0	0	0	0	0	0	0	0	0	0	0	0	0	0	0	0	0	0	0	0	0	0	0	0	0	0	
N47	3.50336e-013	1.00534e-011	3.34864e-010	2.20762e-008	1.42044e-006	4.42672e-005	0.00045249	0.00189978	0.00385854	0.00593686	0.0257143	0.119253	0.289344	0.331583	0.173787	0.0427267	0.00509269	0.000297036	8.51175e-006	1.3165e-007	1.20988e-009	8.13688e-012	6.67431e-014	5.66558e-015	1.31213e-016	1.07861e-017	1.74607e-019	8.57552e-021	9.59906e-023	2.88342e-024	2.12293e-026	3.96254e-028	1.79565e-030	2.07973e-032	5.78156e-035	4.10406e-037	7.37655e-040	3.42628e-042	4.12651e-045	1.41663e-047	1.18175e-050	3.32342e-053	2.38241e-056	1.13984e-058	9.59598e-061	
Cryptotermes_domesticus	0	0	0	0	0	0	0	0	1	0	0	0	0	0	0	0	0	0	0	0	0	0	0	0	0	0	0	0	0	0	0	0	0	0	0	0	0	0	0	0	0	0	0	0	0	
Procryptotermes_australiensis	0	0	0	0	0	0	0	0	0	0	0	0	0	0	0	0	0	1	0	0	0	0	0	0	0	0	0	0	0	0	0	0	0	0	0	0	0	0	0	0	0	0	0	0	0	
N48	1.11778e-016	9.90023e-015	9.07497e-013	3.84479e-011	4.39995e-010	1.6182e-009	6.82595e-009	1.0533e-007	3.35568e-006	0.000126579	0.00333872	0.0471664	0.258426	0.439122	0.216289	0.0335842	0.00189761	4.53517e-005	5.22888e-007	3.5209e-009	2.5032e-011	1.11934e-011	2.22308e-013	1.03917e-013	1.0513e-015	3.07246e-016	1.97861e-018	3.9435e-019	1.61014e-021	2.20732e-022	4.87353e-025	4.27755e-026	5.10705e-029	2.55401e-030	1.86469e-033	4.80911e-035	2.4125e-038	3.19641e-040	1.16621e-043	8.72442e-046	2.34112e-049	1.13467e-051	2.56528e-055	3.947e-057	2.35305e-058	
Cryptotermes_cynocephalus	0	0	0	0	0	0	0	0	0	0	0	0	0	0	0	1	0	0	0	0	0	0	0	0	0	0	0	0	0	0	0	0	0	0	0	0	0	0	0	0	0	0	0	0	0	
N49	1.31285e-014	7.04019e-013	3.45185e-011	5.90622e-010	1.35084e-009	1.08747e-009	1.09831e-009	2.5003e-008	1.96324e-006	0.000104424	0.00304501	0.0427855	0.244655	0.454682	0.218247	0.0342173	0.00219244	6.77683e-005	1.14028e-006	1.14327e-008	7.32798e-011	3.48728e-013	1.71479e-015	5.54447e-017	7.93253e-019	3.32076e-020	3.45087e-022	9.04714e-024	6.6211e-026	1.10232e-027	5.50493e-030	5.8858e-032	1.92294e-034	1.32869e-036	2.82326e-039	1.275e-041	1.81249e-044	5.63807e-047	5.51569e-050	1.28356e-052	8.88452e-056	1.6784e-058	9.66337e-062	2.54886e-064	1.04113e-066	
Cryptotermes_dudleyi	0	0	0	0	0	0	0	0	0	0	0	0	0	1	0	0	0	0	0	0	0	0	0	0	0	0	0	0	0	0	0	0	0	0	0	0	0	0	0	0	0	0	0	0	0	
Cryptotermes_secundus	0	0	0	0	0	0	0	0	0	0	0	0	0	1	0	0	0	0	0	0	0	0	0	0	0	0	0	0	0	0	0	0	0	0	0	0	0	0	0	0	0	0	0	0	0	
N50	2.66161e-011	6.50225e-010	1.69985e-008	2.02001e-007	5.64617e-007	3.81476e-007	1.52111e-007	3.35186e-007	7.18069e-006	0.000164346	0.00247243	0.022405	0.113519	0.293485	0.347753	0.174332	0.0405624	0.00493441	0.000346936	1.53519e-005	4.56082e-007	1.03347e-008	1.93869e-010	5.1641e-012	1.2408e-013	4.34138e-015	8.78987e-017	2.16883e-018	3.09442e-020	5.16237e-022	5.20347e-024	6.04164e-026	4.35633e-028	3.63583e-030	1.90423e-032	1.18354e-034	4.59047e-037	2.20873e-039	6.4956e-042	2.52063e-044	5.83195e-047	1.96018e-049	4.46038e-052	1.88811e-054	9.63687e-057	
Glyptotermes_brevicornis	0	0	0	0	0	0	0	0	0	0	0	0	0	0	1	0	0	0	0	0	0	0	0	0	0	0	0	0	0	0	0	0	0	0	0	0	0	0	0	0	0	0	0	0	0	
Glyptotermes_iridipennis	0	0	0	0	0	0	0	0	0	0	0	0	0	0	1	0	0	0	0	0	0	0	0	0	0	0	0	0	0	0	0	0	0	0	0	0	0	0	0	0	0	0	0	0	0	
Kalotermes_flavicollis	0	0	0	0	0	0	0	0	0	0	0	0	0	0	0	0	0	0	0	0	0	0	0	0	0	0	0	1	0	0	0	0	0	0	0	0	0	0	0	0	0	0	0	0	0	
N51	3.56645e-007	1.11517e-006	6.32329e-006	4.47749e-005	0.000314301	0.00174732	0.00649501	0.0149493	0.0219723	0.0249903	0.0352291	0.0721237	0.139045	0.201178	0.208342	0.153358	0.0802979	0.0300249	0.0080572	0.00157037	0.000224637	2.53779e-005	2.37414e-006	3.02842e-007	3.65929e-008	7.07987e-009	7.71555e-010	1.11694e-010	8.73079e-012	8.79195e-013	4.94449e-014	3.55148e-015	1.46015e-016	7.68882e-018	2.34597e-019	9.30178e-021	2.13735e-022	6.55454e-024	1.15116e-025	2.80645e-027	3.84634e-029	7.81326e-031	9.6807e-033	2.24223e-034	6.98946e-036	
Stolotermes_sp	0	0	0	0	0	0	0	0	0	1	0	0	0	0	0	0	0	0	0	0	0	0	0	0	0	0	0	0	0	0	0	0	0	0	0	0	0	0	0	0	0	0	0	0	0	
N52	9.3528e-011	1.15671e-010	3.57468e-009	1.54174e-007	4.40412e-006	6.81616e-005	0.000330769	0.000152418	2.23379e-005	1.76672e-006	9.48493e-008	2.29245e-008	4.35688e-007	1.33104e-005	0.000282748	0.00390421	0.0328446	0.155036	0.356826	0.337802	0.0966995	0.0146359	0.00126826	0.000102522	4.67288e-006	2.03823e-007	4.93952e-009	1.188e-010	1.67904e-012	2.4532e-014	2.19823e-016	2.10907e-018	1.27214e-020	8.49693e-023	3.60448e-025	1.75471e-027	5.41586e-030	1.99701e-032	4.61361e-035	1.33764e-037	2.43141e-040	6.12927e-043	1.19147e-045	3.90388e-048	1.45943e-050	
Zootermopsis_angusticollis	0	0	0	0	0	0	0	0	0	0	0	0	0	0	0	0	0	0	0	1	0	0	0	0	0	0	0	0	0	0	0	0	0	0	0	0	0	0	0	0	0	0	0	0	0	
Zootermopsis_nevadensis	0	0	0	0	0	0	0	0	0	0	0	0	0	0	0	0	0	0	0	1	0	0	0	0	0	0	0	0	0	0	0	0	0	0	0	0	0	0	0	0	0	0	0	0	0	
N53	1.82208e-006	5.65792e-006	2.0593e-005	5.9615e-005	0.000135843	0.000330174	0.00105488	0.00357124	0.0106514	0.0269182	0.0579575	0.10648	0.162772	0.199487	0.187557	0.133073	0.0700727	0.0281156	0.00867009	0.00224659	0.000479966	0.000178291	4.76121e-005	6.0799e-005	1.71641e-005	2.21394e-005	5.17585e-006	5.54131e-006	1.06876e-006	9.52972e-007	1.54172e-007	1.17684e-007	1.68909e-008	1.17295e-008	1.56806e-009	9.96738e-010	1.20987e-010	6.66515e-011	6.7539e-012	2.99703e-012	2.47004e-013	9.08078e-014	6.45994e-015	2.50628e-015	1.21834e-015	
Mastotermes_darwiniensis	0	0	0	0	0	0	0	0	0	0	0	0	0	0	0	0	0	0	0	0	0	0	0	0	0	0	0	0	0	0	0	0	0	0	0	0	0	0	0	0	0	0	1	0	0	
Porotermes_adamsoni	0	0	0	0	0	0	0	0	0	0	0	0	0	1	0	0	0	0	0	0	0	0	0	0	0	0	0	0	0	0	0	0	0	0	0	0	0	0	0	0	0	0	0	0	0	
N54	0.0189854	0.0306667	0.0586195	0.10406	0.149594	0.163938	0.138104	0.0988682	0.0717903	0.0575091	0.0455071	0.0315192	0.0180223	0.00838921	0.00315591	0.000968441	0.000241746	5.04216e-005	8.73617e-006	1.34364e-006	1.78481e-007	2.33131e-008	2.66728e-009	3.18812e-010	3.1484e-011	3.22007e-012	2.57994e-013	2.12066e-014	1.34174e-015	8.74078e-017	4.36818e-018	2.27279e-019	9.06278e-021	3.82399e-022	1.23213e-023	4.2893e-025	1.13441e-026	3.33088e-028	7.41762e-030	1.91571e-031	3.93926e-033	1.02815e-034	2.51959e-036	7.95006e-038	3.24529e-039	
N55	0.0476893	0.105087	0.222934	0.29217	0.212624	0.0902621	0.0242152	0.00439576	0.000565772	5.33239e-005	3.75263e-006	2.00499e-007	8.23999e-009	2.64141e-010	6.68233e-012	1.35149e-013	2.20788e-015	2.94978e-017	3.25173e-019	2.99753e-021	2.32723e-023	1.55022e-025	8.88903e-028	4.55216e-030	2.06288e-032	9.10911e-035	3.68922e-037	1.70151e-039	7.0339e-042	3.58764e-044	1.45058e-046	7.04969e-049	2.52832e-051	1.06697e-053	3.27463e-056	1.17606e-058	3.07567e-061	9.4407e-064	2.12226e-066	5.67805e-069	1.14654e-071	2.87964e-074	6.15428e-077	1.70205e-079	4.95065e-082	
Cryptocercus_primarius	0	0	0	1	0	0	0	0	0	0	0	0	0	0	0	0	0	0	0	0	0	0	0	0	0	0	0	0	0	0	0	0	0	0	0	0	0	0	0	0	0	0	0	0	0	
Cryptocercus_relictus	0	0	1	0	0	0	0	0	0	0	0	0	0	0	0	0	0	0	0	0	0	0	0	0	0	0	0	0	0	0	0	0	0	0	0	0	0	0	0	0	0	0	0	0	0	
Cryptocercus_punctulatus	0	0	0	0	0	0	0	0	0	0	0	0	0	0	0	0	0	1	0	0	0	0	0	0	0	0	0	0	0	0	0	0	0	0	0	0	0	0	0	0	0	0	0	0	0	
N56	0.00567708	0.00982595	0.0205655	0.0424149	0.0785611	0.124614	0.164686	0.17839	0.15674	0.11115	0.0633793	0.0290805	0.0107352	0.00321175	0.000779596	0.000157803	2.66503e-005	4.29387e-006	6.40454e-007	1.29873e-007	2.26601e-008	5.42976e-009	8.6376e-010	1.74386e-010	2.22362e-011	3.55138e-012	3.57568e-013	4.53018e-014	3.60881e-015	3.67195e-016	2.3253e-017	1.92838e-018	9.77416e-020	6.72422e-021	2.7473e-022	1.59615e-023	5.32311e-025	2.68499e-026	7.42844e-028	3.37445e-029	8.85722e-031	4.75884e-032	2.38503e-033	2.14775e-034	2.59259e-035	
N57	0.000138992	0.000346182	0.00102965	0.00350461	0.0136052	0.0454549	0.110685	0.186976	0.218852	0.187533	0.124402	0.0671181	0.0284198	0.00927368	0.00219908	0.000401791	5.36838e-005	6.16486e-006	5.31211e-007	4.37108e-008	2.5919e-009	1.50191e-010	5.98494e-012	2.3521e-013	6.30745e-015	1.70385e-016	3.15559e-018	6.04758e-020	7.99183e-022	1.12626e-023	1.09219e-025	1.16676e-027	8.54941e-030	7.16659e-032	4.06108e-034	2.74356e-036	1.24749e-038	7.13239e-041	2.71629e-043	1.39139e-045	5.31613e-048	2.99653e-050	1.51968e-052	9.76145e-055	6.51231e-057	
N58	8.05245e-006	2.25463e-005	0.000183456	0.0020688	0.0169664	0.0798799	0.191742	0.231077	0.161445	0.0997169	0.0804603	0.066559	0.0428884	0.0195246	0.00600794	0.00125216	0.000176003	1.97431e-005	1.7112e-006	2.13789e-007	1.69026e-008	1.93343e-009	9.90803e-011	6.96803e-012	2.18058e-013	9.5021e-015	1.89193e-016	5.37725e-018	7.10485e-020	1.38157e-021	1.25471e-023	1.74003e-025	1.11958e-027	1.1508e-029	5.38035e-032	4.23832e-034	1.47723e-036	9.2764e-039	2.46274e-041	1.27631e-043	2.85183e-046	1.56924e-048	6.79165e-051	7.44092e-053	9.00556e-055	
N59	1.71349e-006	9.75183e-006	8.45687e-005	0.0010447	0.0110256	0.0650297	0.186706	0.259552	0.200703	0.119076	0.0742795	0.0479348	0.0245819	0.00814183	0.00162006	0.0001939	1.43723e-005	7.09972e-007	2.54779e-008	7.84215e-010	1.99045e-011	4.37939e-013	6.86559e-015	8.63637e-017	7.50159e-019	5.65897e-021	2.91693e-023	2.16109e-025	8.79666e-028	1.23806e-029	4.39221e-032	6.22213e-034	1.64939e-036	1.75669e-038	3.43274e-041	2.71345e-043	3.98444e-046	2.3786e-048	2.67749e-051	1.23414e-053	1.11337e-056	4.22383e-059	3.65626e-062	1.61322e-064	6.15155e-067	
N60	1.05375e-006	6.86445e-006	0.000107427	0.00216971	0.0275246	0.154828	0.30653	0.243475	0.0964739	0.0386108	0.0395519	0.0427467	0.0303256	0.0133657	0.00361611	0.000601192	6.07009e-005	4.31039e-006	2.17795e-007	1.93937e-008	8.98354e-010	7.13556e-011	1.951e-012	9.18118e-014	1.54834e-015	4.72336e-017	5.38573e-019	1.14122e-020	9.17886e-023	1.38253e-024	7.92217e-027	8.58105e-029	3.52517e-031	2.80744e-033	8.35834e-036	5.05407e-038	1.1076e-040	5.30062e-043	8.68601e-046	3.43153e-048	4.54208e-051	1.88608e-053	5.19016e-056	5.45525e-058	6.1646e-060	
Blatta_orientalis	0	0	0	0	0	0	0	0	0	0	0	0	0	0	0	0	0	1	0	0	0	0	0	0	0	0	0	0	0	0	0	0	0	0	0	0	0	0	0	0	0	0	0	0	0	
N61	1.07273e-006	1.2685e-007	1.55941e-008	6.44212e-007	8.62681e-005	0.0054726	0.129323	0.740351	0.117741	0.00678958	0.000229727	4.56939e-006	5.26876e-008	3.63038e-010	1.55199e-012	4.26913e-015	7.81736e-018	9.91999e-021	9.10832e-024	6.43192e-027	3.65353e-030	1.77171e-033	7.19454e-037	2.6369e-040	7.90703e-044	2.94438e-047	9.54897e-051	6.92482e-054	2.76645e-057	2.08774e-060	7.04056e-064	4.10195e-067	1.08523e-070	4.79683e-074	9.84726e-078	3.33197e-081	5.29836e-085	1.39182e-088	1.71886e-092	3.57846e-096	3.48625e-100	6.01389e-104	5.21278e-108	9.61175e-112	1.66223e-115	
Periplaneta_australasiae	0	0	0	0	0	0	0	1	0	0	0	0	0	0	0	0	0	0	0	0	0	0	0	0	0	0	0	0	0	0	0	0	0	0	0	0	0	0	0	0	0	0	0	0	0	
Periplaneta_fuliginosa	0	0	0	0	0	0	0	1	0	0	0	0	0	0	0	0	0	0	0	0	0	0	0	0	0	0	0	0	0	0	0	0	0	0	0	0	0	0	0	0	0	0	0	0	0	
N62	4.11341e-006	1.92783e-005	0.000106876	0.000559703	0.00383948	0.026133	0.108352	0.238257	0.281045	0.197794	0.0970573	0.035841	0.00928155	0.00154141	0.00015761	1.01961e-005	4.20702e-007	1.31702e-008	2.83535e-010	9.36916e-012	1.67888e-013	7.5189e-015	1.01387e-016	3.54165e-018	3.48407e-020	9.56112e-022	7.7618e-024	1.88183e-025	1.37815e-027	2.97899e-029	1.88639e-031	3.3574e-033	1.70132e-035	2.35629e-037	9.19236e-040	9.72945e-042	2.91359e-044	2.3939e-046	5.50223e-049	3.56551e-051	6.55666e-054	3.79188e-056	6.35678e-059	5.0403e-061	5.85019e-063	
Periplaneta_americana	0	0	0	0	0	0	0	0	0	0	1	0	0	0	0	0	0	0	0	0	0	0	0	0	0	0	0	0	0	0	0	0	0	0	0	0	0	0	0	0	0	0	0	0	0	
Periplaneta_brunnea	0	0	0	0	0	0	0	1	0	0	0	0	0	0	0	0	0	0	0	0	0	0	0	0	0	0	0	0	0	0	0	0	0	0	0	0	0	0	0	0	0	0	0	0	0	
Deropeltis_erythrocephala	0	0	0	0	0	0	0	0	0	0	0	0	0	0	0	0	0	0	1	0	0	0	0	0	0	0	0	0	0	0	0	0	0	0	0	0	0	0	0	0	0	0	0	0	0	
N63	4.52721e-005	0.000112971	0.000388143	0.00148561	0.00555714	0.0198629	0.0612015	0.139973	0.220413	0.236538	0.175475	0.092391	0.0347755	0.00957946	0.00187191	0.000291931	3.17324e-005	4.13926e-006	3.19391e-007	4.94175e-008	2.82287e-009	3.6139e-010	1.41026e-011	1.27089e-012	3.45958e-014	2.24144e-015	4.45215e-017	2.16816e-018	3.28383e-020	1.24906e-021	1.48147e-023	4.47013e-025	4.22547e-027	1.02942e-028	7.72126e-031	1.50999e-032	9.26048e-035	1.56486e-036	7.58009e-039	1.0507e-040	4.77545e-043	7.82959e-045	3.90287e-047	9.47084e-049	3.01749e-050	
N64	1.83553e-005	4.41897e-005	0.00014712	0.000584511	0.00299846	0.0153577	0.05913	0.152197	0.250308	0.258868	0.16827	0.0695941	0.0186844	0.00334805	0.000410697	3.58399e-005	2.27308e-006	1.16435e-007	4.77636e-009	2.40845e-010	9.66876e-012	6.58832e-013	2.3537e-014	1.37762e-015	3.68812e-017	1.61173e-018	3.20546e-020	1.05255e-021	1.58433e-023	4.00343e-025	4.64529e-027	9.23431e-029	8.39117e-031	1.33886e-032	9.63827e-035	1.25551e-036	7.2601e-039	7.91014e-041	3.71645e-043	3.45076e-045	1.38154e-047	1.23009e-049	6.66561e-052	1.08875e-053	2.29771e-055	
Eurycotis_floridana	0	0	0	0	0	0	0	1	0	0	0	0	0	0	0	0	0	0	0	0	0	0	0	0	0	0	0	0	0	0	0	0	0	0	0	0	0	0	0	0	0	0	0	0	0	
Periplaneta_japonica	0	0	0	0	0	0	0	0	0	0	1	0	0	0	0	0	0	0	0	0	0	0	0	0	0	0	0	0	0	0	0	0	0	0	0	0	0	0	0	0	0	0	0	0	0	
Pelmatosilpha_sp	0	0	0	0	0	0	0	0	0	0	0	0	1	0	0	0	0	0	0	0	0	0	0	0	0	0	0	0	0	0	0	0	0	0	0	0	0	0	0	0	0	0	0	0	0	
Lamproblatta_albipalpus	0	0	1	0	0	0	0	0	0	0	0	0	0	0	0	0	0	0	0	0	0	0	0	0	0	0	0	0	0	0	0	0	0	0	0	0	0	0	0	0	0	0	0	0	0	
N65	0.000353189	0.000778868	0.00221509	0.00629076	0.0167505	0.0412274	0.0898873	0.160232	0.216599	0.212615	0.147977	0.0726309	0.0250206	0.00616469	0.00108727	0.000151749	1.66986e-005	2.10072e-006	2.16265e-007	2.87796e-008	2.34162e-009	2.2389e-010	1.22586e-011	7.82751e-013	2.88371e-014	1.25854e-015	3.1847e-017	9.80239e-019	1.74089e-020	3.9049e-022	4.96385e-024	8.37527e-026	7.78692e-028	1.02569e-029	7.11383e-032	7.56962e-034	4.09575e-036	3.81575e-038	1.70833e-040	1.49857e-042	7.75209e-045	9.24013e-047	9.03762e-049	1.32997e-050	2.03057e-052	
N66	0.000333595	0.000877981	0.00274544	0.00734909	0.0163544	0.033779	0.0703341	0.133561	0.20014	0.219672	0.171491	0.0944458	0.0365222	0.0100678	0.00196787	0.00031257	3.68678e-005	7.58239e-006	8.42891e-007	2.64464e-007	2.16389e-008	5.01953e-009	2.71026e-010	4.20994e-011	1.5269e-012	1.61371e-013	4.03362e-015	2.97317e-016	5.2535e-018	2.77335e-019	3.53989e-021	1.37062e-022	1.29296e-024	3.79157e-026	2.68284e-028	6.07502e-030	3.37115e-032	6.58026e-034	2.83501e-036	4.59899e-038	2.11271e-040	5.34406e-042	3.18653e-044	1.25391e-045	6.20255e-047	
N67	0.00026773	0.000860658	0.00314152	0.0086636	0.016745	0.0273352	0.0519319	0.105427	0.176061	0.217547	0.192903	0.121881	0.0545592	0.0176342	0.00405691	0.00081622	0.000118631	4.17222e-005	5.5875e-006	2.83689e-006	2.60179e-007	9.5017e-008	5.68564e-009	1.39764e-009	5.60924e-011	9.3907e-012	2.6021e-013	3.02979e-014	5.96003e-016	4.94774e-017	7.07327e-019	4.28125e-020	4.56168e-022	2.0838e-023	1.67689e-025	5.86276e-027	3.78006e-029	1.19315e-030	5.92733e-033	1.50737e-034	9.19349e-037	4.48175e-038	2.66453e-040	1.61849e-041	1.33567e-042	
N68	2.5362e-005	8.56213e-005	0.000330005	0.000926374	0.00189203	0.00380166	0.00952901	0.0258208	0.0630606	0.124696	0.187407	0.209689	0.172044	0.107964	0.050547	0.024078	0.00911036	0.00585033	0.00190107	0.000970819	0.000199019	6.28703e-005	7.9558e-006	1.58648e-006	1.29194e-007	1.71725e-008	9.44098e-010	8.82331e-011	3.40929e-012	2.33661e-013	6.46532e-015	3.31915e-016	6.67907e-018	2.67161e-019	3.91872e-021	1.24276e-022	1.48517e-024	4.72354e-026	4.57115e-028	1.27827e-029	1.54762e-031	5.88599e-033	9.29048e-035	4.00447e-036	1.90839e-037	
N69	1.44605e-007	9.02611e-007	5.24131e-006	2.16894e-005	5.94131e-005	0.000175838	0.000969832	0.00553744	0.0237015	0.0707129	0.143033	0.198568	0.201798	0.164157	0.107998	0.0549332	0.0206289	0.00604345	0.00134801	0.000261622	3.91569e-005	6.67757e-006	1.00084e-006	2.12548e-007	2.83699e-008	4.97974e-009	4.27263e-010	4.84293e-011	2.48521e-012	1.70901e-013	5.26196e-015	2.22563e-016	4.2299e-018	1.14419e-019	1.39128e-021	2.52035e-023	2.06139e-025	2.65522e-027	1.5479e-029	1.49819e-031	6.88322e-034	5.63194e-036	2.81712e-038	2.72845e-040	2.77877e-042	
N70	1.36931e-007	4.78178e-007	1.92059e-006	8.40323e-006	4.20253e-005	0.000265937	0.00175442	0.00897075	0.0326116	0.0830253	0.144934	0.176065	0.165513	0.141675	0.113483	0.0753911	0.037717	0.0138498	0.00373842	0.000779158	0.000127494	3.29598e-005	6.39258e-006	5.41206e-006	8.64313e-007	5.8099e-007	5.82383e-008	2.52354e-008	1.60131e-009	4.49686e-010	1.8523e-011	3.43103e-012	9.46234e-014	1.18005e-014	2.25007e-016	1.93533e-017	2.63849e-019	1.61987e-020	1.62778e-022	7.40326e-024	5.66408e-026	2.00573e-027	1.27724e-029	4.85456e-031	2.82716e-032	
N71	2.16157e-008	1.04234e-007	6.29345e-007	3.72161e-006	2.5254e-005	0.000223595	0.00194453	0.0126826	0.051529	0.118821	0.154025	0.120478	0.0728287	0.0562821	0.0606691	0.0705799	0.0803852	0.078439	0.0579973	0.0322171	0.0136696	0.00754391	0.0037937	0.00344757	0.00137576	0.000785774	0.00018272	5.89745e-005	8.00813e-006	1.50813e-006	1.23104e-007	1.41354e-008	7.17786e-010	5.26471e-011	1.72171e-012	8.44923e-014	1.83895e-015	6.31609e-017	9.42943e-019	2.36568e-020	2.50379e-022	4.88764e-024	4.74255e-026	1.25705e-027	4.94926e-029	
N72	1.37643e-008	1.32776e-007	1.23309e-006	9.16245e-006	4.52714e-005	0.000134819	0.000455804	0.00329915	0.0213518	0.0788548	0.154921	0.171541	0.124701	0.0731162	0.0439975	0.0426224	0.0615171	0.075681	0.0669688	0.0432969	0.0216998	0.00955667	0.00399791	0.00158649	0.00050002	0.000120664	2.02493e-005	2.50204e-006	2.14366e-007	1.39608e-008	6.41587e-010	2.44214e-011	6.62088e-013	1.95704e-014	4.04545e-016	1.55235e-017	3.06579e-019	1.24546e-020	1.97639e-022	6.24115e-024	7.57406e-026	1.89303e-027	2.50855e-029	7.4561e-031	2.377e-032	
N73	6.52125e-011	3.80859e-009	1.51924e-007	1.79302e-006	5.0395e-006	5.8752e-006	5.17778e-006	6.76876e-006	0.000103511	0.00187006	0.0184862	0.0897102	0.210293	0.251654	0.188874	0.115462	0.0596938	0.0331175	0.0196784	0.00836699	0.00223479	0.000383336	4.32411e-005	3.22186e-006	1.56779e-007	4.95819e-009	1.01979e-010	1.38299e-012	1.2566e-014	7.84076e-017	3.42767e-019	1.0817e-021	2.503e-024	4.44705e-027	6.07279e-030	7.5876e-033	8.37889e-036	1.89573e-038	3.59329e-041	1.60309e-043	5.03833e-046	2.66478e-048	1.1466e-050	4.53993e-053	1.48291e-055	
N74	1.29822e-012	9.62458e-011	5.97162e-009	1.12162e-007	3.74726e-007	3.85088e-007	3.92754e-007	1.72123e-006	1.11615e-005	9.29602e-005	0.00165283	0.0219241	0.124548	0.280832	0.288827	0.170911	0.0742313	0.0280075	0.00766881	0.00118697	9.85278e-005	4.55768e-006	1.22501e-007	1.97501e-009	1.94132e-011	1.19809e-013	4.67046e-016	1.29944e-018	2.30487e-021	6.6534e-024	8.15129e-027	6.40469e-029	6.83652e-032	5.61904e-034	5.38953e-037	4.03644e-039	3.60373e-042	2.58192e-044	2.19088e-047	1.56148e-049	1.40834e-052	1.1102e-054	2.54756e-057	2.95902e-059	2.46283e-061	
N75	4.04111e-013	3.41597e-011	2.03869e-009	2.18428e-008	5.16738e-008	5.46811e-008	1.99723e-007	6.39144e-007	1.82845e-006	2.77788e-005	0.000942525	0.0182179	0.130229	0.312528	0.312734	0.161882	0.0516075	0.0105146	0.00123619	7.50828e-005	2.33336e-006	3.88861e-008	3.68876e-010	2.18886e-012	1.12947e-014	9.37855e-017	9.26504e-019	1.34437e-020	1.83435e-022	3.03006e-023	3.31139e-025	3.57006e-026	2.04672e-028	1.26126e-029	4.24037e-032	1.62624e-033	3.6877e-036	9.97863e-038	1.75355e-040	3.79786e-042	5.66046e-045	1.02936e-046	1.3934e-049	2.35733e-051	1.78208e-053	
Archimandrita_tessellata	0	0	0	0	0	0	0	0	0	0	0	0	0	0	0	0	1	0	0	0	0	0	0	0	0	0	0	0	0	0	0	0	0	0	0	0	0	0	0	0	0	0	0	0	0	
N76	5.63586e-014	5.11477e-012	2.59832e-010	3.67064e-010	5.53817e-011	6.1561e-012	4.34744e-011	3.66206e-009	5.71986e-007	7.08001e-005	0.00476196	0.126294	0.536098	0.279695	0.0488697	0.00402651	0.000179718	4.59517e-006	6.84467e-008	1.02832e-009	2.84865e-010	1.11791e-010	2.84448e-011	4.76381e-012	5.34499e-013	4.12268e-014	2.35211e-015	4.53327e-016	7.77208e-017	4.23188e-017	3.02441e-018	3.69753e-019	6.11096e-021	2.55119e-022	1.84787e-024	3.87423e-026	1.5596e-028	1.94863e-030	4.95312e-033	4.04733e-035	6.91076e-038	3.85685e-040	4.8044e-043	2.09675e-045	5.17603e-048	
Blaberus_discoidalis	0	0	0	0	0	0	0	0	0	0	0	0	1	0	0	0	0	0	0	0	0	0	0	0	0	0	0	0	0	0	0	0	0	0	0	0	0	0	0	0	0	0	0	0	0	
Blaberus_giganteus	0	0	0	0	0	0	0	0	0	0	0	0	0	0	0	0	0	0	0	0	0	0	0	0	0	0	0	0	0	0	1	0	0	0	0	0	0	0	0	0	0	0	0	0	0	
Byrsotria_fumigata	0	0	0	0	0	0	0	0	0	0	0	0	0	0	0	0	0	1	0	0	0	0	0	0	0	0	0	0	0	0	0	0	0	0	0	0	0	0	0	0	0	0	0	0	0	
N77	7.13025e-010	1.77665e-008	8.8368e-008	1.4476e-007	4.58273e-007	1.76608e-006	5.61495e-006	2.1469e-005	0.000180005	0.00502843	0.0567808	0.188541	0.290732	0.242361	0.111025	0.0267814	0.00665688	0.0123977	0.0210599	0.0207124	0.0121638	0.00439651	0.00099458	0.000143702	1.3481e-005	1.54713e-006	1.54274e-007	2.8941e-008	1.32344e-009	1.01036e-010	2.10404e-012	7.92767e-014	9.09854e-016	2.00385e-017	1.44745e-019	2.09899e-021	1.04914e-023	1.07126e-025	3.82658e-028	2.78223e-030	7.08094e-033	3.6832e-035	7.07898e-038	3.09964e-040	1.07158e-042	
Eublaberus_distanti	0	0	0	0	0	0	0	0	0	0	0	0	0	0	0	0	0	0	0	0	0	0	0	0	0	0	1	0	0	0	0	0	0	0	0	0	0	0	0	0	0	0	0	0	0	
Eublaberus_posticus	0	0	0	0	0	0	0	0	0	0	0	0	0	0	0	1	0	0	0	0	0	0	0	0	0	0	0	0	0	0	0	0	0	0	0	0	0	0	0	0	0	0	0	0	0	
Gromphadorhina_portentosa	0	0	0	0	0	0	0	0	0	0	0	0	0	0	0	0	0	0	0	0	0	0	0	0	0	1	0	0	0	0	0	0	0	0	0	0	0	0	0	0	0	0	0	0	0	
N78	2.00731e-009	4.86479e-009	1.4132e-008	4.66283e-008	5.57043e-007	1.64737e-005	0.00029744	0.0018704	0.00388311	0.00339228	0.000975896	0.000128282	6.68161e-005	7.77899e-005	6.7584e-005	4.24342e-005	4.58845e-005	0.000411587	0.00387647	0.0236173	0.0837631	0.17292	0.215614	0.22716	0.149781	0.0848286	0.0225847	0.00419316	0.000358552	2.52548e-005	9.61127e-007	3.37948e-008	6.9963e-010	1.44172e-011	1.82935e-013	2.45189e-015	2.06765e-017	1.94288e-019	1.15799e-021	8.10572e-024	3.66748e-026	2.11786e-028	9.35997e-031	6.11183e-033	4.52151e-035	
Lanxoblatta_emarginata	0	0	0	0	0	0	0	0	0	0	0	0	0	0	0	0	0	0	0	0	0	0	0	0	0	0	1	0	0	0	0	0	0	0	0	0	0	0	0	0	0	0	0	0	0	
Phoetalia_sp	0	0	0	0	0	0	0	0	0	0	0	0	0	0	0	0	0	0	0	0	1	0	0	0	0	0	0	0	0	0	0	0	0	0	0	0	0	0	0	0	0	0	0	0	0	
Pycnoscelus_surinamensis	0	0	0	0	0	0	0	0	0	0	0	1	0	0	0	0	0	0	0	0	0	0	0	0	0	0	0	0	0	0	0	0	0	0	0	0	0	0	0	0	0	0	0	0	0	
N79	4.40774e-008	2.15248e-007	1.31606e-006	5.84748e-006	1.95789e-005	7.69803e-005	0.000432599	0.00258661	0.0126477	0.0452031	0.112864	0.194038	0.232095	0.198261	0.122927	0.0553359	0.0180796	0.00441303	0.000834592	0.000140788	2.56531e-005	7.45907e-006	2.16877e-006	1.26873e-006	3.38667e-007	3.05796e-007	6.13089e-008	4.49776e-008	6.25021e-009	3.21471e-009	3.14842e-010	1.15698e-010	8.27845e-012	2.25642e-012	1.20863e-013	2.48171e-014	9.99366e-016	1.54075e-016	4.64756e-018	5.36811e-019	1.23019e-020	1.09319e-021	2.0975e-023	1.86495e-024	1.51186e-025	
N80	9.07861e-008	3.34802e-007	1.55411e-006	6.38915e-006	2.40171e-005	9.62059e-005	0.00045014	0.00226682	0.0101871	0.0357392	0.0921829	0.170863	0.226018	0.213531	0.144675	0.0707246	0.0251382	0.00657949	0.00128878	0.000197614	2.51328e-005	3.54438e-006	5.72461e-007	1.45701e-007	2.96998e-008	6.88069e-009	1.12207e-009	1.82182e-010	2.14339e-011	2.39202e-012	2.00108e-013	1.56838e-014	9.44639e-016	5.3466e-017	2.35536e-018	9.85652e-020	3.2089e-021	1.01362e-022	2.45461e-024	6.03074e-026	1.10599e-027	2.35429e-029	4.79535e-031	2.1634e-032	1.67829e-033	
Epilampra_sp	0	0	0	0	0	0	0	0	0	0	0	0	0	0	1	0	0	0	0	0	0	0	0	0	0	0	0	0	0	0	0	0	0	0	0	0	0	0	0	0	0	0	0	0	0	
Nauphoeta_cinerea	0	0	0	0	0	0	0	0	0	0	0	0	1	0	0	0	0	0	0	0	0	0	0	0	0	0	0	0	0	0	0	0	0	0	0	0	0	0	0	0	0	0	0	0	0	
Macropanesthia_rhinoceros	0	0	0	0	0	0	0	0	0	0	0	0	0	0	0	0	0	0	0	0	0	0	0	0	0	0	0	0	0	0	0	0	0	1	0	0	0	0	0	0	0	0	0	0	0	
N81	2.72921e-005	6.64666e-005	0.00022738	0.000757008	0.00210476	0.00468556	0.00857488	0.0142379	0.0244945	0.0453976	0.0827986	0.133194	0.175773	0.183652	0.149478	0.0953998	0.0480549	0.0202114	0.00711982	0.00253395	0.000779948	0.000305277	8.54964e-005	3.12009e-005	6.7939e-006	1.87724e-006	2.96254e-007	5.91415e-008	6.73826e-009	9.83938e-010	8.20587e-011	8.98418e-012	5.58522e-013	4.71346e-014	2.22739e-015	1.49041e-016	5.4867e-018	3.00689e-019	8.88474e-021	4.12418e-022	1.05277e-023	4.70202e-025	1.61416e-026	1.11177e-027	1.08507e-028	
Diploptera_punctata	0	0	0	0	0	0	0	0	0	0	0	0	0	0	0	0	0	1	0	0	0	0	0	0	0	0	0	0	0	0	0	0	0	0	0	0	0	0	0	0	0	0	0	0	0	
N82	4.79557e-006	1.41646e-005	6.63099e-005	0.000381847	0.00212567	0.00845875	0.0201315	0.0280563	0.0259571	0.0234194	0.0386742	0.0856387	0.154804	0.203828	0.191863	0.128667	0.0612257	0.0207116	0.00498069	0.000868113	0.000111138	1.10854e-005	8.68397e-007	6.03817e-008	3.47496e-009	2.04958e-010	9.62947e-012	4.98719e-013	1.88485e-014	7.97933e-016	2.34554e-017	7.74785e-019	1.75562e-020	4.49705e-022	7.91368e-024	1.59201e-025	2.20651e-027	3.55454e-029	3.95108e-031	5.23689e-033	4.88672e-035	5.77427e-037	5.51052e-039	7.3128e-041	1.14579e-042	
N83	1.036e-006	2.27167e-006	2.63981e-006	1.56634e-006	2.93608e-006	3.31508e-006	0.000131486	0.0208238	0.12703	0.321639	0.371235	0.156999	0.00211765	1.1073e-005	3.02043e-008	4.90413e-011	5.11792e-014	3.61497e-017	1.79442e-020	6.44919e-024	1.71935e-027	3.47449e-031	5.41986e-035	6.65389e-039	6.52356e-043	5.27606e-047	3.57686e-051	2.40816e-055	1.61382e-059	1.76944e-063	1.60592e-067	2.11422e-071	1.72103e-075	1.8383e-079	1.20681e-083	1.0095e-087	5.31371e-092	3.50881e-096	1.48862e-100	7.89753e-105	2.79005e-109	1.26717e-113	4.36189e-118	2.00352e-122	8.35974e-127	
Galiblatta_sp	0	0	0	0	0	0	0	1	0	0	0	0	0	0	0	0	0	0	0	0	0	0	0	0	0	0	0	0	0	0	0	0	0	0	0	0	0	0	0	0	0	0	0	0	0	
Panchlora_nivea	0	0	0	0	0	0	0	0	0	0	0	1	0	0	0	0	0	0	0	0	0	0	0	0	0	0	0	0	0	0	0	0	0	0	0	0	0	0	0	0	0	0	0	0	0	
Rhabdoblatta_sp	0	0	0	0	0	0	0	0	0	0	0	0	0	0	0	0	0	0	1	0	0	0	0	0	0	0	0	0	0	0	0	0	0	0	0	0	0	0	0	0	0	0	0	0	0	
N84	0.00452342	0.00743895	0.015221	0.032514	0.0649878	0.112713	0.161717	0.186898	0.17151	0.12426	0.0708846	0.0318944	0.0113444	0.00321064	0.000726366	0.000133013	1.98207e-005	2.47501e-006	2.60218e-007	2.53207e-008	2.24606e-009	2.27769e-010	2.12296e-011	2.37474e-012	2.0845e-013	2.05285e-014	1.48952e-015	1.18715e-016	6.92905e-018	4.4469e-019	2.09114e-020	1.09298e-021	4.17182e-023	1.80288e-024	5.63463e-026	2.04622e-027	5.29207e-029	1.64584e-030	3.57822e-032	9.83156e-034	1.93482e-035	5.41635e-037	1.38324e-038	5.38393e-040	2.83516e-041	
Margattea_sp	0	0	0	0	0	0	0	0	0	1	0	0	0	0	0	0	0	0	0	0	0	0	0	0	0	0	0	0	0	0	0	0	0	0	0	0	0	0	0	0	0	0	0	0	0	
Supella_longipalpa	0	0	0	1	0	0	0	0	0	0	0	0	0	0	0	0	0	0	0	0	0	0	0	0	0	0	0	0	0	0	0	0	0	0	0	0	0	0	0	0	0	0	0	0	0	
N85	0.00403059	0.00713252	0.0141582	0.0244377	0.0382458	0.0644282	0.111442	0.165981	0.193473	0.171918	0.115342	0.0585584	0.0224795	0.00659184	0.00148079	0.000260538	3.60356e-005	4.1022e-006	3.83558e-007	3.25216e-008	2.4067e-009	1.81567e-010	1.19234e-011	8.11194e-013	4.48991e-014	2.5041e-015	1.1011e-016	4.85206e-018	1.68e-019	5.88105e-021	1.61916e-022	4.57606e-024	1.01582e-025	2.36118e-027	4.28415e-029	8.34256e-031	1.25775e-032	2.10358e-034	2.71943e-036	4.12766e-038	5.1853e-040	8.47402e-042	1.34822e-043	2.65278e-045	6.29678e-047	
Ectobius_pallidus	0	0	0	0	1	0	0	0	0	0	0	0	0	0	0	0	0	0	0	0	0	0	0	0	0	0	0	0	0	0	0	0	0	0	0	0	0	0	0	0	0	0	0	0	0	
Panchlora_viridis	0	0	0	0	0	0	0	0	0	0	0	0	1	0	0	0	0	0	0	0	0	0	0	0	0	0	0	0	0	0	0	0	0	0	0	0	0	0	0	0	0	0	0	0	0	
N86	0.000411075	0.000837328	0.00237414	0.00741683	0.0220892	0.0563382	0.114859	0.180262	0.213305	0.18854	0.123768	0.0604093	0.0219414	0.00598975	0.00123346	0.000197201	2.45618e-005	2.65933e-006	2.46657e-007	2.66976e-008	2.48851e-009	2.87156e-010	2.2969e-011	2.09895e-012	1.25559e-013	8.46773e-015	3.74414e-016	1.88236e-017	6.22163e-019	2.38097e-020	5.96053e-022	1.77452e-023	3.41163e-025	8.08663e-027	1.20954e-028	2.33416e-030	2.76177e-032	4.46965e-034	4.27494e-036	6.06468e-038	5.4218e-040	8.82378e-042	1.36378e-043	3.29575e-045	9.19897e-047	
N87	0.000669235	0.0015344	0.00478031	0.0150342	0.042014	0.0957791	0.167509	0.217273	0.205943	0.14223	0.0716817	0.0265369	0.00726455	0.00148882	0.000230234	2.7529e-005	2.55879e-006	2.01069e-007	1.32256e-008	9.90877e-010	6.54329e-011	5.9818e-012	3.71104e-013	2.93745e-014	1.42195e-015	8.60796e-017	3.17476e-018	1.47306e-019	4.18009e-021	1.51394e-022	3.34541e-024	9.63578e-026	1.67777e-027	3.91658e-029	5.42922e-031	1.04551e-032	1.16795e-034	1.89689e-036	1.7278e-038	2.42765e-040	1.94001e-042	2.81137e-044	3.46118e-046	8.42557e-048	2.56031e-049	
N88	0.000716276	0.00239656	0.0110396	0.0425929	0.116562	0.213785	0.257339	0.202764	0.1055	0.0368448	0.00880137	0.00146828	0.00017441	1.50647e-005	9.62092e-007	4.66058e-008	1.73269e-009	5.2884e-011	1.32325e-012	3.66218e-014	9.07173e-016	3.50331e-017	8.84614e-019	3.22697e-020	6.5348e-022	1.85989e-023	2.91246e-025	6.42828e-027	7.84696e-029	1.36516e-030	1.31331e-032	1.83209e-034	1.40367e-036	1.59728e-038	9.83551e-041	9.27708e-043	4.63769e-045	3.69486e-047	1.51243e-049	1.03679e-051	3.62207e-054	2.39527e-056	1.14166e-058	1.31801e-060	1.89972e-062	
N89	0.000161342	0.00105918	0.00927131	0.055217	0.186228	0.323217	0.274106	0.118469	0.0280226	0.00389315	0.000336395	1.90687e-005	7.35612e-007	2.05568e-008	4.24034e-010	8.02751e-012	1.29408e-013	3.13879e-015	5.24542e-017	1.29607e-018	1.69087e-020	3.12412e-022	2.98071e-024	4.06622e-026	2.87795e-028	2.97536e-030	1.59041e-032	1.27878e-034	5.24893e-037	3.36806e-039	1.07584e-041	5.63581e-044	1.42612e-046	6.31557e-049	1.28178e-051	4.9267e-054	8.60725e-057	3.3014e-059	5.15198e-062	1.96764e-064	3.89479e-067	2.1005e-069	7.03365e-072	4.82589e-074	3.29562e-076	
Blattella_bisignata	0	0	0	0	0	1	0	0	0	0	0	0	0	0	0	0	0	0	0	0	0	0	0	0	0	0	0	0	0	0	0	0	0	0	0	0	0	0	0	0	0	0	0	0	0	
Blattella_germanica	0	0	0	0	0	1	0	0	0	0	0	0	0	0	0	0	0	0	0	0	0	0	0	0	0	0	0	0	0	0	0	0	0	0	0	0	0	0	0	0	0	0	0	0	0	
Blattella_sauteri	0	0	0	0	0	1	0	0	0	0	0	0	0	0	0	0	0	0	0	0	0	0	0	0	0	0	0	0	0	0	0	0	0	0	0	0	0	0	0	0	0	0	0	0	0	
Loboptera_decipiens	0	0	0	0	0	0	0	0	0	0	1	0	0	0	0	0	0	0	0	0	0	0	0	0	0	0	0	0	0	0	0	0	0	0	0	0	0	0	0	0	0	0	0	0	0	
N90	0.000308816	0.000650155	0.00163448	0.00392629	0.00990666	0.0271489	0.0676329	0.133383	0.197577	0.216559	0.174248	0.103169	0.044877	0.0146052	0.00355334	0.000694188	0.000107339	1.70559e-005	2.29583e-006	4.0302e-007	4.87323e-008	7.28796e-009	6.62138e-010	7.29941e-011	4.84103e-012	3.94119e-013	1.93573e-014	1.19148e-015	4.41429e-017	2.10633e-018	5.98065e-020	2.26279e-021	5.00645e-023	1.5412e-024	2.69201e-026	6.89114e-028	9.7609e-030	2.18192e-031	2.57209e-033	5.24907e-035	6.3083e-037	1.61326e-038	3.54939e-040	1.30706e-041	5.60857e-043	
N91	1.65939e-005	4.65518e-005	0.000114557	0.000163364	0.000223381	0.000669524	0.0035527	0.0178194	0.0649164	0.159216	0.252918	0.255311	0.160802	0.0643705	0.0164518	0.00297863	0.000379053	4.58254e-005	4.18069e-006	4.50836e-007	3.07556e-008	2.426e-009	1.1136e-010	5.93922e-012	1.85051e-013	6.86644e-015	1.50265e-016	4.03378e-018	6.402e-020	1.28918e-021	1.5221e-023	2.3698e-025	2.13344e-027	2.65416e-029	1.85626e-031	1.89386e-033	1.06644e-035	9.46612e-038	4.42513e-040	3.56811e-042	1.7108e-044	1.70089e-046	1.40974e-048	1.92157e-050	2.79172e-052	
N92	3.46779e-007	2.93575e-006	2.48409e-005	0.000117546	0.000156909	0.00013952	0.000237855	0.00185015	0.0179335	0.0970517	0.265018	0.348456	0.208997	0.0539501	0.00576107	0.000293253	8.07586e-006	1.35877e-007	1.50409e-009	1.4227e-011	1.11232e-013	1.35716e-015	1.04352e-017	1.19504e-019	6.56799e-022	5.15133e-024	1.93986e-026	1.0462e-028	2.77002e-031	1.06391e-033	2.03111e-036	5.73974e-039	8.07445e-042	1.73065e-044	1.8281e-047	3.05764e-050	2.47115e-053	3.32169e-056	2.09226e-059	2.323e-062	1.18392e-065	1.18653e-068	7.52371e-072	1.30166e-074	2.67663e-077	
N93	5.83845e-008	4.69252e-007	1.53067e-005	0.000123055	0.000151424	0.000100862	0.000479745	0.00732216	0.0580009	0.214704	0.368162	0.272681	0.0733864	0.00476045	0.000111401	1.17238e-006	6.43049e-009	2.0453e-011	4.08267e-014	5.50818e-017	5.41785e-020	1.03165e-022	2.59114e-025	3.72094e-027	9.08907e-030	9.46451e-032	1.58566e-034	1.13649e-036	1.3022e-039	6.51169e-042	5.08496e-045	1.7722e-047	9.43384e-051	2.25476e-053	8.30131e-057	1.34002e-059	3.54864e-063	4.03751e-066	7.92259e-070	6.73757e-073	1.00036e-076	6.74803e-080	8.5656e-084	8.3158e-087	1.529e-089	
Hemithyrsocera_sp	0	0	0	0	0	0	1	0	0	0	0	0	0	0	0	0	0	0	0	0	0	0	0	0	0	0	0	0	0	0	0	0	0	0	0	0	0	0	0	0	0	0	0	0	0	
Xestoblatta_sp	0	0	0	0	0	0	0	0	0	0	0	0	1	0	0	0	0	0	0	0	0	0	0	0	0	0	0	0	0	0	0	0	0	0	0	0	0	0	0	0	0	0	0	0	0	
Symplocodes_sp	0	0	0	0	0	0	0	0	0	0	0	0	0	1	0	0	0	0	0	0	0	0	0	0	0	0	0	0	0	0	0	0	0	0	0	0	0	0	0	0	0	0	0	0	0	
Lobopterella_dimidiatipes	0	0	0	0	0	0	0	0	0	0	0	0	1	0	0	0	0	0	0	0	0	0	0	0	0	0	0	0	0	0	0	0	0	0	0	0	0	0	0	0	0	0	0	0	0	
Symploce_sp	0	0	0	0	0	0	0	1	0	0	0	0	0	0	0	0	0	0	0	0	0	0	0	0	0	0	0	0	0	0	0	0	0	0	0	0	0	0	0	0	0	0	0	0	0	
