NODE	7	8	9	10	11	12	13	14	15	16	17	18	19	20	21	22	23	24	25	26	27	28	29	30	31	32	33	34	35	36	37	38	39	40	41	42	43	44	45	46	47	48	49	50	51	
N1	0.000558211	0.00117629	0.00365022	0.012375	0.0379618	0.0942071	0.176332	0.236993	0.220606	0.138721	0.0580462	0.0160533	0.00293341	0.000355767	2.88703e-005	1.58429e-006	5.95187e-008	1.55135e-009	2.84473e-011	3.72189e-013	1.73786e-017	1.4481e-018	1.04026e-019	6.48329e-021	3.52677e-022	1.68412e-023	7.09794e-025	2.65383e-026	8.84466e-028	2.63952e-029	7.08354e-031	1.71632e-032	3.7688e-034	7.52671e-036	1.37168e-037	2.28828e-039	3.50481e-041	4.94233e-043	6.43368e-045	7.75052e-047	8.66109e-049	8.99824e-051	8.71007e-053	7.88655e-055	8.07657e-057	
N2	0.00128673	0.00290489	0.00792695	0.01988	0.0434705	0.0841142	0.141464	0.194097	0.204249	0.159122	0.0902676	0.0371825	0.0111144	0.00245411	0.000402292	5.54168e-005	6.47102e-006	1.07163e-006	1.4073e-007	2.67216e-008	2.73632e-009	3.66594e-010	2.53722e-011	2.28852e-012	1.07086e-013	6.6356e-015	2.12571e-016	9.28521e-018	2.06563e-019	6.54389e-021	1.02567e-022	2.42645e-024	2.72723e-026	4.99373e-028	4.09646e-030	6.00626e-032	3.79294e-034	4.95397e-036	2.58684e-038	3.20443e-040	2.02129e-042	3.49072e-044	4.11552e-046	8.83408e-048	1.97706e-049	
N3	0.00145831	0.00355871	0.00969658	0.0217794	0.0398875	0.0674682	0.111829	0.164811	0.194334	0.174983	0.118341	0.0601332	0.0228967	0.0067825	0.00153184	0.000379492	7.36857e-005	4.14295e-005	8.44549e-006	5.30647e-006	8.17646e-007	3.84106e-007	4.33015e-008	1.48997e-008	1.23826e-009	3.145e-010	1.94325e-011	3.68175e-012	1.70842e-013	2.45299e-014	8.62034e-016	9.52001e-017	2.57455e-018	2.27442e-019	4.74294e-021	3.37207e-022	5.96418e-024	4.56923e-025	6.3737e-027	4.09697e-028	8.58469e-030	1.12067e-030	2.15414e-032	2.9989e-033	6.12494e-034	
N4	2.67174e-005	7.87823e-005	0.00026851	0.000740583	0.00174219	0.0043258	0.0114608	0.0286759	0.0622027	0.112335	0.163344	0.189394	0.16981	0.122386	0.0681221	0.036433	0.015661	0.00833897	0.00295491	0.00127076	0.000314326	9.37316e-005	1.58625e-005	3.32121e-006	3.96178e-007	6.04587e-008	5.22709e-009	6.01649e-010	3.88278e-011	3.51597e-012	1.75049e-013	1.30652e-014	5.30134e-016	3.51569e-017	1.2078e-018	7.29865e-020	2.29242e-021	1.40234e-022	3.95733e-024	2.2032e-025	6.75919e-027	4.28917e-028	1.76976e-029	1.3185e-030	1.23128e-031	
N5	2.09841e-006	1.18421e-005	5.87843e-005	0.000145415	0.000181446	0.000274152	0.0011241	0.00512475	0.0186063	0.0527819	0.116063	0.192239	0.230097	0.194239	0.115807	0.0506158	0.0169033	0.00454108	0.000981668	0.000174689	2.41644e-005	2.75029e-006	2.33821e-007	1.76025e-008	9.66891e-010	5.53665e-011	2.18693e-012	1.04965e-013	3.12152e-015	1.19814e-016	2.64194e-018	7.68652e-020	1.25549e-021	2.76563e-023	3.40797e-025	5.8186e-027	5.57393e-029	7.62633e-031	5.87646e-033	6.6629e-035	4.39315e-037	4.49708e-039	3.27301e-041	3.94586e-043	5.43288e-045	
N6	3.98592e-008	3.30546e-007	2.07127e-006	4.91807e-006	5.86425e-006	1.16474e-005	7.69022e-005	0.000713671	0.00525777	0.0268819	0.0912472	0.198373	0.268034	0.224168	0.120792	0.0463129	0.0139901	0.00341067	0.000624971	8.40794e-005	7.82583e-006	5.80331e-007	2.85983e-008	1.74308e-009	5.66994e-011	4.29581e-012	1.02461e-013	6.80938e-015	1.12952e-016	5.36565e-018	6.22238e-020	2.09162e-021	1.73288e-023	4.20118e-025	2.54028e-027	4.5376e-029	2.04888e-031	2.76314e-033	9.51855e-036	9.91089e-038	2.6705e-040	2.21406e-042	5.1017e-045	4.13258e-047	2.86008e-049	
N7	2.02962e-011	7.03686e-010	1.84429e-008	1.3835e-007	1.67847e-007	6.31949e-008	1.04754e-007	2.01922e-006	5.79409e-005	0.00108346	0.0118669	0.0717201	0.224989	0.345154	0.24759	0.0827453	0.0135579	0.00117356	5.77236e-005	1.73686e-006	3.37742e-008	4.81258e-010	5.27162e-012	6.8501e-014	7.34587e-016	1.04774e-017	8.72153e-020	8.57007e-022	4.74011e-024	3.05676e-026	1.1418e-028	5.0172e-031	1.30349e-033	4.0622e-036	7.54765e-039	1.73283e-041	2.36533e-044	4.14708e-047	4.26975e-050	5.91085e-053	4.74227e-056	5.46947e-059	4.05955e-062	5.3469e-065	7.89406e-068	
N8	1.09217e-014	8.47906e-013	5.29228e-011	1.12965e-009	2.70081e-009	9.47394e-010	2.66393e-010	3.52263e-009	3.45772e-007	2.29253e-005	0.00082742	0.0148106	0.117851	0.364142	0.372923	0.115887	0.0129152	0.000607531	1.37398e-005	1.65715e-007	1.15821e-009	5.46872e-012	2.15335e-014	2.74088e-016	2.04425e-018	3.44503e-020	1.67884e-022	1.67704e-024	5.13328e-027	3.15747e-029	6.23624e-032	2.45918e-034	3.20802e-037	8.3817e-040	7.39046e-043	1.3205e-045	8.05244e-049	1.01961e-051	4.3923e-055	4.10487e-058	1.27397e-061	9.19946e-065	2.22321e-068	1.64639e-071	1.39544e-074	
N9	4.13277e-019	1.97929e-016	6.27049e-014	6.70332e-012	1.61818e-011	2.33086e-012	1.43158e-013	1.98386e-013	1.12445e-010	4.92631e-008	1.09192e-005	0.00106233	0.0371013	0.34281	0.521915	0.0936372	0.00342413	3.911e-005	1.81374e-007	4.05465e-010	4.92601e-013	3.60422e-016	1.80881e-019	2.70742e-022	4.30825e-025	2.64526e-027	3.11403e-030	1.13269e-032	8.48041e-036	1.87765e-038	8.95604e-042	1.24912e-044	3.79231e-048	3.39349e-051	6.63998e-055	3.84432e-058	4.98919e-062	1.90288e-065	1.68992e-069	4.44151e-073	2.76273e-077	5.33509e-081	2.43362e-085	4.31627e-089	7.58678e-093	
N10	2.53829e-022	2.31155e-019	1.36185e-016	1.40111e-014	1.78804e-014	1.99899e-015	2.45985e-016	6.73553e-015	8.53205e-012	7.52051e-009	3.15153e-006	0.000530021	0.0282334	0.336038	0.549807	0.0832199	0.00215282	1.51862e-005	3.93582e-008	4.56287e-011	2.71307e-014	9.16693e-018	1.96019e-021	2.09725e-024	2.96605e-027	3.41057e-029	3.36058e-032	2.11255e-034	2.1288e-037	3.85601e-038	1.53054e-039	3.59997e-040	9.25699e-042	1.80059e-042	1.22285e-043	1.75764e-043	1.61565e-044	5.65344e-045	1.16698e-046	7.3728e-048	3.9768e-050	1.11384e-051	3.98332e-054	1.1713e-055	5.87837e-057	
N11	1.1341e-023	2.33461e-020	3.32777e-017	1.53847e-014	1.54025e-013	4.28495e-014	4.17181e-015	5.57122e-015	4.51441e-012	3.3103e-009	1.2705e-006	0.000220931	0.0141398	0.239843	0.6243	0.117602	0.00385559	3.68603e-005	1.38478e-007	2.46834e-010	2.37296e-013	1.35463e-016	5.07625e-020	6.17501e-023	1.14907e-025	1.37797e-027	2.03792e-030	1.39684e-032	1.42572e-035	5.65048e-038	3.94441e-041	9.12483e-044	3.94646e-047	5.33691e-050	1.21212e-053	9.08817e-057	1.12824e-060	4.27742e-064	3.26051e-068	7.94216e-072	3.90036e-076	7.30135e-080	2.56609e-084	5.58101e-088	1.91827e-091	
N12	5.11214e-023	2.3458e-020	1.05502e-017	2.60555e-015	3.54294e-014	2.59614e-014	8.16107e-015	8.0541e-015	2.83924e-012	1.74692e-009	6.15991e-007	0.000108608	0.00795915	0.178661	0.690936	0.118522	0.00377371	3.87404e-005	1.7094e-007	3.85864e-010	5.00385e-013	4.05437e-016	2.21494e-019	3.19048e-022	1.05893e-024	3.33055e-026	1.01301e-028	1.94078e-030	4.2633e-033	4.9771e-035	7.71617e-038	5.54614e-040	5.43938e-043	2.4189e-045	1.24275e-048	3.23574e-051	8.61122e-055	1.06271e-057	1.79449e-061	1.30943e-064	1.46607e-068	7.88927e-072	6.2565e-076	3.56323e-079	3.30499e-082	
Amitermes_darwini	0	0	0	0	0	0	0	0	0	0	0	0	0	0	1	0	0	0	0	0	0	0	0	0	0	0	0	0	0	0	0	0	0	0	0	0	0	0	0	0	0	0	0	0	0	
Amitermes_germanus	0	0	0	0	0	0	0	0	0	0	0	0	0	0	1	0	0	0	0	0	0	0	0	0	0	0	0	0	0	0	0	0	0	0	0	0	0	0	0	0	0	0	0	0	0	
N13	1.45426e-022	5.24819e-020	1.24174e-017	8.94945e-016	4.32754e-015	2.61102e-015	2.48011e-015	2.01175e-014	9.93183e-012	5.3851e-009	1.62618e-006	0.000236584	0.0136346	0.226701	0.624883	0.12946	0.00502173	6.085e-005	3.07101e-007	7.71937e-010	1.0901e-012	9.43761e-016	5.48439e-019	4.10887e-021	3.36604e-023	4.59468e-024	2.61207e-026	2.15432e-027	7.93252e-030	4.13836e-031	9.06371e-034	3.11569e-035	3.48913e-038	7.98913e-040	3.8919e-043	5.26965e-045	1.21864e-048	6.57534e-051	1.0226e-054	2.61037e-057	2.91424e-061	4.51961e-064	3.68238e-068	4.93436e-071	1.58461e-073	
Amitermes_parvus	0	0	0	0	0	0	0	0	0	0	0	0	0	0	1	0	0	0	0	0	0	0	0	0	0	0	0	0	0	0	0	0	0	0	0	0	0	0	0	0	0	0	0	0	0	
Drepanotermes_septentrionalis	0	0	0	0	0	0	0	0	0	0	0	0	0	0	1	0	0	0	0	0	0	0	0	0	0	0	0	0	0	0	0	0	0	0	0	0	0	0	0	0	0	0	0	0	0	
N14	3.85554e-022	1.40739e-019	2.75954e-017	1.04695e-015	1.50398e-015	3.42443e-016	3.32659e-016	2.82253e-014	2.49965e-011	1.59255e-008	5.06686e-006	0.000683987	0.0311706	0.339978	0.541961	0.0838071	0.00237436	1.97536e-005	6.45294e-008	9.98282e-011	8.31512e-014	4.09492e-017	1.33225e-020	2.9892e-022	2.16385e-024	6.39289e-025	2.6872e-027	5.01415e-028	1.14881e-030	1.43814e-031	1.6204e-034	1.415e-035	6.8071e-039	4.09422e-040	7.62458e-044	2.66326e-045	2.35775e-049	3.16959e-051	1.92511e-055	1.03696e-057	4.78155e-062	1.28361e-064	4.57583e-069	7.94784e-072	2.61659e-074	
N15	6.17781e-024	2.16256e-020	5.20889e-017	4.68439e-014	3.51335e-013	3.23541e-014	1.17938e-015	1.45433e-016	1.23284e-013	1.68483e-010	1.23119e-007	4.14852e-005	0.00520689	0.170678	0.734452	0.0880639	0.00155002	7.76026e-006	1.53708e-008	1.46577e-011	7.65887e-015	2.41248e-018	5.02467e-022	2.18101e-025	1.61984e-028	6.57903e-031	4.41969e-034	1.07498e-036	5.24466e-038	2.02769e-038	1.14633e-039	1.78443e-040	7.55818e-042	8.01184e-043	2.2979e-044	6.77328e-045	5.43823e-045	7.16938e-045	1.17047e-045	1.52556e-046	1.60797e-048	4.57906e-050	3.30343e-052	1.15396e-053	5.63696e-055	
N16	1.20369e-025	5.20589e-022	1.197e-018	6.95616e-016	3.6728e-015	1.8614e-016	4.08922e-018	2.49644e-018	5.74604e-015	1.73086e-011	2.58965e-008	1.62527e-005	0.00336234	0.154463	0.759863	0.081266	0.00102607	3.11329e-006	3.29445e-009	1.52285e-012	3.57002e-016	4.72348e-020	3.92099e-024	1.09238e-026	1.25793e-029	6.71209e-031	4.22739e-034	1.42378e-035	4.70509e-039	1.05816e-040	1.72943e-044	2.6779e-046	1.98267e-050	2.079e-052	6.50959e-057	4.02691e-059	5.9098e-064	1.44996e-066	1.43206e-071	1.51405e-074	1.11527e-079	6.0129e-083	3.40033e-088	1.11191e-091	2.55726e-095	
Ephelotermes_melachoma	0	0	0	0	0	0	0	0	0	0	0	0	0	0	1	0	0	0	0	0	0	0	0	0	0	0	0	0	0	0	0	0	0	0	0	0	0	0	0	0	0	0	0	0	0	
N17	1.82158e-025	1.62754e-022	8.41385e-020	1.19828e-017	4.08167e-017	1.00545e-017	8.2115e-018	2.42946e-017	2.4609e-014	4.20921e-011	3.98884e-008	1.79792e-005	0.00310507	0.140916	0.769924	0.0847474	0.00128423	5.49347e-006	9.38647e-009	7.83412e-012	3.63828e-015	1.0302e-018	1.93786e-022	7.19127e-025	2.90097e-027	2.83534e-028	8.07352e-031	4.66228e-032	9.05792e-035	3.20461e-036	3.85934e-039	8.74711e-041	5.20705e-044	7.86229e-046	1.68205e-049	1.52561e-051	1.23306e-055	3.37121e-058	1.83223e-062	2.00645e-065	7.6767e-070	5.02753e-073	1.36296e-077	9.38486e-081	3.02052e-083	
Ephelotermes_taylori	0	0	0	0	0	0	0	0	0	0	0	0	0	0	1	0	0	0	0	0	0	0	0	0	0	0	0	0	0	0	0	0	0	0	0	0	0	0	0	0	0	0	0	0	0	
Macrognathotermes_sunteri	0	0	0	0	0	0	0	0	0	0	0	0	0	0	1	0	0	0	0	0	0	0	0	0	0	0	0	0	0	0	0	0	0	0	0	0	0	0	0	0	0	0	0	0	0	
Lophotermes_septentrionalis	0	0	0	0	0	0	0	0	0	0	0	0	0	0	1	0	0	0	0	0	0	0	0	0	0	0	0	0	0	0	0	0	0	0	0	0	0	0	0	0	0	0	0	0	0	
N18	1.13524e-020	9.27634e-018	4.57741e-015	3.59663e-013	8.38197e-013	2.02127e-013	2.3937e-013	1.48251e-012	5.50327e-010	2.10489e-007	4.1362e-005	0.00350363	0.0953125	0.45962	0.409869	0.0310585	0.00059055	4.21563e-006	1.41151e-008	2.55436e-011	2.75556e-014	1.907e-017	9.02471e-021	5.27284e-024	6.28799e-027	5.64277e-029	9.47431e-032	5.80973e-034	7.21413e-037	2.74424e-039	2.52715e-042	5.96276e-045	3.84556e-048	5.53787e-051	2.191e-054	1.88201e-057	4.27915e-061	2.06489e-064	2.9331e-068	9.60238e-072	9.00706e-076	2.31975e-079	1.58627e-083	4.36537e-087	1.42307e-090	
Procubitermes_sp	0	0	0	0	0	0	0	0	0	0	0	0	1	0	0	0	0	0	0	0	0	0	0	0	0	0	0	0	0	0	0	0	0	0	0	0	0	0	0	0	0	0	0	0	0	
N19	8.72693e-023	5.64033e-020	2.45843e-017	5.57753e-015	7.52019e-014	4.86676e-014	1.34767e-014	8.29046e-015	3.52524e-012	3.22742e-009	1.54125e-006	0.000319752	0.0218841	0.306042	0.628826	0.0423704	0.000553507	2.40647e-006	4.57424e-009	4.4865e-012	2.54106e-015	1.2985e-018	2.02871e-021	8.99654e-023	2.46658e-025	6.89061e-027	1.16397e-029	1.95596e-031	1.9264e-034	2.03296e-036	1.0284e-039	6.83186e-042	1.51003e-045	5.40875e-048	6.86749e-052	1.2593e-054	1.06699e-058	1.04431e-061	6.26398e-066	3.81016e-069	1.64332e-073	7.14929e-077	2.43514e-081	1.95566e-084	5.38281e-087	
Tuberculitermes_bycanistes	0	0	0	0	0	0	0	0	0	0	0	0	0	0	1	0	0	0	0	0	0	0	0	0	0	0	0	0	0	0	0	0	0	0	0	0	0	0	0	0	0	0	0	0	0	
Unguitermes_sp	0	0	0	0	0	0	0	0	0	0	0	0	0	0	1	0	0	0	0	0	0	0	0	0	0	0	0	0	0	0	0	0	0	0	0	0	0	0	0	0	0	0	0	0	0	
N20	2.87724e-023	4.63188e-020	4.87515e-017	8.20676e-015	1.3922e-014	7.22924e-016	6.24114e-017	1.85024e-015	3.47959e-012	3.94549e-009	2.03184e-006	0.000400768	0.0239622	0.31049	0.557302	0.104597	0.0032217	2.47982e-005	6.41408e-008	6.84808e-011	3.49634e-014	9.58299e-018	1.68777e-021	5.65967e-024	7.99266e-027	1.11697e-028	8.94692e-032	6.54243e-034	3.08998e-037	1.22354e-038	2.78061e-040	7.60316e-041	1.06559e-042	2.33263e-043	6.28101e-045	8.84822e-045	4.10243e-046	1.57729e-046	1.91888e-048	1.37759e-049	4.52438e-052	1.19608e-053	2.41886e-056	5.98079e-058	3.08076e-059	
N21	1.04681e-022	5.47842e-020	1.53539e-017	8.58044e-016	1.44986e-015	1.80024e-016	1.74863e-016	1.24643e-014	1.24653e-011	8.92085e-009	3.2016e-006	0.00048787	0.0250567	0.306413	0.553107	0.110867	0.00402432	4.1064e-005	1.57819e-007	2.77446e-010	2.55284e-013	1.35827e-016	4.98265e-020	4.80028e-021	4.68811e-023	2.51372e-023	1.33764e-025	4.48365e-026	1.2071e-028	2.7044e-029	3.26003e-032	5.08356e-033	2.36321e-036	2.50308e-037	4.25541e-041	2.48038e-042	2.06855e-046	4.42155e-048	2.55619e-052	2.05349e-054	9.06494e-059	3.41189e-061	1.16673e-065	2.75136e-068	1.87065e-070	
N22	2.04716e-021	8.57383e-019	2.82196e-016	3.5593e-014	4.33465e-013	5.69326e-013	3.49199e-013	2.04382e-012	5.11937e-010	1.19354e-007	1.58022e-005	0.00104589	0.0292207	0.266564	0.534777	0.156891	0.0112019	0.00028073	3.1146e-006	1.78418e-008	5.87665e-011	1.20692e-013	1.6722e-016	6.04427e-019	4.43091e-021	2.57648e-022	1.70416e-024	5.97338e-026	2.84292e-028	5.98764e-030	2.01979e-032	2.56825e-034	5.52732e-037	4.24079e-039	4.83897e-042	2.12525e-044	1.32202e-047	2.92738e-050	1.14495e-053	1.5811e-056	4.05517e-060	4.25874e-063	7.79838e-067	9.06699e-070	1.69393e-072	
N23	1.35413e-021	5.99342e-019	2.37195e-016	4.1858e-014	4.65766e-013	3.46058e-013	1.1084e-013	1.42862e-013	3.61204e-011	1.33294e-008	2.83134e-006	0.000303852	0.0138909	0.206733	0.62636	0.145408	0.0071808	0.000119944	8.77573e-007	3.30944e-009	7.18732e-012	9.75535e-015	8.89853e-018	1.42535e-020	5.28731e-023	1.63464e-024	6.4354e-027	1.25427e-028	3.46568e-031	4.18968e-033	7.90837e-036	6.05073e-038	7.24899e-041	3.53028e-043	2.45341e-046	7.31093e-049	2.98844e-052	5.03321e-055	1.34975e-058	1.42177e-061	2.61894e-065	1.98554e-068	2.63212e-072	1.84669e-075	1.43043e-078	
Crenetermes_albotarsalis	0	0	0	0	0	0	0	0	0	0	0	0	0	0	1	0	0	0	0	0	0	0	0	0	0	0	0	0	0	0	0	0	0	0	0	0	0	0	0	0	0	0	0	0	0	
Cubitermes_sp	0	0	0	0	0	0	0	0	0	0	0	0	0	0	1	0	0	0	0	0	0	0	0	0	0	0	0	0	0	0	0	0	0	0	0	0	0	0	0	0	0	0	0	0	0	
Thoracotermes_macrothorax	0	0	0	0	0	0	0	0	0	0	0	0	0	0	1	0	0	0	0	0	0	0	0	0	0	0	0	0	0	0	0	0	0	0	0	0	0	0	0	0	0	0	0	0	0	
N24	3.36377e-021	4.07519e-018	3.65888e-015	1.45611e-012	7.82737e-012	6.53626e-013	2.41473e-014	1.09521e-015	1.53245e-013	1.32122e-010	6.77097e-008	1.83283e-005	0.00224294	0.0958586	0.828202	0.072371	0.00129878	8.30144e-006	2.44227e-008	3.85258e-011	3.60923e-014	2.16751e-017	8.89208e-021	3.46776e-024	1.87261e-027	4.9039e-030	4.66102e-033	1.01538e-035	7.13618e-039	9.82026e-042	5.07259e-045	4.43374e-048	1.62365e-051	8.93764e-055	2.16474e-058	7.49481e-062	1.15577e-065	2.57914e-069	2.58973e-073	4.156e-077	2.84983e-081	3.63273e-085	1.89201e-089	2.54028e-093	3.58489e-097	
Microcerotermes_boreus	0	0	0	0	0	0	0	0	0	0	0	0	0	0	1	0	0	0	0	0	0	0	0	0	0	0	0	0	0	0	0	0	0	0	0	0	0	0	0	0	0	0	0	0	0	
Microcerotermes_nervosus	0	0	0	0	0	0	0	0	0	0	0	0	0	0	1	0	0	0	0	0	0	0	0	0	0	0	0	0	0	0	0	0	0	0	0	0	0	0	0	0	0	0	0	0	0	
N25	2.69629e-021	3.03872e-019	4.05539e-017	3.46215e-015	5.96216e-014	1.85968e-013	3.32687e-013	5.22173e-012	1.12342e-009	2.17743e-007	2.44494e-005	0.00139814	0.034469	0.283393	0.517341	0.151545	0.0115052	0.000320006	4.06304e-006	2.72587e-008	1.0708e-010	2.66176e-013	4.55854e-016	4.64734e-018	7.00196e-020	1.07031e-020	1.26549e-022	1.15582e-023	9.90068e-026	5.45362e-027	3.24925e-029	1.08984e-030	3.83945e-033	7.94382e-035	1.31008e-037	1.52517e-039	1.3019e-042	6.73971e-045	3.68827e-048	1.07598e-050	3.88902e-054	8.35046e-057	2.13701e-060	5.38363e-063	3.10642e-065	
N26	9.92837e-025	6.40143e-021	2.6875e-017	4.65562e-014	2.84452e-013	8.49398e-015	1.04809e-016	1.27167e-018	4.35998e-016	1.33231e-012	2.25786e-009	1.86217e-006	0.000619947	0.0607961	0.896716	0.0415632	0.000302012	6.69466e-007	6.15715e-010	2.81485e-013	7.20638e-017	1.12672e-020	1.1559e-024	1.24013e-028	2.19239e-032	2.29571e-035	5.93253e-039	4.31425e-042	2.99137e-044	3.23132e-045	6.1807e-047	2.70575e-048	3.98142e-050	1.22827e-051	1.30081e-053	5.0747e-055	1.5533e-055	1.17528e-055	1.47526e-056	1.19005e-057	5.08565e-060	4.76558e-062	1.45853e-064	1.45893e-066	1.51925e-068	
N27	8.51367e-028	4.90238e-024	1.49663e-020	1.47538e-017	3.37545e-017	2.08987e-019	7.84994e-021	3.6325e-022	1.38723e-019	1.62774e-015	1.09302e-011	3.65358e-008	4.98579e-005	0.0194978	0.96528	0.0151411	3.1052e-005	1.86296e-008	4.62673e-012	5.77728e-016	4.10705e-020	1.81283e-024	5.33917e-029	6.72916e-033	2.35133e-036	1.41252e-038	4.04925e-042	1.46325e-044	3.04294e-048	6.70304e-051	1.00535e-054	1.3628e-057	1.331e-061	1.12272e-064	5.37028e-069	2.76626e-072	3.74465e-077	4.70713e-081	4.01281e-086	2.72754e-090	1.52015e-095	7.56989e-100	2.96044e-105	1.93328e-109	3.9438e-113	
Nasutitermes_graveolus	0	0	0	0	0	0	0	0	0	0	0	0	0	0	1	0	0	0	0	0	0	0	0	0	0	0	0	0	0	0	0	0	0	0	0	0	0	0	0	0	0	0	0	0	0	
Nasutitermes_triodiae	0	0	0	0	0	0	0	0	0	0	0	0	0	0	1	0	0	0	0	0	0	0	0	0	0	0	0	0	0	0	0	0	0	0	0	0	0	0	0	0	0	0	0	0	0	
N28	6.06804e-026	2.5504e-022	5.63984e-019	3.48257e-016	1.39371e-015	1.93593e-017	1.03585e-019	1.39342e-020	1.77898e-017	1.06059e-013	3.46978e-010	5.36144e-007	0.0003168	0.0495552	0.914782	0.0351788	0.000166349	2.15049e-007	1.08855e-010	2.64849e-014	3.53559e-018	2.84076e-022	1.49049e-026	1.81667e-029	2.40888e-032	1.10248e-033	9.5557e-037	2.70132e-038	1.45472e-041	2.68936e-043	8.33026e-047	1.0569e-048	1.63854e-052	1.46522e-054	9.09142e-059	5.39899e-061	8.98024e-066	1.17551e-068	1.38104e-073	7.61367e-077	6.699e-082	2.08865e-085	1.38834e-090	3.62113e-094	4.28907e-097	
Nasutitermes_longipennis	0	0	0	0	0	0	0	0	0	0	0	0	0	0	1	0	0	0	0	0	0	0	0	0	0	0	0	0	0	0	0	0	0	0	0	0	0	0	0	0	0	0	0	0	0	
Tumulitermes_pastinator	0	0	0	0	0	0	0	0	0	0	0	0	0	0	1	0	0	0	0	0	0	0	0	0	0	0	0	0	0	0	0	0	0	0	0	0	0	0	0	0	0	0	0	0	0	
Pericapritermes_sp	0	0	0	0	0	0	0	0	0	0	0	0	0	0	1	0	0	0	0	0	0	0	0	0	0	0	0	0	0	0	0	0	0	0	0	0	0	0	0	0	0	0	0	0	0	
N29	1.95354e-014	5.31379e-013	1.18961e-011	9.74563e-011	1.86127e-010	1.48826e-010	4.22071e-010	1.20454e-008	7.82866e-007	3.74645e-005	0.00105303	0.0157209	0.111889	0.334202	0.368931	0.144122	0.0223953	0.00158816	5.77971e-005	1.18564e-006	1.47694e-008	1.20992e-010	7.97924e-013	7.35948e-014	2.79478e-015	7.60669e-016	1.89825e-017	3.23987e-018	5.08851e-020	5.64892e-021	5.42991e-023	3.99459e-024	2.28802e-026	1.09938e-027	3.7607e-030	1.1117e-031	2.41954e-034	4.15404e-036	6.26764e-039	6.69642e-041	7.28835e-044	5.37007e-046	4.35371e-049	2.81403e-051	2.54315e-053	
Macrotermes_bellicosus	0	0	0	0	0	0	0	0	0	0	0	0	0	0	1	0	0	0	0	0	0	0	0	0	0	0	0	0	0	0	0	0	0	0	0	0	0	0	0	0	0	0	0	0	0	
N30	1.73659e-019	1.7365e-016	1.37882e-013	4.00818e-011	1.49865e-010	9.29879e-012	2.26412e-013	4.21412e-014	1.69115e-011	7.56208e-009	1.8865e-006	0.000232651	0.0120342	0.200619	0.65421	0.127834	0.00500263	6.47519e-005	3.60516e-007	1.01544e-009	1.61574e-012	1.58437e-015	1.03123e-018	6.43752e-022	4.88286e-025	1.13592e-027	1.18243e-030	2.14222e-033	4.06763e-036	5.4321e-037	3.13995e-038	2.83758e-039	1.27916e-040	8.781e-042	3.55511e-043	1.23907e-043	8.31777e-044	5.68754e-044	1.0023e-044	1.1124e-045	2.26104e-047	6.74627e-049	9.66206e-051	3.12521e-052	1.07867e-053	
N31	2.88808e-020	2.09789e-017	9.41647e-015	1.16094e-012	3.5855e-012	2.66137e-013	7.35141e-015	4.04112e-015	1.95391e-012	1.49771e-009	6.15044e-007	0.000117355	0.0086692	0.185851	0.681372	0.120261	0.00369549	3.37443e-005	1.22191e-007	2.10146e-010	1.94168e-013	1.0569e-016	3.68523e-020	1.26728e-022	2.90033e-025	3.15004e-026	4.27684e-029	3.11463e-030	2.35665e-033	1.19408e-034	4.96228e-038	1.78084e-039	3.9618e-043	9.88859e-045	1.15087e-048	1.82281e-050	1.13609e-054	8.77586e-057	3.78954e-061	1.52673e-063	5.02849e-068	1.16602e-070	3.04916e-075	4.50077e-078	1.37201e-081	
N32	8.01631e-026	1.90506e-022	2.97367e-019	2.61597e-016	1.99138e-015	1.21558e-016	3.61059e-018	8.41218e-020	1.53808e-017	7.68321e-014	2.20488e-010	3.17598e-007	0.000190402	0.0344341	0.939073	0.026189	0.000113351	1.51472e-007	8.56726e-011	2.46254e-014	4.05307e-018	4.15887e-022	2.85686e-026	3.14886e-030	8.89602e-034	2.42238e-036	7.83012e-040	1.34262e-042	3.14428e-046	3.29273e-049	5.53482e-053	3.56472e-056	3.97276e-060	1.571e-063	9.91903e-068	2.3193e-071	7.54076e-076	8.61223e-080	1.7362e-084	1.20804e-088	1.58773e-093	8.18715e-098	7.53391e-103	3.9515e-107	2.70822e-111	
Microtermes_sp	0	0	0	0	0	0	0	0	0	0	0	0	0	0	1	0	0	0	0	0	0	0	0	0	0	0	0	0	0	0	0	0	0	0	0	0	0	0	0	0	0	0	0	0	0	
Protermes_sp	0	0	0	0	0	0	0	0	0	0	0	0	0	0	1	0	0	0	0	0	0	0	0	0	0	0	0	0	0	0	0	0	0	0	0	0	0	0	0	0	0	0	0	0	0	
Pseudacanthotermes_militaris	0	0	0	0	0	0	0	0	0	0	0	0	0	0	1	0	0	0	0	0	0	0	0	0	0	0	0	0	0	0	0	0	0	0	0	0	0	0	0	0	0	0	0	0	0	
Odontotermes_sp	0	0	0	0	0	0	0	0	0	0	0	0	0	0	1	0	0	0	0	0	0	0	0	0	0	0	0	0	0	0	0	0	0	0	0	0	0	0	0	0	0	0	0	0	0	
N33	6.07136e-012	1.23203e-010	1.81795e-009	9.88401e-009	1.77625e-008	1.92261e-008	7.32315e-008	1.98229e-006	5.86548e-005	0.00110469	0.0120942	0.0725305	0.224889	0.342185	0.24693	0.0845687	0.0143031	0.00126921	6.30194e-005	1.86073e-006	3.44818e-008	4.36117e-010	4.32799e-012	2.5625e-013	7.22278e-015	1.27334e-015	2.38595e-017	2.73232e-018	3.22829e-020	2.44619e-021	1.85093e-023	9.4326e-025	4.65241e-027	1.59789e-028	5.27181e-031	1.21267e-032	2.77509e-035	4.28178e-037	7.06365e-040	7.49119e-042	9.18173e-045	6.97201e-047	6.55567e-050	4.04787e-052	1.79187e-054	
N34	1.65825e-012	1.78847e-011	2.27687e-010	1.9627e-009	9.05118e-009	2.30561e-008	8.48214e-008	1.34518e-006	3.43005e-005	0.000643043	0.00742958	0.0492401	0.176049	0.321202	0.287804	0.12602	0.02799	0.00334675	0.000229588	9.59619e-006	2.58007e-007	5.27257e-009	1.11539e-010	1.50653e-011	7.44737e-013	1.20513e-013	3.98001e-015	4.0939e-016	8.89077e-018	5.98616e-019	8.63332e-021	3.88766e-022	3.77533e-024	1.15174e-025	7.69296e-028	1.6106e-029	7.58995e-032	1.11751e-033	3.80158e-036	4.09625e-038	1.02413e-040	8.48128e-043	1.6479e-045	1.37719e-047	1.58026e-049	
Coptotermes_acinaciformis	0	0	0	0	0	0	0	0	0	0	0	0	0	0	1	0	0	0	0	0	0	0	0	0	0	0	0	0	0	0	0	0	0	0	0	0	0	0	0	0	0	0	0	0	0	
N35	1.36099e-017	7.62994e-015	3.43364e-012	5.60857e-010	1.62583e-009	1.05381e-010	2.65215e-012	5.37361e-013	1.35949e-010	3.79938e-008	6.07811e-006	0.000498299	0.0180186	0.225402	0.615347	0.134112	0.00650395	0.000111503	8.62427e-007	3.49846e-009	8.24325e-012	1.23513e-014	1.27266e-017	1.35559e-020	1.59132e-023	4.00457e-026	5.29191e-029	1.01728e-031	9.19038e-035	1.13407e-037	6.99587e-041	5.7248e-044	2.4476e-047	1.37166e-050	4.11579e-054	1.62892e-057	3.47524e-061	1.00315e-064	1.54376e-068	3.36455e-072	3.80166e-076	6.54165e-080	5.97414e-084	1.04922e-087	1.91849e-091	
Reticulitermes_flavipes	0	0	0	0	0	0	0	0	0	0	0	0	0	0	1	0	0	0	0	0	0	0	0	0	0	0	0	0	0	0	0	0	0	0	0	0	0	0	0	0	0	0	0	0	0	
N36	1.26859e-018	5.77146e-016	1.67414e-013	1.34079e-011	3.19771e-011	2.16752e-012	5.56234e-014	3.15516e-014	1.11096e-011	5.78778e-009	1.6497e-006	0.000224658	0.0123111	0.206826	0.648518	0.127323	0.00473987	5.52732e-005	2.65466e-007	6.23161e-010	8.03689e-013	6.23143e-016	3.17976e-019	1.58876e-021	4.64743e-024	4.23861e-025	7.55231e-028	4.60178e-029	4.73199e-032	1.99532e-033	1.17717e-036	3.49623e-038	1.1624e-041	2.39352e-043	4.38686e-047	5.76649e-049	5.87827e-053	3.89323e-055	2.77092e-059	1.00554e-061	5.44451e-066	1.19504e-068	5.10941e-073	7.51669e-076	3.1476e-079	
Reticulitermes_lucifugus	0	0	0	0	0	0	0	0	0	0	0	0	0	0	1	0	0	0	0	0	0	0	0	0	0	0	0	0	0	0	0	0	0	0	0	0	0	0	0	0	0	0	0	0	0	
Reticulitermes_urbis	0	0	0	0	0	0	0	0	0	0	0	0	0	0	1	0	0	0	0	0	0	0	0	0	0	0	0	0	0	0	0	0	0	0	0	0	0	0	0	0	0	0	0	0	0	
Schedorhinotermes_lamanianus	0	0	0	0	0	0	0	0	0	0	0	0	1	0	0	0	0	0	0	0	0	0	0	0	0	0	0	0	0	0	0	0	0	0	0	0	0	0	0	0	0	0	0	0	0	
N37	1.87909e-009	2.03056e-008	1.88074e-007	8.99864e-007	1.94785e-006	3.02972e-006	1.74843e-005	0.000251178	0.00279426	0.0199681	0.0855025	0.209184	0.285655	0.221266	0.107801	0.0429216	0.017136	0.00583645	0.00140412	0.000228678	2.53996e-005	2.2983e-006	1.70211e-007	4.03193e-008	3.92021e-009	1.28371e-009	8.47167e-011	1.81063e-011	7.68423e-013	1.06213e-013	2.94573e-015	2.67978e-016	4.95321e-018	3.02238e-019	3.80686e-021	1.59077e-022	1.39892e-024	4.1003e-026	2.57778e-028	5.43913e-030	2.50098e-032	3.9167e-034	1.3895e-036	1.95587e-038	2.66242e-040	
N38	3.44171e-011	5.79032e-010	9.34891e-009	6.65415e-008	1.59427e-007	3.19974e-007	3.10044e-006	5.44674e-005	0.000769802	0.00739314	0.0442942	0.152716	0.285237	0.28308	0.155902	0.053972	0.0136331	0.0025787	0.000335464	2.83842e-005	1.56486e-006	6.17627e-008	2.10126e-009	9.13255e-011	3.90463e-012	1.65858e-013	4.63029e-015	1.16286e-016	1.86347e-018	2.73975e-020	2.60397e-022	2.30918e-024	1.35181e-026	7.55179e-029	2.81147e-031	1.07818e-033	2.63781e-036	8.75498e-039	1.54573e-041	7.06187e-044	1.0974e-046	6.91063e-049	1.35832e-051	1.31827e-053	1.24672e-055	
N39	3.95493e-012	6.42722e-011	1.18066e-009	1.07505e-008	4.49732e-008	2.11333e-007	3.10773e-006	5.07006e-005	0.000573638	0.00475717	0.0298409	0.121696	0.272789	0.312126	0.184272	0.0602445	0.0119728	0.00153866	0.000128469	6.84806e-006	2.32037e-007	5.26926e-009	8.45423e-011	2.09035e-012	3.58409e-014	2.77539e-015	3.53579e-017	2.15957e-018	1.67157e-020	6.50859e-022	3.16376e-024	7.94057e-026	2.54071e-028	4.23811e-030	9.39983e-033	1.09019e-034	1.77409e-037	1.52754e-039	1.93167e-042	1.32e-044	1.34581e-047	7.47525e-050	6.34561e-053	3.12829e-055	8.96632e-058	
N40	3.28767e-011	2.84437e-010	3.79137e-009	5.6885e-008	9.02235e-007	1.24897e-005	0.000119236	0.000698479	0.00257442	0.00743001	0.024103	0.0801566	0.189767	0.274936	0.238968	0.127329	0.0429264	0.00943851	0.00138892	0.000140246	9.98831e-006	7.20884e-007	7.12074e-008	3.93908e-008	5.78266e-009	2.511e-009	2.39729e-010	6.46867e-011	3.96853e-012	6.83612e-013	2.71036e-014	3.03962e-015	7.95659e-017	5.91728e-018	1.05715e-019	5.38217e-021	6.78589e-023	2.48449e-024	2.27464e-026	6.32129e-028	4.30613e-030	9.53563e-032	5.37643e-034	1.47451e-035	7.69566e-037	
Bifiditermes_improbus	0	0	0	0	0	0	0	0	0	0	0	1	0	0	0	0	0	0	0	0	0	0	0	0	0	0	0	0	0	0	0	0	0	0	0	0	0	0	0	0	0	0	0	0	0	
Neotermes_insularis	0	0	0	0	0	0	0	0	0	0	0	0	0	0	0	0	0	0	0	1	0	0	0	0	0	0	0	0	0	0	0	0	0	0	0	0	0	0	0	0	0	0	0	0	0	
N41	8.34556e-014	7.31964e-012	3.41188e-010	2.3509e-009	1.83584e-009	1.60411e-009	3.2863e-008	1.59719e-006	6.23664e-005	0.00154429	0.0206621	0.129786	0.340558	0.347335	0.136554	0.0218729	0.00156735	5.55255e-005	1.06175e-006	1.17775e-008	8.02739e-011	3.5864e-013	1.11481e-015	4.02524e-018	1.56614e-020	1.70211e-022	7.03556e-025	5.8092e-027	1.62429e-029	8.70989e-032	1.64787e-034	5.87534e-037	7.62365e-040	1.8584e-042	1.68572e-045	2.8997e-048	1.88288e-051	2.36812e-054	1.12835e-057	1.07527e-060	3.84559e-064	2.87223e-067	8.22121e-071	5.81017e-074	3.80159e-077	
N42	1.45277e-012	3.70247e-011	7.99009e-010	8.14511e-009	3.98193e-008	1.3721e-007	7.15684e-007	1.50922e-005	0.00034624	0.00490477	0.038797	0.1606	0.326862	0.308988	0.131172	0.0256751	0.00250194	0.000131995	4.06286e-006	7.78059e-008	9.7895e-010	9.13501e-012	7.70508e-014	2.09865e-015	4.13925e-017	1.71879e-018	2.55933e-020	6.72997e-022	6.94974e-024	1.17006e-025	8.29846e-028	9.15049e-030	4.41621e-032	3.26745e-034	1.0774e-036	5.53743e-039	1.26742e-041	4.76285e-044	7.73191e-047	2.25239e-049	2.66148e-052	6.39288e-055	6.36246e-058	1.90234e-060	7.63803e-063	
N43	5.92022e-014	5.53597e-012	4.39425e-010	1.21902e-008	2.30595e-008	7.47096e-009	1.67618e-009	6.80307e-009	5.07833e-007	3.2694e-005	0.00118241	0.0215275	0.170824	0.468685	0.29317	0.0423367	0.00218823	5.17916e-005	6.52557e-007	4.91991e-009	2.46032e-011	1.57218e-013	1.19168e-015	2.53459e-017	1.8762e-019	2.7015e-021	1.30667e-023	1.18475e-025	3.81002e-028	2.26242e-030	4.93043e-033	1.98107e-035	2.98141e-038	8.3635e-041	8.86423e-044	1.7988e-046	1.36849e-049	2.09286e-052	1.16355e-055	1.39985e-058	5.7958e-062	5.76861e-065	2.1613e-068	3.16361e-071	6.74136e-074	
Cryptotermes_austrinus	0	0	0	0	0	0	0	0	0	0	0	0	0	1	0	0	0	0	0	0	0	0	0	0	0	0	0	0	0	0	0	0	0	0	0	0	0	0	0	0	0	0	0	0	0	
Cryptotermes_queenslandis	0	0	0	0	0	0	0	0	0	0	0	0	0	0	1	0	0	0	0	0	0	0	0	0	0	0	0	0	0	0	0	0	0	0	0	0	0	0	0	0	0	0	0	0	0	
N44	9.52852e-012	2.65293e-010	2.10903e-009	7.67414e-008	2.47281e-006	1.33005e-005	3.36394e-005	8.73011e-005	0.00287472	0.0335879	0.154109	0.323922	0.320437	0.141173	0.023073	0.000679315	7.89886e-006	4.64306e-008	1.5723e-010	3.34029e-013	4.73423e-016	4.79891e-019	3.7832e-022	4.92049e-025	7.93809e-028	3.22683e-030	5.27416e-033	1.53964e-035	1.83506e-038	3.6236e-041	3.12623e-044	4.25858e-047	2.6436e-050	2.53197e-053	1.12883e-056	7.7788e-060	2.50706e-063	1.28476e-066	3.03215e-070	1.20522e-073	2.11967e-077	6.86618e-081	9.8327e-085	3.41608e-088	1.30021e-091	
Cryptotermes_primus	0	0	0	0	0	0	0	0	1	0	0	0	0	0	0	0	0	0	0	0	0	0	0	0	0	0	0	0	0	0	0	0	0	0	0	0	0	0	0	0	0	0	0	0	0	
Incisitermes_sp	0	0	0	0	0	0	0	0	0	0	0	0	0	0	1	0	0	0	0	0	0	0	0	0	0	0	0	0	0	0	0	0	0	0	0	0	0	0	0	0	0	0	0	0	0	
N45	1.67953e-015	1.36323e-013	6.65096e-012	5.03582e-011	1.4456e-010	1.51731e-009	3.34201e-008	9.94688e-007	3.44485e-005	0.00100741	0.0168398	0.12373	0.349917	0.358267	0.13138	0.0178419	0.000958993	2.22053e-005	2.42117e-007	1.35291e-009	4.17752e-012	9.6609e-015	2.17432e-017	1.0528e-018	3.30292e-021	1.4884e-022	2.52076e-025	6.90236e-027	6.57892e-030	1.13394e-031	6.35506e-035	6.99474e-037	2.4299e-040	1.79387e-042	8.24266e-046	5.93152e-047	3.10444e-049	2.87217e-050	8.82048e-053	3.83441e-054	6.46491e-057	1.51159e-058	1.69557e-061	2.7621e-063	2.79583e-065	
N46	4.41851e-016	1.70213e-014	6.62063e-013	1.16576e-011	1.8773e-010	4.42002e-009	9.37543e-008	1.8553e-006	4.37492e-005	0.00107234	0.0172089	0.124841	0.350237	0.357112	0.130807	0.017716	0.000939721	2.1011e-005	2.14397e-007	1.08066e-009	2.90032e-012	7.77099e-015	3.26222e-017	6.9818e-018	2.72841e-020	3.79079e-021	7.06276e-024	5.85901e-025	5.41155e-028	2.96698e-029	1.13123e-031	2.59659e-031	5.74696e-033	1.03981e-032	2.30642e-034	5.12331e-034	1.29693e-035	1.68254e-035	2.28822e-037	1.24448e-037	9.79619e-040	2.85302e-040	1.71221e-042	3.65568e-043	7.20438e-044	
Cryptotermes_brevis	0	0	0	0	0	0	0	0	0	0	0	1	0	0	0	0	0	0	0	0	0	0	0	0	0	0	0	0	0	0	0	0	0	0	0	0	0	0	0	0	0	0	0	0	0	
N47	4.81037e-016	1.37163e-014	5.32651e-013	1.90133e-011	7.4723e-010	1.96448e-008	2.8931e-007	3.74249e-006	6.02926e-005	0.00115628	0.0169409	0.119734	0.338622	0.358697	0.141635	0.0217244	0.00138575	3.97348e-005	5.53468e-007	4.04496e-009	1.71458e-011	1.31309e-012	2.68663e-014	2.41437e-014	2.26193e-016	1.17911e-016	5.02142e-019	1.59055e-019	3.17456e-022	6.17356e-023	6.13385e-026	7.0907e-027	3.87392e-030	2.50076e-031	8.452e-035	2.88535e-036	6.66786e-040	1.19416e-041	2.01288e-045	1.97385e-047	2.51017e-051	1.45029e-053	1.43334e-057	7.62793e-060	2.07026e-061	
Cryptotermes_cynocephalus	0	0	0	0	0	0	0	0	0	0	0	0	0	0	0	1	0	0	0	0	0	0	0	0	0	0	0	0	0	0	0	0	0	0	0	0	0	0	0	0	0	0	0	0	0	
N48	2.78595e-015	8.61719e-014	4.35685e-012	2.38868e-010	1.0316e-008	2.83462e-007	4.4358e-006	4.08245e-005	0.000296749	0.00282112	0.0258159	0.134263	0.324343	0.334793	0.146222	0.0285537	0.00270715	0.000134848	3.77767e-006	6.32361e-008	6.69468e-010	7.71022e-012	2.62012e-013	2.2147e-013	1.09745e-014	6.56577e-015	1.91905e-016	7.43764e-017	1.20145e-018	3.08861e-019	2.67322e-021	4.49849e-022	2.16809e-024	2.24788e-025	6.68108e-028	3.98514e-029	8.11285e-032	2.74948e-033	4.0835e-036	8.34981e-038	9.26002e-041	1.2624e-042	1.07894e-045	1.6007e-047	8.73798e-049	
Cryptotermes_domesticus	0	0	0	0	0	0	0	0	1	0	0	0	0	0	0	0	0	0	0	0	0	0	0	0	0	0	0	0	0	0	0	0	0	0	0	0	0	0	0	0	0	0	0	0	0	
Procryptotermes_australiensis	0	0	0	0	0	0	0	0	0	0	0	0	0	0	0	0	0	1	0	0	0	0	0	0	0	0	0	0	0	0	0	0	0	0	0	0	0	0	0	0	0	0	0	0	0	
N49	1.10816e-012	5.44063e-011	2.27055e-009	2.91748e-008	2.55618e-008	7.19141e-009	2.58313e-009	4.53792e-008	3.0475e-006	0.000137093	0.00351317	0.0458126	0.257824	0.478222	0.188431	0.0246145	0.00140164	4.11113e-005	6.94002e-007	7.31791e-009	5.12821e-011	2.66832e-013	1.16777e-015	9.29124e-018	7.16024e-020	9.26806e-022	6.07763e-024	5.37002e-026	2.50828e-028	1.47986e-030	4.90048e-033	1.9764e-035	4.63254e-038	1.31272e-040	2.18989e-043	4.51961e-046	5.44423e-049	8.55952e-052	7.60394e-055	9.55906e-058	6.44503e-061	6.9048e-064	4.23704e-067	5.69903e-070	9.26115e-073	
Cryptotermes_dudleyi	0	0	0	0	0	0	0	0	0	0	0	0	0	1	0	0	0	0	0	0	0	0	0	0	0	0	0	0	0	0	0	0	0	0	0	0	0	0	0	0	0	0	0	0	0	
Cryptotermes_secundus	0	0	0	0	0	0	0	0	0	0	0	0	0	1	0	0	0	0	0	0	0	0	0	0	0	0	0	0	0	0	0	0	0	0	0	0	0	0	0	0	0	0	0	0	0	
N50	3.54958e-010	3.78714e-009	4.58758e-008	2.98265e-007	7.77542e-007	9.66736e-007	1.70147e-006	1.3001e-005	0.000168882	0.00176141	0.0125156	0.0574463	0.163464	0.277421	0.272336	0.153081	0.0503181	0.0100709	0.00128407	0.000109368	6.47689e-006	2.90593e-007	1.05441e-008	4.87724e-010	2.23573e-011	1.56667e-012	6.68706e-014	3.51654e-015	1.07752e-016	3.90709e-018	8.56095e-020	2.19618e-021	3.48902e-023	6.53154e-025	7.64584e-027	1.07928e-028	9.48418e-031	1.04438e-032	7.03049e-035	6.24605e-037	3.30836e-039	2.50007e-041	1.22166e-043	1.07933e-045	1.21507e-047	
Glyptotermes_brevicornis	0	0	0	0	0	0	0	0	0	0	0	0	0	0	1	0	0	0	0	0	0	0	0	0	0	0	0	0	0	0	0	0	0	0	0	0	0	0	0	0	0	0	0	0	0	
Glyptotermes_iridipennis	0	0	0	0	0	0	0	0	0	0	0	0	0	0	1	0	0	0	0	0	0	0	0	0	0	0	0	0	0	0	0	0	0	0	0	0	0	0	0	0	0	0	0	0	0	
Kalotermes_flavicollis	0	0	0	0	0	0	0	0	0	0	0	0	0	0	0	0	0	0	0	0	0	0	0	0	0	0	0	1	0	0	0	0	0	0	0	0	0	0	0	0	0	0	0	0	0	
N51	4.34712e-007	1.74325e-006	1.48087e-005	0.000150804	0.00135985	0.00824976	0.0272438	0.0442623	0.0386692	0.0233876	0.0228909	0.0528604	0.115029	0.180912	0.200607	0.156335	0.0852602	0.0324261	0.00854516	0.00157035	0.000202045	1.94721e-005	1.44507e-006	1.05736e-007	6.80064e-009	5.14846e-010	2.84518e-011	1.67343e-012	6.62599e-014	2.72917e-015	7.66506e-017	2.25744e-018	4.61228e-020	1.0042e-021	1.53062e-023	2.54127e-025	2.95509e-027	3.84984e-029	3.48853e-031	3.67437e-033	2.69111e-035	2.4576e-037	1.75449e-039	1.84837e-041	2.42606e-043	
Stolotermes_sp	0	0	0	0	0	0	0	0	0	1	0	0	0	0	0	0	0	0	0	0	0	0	0	0	0	0	0	0	0	0	0	0	0	0	0	0	0	0	0	0	0	0	0	0	0	
N52	2.23074e-010	1.16319e-009	3.78917e-008	1.18105e-006	2.40493e-005	0.000260505	0.000930183	0.000569203	0.000118435	1.32864e-005	1.30342e-006	1.69391e-006	2.73498e-005	0.000412449	0.0041964	0.027455	0.10958	0.253247	0.307185	0.206361	0.0656567	0.0205078	0.00294999	0.000468067	2.98043e-005	2.21269e-006	7.14259e-008	2.86171e-009	5.31007e-011	1.28356e-012	1.48961e-014	2.35136e-016	1.81063e-018	1.98167e-020	1.05775e-022	8.41953e-025	3.22329e-027	1.94301e-029	5.48218e-032	2.59224e-034	5.5943e-037	2.25723e-039	5.4926e-042	3.60994e-044	3.02642e-046	
Zootermopsis_angusticollis	0	0	0	0	0	0	0	0	0	0	0	0	0	0	0	0	0	0	0	1	0	0	0	0	0	0	0	0	0	0	0	0	0	0	0	0	0	0	0	0	0	0	0	0	0	
Zootermopsis_nevadensis	0	0	0	0	0	0	0	0	0	0	0	0	0	0	0	0	0	0	0	1	0	0	0	0	0	0	0	0	0	0	0	0	0	0	0	0	0	0	0	0	0	0	0	0	0	
N53	1.63765e-005	3.68636e-005	0.000111184	0.000355084	0.00112253	0.00336862	0.00907257	0.0211828	0.0426501	0.0746808	0.114039	0.150357	0.16759	0.155033	0.117363	0.0733798	0.0382518	0.0178178	0.00727462	0.00330898	0.00124926	0.000848397	0.000331554	0.000301537	0.000108102	9.15117e-005	2.80431e-005	2.03398e-005	5.35657e-006	3.39604e-006	7.97086e-007	4.64022e-007	1.01532e-007	5.60479e-008	1.1338e-008	5.74217e-009	1.02808e-009	4.63896e-010	7.13953e-011	2.80693e-011	3.79673e-012	1.38058e-012	2.00872e-013	1.05618e-013	8.03649e-014	
Mastotermes_darwiniensis	0	0	0	0	0	0	0	0	0	0	0	0	0	0	0	0	0	0	0	0	0	0	0	0	0	0	0	0	0	0	0	0	0	0	0	0	0	0	0	0	0	0	1	0	0	
Porotermes_adamsoni	0	0	0	0	0	0	0	0	0	0	0	0	0	1	0	0	0	0	0	0	0	0	0	0	0	0	0	0	0	0	0	0	0	0	0	0	0	0	0	0	0	0	0	0	0	
N54	0.0153596	0.0334799	0.0836418	0.171726	0.245839	0.222269	0.124534	0.0492923	0.0203801	0.0129417	0.00959516	0.00613266	0.00310099	0.00122471	0.000374663	8.90457e-005	1.63157e-005	2.3357e-006	2.59856e-007	2.33772e-008	1.69091e-009	1.0655e-010	5.65282e-012	2.83335e-013	1.20615e-014	4.99021e-016	1.70019e-017	5.61225e-019	1.49493e-020	3.87007e-022	8.05404e-024	1.6479e-025	2.715e-027	4.4684e-029	5.9256e-031	8.00016e-033	8.70177e-035	9.87135e-037	9.06848e-039	9.03534e-041	7.62605e-043	7.51237e-045	7.05208e-047	7.88599e-049	1.05539e-050	
N55	0.0110637	0.0716758	0.318142	0.419128	0.154121	0.0237397	0.00201088	0.000114025	4.84211e-006	1.5768e-007	3.86764e-009	7.06641e-011	9.63429e-013	9.90068e-015	7.75909e-017	4.69437e-019	2.21705e-021	8.26492e-024	2.45667e-026	5.88624e-029	1.14796e-031	1.84432e-034	2.46322e-037	2.78461e-040	2.68369e-043	2.34428e-046	1.86226e-049	1.80811e-052	1.74731e-055	2.70827e-058	3.00805e-061	4.71504e-064	4.60525e-067	6.06132e-070	4.97273e-073	5.42237e-076	3.72951e-079	3.39338e-082	1.96415e-085	1.51047e-088	7.52157e-092	5.1417e-095	2.56753e-098	1.91694e-101	1.4166e-104	
Cryptocercus_primarius	0	0	0	1	0	0	0	0	0	0	0	0	0	0	0	0	0	0	0	0	0	0	0	0	0	0	0	0	0	0	0	0	0	0	0	0	0	0	0	0	0	0	0	0	0	
Cryptocercus_relictus	0	0	1	0	0	0	0	0	0	0	0	0	0	0	0	0	0	0	0	0	0	0	0	0	0	0	0	0	0	0	0	0	0	0	0	0	0	0	0	0	0	0	0	0	0	
Cryptocercus_punctulatus	0	0	0	0	0	0	0	0	0	0	0	0	0	0	0	0	0	1	0	0	0	0	0	0	0	0	0	0	0	0	0	0	0	0	0	0	0	0	0	0	0	0	0	0	0	
N56	0.00336587	0.00640214	0.0144895	0.0318591	0.0631075	0.108191	0.15562	0.183208	0.173272	0.13007	0.0768914	0.0357093	0.0130184	0.00375045	0.00085625	0.000160084	2.45993e-005	3.83578e-006	5.61616e-007	1.41835e-007	2.52244e-008	7.3613e-009	1.11394e-009	2.61361e-010	3.08437e-011	5.60909e-012	5.13399e-013	7.2943e-014	5.19908e-015	5.8561e-016	3.26933e-017	2.96823e-018	1.30797e-019	9.76243e-021	3.4216e-022	2.14011e-023	6.05553e-025	3.2836e-026	7.61569e-028	3.67913e-029	7.83228e-031	4.37829e-032	1.83725e-033	2.09172e-034	3.34324e-035	
N57	0.000185836	0.000466104	0.00144437	0.00444085	0.0126099	0.0306958	0.0619035	0.105125	0.152822	0.187503	0.183603	0.138016	0.0767976	0.0318778	0.00971346	0.00230509	0.000415517	6.59327e-005	8.31193e-006	1.05407e-006	1.01556e-007	1.00463e-008	7.00501e-010	4.99233e-011	2.45338e-012	1.25056e-013	4.39122e-015	1.63819e-016	4.21326e-018	1.18491e-019	2.28377e-021	4.97195e-023	7.3538e-025	1.27667e-026	1.4782e-028	2.09675e-030	1.95964e-032	2.36987e-034	1.8553e-036	2.01022e-038	1.55166e-040	1.86239e-042	2.01293e-044	2.9875e-046	5.17375e-048	
N58	6.97732e-005	0.000209389	0.000856346	0.00335169	0.0109854	0.0281528	0.0553432	0.0887576	0.129124	0.173005	0.192528	0.161807	0.0977009	0.0419823	0.0127532	0.00284404	0.000457869	6.41962e-005	6.43258e-006	9.83176e-007	7.4579e-008	1.5014e-008	8.22916e-010	1.41978e-010	5.43719e-012	6.8497e-013	1.86783e-014	1.70288e-015	3.39701e-017	2.28996e-018	3.41917e-020	1.74018e-021	1.99115e-023	7.8515e-025	7.00155e-027	2.1731e-028	1.5491e-030	3.93463e-032	2.26165e-034	4.70091e-036	2.30757e-038	4.48286e-040	2.13575e-042	5.72234e-044	2.39848e-045	
N59	9.04248e-007	5.2254e-006	7.0388e-005	0.00111064	0.011387	0.0498296	0.0770589	0.0513883	0.0345046	0.0550024	0.11885	0.193917	0.203011	0.13292	0.0542291	0.0140872	0.00232465	0.000278739	2.34029e-005	2.26748e-006	1.40276e-007	1.09825e-008	3.99433e-010	1.75624e-011	3.49706e-013	8.61567e-015	9.88591e-017	1.45265e-018	1.01581e-020	9.44635e-023	4.22023e-025	2.61323e-027	7.76148e-030	3.34813e-032	6.82978e-035	2.13326e-037	3.08452e-040	7.28283e-043	7.65956e-046	1.41796e-048	1.18482e-051	2.112e-054	2.70655e-057	8.49797e-060	2.79823e-062	
N60	7.95512e-007	5.099e-006	6.77593e-005	0.000828693	0.00609829	0.0220042	0.0362631	0.0320159	0.0265254	0.0397313	0.0887957	0.166529	0.207154	0.163858	0.0817925	0.0317526	0.0071814	0.029872	0.00464762	0.0377814	0.00288569	0.0125178	0.000490052	0.00114419	2.48499e-005	3.22486e-005	4.21641e-007	3.14705e-007	2.66395e-009	1.18602e-009	6.89531e-012	1.89972e-012	7.95017e-015	1.41132e-015	4.40195e-018	5.21015e-019	1.26302e-021	1.18386e-022	2.14996e-025	1.35867e-026	5.75827e-029	2.60722e-029	3.53154e-032	8.34654e-033	4.83668e-033	
Blatta_orientalis	0	0	0	0	0	0	0	0	0	0	0	0	0	0	0	0	0	1	0	0	0	0	0	0	0	0	0	0	0	0	0	0	0	0	0	0	0	0	0	0	0	0	0	0	0	
Deropeltis_erythrocephala	0	0	0	0	0	0	0	0	0	0	0	0	0	0	0	0	0	0	1	0	0	0	0	0	0	0	0	0	0	0	0	0	0	0	0	0	0	0	0	0	0	0	0	0	0	
N61	6.76391e-007	2.64295e-006	1.76918e-005	0.000232458	0.00265035	0.0172333	0.0600613	0.127861	0.212241	0.266228	0.203179	0.086487	0.0206807	0.00287126	0.000240051	1.25299e-005	4.23551e-007	9.65248e-009	1.54826e-010	1.83425e-012	1.66892e-014	1.20134e-016	6.89419e-019	3.17967e-021	1.17086e-023	3.91118e-026	1.20212e-028	8.04874e-031	3.9114e-033	4.03042e-035	1.70984e-037	1.35538e-039	4.41455e-042	2.60654e-044	6.49798e-047	2.89791e-049	5.55642e-052	1.90375e-054	2.82922e-057	7.60827e-060	8.93191e-063	1.96338e-065	2.04064e-068	4.6201e-071	9.78692e-074	
N62	3.91688e-007	1.86198e-006	1.10745e-005	6.11667e-005	0.000568884	0.00594123	0.0386526	0.141314	0.284549	0.307847	0.168974	0.0453774	0.00621633	0.000464712	2.02236e-005	5.4744e-007	9.65093e-009	1.35187e-010	1.49055e-012	3.9716e-014	5.36988e-016	2.03189e-017	2.16139e-019	6.2594e-021	5.00209e-023	1.0803e-024	6.38486e-027	1.00756e-028	4.3521e-031	4.99848e-033	1.58651e-035	1.34386e-037	3.17569e-040	2.02915e-042	3.61803e-045	1.79107e-047	2.44189e-050	9.69532e-053	1.01992e-055	3.34587e-058	2.85878e-061	9.38297e-064	1.22562e-066	1.10114e-068	1.24801e-070	
Periplaneta_americana	0	0	0	0	0	0	0	0	0	0	1	0	0	0	0	0	0	0	0	0	0	0	0	0	0	0	0	0	0	0	0	0	0	0	0	0	0	0	0	0	0	0	0	0	0	
Periplaneta_brunnea	0	0	0	0	0	0	0	1	0	0	0	0	0	0	0	0	0	0	0	0	0	0	0	0	0	0	0	0	0	0	0	0	0	0	0	0	0	0	0	0	0	0	0	0	0	
N63	2.10897e-007	1.4797e-007	5.87638e-007	2.32712e-005	0.000810716	0.0155644	0.139072	0.442424	0.31558	0.0776266	0.00842003	0.00046376	1.42324e-005	2.6079e-007	3.01473e-009	2.30467e-011	1.21125e-013	4.59205e-016	1.30317e-018	3.54653e-021	9.75021e-024	5.76235e-026	2.19282e-028	1.39879e-030	4.23617e-033	1.99899e-035	4.52984e-038	1.56032e-040	2.63012e-043	6.69059e-046	8.40679e-049	1.61217e-051	1.52166e-054	2.25873e-057	1.61829e-060	1.91503e-063	1.05381e-066	1.02511e-069	4.38536e-073	3.6129e-076	1.23404e-079	9.38502e-083	4.32084e-086	6.81473e-089	1.30261e-091	
Periplaneta_australasiae	0	0	0	0	0	0	0	1	0	0	0	0	0	0	0	0	0	0	0	0	0	0	0	0	0	0	0	0	0	0	0	0	0	0	0	0	0	0	0	0	0	0	0	0	0	
Periplaneta_fuliginosa	0	0	0	0	0	0	0	1	0	0	0	0	0	0	0	0	0	0	0	0	0	0	0	0	0	0	0	0	0	0	0	0	0	0	0	0	0	0	0	0	0	0	0	0	0	
N64	4.97401e-006	1.17842e-005	4.97922e-005	0.000281724	0.000500346	0.000602148	0.00393048	0.0425559	0.16927	0.312107	0.294572	0.142137	0.0314804	0.00240498	8.9369e-005	1.93478e-006	2.68801e-008	2.59509e-010	1.81043e-012	9.90347e-015	4.29407e-017	1.72741e-019	6.00642e-022	2.26914e-024	7.05376e-027	2.36118e-029	5.96532e-032	1.58115e-034	3.10462e-037	6.39568e-040	9.78839e-043	1.58709e-045	1.9174e-048	2.49103e-051	2.4062e-054	2.55009e-057	1.99544e-060	1.75919e-063	1.13278e-066	8.54247e-070	4.7754e-073	3.41908e-076	2.14533e-079	1.93399e-082	1.90208e-085	
Eurycotis_floridana	0	0	0	0	0	0	0	1	0	0	0	0	0	0	0	0	0	0	0	0	0	0	0	0	0	0	0	0	0	0	0	0	0	0	0	0	0	0	0	0	0	0	0	0	0	
Pelmatosilpha_sp	0	0	0	0	0	0	0	0	0	0	0	0	1	0	0	0	0	0	0	0	0	0	0	0	0	0	0	0	0	0	0	0	0	0	0	0	0	0	0	0	0	0	0	0	0	
Periplaneta_japonica	0	0	0	0	0	0	0	0	0	0	1	0	0	0	0	0	0	0	0	0	0	0	0	0	0	0	0	0	0	0	0	0	0	0	0	0	0	0	0	0	0	0	0	0	0	
Lamproblatta_albipalpus	0	0	1	0	0	0	0	0	0	0	0	0	0	0	0	0	0	0	0	0	0	0	0	0	0	0	0	0	0	0	0	0	0	0	0	0	0	0	0	0	0	0	0	0	0	
N65	0.000523498	0.00113725	0.00336069	0.0106456	0.0315702	0.0787863	0.152594	0.21795	0.222926	0.161074	0.081607	0.0290511	0.00727769	0.0013074	0.000169443	1.72085e-005	1.38162e-006	1.21019e-007	9.08771e-009	8.77386e-010	5.48179e-011	3.96653e-012	1.70249e-013	8.36802e-015	2.44403e-016	8.31705e-018	1.68477e-019	4.09305e-021	5.87162e-023	1.05142e-024	1.08907e-026	1.48253e-028	1.13192e-030	1.21247e-032	6.95787e-035	6.0551e-037	2.71645e-039	2.05676e-041	7.63352e-044	5.38517e-046	2.22107e-048	2.06392e-050	1.59832e-052	1.90475e-054	2.34264e-056	
N66	0.000847143	0.00190812	0.00472296	0.0110741	0.0268177	0.0638951	0.12866	0.197979	0.222724	0.179948	0.10354	0.0424189	0.0123803	0.00262259	0.000404108	5.18512e-005	5.32207e-006	8.96214e-007	1.01014e-007	2.32822e-008	2.08975e-009	3.5938e-010	2.26727e-011	2.75075e-012	1.2357e-013	1.08224e-014	3.53255e-016	2.29135e-017	5.53722e-019	2.72915e-020	4.95965e-022	1.90187e-023	2.64247e-025	8.12596e-027	8.72964e-029	2.20014e-030	1.90522e-032	4.38329e-034	3.09676e-036	6.50858e-038	5.27322e-040	1.7421e-041	2.37444e-043	1.19786e-044	7.4332e-046	
N67	0.000413354	0.00143701	0.00429839	0.00791541	0.0112956	0.0239728	0.0632134	0.13515	0.209393	0.229414	0.175098	0.0931531	0.0341573	0.0090539	0.0016823	0.000302163	3.96482e-005	9.01968e-006	9.774e-007	1.88274e-007	1.33422e-008	1.67644e-009	7.66987e-011	6.36725e-012	1.95144e-013	1.11555e-014	2.37118e-016	9.69209e-018	1.47409e-019	4.47135e-021	4.97532e-023	1.15061e-024	9.64344e-027	1.79212e-028	1.14111e-030	1.72183e-032	9.25245e-035	1.44058e-036	6.28426e-039	8.43013e-041	4.56059e-043	9.08162e-045	5.783e-047	1.33999e-048	3.61967e-050	
N68	3.46953e-005	0.000160658	0.000647479	0.00154528	0.00249788	0.00573474	0.0197326	0.0599745	0.134903	0.214893	0.236241	0.179902	0.092617	0.0363656	0.00963422	0.00382902	0.000775549	0.000428788	5.80552e-005	2.19543e-005	1.80385e-006	4.27957e-007	2.27236e-008	3.62149e-009	1.34355e-010	1.53515e-011	4.13684e-013	3.44413e-014	6.74027e-016	4.09927e-017	5.7395e-019	2.53436e-020	2.61083e-022	9.2469e-024	6.86951e-026	1.84529e-027	1.29429e-029	4.89271e-031	2.32278e-033	5.45014e-035	4.12585e-037	1.83322e-038	8.90703e-041	3.15489e-042	1.56574e-043	
N69	5.56692e-006	2.18091e-005	9.5774e-005	0.000310906	0.000809067	0.00236687	0.00878945	0.0313639	0.0869588	0.172884	0.237838	0.223804	0.142648	0.063974	0.0201822	0.00601046	0.00134587	0.000486692	7.58819e-005	2.59741e-005	2.33876e-006	7.39386e-007	4.62276e-008	1.42676e-008	6.91112e-010	1.74527e-010	5.96048e-012	1.03987e-012	2.38711e-014	2.77624e-015	4.30992e-017	3.37798e-018	3.69076e-020	2.08287e-021	1.64139e-023	6.77018e-025	4.42023e-027	1.77642e-028	9.10742e-031	2.73672e-032	1.5298e-034	6.11037e-036	2.55598e-038	9.06914e-040	4.44978e-041	
N70	3.68342e-007	1.5962e-006	7.5934e-006	2.76381e-005	8.13323e-005	0.000254751	0.00113362	0.00566728	0.02317	0.0688074	0.143653	0.211919	0.22556	0.174504	0.0958455	0.0368331	0.00986855	0.00208682	0.000371295	0.000106297	3.75071e-005	3.0811e-005	1.52585e-005	1.11621e-005	3.83173e-006	1.84075e-006	4.12511e-007	1.30092e-007	1.92339e-008	4.07135e-009	4.0221e-010	5.84953e-011	3.91322e-012	4.01323e-013	1.84646e-014	1.37374e-015	4.45206e-017	2.49609e-018	5.87628e-020	2.57295e-021	4.78565e-023	1.94416e-024	5.46714e-026	4.30687e-027	4.53934e-028	
N71	1.78514e-009	2.18508e-008	1.57005e-007	1.05474e-006	1.09515e-005	6.33029e-005	0.000293413	0.00180683	0.010465	0.0462224	0.115698	0.16285	0.167094	0.169222	0.158267	0.107985	0.0462608	0.0117782	0.00177536	0.00018649	1.73159e-005	2.19738e-006	2.12887e-007	1.70023e-008	8.38785e-010	3.11342e-011	7.66567e-013	1.43423e-014	1.88824e-016	1.93236e-018	1.44957e-020	8.65763e-023	3.90222e-025	1.43449e-027	4.06273e-030	9.63854e-033	1.78431e-035	2.86612e-038	3.59842e-041	4.15304e-044	3.8019e-047	4.33302e-050	8.40189e-053	3.09608e-055	1.25271e-057	
N72	7.22743e-011	6.61553e-010	5.41421e-009	5.91195e-008	9.79068e-007	1.79742e-005	0.000237336	0.00161581	0.0091248	0.0437037	0.114308	0.158638	0.156237	0.159116	0.159881	0.120846	0.0573994	0.0159893	0.00256015	0.000295076	2.19332e-005	7.07472e-006	2.4656e-007	1.28246e-007	1.36183e-009	5.15472e-010	2.23433e-012	4.80153e-013	1.02641e-015	1.19558e-016	1.4025e-019	9.1597e-021	6.38057e-024	2.43799e-025	1.07606e-028	2.49821e-030	7.37598e-034	1.07736e-035	2.22523e-039	2.11319e-041	3.17351e-045	2.03835e-047	2.31551e-051	1.12022e-053	2.83652e-056	
N73	3.9772e-012	9.09748e-011	1.70318e-009	2.12644e-008	3.25046e-007	5.21794e-006	6.83901e-005	0.000975712	0.0104263	0.0536656	0.12273	0.137013	0.109889	0.103777	0.114246	0.128682	0.115287	0.068379	0.0251385	0.0059836	0.00106435	0.00129194	0.000423823	0.00074226	0.000111019	9.06946e-005	6.13297e-006	2.43303e-006	7.87721e-008	1.59099e-008	2.64631e-010	2.83547e-011	2.60802e-013	1.53948e-014	8.37904e-017	2.83721e-018	9.66377e-021	1.96973e-022	4.3792e-025	5.68451e-027	8.50536e-030	7.49491e-032	8.55015e-035	1.05757e-036	3.37668e-038	
N74	1.95965e-012	7.7177e-011	3.00218e-009	7.39692e-008	8.8427e-007	5.86715e-006	3.92461e-005	0.000588198	0.00718383	0.0426083	0.113999	0.149637	0.127212	0.100054	0.0933656	0.110545	0.115428	0.083643	0.0390175	0.0116318	0.0026663	0.00123197	0.000628717	0.000392314	9.28356e-005	2.62802e-005	2.59614e-006	3.26565e-007	1.47519e-008	8.46897e-010	1.92251e-011	5.96872e-013	7.39445e-015	2.646e-016	2.09613e-018	1.41066e-019	7.71785e-022	4.41958e-023	1.65129e-025	6.36421e-027	1.6738e-029	4.34708e-031	9.17988e-034	2.36258e-035	7.29734e-037	
N75	1.93786e-012	1.00948e-010	4.43643e-009	8.69155e-008	7.37836e-007	2.93873e-006	8.94707e-006	7.76832e-005	0.000988451	0.00906081	0.0461579	0.121805	0.177452	0.17109	0.143581	0.12143	0.098644	0.0670754	0.0309742	0.00902073	0.00200555	0.000487325	0.000115001	1.95184e-005	2.03121e-006	1.37564e-007	5.53216e-009	1.49425e-010	2.52778e-012	2.91629e-014	2.26651e-016	1.27055e-018	5.08191e-021	1.7862e-023	4.80928e-026	2.44543e-028	7.38369e-031	7.81461e-033	2.21234e-035	2.15821e-037	4.7226e-040	3.76209e-042	1.63663e-044	2.00359e-046	2.17037e-048	
N76	3.74134e-012	1.13311e-010	3.48583e-009	5.76743e-008	4.09543e-007	1.53283e-006	7.96801e-006	5.98717e-005	0.000435401	0.00351941	0.0223454	0.0815426	0.164539	0.202236	0.183319	0.147362	0.106397	0.0597065	0.0221805	0.00525694	0.000920721	0.000147434	2.02074e-005	1.95126e-006	1.18564e-007	4.61655e-009	1.11521e-010	1.84267e-012	1.93587e-014	2.05871e-016	1.12229e-018	2.82123e-020	1.19355e-022	4.84261e-024	1.71077e-026	6.33748e-028	2.03619e-030	7.27323e-032	2.20636e-034	7.4758e-036	2.04126e-038	6.14675e-040	2.01365e-042	7.87399e-044	2.61457e-045	
N77	2.56002e-011	5.2698e-010	9.11172e-009	5.44085e-008	1.29509e-007	3.90784e-007	2.08243e-006	9.60606e-006	6.95516e-005	0.000911195	0.0092772	0.0539526	0.165998	0.273195	0.2618	0.157529	0.0605039	0.0144384	0.00210856	0.000192124	1.14925e-005	4.80797e-007	1.4706e-008	3.33679e-010	5.64504e-012	7.73517e-014	1.06915e-015	2.23082e-017	5.576e-019	3.09707e-020	9.88882e-022	6.15251e-023	1.38508e-024	5.91555e-026	9.17341e-028	2.82733e-029	3.26536e-031	7.75056e-033	6.9944e-035	1.2948e-036	9.21663e-039	1.34451e-040	9.1342e-043	1.34576e-044	1.82791e-046	
Archimandrita_tessellata	0	0	0	0	0	0	0	0	0	0	0	0	0	0	0	0	1	0	0	0	0	0	0	0	0	0	0	0	0	0	0	0	0	0	0	0	0	0	0	0	0	0	0	0	0	
N78	4.55648e-013	1.80771e-011	4.5145e-010	4.98154e-010	9.13417e-011	3.45636e-011	1.16394e-009	1.29725e-007	1.09459e-005	0.000583548	0.0172226	0.213076	0.520052	0.213545	0.0328487	0.00254631	0.000111593	2.9377e-006	4.95647e-008	1.66026e-009	7.96253e-010	3.82148e-010	1.29656e-010	3.12867e-011	5.39617e-012	6.90533e-013	6.88573e-014	1.19994e-014	1.80878e-015	5.21877e-016	3.88357e-017	3.2351e-018	6.84257e-020	2.14281e-021	2.15054e-023	3.53713e-025	2.07489e-027	2.07729e-029	7.85761e-032	5.17545e-034	1.33459e-036	6.13533e-039	1.22248e-041	4.87214e-044	1.63966e-046	
Blaberus_discoidalis	0	0	0	0	0	0	0	0	0	0	0	0	1	0	0	0	0	0	0	0	0	0	0	0	0	0	0	0	0	0	0	0	0	0	0	0	0	0	0	0	0	0	0	0	0	
Blaberus_giganteus	0	0	0	0	0	0	0	0	0	0	0	0	0	0	0	0	0	0	0	0	0	0	0	0	0	0	0	0	0	0	1	0	0	0	0	0	0	0	0	0	0	0	0	0	0	
Byrsotria_fumigata	0	0	0	0	0	0	0	0	0	0	0	0	0	0	0	0	0	1	0	0	0	0	0	0	0	0	0	0	0	0	0	0	0	0	0	0	0	0	0	0	0	0	0	0	0	
N79	3.06884e-010	3.76965e-009	2.21846e-008	9.47554e-008	9.5125e-007	7.722e-006	3.60033e-005	0.00014966	0.00146823	0.0169418	0.0892221	0.196113	0.227217	0.157801	0.0678214	0.0207208	0.017134	0.0368701	0.0569106	0.0559295	0.0355725	0.0149326	0.00418866	0.000823671	0.000117361	1.92072e-005	2.60415e-006	4.84263e-007	3.97009e-008	3.83232e-009	1.64564e-010	8.72705e-012	2.23016e-013	7.39147e-015	1.24674e-016	2.81523e-018	3.34134e-020	5.36913e-022	4.60478e-024	5.36924e-026	3.36605e-028	2.93927e-030	1.47144e-032	1.18796e-034	1.01108e-036	
Eublaberus_distanti	0	0	0	0	0	0	0	0	0	0	0	0	0	0	0	0	0	0	0	0	0	0	0	0	0	0	1	0	0	0	0	0	0	0	0	0	0	0	0	0	0	0	0	0	0	
Eublaberus_posticus	0	0	0	0	0	0	0	0	0	0	0	0	0	0	0	1	0	0	0	0	0	0	0	0	0	0	0	0	0	0	0	0	0	0	0	0	0	0	0	0	0	0	0	0	0	
Gromphadorhina_portentosa	0	0	0	0	0	0	0	0	0	0	0	0	0	0	0	0	0	0	0	0	0	0	0	0	0	1	0	0	0	0	0	0	0	0	0	0	0	0	0	0	0	0	0	0	0	
N80	2.10032e-010	6.72641e-010	2.62012e-009	1.05821e-008	1.96427e-007	7.19428e-006	0.000151335	0.00104076	0.00225053	0.00201128	0.000559176	7.91938e-005	5.83619e-005	6.98529e-005	5.9328e-005	3.66778e-005	5.8931e-005	0.000667638	0.00639534	0.0379249	0.125328	0.218336	0.221617	0.189489	0.112532	0.0622485	0.0160395	0.00280575	0.000219064	1.38469e-005	4.68132e-007	1.43728e-008	2.59246e-010	4.57808e-012	4.98256e-014	5.64989e-016	4.03268e-018	3.17542e-020	1.57931e-022	9.16234e-025	3.36591e-027	1.56236e-029	5.21188e-032	2.6677e-034	1.58626e-036	
Lanxoblatta_emarginata	0	0	0	0	0	0	0	0	0	0	0	0	0	0	0	0	0	0	0	0	0	0	0	0	0	0	1	0	0	0	0	0	0	0	0	0	0	0	0	0	0	0	0	0	0	
Phoetalia_sp	0	0	0	0	0	0	0	0	0	0	0	0	0	0	0	0	0	0	0	0	1	0	0	0	0	0	0	0	0	0	0	0	0	0	0	0	0	0	0	0	0	0	0	0	0	
N81	1.73684e-010	1.79574e-009	2.46829e-008	2.93015e-007	2.89453e-006	2.59533e-005	0.000214494	0.00150244	0.00879677	0.0378312	0.0989881	0.155835	0.175971	0.178467	0.162671	0.11189	0.0506694	0.0142972	0.00251032	0.000297714	2.63341e-005	3.05109e-006	2.43315e-007	3.21738e-008	1.69826e-009	2.17341e-010	7.94125e-012	2.0492e-012	5.2635e-014	1.26899e-014	2.44561e-016	4.6184e-017	7.72968e-019	1.31955e-019	1.98322e-021	3.01333e-022	3.72172e-024	4.56513e-025	4.3367e-027	4.01054e-028	2.89543e-030	1.95322e-031	1.10554e-033	5.8584e-035	1.51906e-036	
Epilampra_sp	0	0	0	0	0	0	0	0	0	0	0	0	0	0	1	0	0	0	0	0	0	0	0	0	0	0	0	0	0	0	0	0	0	0	0	0	0	0	0	0	0	0	0	0	0	
Nauphoeta_cinerea	0	0	0	0	0	0	0	0	0	0	0	0	1	0	0	0	0	0	0	0	0	0	0	0	0	0	0	0	0	0	0	0	0	0	0	0	0	0	0	0	0	0	0	0	0	
Pycnoscelus_surinamensis	0	0	0	0	0	0	0	0	0	0	0	1	0	0	0	0	0	0	0	0	0	0	0	0	0	0	0	0	0	0	0	0	0	0	0	0	0	0	0	0	0	0	0	0	0	
Macropanesthia_rhinoceros	0	0	0	0	0	0	0	0	0	0	0	0	0	0	0	0	0	0	0	0	0	0	0	0	0	0	0	0	0	0	0	0	0	1	0	0	0	0	0	0	0	0	0	0	0	
N82	5.12342e-006	1.54907e-005	6.49306e-005	0.000262675	0.000924417	0.00282415	0.00778645	0.0203153	0.0501425	0.107603	0.180979	0.223913	0.198485	0.125438	0.0568125	0.0187635	0.00460889	0.000891245	0.000138664	2.18297e-005	2.96449e-006	6.07099e-007	7.72677e-008	1.4913e-008	1.37113e-009	1.84525e-010	1.14383e-011	1.03614e-012	4.35262e-014	2.70707e-015	7.83794e-017	3.44375e-018	7.0108e-020	2.2462e-021	3.2853e-023	7.93403e-025	8.56993e-027	1.62078e-028	1.33636e-030	2.0461e-032	1.3644e-034	1.85552e-036	1.50342e-038	3.3382e-040	1.04421e-041	
Diploptera_punctata	0	0	0	0	0	0	0	0	0	0	0	0	0	0	0	0	0	1	0	0	0	0	0	0	0	0	0	0	0	0	0	0	0	0	0	0	0	0	0	0	0	0	0	0	0	
N83	5.7134e-006	1.7504e-005	7.32872e-005	0.000290094	0.000982803	0.00292288	0.00811867	0.0216761	0.0535952	0.112418	0.18367	0.221918	0.193779	0.121628	0.0551091	0.0182677	0.00451205	0.000862846	0.000132345	1.85623e-005	2.39568e-006	3.7629e-007	4.77776e-008	7.48052e-009	6.91913e-010	9.76112e-011	5.49584e-012	1.0692e-012	3.39633e-014	1.12814e-014	2.34681e-016	8.43782e-017	1.31257e-018	3.84784e-019	4.66664e-021	1.06211e-021	1.02812e-023	1.82726e-024	1.44004e-026	2.02868e-027	1.33506e-029	1.54183e-030	8.87279e-033	9.66574e-034	6.16259e-035	
Galiblatta_sp	0	0	0	0	0	0	0	1	0	0	0	0	0	0	0	0	0	0	0	0	0	0	0	0	0	0	0	0	0	0	0	0	0	0	0	0	0	0	0	0	0	0	0	0	0	
N84	1.22014e-007	1.01541e-006	1.41448e-005	5.42661e-005	0.000110499	0.000438548	0.00242065	0.00477203	0.00495089	0.00321993	0.00416059	0.02868	0.115099	0.240342	0.285619	0.201976	0.0848414	0.0205506	0.00259554	0.000150023	4.8134e-006	1.0947e-007	1.82292e-009	2.83746e-011	3.39392e-013	3.97434e-015	3.36544e-017	2.76334e-019	1.63044e-021	9.45209e-024	3.99432e-026	1.69295e-028	5.29123e-031	1.6969e-033	4.03093e-036	1.0077e-038	1.86253e-041	3.73177e-044	5.49768e-047	9.14492e-050	1.14133e-052	1.75776e-055	2.3844e-058	4.43526e-061	9.0782e-064	
Panchlora_nivea	0	0	0	0	0	0	0	0	0	0	0	1	0	0	0	0	0	0	0	0	0	0	0	0	0	0	0	0	0	0	0	0	0	0	0	0	0	0	0	0	0	0	0	0	0	
Rhabdoblatta_sp	0	0	0	0	0	0	0	0	0	0	0	0	0	0	0	0	0	0	1	0	0	0	0	0	0	0	0	0	0	0	0	0	0	0	0	0	0	0	0	0	0	0	0	0	0	
Panchlora_viridis	0	0	0	0	0	0	0	0	0	0	0	0	1	0	0	0	0	0	0	0	0	0	0	0	0	0	0	0	0	0	0	0	0	0	0	0	0	0	0	0	0	0	0	0	0	
N85	0.00367924	0.00668326	0.0152618	0.035763	0.075395	0.131857	0.183187	0.198028	0.165001	0.105715	0.0520985	0.0198307	0.00585829	0.00135448	0.000246819	3.59182e-005	4.20471e-006	4.06712e-007	3.27365e-008	2.3865e-009	1.57259e-010	1.1637e-011	8.05688e-013	6.6429e-014	4.35909e-015	3.15088e-016	1.69333e-017	9.81623e-019	4.20507e-020	1.95194e-021	6.69503e-023	2.5242e-024	6.99903e-026	2.18001e-027	4.93694e-029	1.2926e-030	2.41779e-032	5.42285e-034	8.50214e-036	1.68024e-037	2.35275e-039	4.65552e-041	8.22e-043	2.27155e-044	8.45066e-046	
Margattea_sp	0	0	0	0	0	0	0	0	0	1	0	0	0	0	0	0	0	0	0	0	0	0	0	0	0	0	0	0	0	0	0	0	0	0	0	0	0	0	0	0	0	0	0	0	0	
Supella_longipalpa	0	0	0	1	0	0	0	0	0	0	0	0	0	0	0	0	0	0	0	0	0	0	0	0	0	0	0	0	0	0	0	0	0	0	0	0	0	0	0	0	0	0	0	0	0	
Ectobius_pallidus	0	0	0	0	1	0	0	0	0	0	0	0	0	0	0	0	0	0	0	0	0	0	0	0	0	0	0	0	0	0	0	0	0	0	0	0	0	0	0	0	0	0	0	0	0	
N86	0.00058538	0.00131585	0.00402614	0.0127716	0.0362018	0.0840074	0.151655	0.206954	0.210028	0.157294	0.086623	0.0351585	0.0105472	0.00237014	0.000400942	5.45208e-005	5.97462e-006	7.93325e-007	9.35655e-008	1.97144e-008	2.2607e-009	4.06283e-010	3.44421e-011	4.48172e-012	2.75063e-013	2.60873e-014	1.17031e-015	8.25254e-017	2.73873e-018	1.46798e-019	3.64567e-021	1.51874e-022	2.85868e-024	9.49853e-026	1.37014e-027	3.7163e-029	4.21073e-031	9.86808e-033	8.9792e-035	1.88743e-036	1.71912e-038	4.87183e-040	9.48121e-042	4.60555e-043	2.61771e-044	
N87	0.00242371	0.00481576	0.0121735	0.0306052	0.0676094	0.122999	0.177707	0.199958	0.173507	0.115815	0.0594494	0.0235687	0.00724069	0.0017415	0.0003293	5.02372e-005	6.20213e-006	6.82463e-007	6.6028e-008	7.4261e-009	7.44874e-010	9.39215e-011	8.56449e-012	9.10848e-013	6.52043e-014	5.37545e-015	2.96447e-016	1.90229e-017	8.1475e-019	4.14002e-020	1.39198e-021	5.70381e-023	1.52262e-024	5.12922e-026	1.09851e-027	3.09868e-029	5.3981e-031	1.30751e-032	1.88561e-034	4.06212e-036	5.43484e-038	1.30179e-039	2.85473e-041	1.06577e-042	5.09943e-044	
N88	0.00466219	0.0101306	0.0277443	0.0692157	0.13643	0.201353	0.218174	0.172613	0.099852	0.0425242	0.0134444	0.0031923	0.000575236	7.9806e-005	8.60617e-006	7.37129e-007	5.04195e-008	2.91752e-009	1.41523e-010	7.09944e-012	3.19705e-013	1.94914e-014	8.95976e-016	5.47021e-017	2.12861e-018	1.06783e-019	3.31466e-021	1.32996e-022	3.29534e-024	1.06833e-025	2.13156e-027	5.66366e-029	9.18651e-031	2.03086e-032	2.70028e-034	5.03607e-036	5.54282e-038	8.87183e-040	8.15317e-042	1.13952e-043	9.12539e-046	1.23861e-047	1.2674e-049	2.70626e-051	7.74559e-053	
N89	2.32122e-006	5.10167e-005	0.00146105	0.024941	0.199963	0.528539	0.214797	0.0284724	0.00171595	5.63501e-005	1.12092e-006	1.46249e-008	1.31294e-010	8.58921e-013	4.18433e-015	1.65082e-017	5.24446e-020	1.61618e-022	4.27528e-025	1.28057e-027	3.00525e-030	7.87938e-033	1.47351e-035	3.03744e-038	4.37241e-041	7.02566e-044	7.84874e-047	1.00063e-049	8.816e-053	9.11512e-056	6.4256e-059	5.49479e-062	3.14883e-065	2.2799e-068	1.0766e-071	6.73206e-075	2.6916e-078	1.51661e-081	5.31878e-085	2.83293e-088	1.04598e-091	6.675e-095	3.85479e-098	3.20493e-101	2.63348e-104	
Blattella_bisignata	0	0	0	0	0	1	0	0	0	0	0	0	0	0	0	0	0	0	0	0	0	0	0	0	0	0	0	0	0	0	0	0	0	0	0	0	0	0	0	0	0	0	0	0	0	
Blattella_germanica	0	0	0	0	0	1	0	0	0	0	0	0	0	0	0	0	0	0	0	0	0	0	0	0	0	0	0	0	0	0	0	0	0	0	0	0	0	0	0	0	0	0	0	0	0	
Blattella_sauteri	0	0	0	0	0	1	0	0	0	0	0	0	0	0	0	0	0	0	0	0	0	0	0	0	0	0	0	0	0	0	0	0	0	0	0	0	0	0	0	0	0	0	0	0	0	
Loboptera_decipiens	0	0	0	0	0	0	0	0	0	0	1	0	0	0	0	0	0	0	0	0	0	0	0	0	0	0	0	0	0	0	0	0	0	0	0	0	0	0	0	0	0	0	0	0	0	
N90	0.000349157	0.000754829	0.00195125	0.00537823	0.0155955	0.0418164	0.0919951	0.157397	0.204833	0.201192	0.148245	0.0821613	0.0341953	0.0108736	0.00263867	0.0005238	8.40827e-005	1.39789e-005	2.00587e-006	3.63943e-007	4.67108e-008	7.12465e-009	6.83433e-010	7.65046e-011	5.3182e-012	4.37276e-013	2.2299e-014	1.37737e-015	5.24265e-017	2.49445e-018	7.19977e-020	2.70127e-021	6.01461e-023	1.82851e-024	3.18778e-026	8.04114e-028	1.13128e-029	2.49513e-031	2.93443e-033	5.93477e-035	7.18519e-037	1.79171e-038	3.80048e-040	1.31998e-041	5.48056e-043	
N91	8.9037e-005	0.000184226	0.000484057	0.0014355	0.00470819	0.0153215	0.0433443	0.0977151	0.167665	0.214708	0.202767	0.141273	0.0722923	0.0277642	0.00792589	0.00188009	0.000346002	7.87218e-005	1.29795e-005	3.61423e-006	4.94487e-007	1.12249e-007	1.10354e-008	1.80654e-009	1.27143e-010	1.51475e-011	7.77609e-013	6.89969e-014	2.63665e-015	1.78701e-016	5.16856e-018	2.73301e-019	6.1e-021	2.59184e-022	4.51463e-024	1.56557e-025	2.21015e-027	6.76948e-029	7.76331e-031	2.07572e-032	2.34435e-034	7.84387e-036	1.33189e-037	7.08976e-039	4.85003e-040	
N92	1.65394e-005	4.21119e-005	0.000133587	0.000401039	0.00108909	0.003215	0.0116413	0.0403856	0.106802	0.197714	0.248732	0.210512	0.119377	0.045639	0.01185	0.00214583	0.00027503	2.69389e-005	2.02731e-006	1.49029e-007	9.12258e-009	6.93182e-010	3.65947e-011	2.34358e-012	9.17066e-014	4.30504e-015	1.21657e-016	4.17679e-018	8.6698e-020	2.23055e-021	3.47173e-023	6.86925e-025	8.17431e-027	1.27571e-028	1.18048e-030	1.48681e-032	1.08923e-034	1.13621e-036	6.7072e-039	5.95122e-041	3.01216e-043	2.6004e-045	1.76134e-047	2.37387e-049	3.95733e-051	
N93	2.04964e-006	1.26752e-005	0.000104737	0.000453103	0.000975891	0.00250951	0.0140972	0.0656033	0.180412	0.286955	0.263643	0.138046	0.0401668	0.00639751	0.000587067	3.3091e-005	1.21112e-006	3.02575e-008	5.36052e-010	7.18637e-012	7.53878e-014	8.36732e-016	8.80165e-018	1.61543e-019	1.86444e-021	3.24772e-023	2.90858e-025	3.77531e-027	2.53377e-029	2.45686e-031	1.25086e-033	9.25792e-036	3.62381e-038	2.09132e-040	6.3689e-043	2.92537e-045	7.00919e-048	2.61566e-050	4.98367e-053	1.54241e-055	2.37472e-058	6.34461e-061	9.322e-064	3.14133e-066	1.33551e-068	
Hemithyrsocera_sp	0	0	0	0	0	0	1	0	0	0	0	0	0	0	0	0	0	0	0	0	0	0	0	0	0	0	0	0	0	0	0	0	0	0	0	0	0	0	0	0	0	0	0	0	0	
Xestoblatta_sp	0	0	0	0	0	0	0	0	0	0	0	0	1	0	0	0	0	0	0	0	0	0	0	0	0	0	0	0	0	0	0	0	0	0	0	0	0	0	0	0	0	0	0	0	0	
Symplocodes_sp	0	0	0	0	0	0	0	0	0	0	0	0	0	1	0	0	0	0	0	0	0	0	0	0	0	0	0	0	0	0	0	0	0	0	0	0	0	0	0	0	0	0	0	0	0	
Lobopterella_dimidiatipes	0	0	0	0	0	0	0	0	0	0	0	0	1	0	0	0	0	0	0	0	0	0	0	0	0	0	0	0	0	0	0	0	0	0	0	0	0	0	0	0	0	0	0	0	0	
Symploce_sp	0	0	0	0	0	0	0	1	0	0	0	0	0	0	0	0	0	0	0	0	0	0	0	0	0	0	0	0	0	0	0	0	0	0	0	0	0	0	0	0	0	0	0	0	0	
