NODE	9	10	11	12	13	14	15	16	17	18	19	20	21	22	23	24	25	26	27	28	29	30	31	32	33	34	35	36	37	38	39	40	41	42	
N1	0.112166	0.108969	0.103151	0.095484	0.0866765	0.0773274	0.0679138	0.0587934	0.0502189	0.0423576	0.035312	0.0291424	0.0238968	0.0196123	0.0161089	0.0132408	0.0108898	0.00896037	0.00737517	0.00607159	0.00499882	0.00411548	0.00338778	0.00278801	0.00229344	0.00188541	0.00154865	0.0012707	0.00104141	0.000852577	0.000697681	0.000571925	0.000473329	0.000407373	
N2	0.394354	0.133421	0.0656448	0.0479504	0.0424513	0.0398362	0.0383163	0.0377796	0.0381863	0.0391684	0.0246206	0.0209999	0.0152484	0.0131958	0.0101434	0.00843768	0.0062647	0.00491048	0.00349924	0.00266703	0.00191543	0.00152444	0.00120033	0.00108268	0.000980865	0.000987022	0.000946523	0.00094072	0.000846936	0.000757228	0.000617012	0.000484298	0.000352574	0.000268404	
N3	0.404938	0.134324	0.0631152	0.0440757	0.0384983	0.0371059	0.0379646	0.0404936	0.0438725	0.0467593	0.0277344	0.0222852	0.0143429	0.0111736	0.00748028	0.00561113	0.00371582	0.00275516	0.00187821	0.00149747	0.00116756	0.00111278	0.00104868	0.00113916	0.00112228	0.00115511	0.0010087	0.000877499	0.000634949	0.000457575	0.000292852	0.000185209	0.000108148	6.81459e-005	
N4	0.384767	0.124728	0.0568424	0.0401972	0.0379081	0.0409232	0.0467125	0.0534514	0.0586841	0.0600035	0.0302762	0.0211398	0.0111231	0.00772897	0.00451903	0.00328104	0.00208771	0.00169217	0.00130736	0.00138377	0.00139572	0.00171939	0.00172969	0.00186786	0.00151856	0.00127623	0.000783202	0.000503202	0.000234107	0.00012134	5.38271e-005	2.5354e-005	1.05486e-005	4.85692e-006	
N5	0.384884	0.124464	0.0581414	0.0435553	0.0435304	0.0487821	0.0554701	0.0597296	0.0585419	0.0518069	0.0244149	0.0147364	0.00696529	0.00424443	0.00233537	0.00166794	0.00123057	0.00127791	0.00140133	0.00185728	0.00211833	0.00244941	0.00217512	0.0018541	0.00115944	0.000702662	0.000304426	0.000135041	4.21848e-005	1.5146e-005	4.69985e-006	1.68583e-006	5.42088e-007	1.87887e-007	
N6	0.38101	0.123789	0.0588726	0.045453	0.0468956	0.0532217	0.0592638	0.0609494	0.0571395	0.0496996	0.0209276	0.0122661	0.00520768	0.00322749	0.00174267	0.00147846	0.00126574	0.00168276	0.00196899	0.00276672	0.00283053	0.00304691	0.0022147	0.00166014	0.000800042	0.000420106	0.000132782	5.20783e-005	1.04814e-005	3.14321e-006	6.38089e-007	1.99776e-007	5.4392e-008	2.03224e-008	
N7	0.380061	0.126009	0.0635096	0.0519225	0.0546272	0.0601051	0.062329	0.058402	0.048966	0.0370292	0.0127966	0.00651232	0.00259727	0.00191063	0.00154644	0.00216114	0.00267945	0.00404004	0.00446411	0.00537258	0.00441989	0.00394574	0.00222907	0.0014527	0.000547836	0.000267944	6.67473e-005	2.42644e-005	3.60337e-006	1.02312e-006	2.00775e-007	5.45756e-008	1.085e-008	2.41446e-009	
N8	0.38723	0.132701	0.0713392	0.0623016	0.0659873	0.0654727	0.055275	0.0400406	0.0263485	0.0170674	0.00556399	0.00365924	0.00235069	0.0033163	0.00417083	0.0073992	0.008883	0.0119772	0.0100414	0.00909457	0.00497023	0.00305557	0.00109823	0.000487003	0.000119737	4.07009e-005	6.87108e-006	1.78961e-006	1.76584e-007	3.61383e-008	4.93846e-009	1.06208e-009	1.68011e-010	3.2499e-011	
N9	0.383493	0.140738	0.0757176	0.0549931	0.0425449	0.0303908	0.019908	0.0128747	0.00981647	0.0114032	0.00977619	0.0172715	0.0213214	0.0334958	0.0344216	0.0374365	0.0267332	0.0197405	0.00966966	0.00522988	0.00187554	0.00081382	0.000228052	8.19429e-005	1.80159e-005	5.22446e-006	8.65112e-007	2.01285e-007	2.45446e-008	4.89899e-009	7.50366e-010	1.366e-010	1.97608e-011	3.44553e-012	
Acanthoxyla_geisovii	0	0	0	0	0	0	0	0	0	0	1	0	0	0	0	0	0	0	0	0	0	0	0	0	0	0	0	0	0	0	0	0	0	0	
N10	0.00108944	2.30865e-006	2.77218e-009	3.03429e-012	3.03788e-015	1.90214e-014	1.66881e-010	8.33798e-007	0.00182333	0.981997	0.0150071	8.0276e-005	1.55308e-007	2.14504e-010	1.63397e-013	1.03086e-016	4.08924e-020	1.49032e-023	3.54283e-027	8.32261e-031	1.25984e-034	1.9339e-038	1.86669e-042	1.82146e-046	1.09706e-050	6.56179e-055	2.37627e-059	8.19284e-064	1.64131e-068	2.85868e-073	2.92449e-078	1.93928e-083	5.59404e-089	4.74174e-095	
Acanthoxyla_inermis	0	0	0	0	0	0	0	0	0	1	0	0	0	0	0	0	0	0	0	0	0	0	0	0	0	0	0	0	0	0	0	0	0	0	
Clitarchus_hookeri	0	0	0	0	0	0	0	0	0	1	0	0	0	0	0	0	0	0	0	0	0	0	0	0	0	0	0	0	0	0	0	0	0	0	
N11	0.393125	0.137217	0.0757628	0.0659272	0.0659088	0.0601374	0.0467721	0.0319281	0.0211071	0.0159324	0.00571755	0.00485885	0.00330043	0.00516646	0.00622166	0.010157	0.0112626	0.0132874	0.0102554	0.00820489	0.00413512	0.00235744	0.000776451	0.000358265	7.84069e-005	3.56903e-005	5.29232e-006	2.91502e-006	2.06747e-007	1.00889e-007	1.02064e-008	8.07619e-009	3.8648e-009	3.59266e-009	
Ctenomorpha_sp	0	0	0	0	0	0	0	1	0	0	0	0	0	0	0	0	0	0	0	0	0	0	0	0	0	0	0	0	0	0	0	0	0	0	
Extatosoma_tiaratum	0	0	0	0	0	0	0	0	0	1	0	0	0	0	0	0	0	0	0	0	0	0	0	0	0	0	0	0	0	0	0	0	0	0	
N12	0.376469	0.127599	0.0660844	0.0537576	0.0535115	0.0550613	0.0547206	0.0507445	0.0444363	0.039169	0.0138113	0.00918424	0.00388068	0.00404686	0.00314516	0.00450232	0.00451155	0.00606437	0.00564459	0.00654497	0.00498827	0.00489528	0.00270902	0.00233749	0.000919508	0.000782114	0.000231702	0.000190431	2.83122e-005	1.70911e-005	4.0846e-006	3.47384e-006	2.02413e-006	1.67806e-006	
N13	0.29734	0.0919971	0.0391549	0.0272422	0.030728	0.0435831	0.0585033	0.0673406	0.0681736	0.0664016	0.0317425	0.0268228	0.0167699	0.0150426	0.0103726	0.00977326	0.00912214	0.0124695	0.0137686	0.0169382	0.014136	0.0132527	0.00812657	0.00597294	0.00274265	0.00159101	0.000540095	0.000250625	6.3803e-005	2.5534e-005	7.99128e-006	2.84933e-006	8.19091e-007	2.75556e-007	
Acrophylla_titan	0	0	0	0	0	0	0	0	0	1	0	0	0	0	0	0	0	0	0	0	0	0	0	0	0	0	0	0	0	0	0	0	0	0	
Phobaeticus_sp	0	0	0	0	0	0	0	0	0	0	0	0	0	0	0	0	0	1	0	0	0	0	0	0	0	0	0	0	0	0	0	0	0	0	
Podacanthus_wilkinsoni	0	0	0	0	0	0	0	0	0	1	0	0	0	0	0	0	0	0	0	0	0	0	0	0	0	0	0	0	0	0	0	0	0	0	
N14	0.325327	0.111663	0.0594797	0.050912	0.0538886	0.0572338	0.0571366	0.0538418	0.0491477	0.0449053	0.0200888	0.0155628	0.00973328	0.0110185	0.0104127	0.0136841	0.0128017	0.0139106	0.0102682	0.0085471	0.00483227	0.00315009	0.0013742	0.000713107	0.000237161	9.72364e-005	2.38062e-005	7.70832e-006	1.36191e-006	3.73715e-007	8.01959e-008	2.04032e-008	4.19378e-009	1.00497e-009	
N15	0.313231	0.116016	0.0652037	0.0517115	0.047827	0.0468713	0.0452775	0.0427784	0.0426634	0.0483308	0.0311205	0.0318702	0.0248928	0.0259433	0.0202895	0.0171591	0.0112574	0.00805113	0.00466998	0.00282464	0.00124414	0.000543712	0.000160495	4.97485e-005	9.8696e-006	2.31881e-006	3.18612e-007	6.07094e-008	5.85098e-009	1.05431e-009	1.56151e-010	2.94196e-011	4.29262e-012	6.58523e-013	
N16	0.225171	0.0724523	0.0332342	0.0263787	0.0317654	0.0382085	0.0392712	0.0424932	0.063757	0.110493	0.0797549	0.076313	0.0434228	0.0308726	0.016071	0.0139462	0.0116553	0.0141653	0.0102896	0.00979415	0.00486281	0.00348278	0.00122756	0.000661625	0.000170268	6.88772e-005	1.25141e-005	3.723e-006	3.98051e-007	9.10198e-008	1.30385e-008	2.98531e-009	4.82699e-010	1.01499e-010	
N17	0.0463168	0.0119482	0.0021476	0.000306478	3.84074e-005	3.12763e-005	0.000643062	0.012914	0.111922	0.346572	0.274975	0.14519	0.0373218	0.00843459	0.00110597	0.000123698	8.39606e-006	4.83943e-007	1.79915e-008	5.84144e-010	1.2815e-011	2.54433e-013	3.50632e-015	4.57449e-017	4.20072e-019	3.92896e-021	2.66732e-023	2.10069e-025	1.31709e-027	1.01615e-029	6.8452e-032	4.54956e-034	2.53608e-036	1.34963e-038	
N18	0.0338609	0.00725393	0.00103708	0.000109975	1.35848e-005	2.2797e-005	0.000629778	0.0150236	0.137182	0.375547	0.280804	0.119289	0.0248675	0.00396711	0.000364113	2.70597e-005	1.14815e-006	4.70786e-008	9.88312e-010	6.1741e-011	1.1064e-012	2.53447e-013	3.65807e-015	7.21824e-016	6.46656e-018	9.36133e-019	5.12727e-021	5.48145e-022	1.50201e-024	1.13293e-025	2.65607e-028	1.698e-029	5.22059e-032	3.61887e-033	
Bacillus_atticus	0	0	0	0	0	0	0	0	1	0	0	0	0	0	0	0	0	0	0	0	0	0	0	0	0	0	0	0	0	0	0	0	0	0	
Bacillus_grandii_grandii	0	0	0	0	0	0	0	0	1	0	0	0	0	0	0	0	0	0	0	0	0	0	0	0	0	0	0	0	0	0	0	0	0	0	
Bacillus_grandii_benazzii	0	0	0	0	0	0	0	0	1	0	0	0	0	0	0	0	0	0	0	0	0	0	0	0	0	0	0	0	0	0	0	0	0	0	
Bacillus_lynceorum	0	0	0	0	0	0	0	0	0	0	0	0	0	0	0	0	0	1	0	0	0	0	0	0	0	0	0	0	0	0	0	0	0	0	
N19	0.319085	0.117324	0.0683608	0.0578311	0.0528055	0.0453576	0.0402889	0.0453003	0.0608153	0.076206	0.0508282	0.0357481	0.0176731	0.00829091	0.0028885	0.00091876	0.000219974	4.8701e-005	8.09072e-006	1.3106e-006	1.57909e-007	2.0521e-008	1.94546e-009	2.22267e-010	1.77034e-011	1.81335e-012	1.25775e-013	1.16163e-014	7.53202e-016	6.29692e-017	4.24379e-018	2.97222e-019	1.71165e-020	1.07953e-021	
N20	0.000102955	8.02804e-005	0.000121548	0.000152529	0.000125942	0.00194427	0.0203478	0.114843	0.361612	0.499983	0.000684685	6.99692e-007	1.25092e-007	3.1223e-007	4.00273e-007	4.52244e-007	2.39468e-007	8.94242e-008	1.03776e-008	1.30547e-011	9.09637e-015	3.48284e-015	2.54735e-013	1.06328e-014	2.74858e-016	8.15797e-018	1.5277e-019	3.64204e-021	5.43215e-023	1.16997e-024	2.08461e-026	4.23032e-028	7.09911e-030	1.18908e-031	
N21	1.22346e-005	8.54661e-007	2.35071e-008	2.74741e-010	1.2408e-012	4.50274e-011	7.8502e-008	5.14156e-005	0.0133743	0.986402	0.000159175	3.23447e-007	3.14164e-009	8.12736e-011	1.0978e-012	1.72971e-014	2.89437e-015	5.37759e-016	4.26573e-017	1.01121e-019	8.72232e-023	7.27538e-026	1.43644e-027	6.36899e-029	1.4364e-030	5.76075e-032	2.56623e-034	4.36743e-035	3.04938e-039	3.31085e-041	1.62823e-043	3.5631e-046	3.16648e-049	8.25398e-053	
Clonopsis_felicitatis	0	0	0	0	0	0	0	0	0	1	0	0	0	0	0	0	0	0	0	0	0	0	0	0	0	0	0	0	0	0	0	0	0	0	
Clonopsis_soumiae	0	0	0	0	0	0	0	0	0	0	0	0	0	0	0	0	0	0	0	0	0	0	0	0	0	0	0	1	0	0	0	0	0	0	
Clonopsis_gallica	0	0	0	0	0	0	0	0	0	0	0	0	0	0	0	0	0	0	1	0	0	0	0	0	0	0	0	0	0	0	0	0	0	0	
Clonopsis_maroccana	0	0	1	0	0	0	0	0	0	0	0	0	0	0	0	0	0	0	0	0	0	0	0	0	0	0	0	0	0	0	0	0	0	0	
N22	0.00994123	0.0110255	0.00281865	0.000330469	2.69957e-005	1.73684e-006	4.17514e-007	7.75751e-006	0.000599115	0.0244575	0.168069	0.436949	0.253427	0.0803547	0.0108673	0.00106499	5.67318e-005	2.47116e-006	6.52742e-008	1.52297e-009	2.29496e-011	3.23022e-013	3.06335e-015	2.83549e-017	1.82535e-019	1.18853e-021	5.52447e-024	2.66665e-026	9.40934e-029	3.50128e-031	1.07667e-033	3.21751e-036	8.13912e-039	2.02475e-041	
N23	0.00916097	0.00808003	0.0020069	0.000196553	1.17132e-005	6.88332e-007	5.26674e-007	7.744e-006	0.000600895	0.024777	0.185871	0.455235	0.244641	0.0622551	0.00667017	0.000467126	1.74453e-005	5.04456e-007	8.2874e-009	1.39016e-010	1.10422e-012	4.26849e-014	4.03644e-016	1.03244e-016	9.03374e-019	1.83872e-019	9.51037e-022	1.38332e-022	2.69316e-025	2.79464e-026	3.79524e-029	3.07117e-030	3.94294e-033	2.94831e-034	
Leptynia_attenuata	0	0	0	0	0	0	0	0	0	1	0	0	0	0	0	0	0	0	0	0	0	0	0	0	0	0	0	0	0	0	0	0	0	0	
Leptynia_caprai	0	0	0	0	0	0	0	0	0	0	0	1	0	0	0	0	0	0	0	0	0	0	0	0	0	0	0	0	0	0	0	0	0	0	
Leptynia_montana	0	0	0	0	0	0	0	0	0	0	1	0	0	0	0	0	0	0	0	0	0	0	0	0	0	0	0	0	0	0	0	0	0	0	
Phalces_sp	0	0	0	0	0	0	0	0	0	1	0	0	0	0	0	0	0	0	0	0	0	0	0	0	0	0	0	0	0	0	0	0	0	0	
N24	0.311474	0.102737	0.0481164	0.0358702	0.0364826	0.0416417	0.0482481	0.0545891	0.0597804	0.0637911	0.0306108	0.0241054	0.0129222	0.0116365	0.00761607	0.00851832	0.00664716	0.00877181	0.00742546	0.0101901	0.00845512	0.0110084	0.00839658	0.0100955	0.00689155	0.00767385	0.00447058	0.00450417	0.00179565	0.00161113	0.000939355	0.00104466	0.000886996	0.00105225	
Carausius_morosus	0	0	0	0	0	0	0	0	0	0	0	0	0	0	0	0	0	0	0	0	0	0	0	0	1	0	0	0	0	0	0	0	0	0	
N25	0.0474652	0.026783	0.0302342	0.0465997	0.0655551	0.0715298	0.0624806	0.0518728	0.0558287	0.0832835	0.0801689	0.108305	0.101512	0.0850751	0.0472223	0.0235979	0.00855741	0.00291369	0.000766601	0.000197731	4.08582e-005	8.49051e-006	1.44139e-006	2.49218e-007	3.5711e-008	5.24102e-009	6.46855e-010	8.22651e-011	9.04769e-012	1.05841e-012	1.18964e-013	1.40857e-014	1.55901e-015	1.6464e-016	
N26	0.042893	0.0254428	0.0359726	0.0612666	0.0799455	0.074008	0.0534038	0.0420681	0.0570544	0.0949515	0.113426	0.125778	0.0988513	0.0590201	0.0249081	0.00833727	0.00212434	0.000455966	7.88696e-005	1.20423e-005	1.53559e-006	1.77693e-007	1.75379e-008	1.59623e-009	1.25801e-010	9.25293e-012	5.99705e-013	3.7048e-014	2.10274e-015	1.19155e-016	6.45589e-018	3.32114e-019	1.47734e-020	5.84532e-022	
Orxines_sp	0	0	0	0	0	0	0	0	0	0	1	0	0	0	0	0	0	0	0	0	0	0	0	0	0	0	0	0	0	0	0	0	0	0	
Pseudophasma_sp	0	0	0	1	0	0	0	0	0	0	0	0	0	0	0	0	0	0	0	0	0	0	0	0	0	0	0	0	0	0	0	0	0	0	
Sipyloidea_sipylus	0	0	0	0	0	0	0	0	0	0	0	0	0	0	0	0	0	0	0	0	0	0	0	0	0	0	0	0	0	0	0	1	0	0	
Phyllium_bioculatum	0	0	0	0	0	0	0	0	1	0	0	0	0	0	0	0	0	0	0	0	0	0	0	0	0	0	0	0	0	0	0	0	0	0	
N27	0.104411	0.0277351	0.00517684	0.000923227	0.000159065	3.58896e-005	7.64241e-005	0.0014219	0.0248818	0.212533	0.298342	0.219794	0.0750105	0.0227447	0.00507938	0.00124031	0.000307611	9.22609e-005	2.53868e-005	7.16859e-006	1.72438e-006	4.19495e-007	9.29963e-008	2.83762e-008	1.42137e-008	9.79743e-009	5.163e-009	1.96832e-009	4.27471e-010	6.51422e-011	6.8713e-012	5.68794e-013	3.6553e-014	2.20662e-015	
Bacillus_rossius	0	0	0	0	0	0	0	0	0	1	0	0	0	0	0	0	0	0	0	0	0	0	0	0	0	0	0	0	0	0	0	0	0	0	
Baculum_sp	0	0	0	0	0	0	0	0	0	0	0	0	0	0	0	0	0	0	0	0	0	0	0	0	0	0	0	1	0	0	0	0	0	0	
N28	0.0010245	0.00415966	0.0343994	0.189416	0.348666	0.274786	0.113788	0.028449	0.00472041	0.000555558	3.35286e-005	2.03638e-006	9.12099e-008	3.83799e-009	1.27969e-010	3.87507e-012	9.59071e-014	2.1614e-015	4.074e-017	7.071e-019	1.04569e-020	1.43925e-022	1.71388e-024	1.91581e-026	1.8769e-028	1.73754e-030	1.42542e-032	1.11066e-034	7.743e-037	5.14735e-039	3.12131e-041	1.79514e-043	9.49093e-046	4.98267e-048	
Timema_poppensis	0	0	0	1	0	0	0	0	0	0	0	0	0	0	0	0	0	0	0	0	0	0	0	0	0	0	0	0	0	0	0	0	0	0	
Timema_shepardi	0	0	0	1	0	0	0	0	0	0	0	0	0	0	0	0	0	0	0	0	0	0	0	0	0	0	0	0	0	0	0	0	0	0	
