NODE	9	10	11	12	13	14	15	16	17	18	19	20	21	22	23	24	25	26	27	28	29	30	31	32	33	34	35	36	37	38	39	40	41	42	
N1	0.133271	0.128609	0.120197	0.109097	0.096335	0.0828807	0.0696071	0.0572196	0.0461887	0.0367305	0.0288499	0.0224251	0.0172932	0.013281	0.0101405	0.00768342	0.00576582	0.00427637	0.00312808	0.00225194	0.00159238	0.00110395	0.000749148	0.000496942	0.000321881	0.000203433	0.000125422	7.54667e-005	4.4385e-005	2.55976e-005	1.45607e-005	8.26257e-006	4.80964e-006	3.14617e-006	
N2	0.404571	0.158311	0.0783791	0.0526192	0.0438908	0.0407396	0.0397729	0.0396859	0.0394667	0.038131	0.0224224	0.016059	0.00915324	0.00615689	0.0035711	0.00235588	0.00138332	0.000922935	0.000566294	0.000405025	0.000276446	0.000225476	0.000178082	0.00016389	0.000139286	0.000127755	0.00010182	8.25238e-005	5.65674e-005	3.84071e-005	2.28804e-005	1.314e-005	6.90104e-006	4.01556e-006	
N3	0.416745	0.160333	0.0770601	0.0508196	0.0430784	0.0415683	0.0420552	0.0424567	0.0413674	0.038075	0.0190837	0.012173	0.00576232	0.00351178	0.00176272	0.00113854	0.00063784	0.00046974	0.000315858	0.00028767	0.000239314	0.000249613	0.000213849	0.000204629	0.000148203	0.000113714	6.33795e-005	3.73969e-005	1.57301e-005	7.43281e-006	2.95887e-006	1.28324e-006	4.92265e-007	2.21904e-007	
N4	0.426905	0.16312	0.0779504	0.0517726	0.0446377	0.043502	0.0434958	0.0422948	0.0389446	0.0335717	0.0149449	0.00862745	0.00353465	0.00199983	0.000932246	0.000641308	0.000410628	0.000400898	0.000356292	0.000416625	0.000377287	0.000392151	0.000286437	0.000232082	0.000125148	7.71206e-005	2.96756e-005	1.40514e-005	3.70202e-006	1.4289e-006	4.23407e-007	1.7e-007	5.58651e-008	2.26011e-008	
N5	0.431315	0.164205	0.0786732	0.0529284	0.0465305	0.0457458	0.044937	0.0417961	0.0361672	0.0290216	0.0109955	0.00587442	0.00220719	0.00138803	0.000771159	0.000777676	0.000686746	0.00091537	0.00088214	0.00109452	0.00087621	0.000876922	0.000532146	0.00042255	0.000191684	0.000122084	4.01417e-005	1.98629e-005	4.00788e-006	1.51382e-006	3.66709e-007	1.44529e-007	4.28336e-008	1.75207e-008	
N6	0.431421	0.164216	0.0786787	0.0529541	0.0465835	0.0458123	0.0449779	0.0417629	0.0360352	0.028935	0.010899	0.00583901	0.00218568	0.00138677	0.000771103	0.00078712	0.00069446	0.000933126	0.000894329	0.00111594	0.000885582	0.000891382	0.000534347	0.000427433	0.000190531	0.000122681	3.92968e-005	1.98901e-005	3.86275e-006	1.4996e-006	3.45892e-007	1.39336e-007	3.93923e-008	1.80979e-008	
N7	0.427571	0.165478	0.0818968	0.0570239	0.0507881	0.0482223	0.0435159	0.036222	0.0282625	0.0213681	0.00778247	0.00479611	0.00231752	0.00224177	0.00185604	0.00261163	0.00263242	0.00358106	0.00309185	0.00330382	0.00213317	0.00171484	0.000807302	0.000497147	0.000171949	8.25747e-005	2.03439e-005	7.44618e-006	1.09231e-006	3.02794e-007	5.4596e-008	1.60143e-008	3.50219e-009	1.07851e-009	
N8	0.396154	0.160936	0.0832635	0.0561777	0.0449111	0.0371507	0.029624	0.0228857	0.0183337	0.0171501	0.0104631	0.0121669	0.0113167	0.0153887	0.0149866	0.0178199	0.0147169	0.0138609	0.00898816	0.00670398	0.00341274	0.00208507	0.000851119	0.000432286	0.000140837	5.85207e-005	1.46739e-005	4.95133e-006	9.22293e-007	2.65902e-007	5.92795e-008	1.65453e-008	3.77803e-009	1.1184e-009	
Acanthoxyla_geisovii	0	0	0	0	0	0	0	0	0	0	1	0	0	0	0	0	0	0	0	0	0	0	0	0	0	0	0	0	0	0	0	0	0	0	
N9	0.000565887	8.68365e-007	6.97408e-010	4.47505e-013	2.7482e-016	1.52605e-014	1.40679e-010	7.36736e-007	0.00170975	0.987998	0.0096931	3.15763e-005	3.70942e-008	3.15684e-011	1.49034e-014	5.94381e-018	1.50398e-021	3.41143e-025	5.13372e-029	7.17194e-033	6.71361e-037	5.93774e-041	3.50449e-045	1.9587e-049	7.22583e-054	2.48906e-058	5.54225e-063	1.10813e-067	1.37113e-072	1.40159e-077	8.68819e-083	3.44164e-088	6.06708e-094	3.09429e-100	
Acanthoxyla_inermis	0	0	0	0	0	0	0	0	0	1	0	0	0	0	0	0	0	0	0	0	0	0	0	0	0	0	0	0	0	0	0	0	0	0	
Clitarchus_hookeri	0	0	0	0	0	0	0	0	0	1	0	0	0	0	0	0	0	0	0	0	0	0	0	0	0	0	0	0	0	0	0	0	0	0	
N10	0.427412	0.167074	0.0836414	0.0584001	0.0509672	0.0464519	0.0399736	0.0320044	0.0250132	0.0210234	0.00807197	0.00605187	0.00301155	0.00341871	0.0026974	0.0038583	0.00359102	0.0045908	0.00367147	0.00365694	0.00219992	0.00170922	0.000745149	0.00048413	0.000151417	9.22789e-005	2.05215e-005	1.35225e-005	1.54335e-006	8.5894e-007	1.16002e-007	9.40379e-008	3.96534e-008	4.70645e-008	
Ctenomorpha_sp	0	0	0	0	0	0	0	1	0	0	0	0	0	0	0	0	0	0	0	0	0	0	0	0	0	0	0	0	0	0	0	0	0	0	
Extatosoma_tiaratum	0	0	0	0	0	0	0	0	0	1	0	0	0	0	0	0	0	0	0	0	0	0	0	0	0	0	0	0	0	0	0	0	0	0	
Acrophylla_titan	0	0	0	0	0	0	0	0	0	1	0	0	0	0	0	0	0	0	0	0	0	0	0	0	0	0	0	0	0	0	0	0	0	0	
N11	0.0162251	0.0217261	0.036983	0.0543219	0.0566651	0.0345204	0.0721623	0.152791	0.197812	0.140033	0.0277767	0.00550005	0.00560455	0.0172721	0.0332694	0.0514069	0.0442227	0.024865	0.00584927	0.000905108	8.13204e-005	5.93144e-006	2.87899e-007	1.24722e-008	3.85683e-010	1.12164e-011	2.43608e-013	5.12835e-015	8.34096e-017	1.33606e-018	1.79747e-020	2.29348e-022	2.51791e-024	2.78266e-026	
Phobaeticus_sp	0	0	0	0	0	0	0	0	0	0	0	0	0	0	0	0	0	1	0	0	0	0	0	0	0	0	0	0	0	0	0	0	0	0	
Podacanthus_wilkinsoni	0	0	0	0	0	0	0	0	0	1	0	0	0	0	0	0	0	0	0	0	0	0	0	0	0	0	0	0	0	0	0	0	0	0	
N12	0.393442	0.153938	0.07697	0.0536628	0.0478484	0.0464889	0.0445688	0.0409179	0.0363467	0.0322045	0.0156336	0.0116933	0.00699169	0.00666277	0.00529672	0.00585101	0.00493459	0.00505734	0.00373914	0.00319895	0.001934	0.00134994	0.000656042	0.000372724	0.000143672	6.61907e-005	1.98502e-005	7.48297e-006	1.74472e-006	5.65293e-007	1.47009e-007	4.49063e-008	1.15495e-008	3.67069e-009	
N13	0.38982	0.159217	0.0824029	0.055696	0.0443653	0.0373474	0.0323257	0.0298346	0.0308115	0.0354624	0.0232149	0.0215071	0.014582	0.0133093	0.00942581	0.00789997	0.00510722	0.00361889	0.00197941	0.00116726	0.000520595	0.000250768	8.73542e-005	3.39793e-005	9.05185e-006	2.89516e-006	5.85422e-007	1.57739e-007	2.39834e-008	5.95463e-009	1.2005e-009	3.11276e-010	6.54886e-011	1.6346e-011	
N14	0.0710675	0.0272335	0.0165197	0.0148391	0.0134339	0.0124429	0.0251382	0.075686	0.169154	0.25384	0.139939	0.0782322	0.0268239	0.0167915	0.0139414	0.0163769	0.0123711	0.00931071	0.00422378	0.00191945	0.000530154	0.000152017	2.68238e-005	5.09471e-006	5.97045e-007	7.83593e-008	6.2702e-009	5.97949e-010	3.39525e-011	2.53454e-012	1.45558e-013	9.39487e-015	4.88221e-016	2.92783e-017	
N15	0.017179	0.0061958	0.00169486	0.000331474	6.99374e-005	0.000144731	0.00247113	0.0325118	0.17771	0.36091	0.252581	0.107996	0.0300906	0.00841279	0.00148581	0.000198009	1.59419e-005	9.45054e-007	3.60945e-008	1.05183e-009	2.06709e-011	3.25281e-013	3.53398e-015	3.28173e-017	2.10214e-019	1.27423e-021	5.20033e-024	3.14971e-026	8.45875e-028	1.42756e-028	3.19216e-029	1.03692e-029	4.46296e-030	2.64664e-030	
Bacillus_atticus	0	0	0	0	0	0	0	0	1	0	0	0	0	0	0	0	0	0	0	0	0	0	0	0	0	0	0	0	0	0	0	0	0	0	
N16	0.0158108	0.0053722	0.00139077	0.000251894	5.68217e-005	0.000138747	0.00243592	0.0329728	0.182409	0.365118	0.254124	0.104243	0.0275593	0.00689343	0.0010865	0.000127234	8.83515e-006	4.634e-007	1.45588e-008	5.50269e-010	7.54715e-012	1.88081e-012	1.16243e-014	7.6943e-015	2.67879e-017	1.36772e-017	2.81744e-020	1.05465e-020	1.26026e-023	3.32128e-024	3.23176e-027	7.07403e-028	1.30877e-030	3.62098e-031	
Bacillus_grandii_benazzii	0	0	0	0	0	0	0	0	1	0	0	0	0	0	0	0	0	0	0	0	0	0	0	0	0	0	0	0	0	0	0	0	0	0	
Bacillus_grandii_grandii	0	0	0	0	0	0	0	0	1	0	0	0	0	0	0	0	0	0	0	0	0	0	0	0	0	0	0	0	0	0	0	0	0	0	
Bacillus_lynceorum	0	0	0	0	0	0	0	0	0	0	0	0	0	0	0	0	0	1	0	0	0	0	0	0	0	0	0	0	0	0	0	0	0	0	
N17	0.38839	0.171903	0.0974426	0.0662355	0.0467521	0.0316184	0.0251204	0.0308647	0.0433773	0.0498598	0.0273086	0.0143589	0.00480388	0.00153314	0.00034452	7.38597e-005	1.16153e-005	1.8025e-006	2.08026e-007	2.50361e-008	2.23036e-009	2.17729e-010	1.54957e-011	1.24685e-012	7.25516e-014	4.88752e-015	2.41755e-016	1.41494e-017	6.31699e-019	3.35687e-020	1.55305e-021	7.79602e-023	3.53087e-024	1.89268e-025	
N18	3.6093e-006	2.3804e-007	1.76626e-008	1.03421e-009	4.17252e-010	2.23809e-008	5.69207e-006	0.000712683	0.0434076	0.955831	3.81833e-005	1.29247e-009	7.63882e-011	9.10607e-012	4.94895e-013	4.38335e-012	3.12676e-010	2.05457e-008	4.93208e-007	5.18859e-008	1.99114e-009	6.91786e-011	1.30475e-012	2.73273e-014	3.35361e-016	5.04441e-018	4.33499e-020	5.00636e-022	2.93927e-024	2.81842e-026	2.04074e-028	1.90206e-030	1.35567e-032	9.72841e-035	
N19	1.49206e-006	1.49874e-007	9.54631e-009	3.76728e-010	9.15661e-012	2.45317e-009	1.29731e-006	0.000312453	0.0321938	0.967456	3.48638e-005	1.95936e-009	4.38704e-011	3.48033e-012	1.17369e-013	6.11815e-015	2.9526e-015	2.14689e-015	5.07929e-016	4.70429e-019	1.41877e-022	9.487e-026	1.28153e-027	2.1629e-029	1.52195e-031	9.56499e-034	1.64566e-036	3.75433e-038	1.20163e-043	2.04191e-047	7.49365e-052	2.56458e-056	2.87598e-053	7.78535e-055	
Clonopsis_felicitatis	0	0	0	0	0	0	0	0	0	1	0	0	0	0	0	0	0	0	0	0	0	0	0	0	0	0	0	0	0	0	0	0	0	0	
Clonopsis_soumiae	0	0	0	0	0	0	0	0	0	0	0	0	0	0	0	0	0	0	0	0	0	0	0	0	0	0	0	1	0	0	0	0	0	0	
Clonopsis_gallica	0	0	0	0	0	0	0	0	0	0	0	0	0	0	0	0	0	0	1	0	0	0	0	0	0	0	0	0	0	0	0	0	0	0	
Clonopsis_maroccana	0	0	1	0	0	0	0	0	0	0	0	0	0	0	0	0	0	0	0	0	0	0	0	0	0	0	0	0	0	0	0	0	0	0	
N20	0.0119878	0.0157101	0.00198572	0.000126838	6.58663e-006	6.12262e-007	1.34148e-006	8.46874e-005	0.00401409	0.0835367	0.305166	0.422929	0.129273	0.02306	0.00197794	0.000134011	5.45815e-006	1.92404e-007	4.46541e-009	9.44411e-011	1.38394e-012	1.92413e-014	1.91925e-016	1.87877e-018	1.3554e-020	9.8693e-023	5.42034e-025	3.06709e-027	1.33805e-029	6.07869e-032	2.34169e-034	8.84972e-037	2.89325e-039	9.43382e-042	
Leptynia_attenuata	0	0	0	0	0	0	0	0	0	1	0	0	0	0	0	0	0	0	0	0	0	0	0	0	0	0	0	0	0	0	0	0	0	0	
N21	0.000806748	0.00184789	0.000115069	2.34147e-006	4.9736e-008	4.5917e-009	1.26768e-008	1.51132e-006	0.000304188	0.0220254	0.320355	0.551986	0.0965087	0.00589849	0.000146	2.35334e-006	1.88993e-008	2.01151e-010	1.15562e-012	5.07208e-014	4.75026e-016	2.07082e-017	1.33711e-019	3.64504e-021	1.47905e-023	2.57686e-025	6.10495e-028	6.88477e-030	7.23276e-033	5.2616e-035	3.88764e-038	2.14619e-040	1.48603e-043	8.49824e-046	
Leptynia_caprai	0	0	0	0	0	0	0	0	0	0	0	1	0	0	0	0	0	0	0	0	0	0	0	0	0	0	0	0	0	0	0	0	0	0	
Leptynia_montana	0	0	0	0	0	0	0	0	0	0	1	0	0	0	0	0	0	0	0	0	0	0	0	0	0	0	0	0	0	0	0	0	0	0	
N22	0.373272	0.144961	0.0706273	0.0475572	0.0418518	0.0420861	0.0439855	0.0457335	0.0465763	0.046424	0.0225848	0.0166101	0.00846953	0.00704911	0.00436568	0.00445837	0.00332928	0.00395331	0.00323886	0.00399863	0.00321804	0.00377244	0.00277377	0.0029514	0.00190179	0.00178813	0.000948318	0.000762348	0.000286003	0.000197805	9.65815e-005	7.67074e-005	4.92303e-005	4.46105e-005	
N23	0.321648	0.128116	0.0643875	0.044397	0.0397323	0.0401736	0.0418701	0.043835	0.0465855	0.0512009	0.0282639	0.0246968	0.0146548	0.0141707	0.00979008	0.0109386	0.00863302	0.0103066	0.00836334	0.00971243	0.00745116	0.00804258	0.00560417	0.00559029	0.00347755	0.00324262	0.00173984	0.00150449	0.000584893	0.00045338	0.000240199	0.000231027	0.000176221	0.000186286	
Carausius_morosus	0	0	0	0	0	0	0	0	0	0	0	0	0	0	0	0	0	0	0	0	0	0	0	0	1	0	0	0	0	0	0	0	0	0	
N24	0.20128	0.0851285	0.0507535	0.0446995	0.049386	0.0554921	0.057038	0.0542114	0.0531523	0.0611153	0.050208	0.0552361	0.0469169	0.0450905	0.0337936	0.0259802	0.0153505	0.00884144	0.00388994	0.00165768	0.00054417	0.000175617	4.43583e-005	1.1228e-005	2.26485e-006	4.63797e-007	7.69885e-008	1.30203e-008	1.81418e-009	2.57078e-010	3.1995e-011	3.9032e-012	4.30959e-013	5.47838e-014	
Orxines_sp	0	0	0	0	0	0	0	0	0	0	1	0	0	0	0	0	0	0	0	0	0	0	0	0	0	0	0	0	0	0	0	0	0	0	
N25	0.0461771	0.0368752	0.050245	0.0709847	0.0917274	0.106891	0.114177	0.11244	0.103073	0.0938746	0.0626353	0.054539	0.0324728	0.0158536	0.00561463	0.00180588	0.000466636	0.000116655	2.42202e-005	5.20293e-006	9.21309e-007	1.89763e-007	3.11285e-008	6.94444e-009	1.12945e-009	2.72053e-010	4.33168e-011	1.06797e-011	1.81129e-012	5.15347e-013	1.31762e-013	4.07278e-014	9.82743e-015	2.26941e-015	
Pseudophasma_sp	0	0	0	1	0	0	0	0	0	0	0	0	0	0	0	0	0	0	0	0	0	0	0	0	0	0	0	0	0	0	0	0	0	0	
Sipyloidea_sipylus	0	0	0	0	0	0	0	0	0	0	0	0	0	0	0	0	0	0	0	0	0	0	0	0	0	0	0	0	0	0	0	1	0	0	
Phalces_sp	0	0	0	0	0	0	0	0	0	1	0	0	0	0	0	0	0	0	0	0	0	0	0	0	0	0	0	0	0	0	0	0	0	0	
N26	0.401395	0.157002	0.0771202	0.0512023	0.0425094	0.0395645	0.0388529	0.0390671	0.0398356	0.0421365	0.0227109	0.0174021	0.00895949	0.00668632	0.00348066	0.00278424	0.00143433	0.00136215	0.000691507	0.00086476	0.00043617	0.000718419	0.000357533	0.000688199	0.000324205	0.000650492	0.000275144	0.000556155	0.000154499	0.000252302	7.56101e-005	0.000142454	8.03427e-005	0.00022661	
N27	0.205002	0.0865421	0.0496739	0.0401311	0.0399638	0.0415947	0.041809	0.0402836	0.0383782	0.038005	0.024282	0.0233121	0.0195943	0.0226296	0.0228341	0.0278642	0.0284532	0.0324098	0.0302651	0.0308227	0.0257079	0.023481	0.017665	0.0147399	0.0102133	0.00796421	0.00521845	0.00389377	0.00247523	0.00179153	0.00119705	0.000844933	0.000556083	0.000401593	
Bacillus_rossius	0	0	0	0	0	0	0	0	0	1	0	0	0	0	0	0	0	0	0	0	0	0	0	0	0	0	0	0	0	0	0	0	0	0	
Baculum_sp	0	0	0	0	0	0	0	0	0	0	0	0	0	0	0	0	0	0	0	0	0	0	0	0	0	0	0	1	0	0	0	0	0	0	
Phyllium_bioculatum	0	0	0	0	0	0	0	0	1	0	0	0	0	0	0	0	0	0	0	0	0	0	0	0	0	0	0	0	0	0	0	0	0	0	
N28	0.0188762	0.0159321	0.0329031	0.083145	0.168549	0.233621	0.216914	0.139048	0.0640685	0.0220311	0.00405428	0.000743306	9.992e-005	1.30432e-005	1.35345e-006	1.31566e-007	1.04759e-008	7.74433e-010	4.7866e-011	2.75956e-012	1.3532e-013	6.23631e-015	2.4809e-016	9.33882e-018	3.07358e-019	9.62345e-021	2.66414e-022	7.0449e-024	1.66358e-025	3.76371e-027	7.76611e-029	1.52527e-030	2.75967e-032	5.20859e-034	
Timema_poppensis	0	0	0	1	0	0	0	0	0	0	0	0	0	0	0	0	0	0	0	0	0	0	0	0	0	0	0	0	0	0	0	0	0	0	
Timema_shepardi	0	0	0	1	0	0	0	0	0	0	0	0	0	0	0	0	0	0	0	0	0	0	0	0	0	0	0	0	0	0	0	0	0	0	
