NODE	13	14	15	16	17	18	19	20	21	22	23	24	25	26	27	28	29	30	31	32	33	34	35	36	37	38	39	40	41	42	43	44	45	46	47	48	49	50	51	
N1	2.15862e-011	2.67359e-009	5.64334e-007	5.25616e-005	0.00171498	0.0177358	0.0650045	0.156556	0.349145	0.32441	0.0810179	0.00431768	4.54917e-005	1.37463e-007	1.68399e-010	1.03852e-013	1.42642e-018	2.12014e-020	2.5532e-022	2.5366e-024	2.10864e-026	1.48451e-028	8.9469e-031	4.66124e-033	2.11787e-035	8.45902e-038	2.99147e-040	9.42774e-043	2.66343e-045	6.78152e-048	1.56419e-050	3.28587e-053	6.32826e-056	1.1285e-058	1.89333e-061	3.05809e-064	4.87192e-067	7.74619e-070	1.31313e-072	
N2	5.4636e-010	4.96091e-008	3.80986e-006	0.000156157	0.00290492	0.0217072	0.067472	0.147844	0.328248	0.326814	0.0972608	0.00744461	0.000143811	1.03218e-006	4.12984e-009	1.2271e-011	1.07201e-013	1.01299e-013	3.85408e-015	2.91739e-015	6.54954e-017	3.46532e-017	4.10876e-019	1.598e-019	9.89739e-022	2.86834e-022	1.12277e-024	2.4894e-025	6.94054e-028	1.2166e-028	2.28515e-031	3.2459e-032	6.11627e-035	7.24844e-036	1.19553e-038	5.93548e-040	5.17063e-043	1.08819e-044	5.2543e-046	
N3	4.07882e-009	1.80239e-007	1.2504e-005	0.000401206	0.00556843	0.0323234	0.0827894	0.169146	0.380863	0.273267	0.0528439	0.00274169	4.32772e-005	2.56347e-007	6.697e-010	8.90158e-013	8.55584e-016	8.51314e-018	1.17871e-019	2.33869e-021	1.72103e-023	1.87786e-025	6.72376e-028	4.41815e-030	7.69535e-033	3.23828e-035	3.2137e-038	9.22702e-041	5.8467e-044	1.22105e-046	4.89205e-050	7.62655e-053	2.33506e-056	2.81443e-059	5.52856e-063	3.38345e-066	4.21335e-070	1.77774e-073	1.69127e-076	
N4	8.88686e-014	4.53047e-012	2.71749e-009	7.9218e-007	8.92146e-005	0.0034224	0.0459121	0.308113	0.55754	0.0824493	0.00245418	1.96128e-005	5.50315e-008	6.83803e-011	4.52632e-014	7.12953e-017	9.88575e-020	9.36062e-022	7.79878e-025	4.31233e-027	1.85239e-030	6.04342e-033	1.45512e-036	2.87487e-039	4.43209e-043	5.88422e-046	7.85342e-050	1.02712e-052	1.65372e-056	2.30089e-059	3.03078e-063	3.2681e-066	2.69976e-070	1.92415e-073	1.01732e-077	4.31852e-081	1.63241e-085	4.93335e-089	1.21474e-092	
N5	2.99521e-021	3.00272e-020	2.73506e-016	1.6132e-012	4.42922e-009	4.7759e-006	0.00162237	0.117875	0.864377	0.016075	4.5327e-005	3.69754e-008	1.19938e-011	1.87918e-015	1.64738e-019	3.38289e-023	1.30917e-026	3.58585e-029	1.05381e-032	1.55228e-035	2.68499e-039	2.23071e-042	2.14217e-046	1.07104e-049	5.69081e-054	1.80447e-057	6.07915e-062	1.27402e-065	2.51059e-070	3.19912e-074	3.67904e-079	2.578e-083	1.84634e-088	7.55121e-093	5.67349e-098	1.0009e-101	4.44185e-106	3.15452e-109	3.23377e-112	
N6	6.56329e-025	6.47903e-025	1.89122e-020	4.63651e-016	5.94264e-012	3.40181e-008	6.74999e-005	0.0291242	0.961376	0.0094206	1.12053e-005	3.69281e-009	4.83889e-013	3.08926e-017	1.09447e-021	3.31678e-026	6.73675e-030	9.9743e-032	4.10155e-035	3.45172e-037	9.27997e-041	4.41988e-043	7.55315e-047	2.12124e-049	1.99061e-053	3.47232e-056	1.43585e-060	1.42473e-062	1.96721e-065	1.5822e-066	1.08776e-069	2.13184e-071	1.0533e-074	1.07437e-076	3.79696e-080	2.8478e-082	1.33336e-085	1.15358e-086	1.51692e-087	
N7	5.34915e-034	4.31178e-035	6.60128e-029	6.3979e-023	2.68476e-017	4.52485e-012	2.39932e-007	0.00232574	0.996569	0.00110529	8.6669e-008	1.47351e-012	8.55564e-018	2.06512e-023	2.21666e-029	1.21491e-035	2.61691e-040	2.8769e-041	1.57718e-043	2.83678e-043	4.33783e-041	4.56351e-038	4.83988e-038	1.03302e-036	1.01405e-036	1.68341e-035	1.32697e-035	1.70082e-034	5.77644e-035	5.84903e-034	4.51668e-035	7.55782e-035	4.48824e-036	4.82925e-036	2.1924e-037	2.15378e-037	1.61359e-038	2.21509e-037	4.17365e-036	
N8	1.62186e-032	6.14861e-033	1.50404e-027	1.02467e-021	2.45589e-016	2.01245e-011	5.40079e-007	0.00298717	0.995608	0.00140399	1.78373e-007	5.55986e-012	6.16652e-017	2.48762e-022	3.81737e-028	4.41085e-033	2.6515e-036	1.31568e-039	5.10471e-043	2.32504e-045	5.84617e-049	8.07946e-050	1.3596e-053	7.8456e-055	8.40717e-059	1.68857e-059	7.63183e-061	9.99091e-058	1.19933e-057	8.88592e-055	9.3921e-057	4.43782e-056	6.10181e-059	7.45546e-060	3.60433e-064	5.39361e-066	1.42616e-070	1.29408e-069	4.03758e-069	
N9	8.14876e-028	2.7107e-025	9.80317e-021	2.48533e-016	3.35975e-012	2.07014e-008	4.4723e-005	0.0206102	0.973362	0.00597749	5.13575e-006	1.34211e-009	1.48968e-013	8.45504e-018	2.75966e-022	5.62399e-027	9.02891e-032	1.50652e-033	1.38504e-036	8.07744e-038	5.15499e-041	1.81492e-042	8.49145e-046	1.84215e-047	6.57217e-051	8.74866e-053	2.41434e-056	1.91231e-058	3.43442e-062	1.6023e-064	2.02467e-069	3.19559e-071	5.35331e-074	2.69885e-075	7.52552e-079	8.32575e-081	6.86271e-084	2.7029e-084	9.71953e-085	
N10	1.10426e-032	4.17871e-034	1.34998e-028	8.78869e-023	2.37675e-017	2.52771e-012	9.91678e-008	0.0010015	0.997886	0.00111211	1.21884e-007	3.45913e-012	3.68462e-017	1.61059e-022	3.02927e-028	3.79325e-034	6.72366e-038	5.74799e-039	5.65208e-041	9.54682e-042	7.47587e-044	8.5179e-045	5.35862e-047	4.0171e-048	2.01298e-050	9.94321e-052	5.01169e-053	4.01277e-052	7.15035e-050	1.87891e-045	7.17089e-043	1.24789e-039	8.10819e-038	1.35576e-035	9.5854e-037	9.11142e-037	1.31194e-037	1.21877e-036	1.32982e-035	
N11	5.08867e-034	2.91483e-034	1.29469e-028	4.80399e-023	1.00628e-017	1.06224e-012	4.69168e-008	0.000612022	0.998662	0.000725794	6.58968e-008	1.76525e-012	1.97703e-017	1.11522e-022	3.54964e-028	6.88408e-034	1.01283e-039	1.11164e-042	7.57249e-047	2.70842e-049	1.13637e-053	2.13278e-056	5.57176e-061	5.32777e-064	8.49997e-069	3.84371e-072	3.47924e-077	6.46094e-081	2.4214e-086	1.46626e-090	1.09152e-097	1.11315e-103	7.67779e-112	5.73975e-037	1.31658e-038	1.2931e-038	1.03375e-039	3.43866e-038	1.10909e-036	
Amitermes_darwini	0	0	0	0	0	0	0	0	1	0	0	0	0	0	0	0	0	0	0	0	0	0	0	0	0	0	0	0	0	0	0	0	0	0	0	0	0	0	0	
Amitermes_germanus	0	0	0	0	0	0	0	0	1	0	0	0	0	0	0	0	0	0	0	0	0	0	0	0	0	0	0	0	0	0	0	0	0	0	0	0	0	0	0	
N12	9.65552e-034	1.11232e-034	8.53503e-029	5.57035e-023	1.57575e-017	1.85327e-012	8.18917e-008	0.000927332	0.997987	0.00108552	1.13325e-007	3.04262e-012	3.07608e-017	1.30431e-022	2.43601e-028	3.97162e-034	8.30895e-038	3.50486e-041	1.00919e-044	2.18108e-046	4.05799e-050	2.71402e-051	3.3671e-055	1.08502e-056	8.35709e-061	1.45553e-062	5.50366e-067	6.2092e-069	6.48346e-074	5.23739e-076	1.37781e-082	3.2593e-086	6.18371e-093	4.18692e-097	5.29e-104	1.82325e-108	1.31398e-115	6.15509e-118	2.50296e-120	
Amitermes_parvus	0	0	0	0	0	0	0	0	1	0	0	0	0	0	0	0	0	0	0	0	0	0	0	0	0	0	0	0	0	0	0	0	0	0	0	0	0	0	0	
Drepanotermes_septentrionalis	0	0	0	0	0	0	0	0	1	0	0	0	0	0	0	0	0	0	0	0	0	0	0	0	0	0	0	0	0	0	0	0	0	0	0	0	0	0	0	
N13	9.12598e-026	6.76858e-024	3.94225e-019	1.58271e-014	3.28147e-010	2.89131e-006	0.00720717	0.208881	0.782791	0.0011179	3.0652e-007	2.99047e-011	1.36055e-015	3.36529e-020	4.99512e-025	4.79529e-030	3.66612e-035	2.16774e-038	2.64664e-042	5.44888e-045	4.49631e-049	5.37731e-052	3.06976e-056	2.1147e-059	8.46529e-064	4.7909e-067	1.29575e-069	9.75124e-071	3.50112e-070	5.36167e-068	1.13496e-067	1.0046e-066	3.20291e-067	2.39665e-067	8.50786e-071	3.68886e-073	2.21412e-076	7.80054e-078	3.11787e-079	
Procubitermes_sp	0	0	0	0	0	0	1	0	0	0	0	0	0	0	0	0	0	0	0	0	0	0	0	0	0	0	0	0	0	0	0	0	0	0	0	0	0	0	0	
N14	9.4908e-030	5.0512e-030	1.49469e-024	3.47369e-019	4.13133e-014	2.08588e-009	3.04154e-005	0.0198779	0.979423	0.000668855	6.21021e-008	1.73984e-012	2.05619e-017	1.22981e-022	4.1859e-028	3.09393e-032	4.04536e-036	2.5918e-038	2.05016e-042	6.55994e-045	3.17221e-049	5.02867e-052	1.44123e-056	1.08434e-059	1.4533e-064	4.89613e-068	3.99339e-074	4.28999e-078	1.05447e-084	2.44374e-089	1.72391e-096	2.2831e-102	1.5968e-110	3.70931e-037	7.68803e-039	7.67961e-039	2.64524e-039	1.2653e-037	4.80875e-036	
Tuberculitermes_bycanistes	0	0	0	0	0	0	0	0	1	0	0	0	0	0	0	0	0	0	0	0	0	0	0	0	0	0	0	0	0	0	0	0	0	0	0	0	0	0	0	
Unguitermes_sp	0	0	0	0	0	0	0	0	1	0	0	0	0	0	0	0	0	0	0	0	0	0	0	0	0	0	0	0	0	0	0	0	0	0	0	0	0	0	0	
N15	7.83843e-030	9.12988e-031	1.28233e-025	1.53098e-020	1.01549e-015	3.35622e-011	4.61902e-007	0.00188649	0.995829	0.00228378	6.71355e-007	5.82341e-011	2.09757e-015	3.76055e-020	3.74487e-025	2.24177e-030	1.01821e-035	3.08759e-039	1.6358e-043	1.25778e-043	3.23481e-042	2.0042e-040	3.15585e-042	5.94435e-043	8.05182e-045	1.04898e-045	1.23483e-047	1.05467e-048	9.71666e-051	4.78581e-052	6.6338e-055	5.41068e-057	4.29906e-060	2.87324e-062	1.51268e-065	9.06715e-068	9.21548e-071	4.28737e-072	2.1324e-073	
N16	3.5492e-038	1.05207e-037	1.85313e-032	6.35165e-026	9.72665e-020	5.66275e-014	1.03663e-008	0.000396663	0.999015	0.000587857	2.15985e-008	1.62031e-013	3.82385e-019	3.47055e-025	1.3894e-031	1.5816e-037	1.81814e-041	6.89838e-042	1.26365e-043	2.91898e-043	4.33743e-045	6.91758e-045	8.21379e-047	9.18612e-047	8.00908e-049	6.44342e-049	3.31857e-051	2.0055e-051	3.59536e-054	1.71221e-054	1.81082e-058	6.4701e-060	5.39491e-064	6.6118e-066	4.23298e-070	3.02719e-072	1.87822e-076	2.84227e-077	1.21637e-077	
N17	1.61067e-033	4.89736e-035	2.18421e-031	4.08661e-025	4.55646e-019	1.67974e-013	1.79029e-008	0.000453973	0.998899	0.000647172	3.37304e-008	4.13929e-013	1.53437e-018	1.93947e-024	1.4819e-030	3.32795e-034	1.67201e-037	6.60161e-041	2.09483e-044	6.02291e-048	1.28545e-051	4.20405e-053	5.33485e-057	8.7767e-058	7.05376e-062	4.99255e-063	2.08638e-067	6.89078e-069	7.28973e-074	1.55171e-075	1.87001e-082	6.58127e-086	5.33126e-093	4.41939e-097	1.83504e-104	7.73846e-109	1.50726e-116	4.12511e-121	6.97506e-120	
Ephelotermes_melachoma	0	0	0	0	0	0	0	0	1	0	0	0	0	0	0	0	0	0	0	0	0	0	0	0	0	0	0	0	0	0	0	0	0	0	0	0	0	0	0	
Ephelotermes_taylori	0	0	0	0	0	0	0	0	1	0	0	0	0	0	0	0	0	0	0	0	0	0	0	0	0	0	0	0	0	0	0	0	0	0	0	0	0	0	0	
Macrognathotermes_sunteri	0	0	0	0	0	0	0	0	1	0	0	0	0	0	0	0	0	0	0	0	0	0	0	0	0	0	0	0	0	0	0	0	0	0	0	0	0	0	0	
Lophotermes_septentrionalis	0	0	0	0	0	0	0	0	1	0	0	0	0	0	0	0	0	0	0	0	0	0	0	0	0	0	0	0	0	0	0	0	0	0	0	0	0	0	0	
N18	9.99037e-032	3.08737e-031	5.71422e-026	9.08924e-021	7.78962e-016	3.19077e-011	5.11275e-007	0.00218769	0.995624	0.00218711	5.53249e-007	3.87606e-011	1.07986e-015	1.44939e-020	1.05229e-025	4.4623e-031	1.67154e-036	2.83312e-038	8.25788e-042	2.32657e-043	4.46344e-047	6.85918e-049	9.0811e-053	7.74867e-055	7.25571e-059	3.85048e-061	6.12637e-064	1.30455e-062	5.86586e-062	1.41362e-059	1.31752e-060	4.30164e-060	7.10701e-062	1.71252e-062	2.17059e-066	1.86331e-068	8.2287e-072	4.13706e-072	1.85024e-072	
N19	5.10707e-029	1.27492e-029	1.44698e-024	1.40046e-019	7.14704e-015	1.72252e-010	1.61056e-006	0.00395605	0.990862	0.00517769	2.67927e-006	3.59274e-010	1.85536e-014	4.51953e-019	5.82107e-024	4.27927e-029	2.49853e-034	5.14621e-036	1.48293e-037	1.12072e-037	2.78413e-039	1.51972e-039	3.24299e-041	1.27215e-041	2.38082e-043	6.55864e-044	1.08363e-045	1.99453e-046	2.62255e-048	2.91297e-049	3.97167e-052	5.20442e-054	4.32586e-057	4.66156e-059	2.65709e-062	2.6416e-064	3.4626e-067	4.22858e-068	5.4225e-069	
N20	9.62503e-031	1.14907e-029	1.41795e-024	1.37519e-019	7.03979e-015	1.70319e-010	1.59928e-006	0.00394507	0.990884	0.00516642	2.66395e-006	3.55932e-010	1.8321e-014	4.45105e-019	5.72204e-024	4.18664e-029	2.78374e-034	4.01969e-036	2.7684e-039	2.75736e-040	1.2908e-043	7.26083e-045	2.3448e-048	7.79414e-050	1.63056e-053	3.42295e-055	3.7845e-059	5.42108e-061	1.87609e-065	1.96385e-067	3.38029e-073	2.28423e-076	2.92957e-082	6.27276e-086	5.87287e-092	6.92437e-096	5.84146e-102	1.64313e-104	1.24466e-106	
Crenetermes_albotarsalis	0	0	0	0	0	0	0	0	1	0	0	0	0	0	0	0	0	0	0	0	0	0	0	0	0	0	0	0	0	0	0	0	0	0	0	0	0	0	0	
Thoracotermes_macrothorax	0	0	0	0	0	0	0	0	1	0	0	0	0	0	0	0	0	0	0	0	0	0	0	0	0	0	0	0	0	0	0	0	0	0	0	0	0	0	0	
Cubitermes_sp	0	0	0	0	0	0	0	0	1	0	0	0	0	0	0	0	0	0	0	0	0	0	0	0	0	0	0	0	0	0	0	0	0	0	0	0	0	0	0	
N21	1.62575e-028	6.06935e-028	3.18859e-023	1.46764e-018	3.85878e-014	5.13816e-010	2.86216e-006	0.0047073	0.989705	0.00558113	4.02664e-006	8.58093e-010	7.6512e-014	3.45513e-018	8.90915e-023	1.4268e-027	1.80732e-032	1.71253e-034	1.01994e-037	3.17872e-039	1.30017e-042	2.41465e-044	7.14959e-048	8.05679e-050	1.78929e-053	1.21584e-055	2.01935e-059	8.05687e-062	8.11329e-066	4.17247e-068	8.39457e-072	8.44494e-074	1.97471e-077	1.3784e-079	2.15944e-083	1.30644e-085	5.63542e-089	9.71809e-090	1.59432e-090	
N22	3.03065e-029	1.55246e-029	1.41913e-024	1.1406e-019	5.1905e-015	1.18209e-010	1.10772e-006	0.00299217	0.993246	0.00375907	1.72641e-006	2.26725e-010	1.21847e-014	3.26441e-019	4.93695e-024	4.60703e-029	3.29656e-034	3.96132e-037	6.61896e-041	2.84303e-043	3.1523e-047	7.80196e-050	5.99266e-054	8.60845e-057	4.69822e-061	3.8979e-063	4.61027e-065	3.48136e-064	5.30994e-063	6.64598e-061	4.61719e-061	2.45246e-060	2.7988e-061	1.22606e-061	5.17662e-065	4.12369e-067	3.23578e-070	3.39955e-071	4.08601e-072	
N23	2.82436e-031	7.80599e-031	1.15655e-025	1.45297e-020	1.02893e-015	3.6222e-011	5.18844e-007	0.00209828	0.995242	0.00265888	8.16315e-007	7.00185e-011	2.42816e-015	4.16836e-020	4.0212e-025	2.37895e-030	1.04471e-035	4.66901e-038	1.33397e-041	2.69584e-043	5.24299e-047	6.20226e-049	8.57357e-053	6.01839e-055	5.93036e-059	2.47372e-061	1.56204e-065	3.93279e-068	1.02977e-072	1.66545e-075	2.12885e-081	2.12924e-085	1.77903e-091	7.15879e-096	3.73888e-102	9.69089e-107	6.3529e-113	4.16975e-116	3.52685e-119	
Microcerotermes_boreus	0	0	0	0	0	0	0	0	1	0	0	0	0	0	0	0	0	0	0	0	0	0	0	0	0	0	0	0	0	0	0	0	0	0	0	0	0	0	0	
Microcerotermes_nervosus	0	0	0	0	0	0	0	0	1	0	0	0	0	0	0	0	0	0	0	0	0	0	0	0	0	0	0	0	0	0	0	0	0	0	0	0	0	0	0	
Pericapritermes_sp	0	0	0	0	0	0	0	0	1	0	0	0	0	0	0	0	0	0	0	0	0	0	0	0	0	0	0	0	0	0	0	0	0	0	0	0	0	0	0	
N24	2.21781e-033	8.47072e-035	4.93079e-029	2.33436e-023	5.92408e-018	7.29738e-013	3.67718e-008	0.00054181	0.99878	0.000678095	5.71288e-008	1.39868e-012	1.39614e-017	6.75517e-023	1.75188e-028	2.60201e-034	2.68331e-040	2.04567e-044	2.4901e-049	3.95883e-049	1.50042e-043	6.9863e-038	7.4002e-038	1.18607e-036	1.24105e-036	1.58802e-035	1.64479e-035	1.58022e-034	1.40452e-034	9.12576e-034	1.21915e-034	1.35949e-034	1.23446e-035	1.17952e-035	8.02206e-037	7.63203e-037	1.04763e-037	9.89056e-037	1.10716e-035	
N25	2.85894e-036	5.20424e-036	4.45207e-030	3.07375e-024	1.16464e-018	2.17466e-013	1.66798e-008	0.000370449	0.99917	0.000459346	2.53488e-008	4.02146e-013	2.61019e-018	8.33281e-024	1.45891e-029	1.50151e-035	1.08852e-041	3.0917e-044	2.62568e-048	2.86067e-050	1.49481e-054	8.25532e-057	2.68088e-061	7.34352e-064	1.43967e-068	1.83748e-071	1.91442e-076	1.02584e-079	3.49434e-085	6.7869e-089	2.4881e-096	4.73323e-102	1.80857e-110	6.7881e-038	7.05908e-040	7.12679e-040	2.52616e-041	2.10264e-039	1.67879e-037	
Nasutitermes_graveolus	0	0	0	0	0	0	0	0	1	0	0	0	0	0	0	0	0	0	0	0	0	0	0	0	0	0	0	0	0	0	0	0	0	0	0	0	0	0	0	
Nasutitermes_triodiae	0	0	0	0	0	0	0	0	1	0	0	0	0	0	0	0	0	0	0	0	0	0	0	0	0	0	0	0	0	0	0	0	0	0	0	0	0	0	0	
N26	3.116e-036	3.87631e-036	3.4324e-030	2.44745e-024	9.58114e-019	1.85316e-013	1.48104e-008	0.000346428	0.999229	0.000424418	2.20646e-008	3.33998e-013	2.08323e-018	6.412e-024	1.08325e-029	1.07459e-035	7.52551e-042	1.51542e-044	1.04372e-048	7.72195e-051	3.27232e-055	1.22491e-057	3.2283e-062	5.99107e-065	9.59233e-070	8.27824e-073	7.27952e-078	2.60034e-081	8.28604e-087	1.03112e-090	3.8557e-098	5.04637e-104	1.88987e-112	1.0241e-037	1.27213e-039	1.26916e-039	6.0083e-041	4.10227e-039	2.6062e-037	
Nasutitermes_longipennis	0	0	0	0	0	0	0	0	1	0	0	0	0	0	0	0	0	0	0	0	0	0	0	0	0	0	0	0	0	0	0	0	0	0	0	0	0	0	0	
Tumulitermes_pastinator	0	0	0	0	0	0	0	0	1	0	0	0	0	0	0	0	0	0	0	0	0	0	0	0	0	0	0	0	0	0	0	0	0	0	0	0	0	0	0	
N27	1.26137e-024	1.75948e-024	3.33809e-020	5.69358e-016	5.33608e-012	2.39887e-008	4.17794e-005	0.0192026	0.96273	0.0179858	3.93739e-005	2.37088e-008	5.6766e-012	6.63529e-016	4.31215e-020	1.7318e-024	7.40436e-029	7.75692e-031	5.05369e-034	7.05199e-036	3.04756e-039	2.42685e-041	7.31322e-045	3.35699e-047	7.18189e-051	7.52279e-053	1.66104e-054	1.88949e-053	1.0196e-052	6.35779e-051	2.73904e-051	8.73823e-051	6.42252e-052	1.83437e-052	2.13753e-055	4.05447e-057	7.96875e-060	1.85058e-060	5.06424e-061	
Macrotermes_bellicosus	0	0	0	0	0	0	0	0	1	0	0	0	0	0	0	0	0	0	0	0	0	0	0	0	0	0	0	0	0	0	0	0	0	0	0	0	0	0	0	
N28	1.2212e-025	7.48562e-025	1.60987e-020	2.98409e-016	3.07579e-012	1.54332e-008	3.05657e-005	0.0163432	0.965855	0.0177339	3.76496e-005	2.1974e-008	5.10929e-012	5.81451e-016	3.68935e-020	1.43196e-024	4.48661e-029	8.1806e-031	9.80092e-034	5.06501e-035	4.17665e-038	1.27945e-039	7.49303e-043	1.39897e-044	5.60351e-048	6.56365e-050	1.50455e-053	1.15954e-055	9.36704e-060	4.95275e-062	4.93971e-067	3.36752e-070	2.33963e-075	6.34796e-079	3.07107e-084	5.30512e-088	2.43244e-093	4.28035e-096	1.79688e-098	
N29	2.76454e-027	1.7328e-027	7.99292e-023	3.18285e-018	7.2418e-014	8.32334e-010	3.97952e-006	0.00556976	0.98774	0.00668071	5.71223e-006	1.42744e-009	1.48207e-013	7.76589e-018	2.32296e-022	4.34255e-027	6.3159e-032	8.58468e-035	2.19756e-038	1.0569e-040	1.85717e-044	5.29019e-047	6.67035e-051	1.1381e-053	1.05625e-057	1.06766e-060	7.33107e-065	3.28765e-067	1.71726e-069	1.03468e-070	1.00005e-073	1.78809e-075	9.16179e-078	5.6621e-079	2.58536e-082	1.43924e-084	7.70474e-088	3.30319e-089	1.96394e-090	
N30	1.05561e-033	2.54205e-034	1.18677e-028	4.61791e-023	1.00871e-017	1.09857e-012	4.92375e-008	0.000636644	0.998575	0.000788722	7.46662e-008	2.02455e-012	2.24841e-017	1.24085e-022	3.83463e-028	7.20535e-034	1.00017e-039	3.93298e-043	1.70499e-047	2.5623e-050	6.84897e-055	5.3932e-058	8.95932e-063	3.57633e-066	3.57186e-071	6.72215e-075	3.51249e-080	2.77985e-084	4.69989e-090	1.31931e-094	8.56028e-102	8.09164e-108	5.29269e-116	2.4031e-036	8.55768e-038	8.52455e-038	4.83902e-039	8.22617e-038	1.99885e-036	
Microtermes_sp	0	0	0	0	0	0	0	0	1	0	0	0	0	0	0	0	0	0	0	0	0	0	0	0	0	0	0	0	0	0	0	0	0	0	0	0	0	0	0	
Protermes_sp	0	0	0	0	0	0	0	0	1	0	0	0	0	0	0	0	0	0	0	0	0	0	0	0	0	0	0	0	0	0	0	0	0	0	0	0	0	0	0	
Odontotermes_sp	0	0	0	0	0	0	0	0	1	0	0	0	0	0	0	0	0	0	0	0	0	0	0	0	0	0	0	0	0	0	0	0	0	0	0	0	0	0	0	
Pseudacanthotermes_militaris	0	0	0	0	0	0	0	0	1	0	0	0	0	0	0	0	0	0	0	0	0	0	0	0	0	0	0	0	0	0	0	0	0	0	0	0	0	0	0	
N31	5.37831e-022	1.57675e-020	1.79766e-016	1.45983e-012	5.68738e-009	8.67533e-006	0.0036014	0.170396	0.813618	0.0123504	2.59859e-005	1.5875e-008	3.9367e-012	4.80346e-016	3.26724e-020	1.37383e-024	6.67425e-029	1.20874e-030	1.03513e-033	2.26489e-035	1.29349e-038	1.63324e-040	6.32279e-044	4.75149e-046	1.1819e-049	1.81019e-050	5.03027e-052	8.34069e-051	1.43041e-050	6.6274e-049	1.02005e-049	3.00223e-049	9.30952e-051	2.15491e-051	2.96275e-054	8.0785e-056	1.03941e-058	2.70764e-059	1.39652e-059	
N32	1.92099e-021	2.52217e-020	1.81453e-016	1.08472e-012	3.36312e-009	4.52619e-006	0.00194426	0.136133	0.83998	0.0218562	8.15416e-005	9.0816e-008	4.20663e-011	9.78925e-015	1.29279e-018	2.79001e-022	8.36546e-025	1.7462e-025	5.25835e-028	6.12513e-029	1.20322e-031	8.20711e-033	9.88019e-036	4.16791e-037	2.44802e-040	6.81166e-042	1.09061e-045	2.03325e-047	1.08104e-051	1.10903e-053	2.30936e-058	3.02473e-061	4.39601e-066	2.77822e-069	2.80688e-074	1.21831e-077	2.08763e-082	2.32224e-084	3.10512e-086	
Coptotermes_acinaciformis	0	0	0	0	0	0	0	0	1	0	0	0	0	0	0	0	0	0	0	0	0	0	0	0	0	0	0	0	0	0	0	0	0	0	0	0	0	0	0	
N33	1.06677e-024	3.08789e-025	7.48197e-021	1.55557e-016	1.79411e-012	1.00752e-008	2.24152e-005	0.0136417	0.976747	0.00957625	1.28978e-005	5.19662e-009	8.77264e-013	7.49088e-017	3.64762e-021	1.19378e-025	6.03121e-030	1.6445e-032	4.12195e-036	9.6012e-039	1.60051e-042	2.10126e-045	2.41369e-049	1.78471e-052	1.39267e-056	5.74416e-060	1.33218e-063	2.98527e-063	3.41499e-062	1.91096e-060	3.9496e-060	2.53897e-059	8.46579e-060	4.58302e-060	4.64189e-063	3.76989e-065	5.93141e-068	2.84367e-069	1.67028e-070	
Reticulitermes_flavipes	0	0	0	0	0	0	0	0	1	0	0	0	0	0	0	0	0	0	0	0	0	0	0	0	0	0	0	0	0	0	0	0	0	0	0	0	0	0	0	
N34	1.19987e-029	1.60055e-029	1.69601e-024	1.50225e-019	7.36362e-015	1.74751e-010	1.6211e-006	0.00396877	0.992299	0.00372914	1.57417e-006	1.82701e-010	8.47688e-015	1.93104e-019	2.45715e-024	1.91672e-029	1.33477e-034	6.47065e-037	1.51944e-040	1.46634e-042	2.32951e-046	1.3041e-048	1.43456e-052	4.75731e-055	3.44772e-059	6.92955e-062	2.71807e-066	3.45262e-069	4.42554e-074	3.65161e-077	5.91495e-083	5.69141e-087	5.99825e-093	2.23335e-097	1.50928e-103	3.37546e-108	2.07992e-114	4.81588e-118	2.21188e-121	
Reticulitermes_lucifugus	0	0	0	0	0	0	0	0	1	0	0	0	0	0	0	0	0	0	0	0	0	0	0	0	0	0	0	0	0	0	0	0	0	0	0	0	0	0	0	
Reticulitermes_urbis	0	0	0	0	0	0	0	0	1	0	0	0	0	0	0	0	0	0	0	0	0	0	0	0	0	0	0	0	0	0	0	0	0	0	0	0	0	0	0	
Schedorhinotermes_lamanianus	0	0	0	0	0	0	1	0	0	0	0	0	0	0	0	0	0	0	0	0	0	0	0	0	0	0	0	0	0	0	0	0	0	0	0	0	0	0	0	
N35	4.43965e-016	7.65184e-014	1.78181e-010	2.21811e-007	8.75036e-005	0.00468719	0.073371	0.517242	0.388208	0.0162932	0.000110176	2.05046e-007	1.47832e-010	7.21612e-014	9.24324e-017	1.50002e-019	2.20529e-022	1.35202e-023	1.08346e-025	6.54572e-027	2.14059e-029	5.17491e-031	6.59476e-034	7.14778e-036	3.97067e-039	2.36347e-041	1.12695e-042	1.76492e-041	8.31541e-042	1.92333e-041	2.6233e-043	3.5097e-044	1.51281e-046	7.58293e-048	2.00858e-050	5.99778e-052	1.2498e-054	4.37186e-056	4.27373e-057	
N36	2.28309e-016	8.68572e-013	2.12386e-009	2.16751e-006	0.000607843	0.0159782	0.134874	0.617372	0.226382	0.00476775	1.61762e-005	1.65293e-008	3.07545e-011	5.22295e-013	5.98413e-015	3.96323e-017	1.6902e-019	7.47163e-020	7.45651e-021	1.89477e-020	7.51584e-022	5.65425e-022	4.21113e-024	6.19169e-025	1.27493e-027	7.67452e-029	5.66027e-032	1.77835e-033	4.09782e-037	7.19499e-039	3.54288e-043	1.96822e-045	5.15729e-050	8.74826e-053	1.49316e-057	1.06786e-060	1.24642e-065	8.47638e-069	3.53222e-071	
N37	4.1687e-014	6.51917e-011	4.82012e-008	1.28512e-005	0.00101935	0.0177836	0.10673	0.648889	0.218694	0.0068232	4.75982e-005	1.04952e-007	8.61491e-011	3.148e-014	1.03579e-017	2.09649e-020	3.66321e-023	1.08235e-024	2.66371e-027	2.6042e-029	6.53247e-032	2.15739e-034	9.14545e-038	1.33687e-040	1.27958e-044	9.71534e-048	3.40998e-052	2.11123e-055	3.07645e-060	1.67647e-063	1.16318e-068	2.10738e-072	9.18614e-078	8.20207e-082	2.2563e-087	1.38139e-091	3.22967e-096	3.37274e-099	2.46814e-102	
N38	1.51352e-007	9.61915e-006	0.000283881	0.00390296	0.0227723	0.0443698	0.0660128	0.45869	0.331818	0.0666328	0.00531333	0.000190976	3.11202e-006	1.98927e-008	2.5144e-011	2.56074e-013	3.06801e-015	6.31978e-016	4.13013e-018	4.06732e-019	1.64169e-021	8.5327e-023	2.2055e-025	6.37936e-027	9.02043e-030	1.54833e-031	7.75889e-035	8.02062e-037	1.02925e-040	2.57888e-043	2.05811e-047	2.07001e-050	1.0274e-054	7.43724e-058	2.40651e-062	1.47728e-065	4.65998e-069	4.78528e-071	3.91272e-073	
Bifiditermes_improbus	0	0	0	0	0	1	0	0	0	0	0	0	0	0	0	0	0	0	0	0	0	0	0	0	0	0	0	0	0	0	0	0	0	0	0	0	0	0	0	
Neotermes_insularis	0	0	0	0	0	0	0	0	0	0	0	0	0	1	0	0	0	0	0	0	0	0	0	0	0	0	0	0	0	0	0	0	0	0	0	0	0	0	0	
N39	2.65265e-017	1.10965e-013	3.13234e-010	3.27722e-007	9.88713e-005	0.00640333	0.11758	0.772122	0.102897	0.000897548	1.46822e-006	7.45351e-010	1.55734e-013	1.62017e-017	1.16558e-021	4.37467e-024	2.83116e-027	2.42888e-029	7.55605e-033	3.62757e-035	4.72186e-039	1.35682e-041	6.65191e-046	1.10693e-048	3.20335e-053	3.63058e-056	1.25631e-060	1.36713e-063	2.47991e-068	1.66608e-071	1.36554e-076	3.32719e-080	1.77316e-085	1.95297e-089	7.11272e-095	4.52574e-099	1.37314e-104	3.1133e-108	1.8899e-111	
N40	2.81094e-013	5.97116e-011	1.48103e-007	2.70858e-005	0.0016357	0.0378298	0.308171	0.606073	0.0461877	7.49423e-005	3.20578e-008	5.68172e-012	5.17141e-016	2.74606e-020	9.29157e-025	6.00673e-029	1.84167e-032	1.08075e-034	3.47183e-038	1.24423e-040	2.88e-044	6.34399e-047	1.04005e-050	1.44733e-053	1.58707e-057	1.42477e-060	9.47138e-065	5.22314e-068	8.38067e-073	1.68739e-076	1.52609e-081	1.14714e-085	6.36267e-091	3.20982e-095	1.13166e-100	4.63104e-105	4.8878e-110	1.95353e-113	6.95607e-117	
N41	7.50843e-020	2.62649e-018	4.33672e-014	2.25626e-010	3.7568e-007	0.000201819	0.02978	0.760364	0.209466	0.000187411	3.79744e-008	2.87011e-012	6.37539e-016	1.39566e-017	8.23695e-021	8.48276e-023	2.39115e-026	1.12886e-028	6.60685e-033	1.66846e-035	3.70379e-040	5.12642e-043	5.4688e-048	4.0669e-051	2.35405e-056	9.03045e-060	2.08873e-064	3.67254e-064	4.14894e-064	9.12586e-063	3.42557e-063	1.7946e-062	1.22446e-063	6.20226e-064	1.54318e-067	2.80454e-069	5.24622e-070	1.39263e-070	2.73729e-071	
Cryptotermes_austrinus	0	0	0	0	0	0	0	1	0	0	0	0	0	0	0	0	0	0	0	0	0	0	0	0	0	0	0	0	0	0	0	0	0	0	0	0	0	0	0	
N42	2.16296e-024	1.85349e-024	9.56663e-020	3.59477e-015	6.17041e-011	3.92039e-007	0.000661477	0.158655	0.839625	0.00105788	2.22526e-007	1.54436e-011	4.76291e-016	8.9822e-021	9.2605e-025	1.97958e-026	7.95403e-030	9.00364e-032	2.05074e-035	1.24662e-037	1.45241e-041	5.2541e-044	2.68419e-048	6.22432e-051	1.18663e-055	1.77412e-058	1.08512e-063	8.55309e-067	1.81495e-072	1.35229e-076	1.73957e-082	6.83995e-087	5.31068e-093	1.50389e-097	7.26138e-104	1.69078e-108	1.14642e-112	9.00634e-116	4.77588e-119	
Cryptotermes_queenslandis	0	0	0	0	0	0	0	0	1	0	0	0	0	0	0	0	0	0	0	0	0	0	0	0	0	0	0	0	0	0	0	0	0	0	0	0	0	0	0	
Incisitermes_sp	0	0	0	0	0	0	0	0	1	0	0	0	0	0	0	0	0	0	0	0	0	0	0	0	0	0	0	0	0	0	0	0	0	0	0	0	0	0	0	
Cryptotermes_primus	0	0	1	0	0	0	0	0	0	0	0	0	0	0	0	0	0	0	0	0	0	0	0	0	0	0	0	0	0	0	0	0	0	0	0	0	0	0	0	
N43	2.06089e-017	4.55204e-015	2.08109e-012	3.92579e-009	2.14782e-006	0.000932339	0.0778184	0.835924	0.084832	0.000491165	1.73305e-007	1.41135e-011	4.12373e-016	5.62294e-021	7.89477e-026	1.76887e-028	3.0891e-032	6.4424e-033	1.46004e-034	5.93046e-035	7.80497e-037	2.2668e-037	1.32471e-039	2.8425e-040	9.10696e-043	1.45302e-043	3.57351e-046	4.60156e-047	5.50387e-050	3.28181e-051	2.61482e-054	5.32841e-056	3.14654e-059	3.86088e-061	1.66229e-064	1.65088e-066	2.88349e-069	6.13438e-070	1.16666e-070	
N44	8.73132e-016	7.56163e-014	1.15837e-011	1.03011e-008	2.9367e-006	0.00104691	0.0816258	0.826388	0.0902316	0.000704512	3.08824e-007	3.07498e-011	1.06634e-015	1.61285e-020	1.24223e-025	4.36803e-028	3.66036e-031	5.2815e-032	2.10426e-035	1.60018e-036	2.70795e-040	1.22172e-041	6.94697e-046	2.03753e-047	3.57598e-052	2.75149e-037	2.94258e-039	3.69586e-038	1.08075e-041	6.29791e-042	1.08567e-045	1.2881e-046	1.69119e-050	8.03201e-052	8.51239e-056	2.46928e-057	1.13085e-060	5.40354e-060	2.03676e-059	
N45	8.92022e-012	4.91616e-009	9.67921e-007	3.61556e-005	0.000482119	0.0197114	0.262256	0.660402	0.0566556	0.00045563	7.04676e-007	2.9142e-010	2.97494e-014	1.20757e-018	2.45953e-023	3.09558e-028	1.91648e-032	7.55798e-034	3.46813e-037	8.1992e-039	2.48819e-042	3.28309e-044	6.86728e-048	5.11243e-050	6.97806e-054	1.81462e-041	3.46929e-043	1.95786e-043	2.18339e-046	5.01689e-047	3.09883e-050	1.69994e-051	8.19443e-055	1.50114e-056	5.05842e-060	7.41512e-062	4.72714e-065	2.21557e-065	1.21583e-065	
Cryptotermes_brevis	0	0	0	0	0	1	0	0	0	0	0	0	0	0	0	0	0	0	0	0	0	0	0	0	0	0	0	0	0	0	0	0	0	0	0	0	0	0	0	
N46	3.13211e-006	9.31504e-005	0.000982615	0.000661225	0.000875828	0.0280119	0.274851	0.608946	0.0827714	0.00277152	3.20468e-005	1.1849e-007	2.95181e-011	2.77243e-015	1.40533e-019	1.21363e-021	2.22665e-024	1.69247e-025	1.94175e-028	7.84911e-030	6.05142e-033	1.35056e-034	6.43089e-038	8.16834e-040	1.07171e-043	9.06736e-046	3.69681e-050	1.93011e-052	2.19498e-057	1.90421e-060	1.47684e-065	4.01654e-069	2.03e-074	3.62893e-078	1.20001e-083	1.76285e-087	1.60179e-091	9.52401e-094	4.15326e-096	
Cryptotermes_domesticus	0	0	1	0	0	0	0	0	0	0	0	0	0	0	0	0	0	0	0	0	0	0	0	0	0	0	0	0	0	0	0	0	0	0	0	0	0	0	0	
Procryptotermes_australiensis	0	0	0	0	0	0	0	0	0	0	0	1	0	0	0	0	0	0	0	0	0	0	0	0	0	0	0	0	0	0	0	0	0	0	0	0	0	0	0	
Cryptotermes_cynocephalus	0	0	0	0	0	0	0	0	0	1	0	0	0	0	0	0	0	0	0	0	0	0	0	0	0	0	0	0	0	0	0	0	0	0	0	0	0	0	0	
N47	3.93464e-023	4.3461e-019	4.5159e-015	2.62907e-011	7.48576e-008	8.42855e-005	0.0257533	0.943059	0.0309959	0.000107555	9.90111e-008	3.5813e-011	6.31244e-015	6.2122e-019	3.80349e-023	1.7479e-026	1.50469e-029	1.98562e-031	1.24497e-034	9.53798e-037	4.17001e-040	1.90849e-042	5.82869e-046	1.59406e-048	2.77104e-052	4.73495e-055	3.43008e-059	3.61348e-062	8.87805e-067	3.45773e-070	5.04723e-075	7.24898e-079	6.58939e-084	6.45845e-088	3.76082e-093	3.12616e-097	8.88773e-102	9.31576e-105	8.13138e-108	
Cryptotermes_dudleyi	0	0	0	0	0	0	0	1	0	0	0	0	0	0	0	0	0	0	0	0	0	0	0	0	0	0	0	0	0	0	0	0	0	0	0	0	0	0	0	
Cryptotermes_secundus	0	0	0	0	0	0	0	1	0	0	0	0	0	0	0	0	0	0	0	0	0	0	0	0	0	0	0	0	0	0	0	0	0	0	0	0	0	0	0	
Kalotermes_flavicollis	0	0	0	0	0	0	0	0	0	0	0	0	0	0	0	0	0	0	0	0	0	1	0	0	0	0	0	0	0	0	0	0	0	0	0	0	0	0	0	
N48	4.31381e-016	8.1349e-016	9.14129e-013	8.44338e-010	4.0959e-007	9.15072e-005	0.00798327	0.205953	0.728739	0.056405	0.000823059	4.03341e-006	8.78993e-009	1.01441e-011	7.42605e-015	4.15818e-017	1.91946e-019	5.63378e-021	1.78501e-023	2.87529e-025	6.05557e-028	5.53216e-030	7.13608e-033	3.96334e-035	2.9968e-038	1.07419e-040	5.04842e-044	1.16104e-046	2.6425e-050	3.01808e-053	4.07292e-057	2.45489e-060	2.07861e-064	9.14928e-068	5.13999e-072	1.95064e-075	3.31687e-079	7.79592e-082	1.71413e-084	
Glyptotermes_brevicornis	0	0	0	0	0	0	0	0	1	0	0	0	0	0	0	0	0	0	0	0	0	0	0	0	0	0	0	0	0	0	0	0	0	0	0	0	0	0	0	
Glyptotermes_iridipennis	0	0	0	0	0	0	0	0	1	0	0	0	0	0	0	0	0	0	0	0	0	0	0	0	0	0	0	0	0	0	0	0	0	0	0	0	0	0	0	
N49	0.00130599	0.0113499	0.0476705	0.0821651	0.0492455	0.0135828	0.0168807	0.0985909	0.267712	0.274648	0.114261	0.0208438	0.00168784	5.48501e-005	4.99118e-007	2.02062e-009	4.88155e-012	8.62589e-014	1.09123e-015	8.17846e-017	6.91561e-019	2.90342e-020	1.65894e-022	4.10964e-024	1.60168e-026	2.42101e-028	6.0933e-031	5.72415e-033	8.1886e-036	4.75741e-038	3.56619e-041	1.16637e-043	5.33034e-047	1.01942e-049	3.05797e-053	3.95859e-056	9.07897e-060	1.72076e-062	6.16467e-065	
Stolotermes_sp	0	0	0	1	0	0	0	0	0	0	0	0	0	0	0	0	0	0	0	0	0	0	0	0	0	0	0	0	0	0	0	0	0	0	0	0	0	0	0	
N50	0.01218	0.00264899	0.000199966	6.78251e-006	1.116e-007	9.51837e-010	1.56219e-010	2.66821e-008	3.25286e-006	0.000196086	0.00565399	0.0721333	0.342128	0.523994	0.0337303	0.00695488	0.000161175	9.26683e-006	7.31131e-008	1.54467e-009	5.28677e-012	5.19322e-014	8.63042e-017	4.48874e-019	3.9401e-022	1.16388e-024	5.79376e-028	1.00703e-030	3.01728e-034	3.17289e-037	5.99504e-041	4.05988e-044	4.9908e-048	2.42972e-051	2.02431e-055	8.48444e-059	2.93056e-062	5.98774e-065	1.06605e-067	
Zootermopsis_angusticollis	0	0	0	0	0	0	0	0	0	0	0	0	0	1	0	0	0	0	0	0	0	0	0	0	0	0	0	0	0	0	0	0	0	0	0	0	0	0	0	
Zootermopsis_nevadensis	0	0	0	0	0	0	0	0	0	0	0	0	0	1	0	0	0	0	0	0	0	0	0	0	0	0	0	0	0	0	0	0	0	0	0	0	0	0	0	
Mastotermes_darwiniensis	0	0	0	0	0	0	0	0	0	0	0	0	0	0	0	0	0	0	0	0	0	0	0	0	0	0	0	0	0	0	0	0	0	0	0	0	1	0	0	
Porotermes_adamsoni	0	0	0	0	0	0	0	1	0	0	0	0	0	0	0	0	0	0	0	0	0	0	0	0	0	0	0	0	0	0	0	0	0	0	0	0	0	0	0	
