NODE	2	3	4	5	6	7	8	9	10	11	12	13	14	
N1	2.04902e-006	0.18293	7.32003e-005	2.1213e-006	0.814761	0.00222935	2.24181e-006	4.7319e-009	1.18073e-011	5.92351e-014	2.24508e-017	1.28381e-018	4.96698e-020	
N2	7.14591e-009	0.0038207	1.87319e-007	1.26994e-006	0.996156	2.17358e-005	3.1552e-009	2.09778e-012	1.68695e-013	2.14796e-013	7.54271e-008	5.47256e-012	2.69042e-014	
N3	1.0114e-009	0.00272388	3.39202e-008	2.57476e-007	0.997266	9.58215e-006	5.24035e-010	6.01535e-013	1.21983e-013	3.77474e-013	7.64342e-008	3.23928e-012	1.72416e-014	
N4	4.18486e-009	0.00110731	8.26228e-008	3.31902e-006	0.998864	2.55964e-005	7.69238e-010	8.43633e-012	1.33185e-011	2.53661e-011	7.9389e-008	5.92865e-012	4.15536e-013	
N5	6.17852e-013	9.79564e-006	1.83094e-010	1.07951e-007	0.999989	9.6403e-007	1.71015e-012	3.2209e-015	1.16998e-015	4.86574e-013	8.31435e-008	3.30589e-013	3.38836e-016	
N6	3.87299e-018	4.16527e-010	3.47068e-014	9.30304e-009	0.00789412	1.05955e-009	2.60055e-016	1.84256e-015	1.74715e-009	0.00135583	0.99075	1.66183e-007	6.2707e-011	
N7	1.95999e-019	3.21912e-011	9.27774e-015	6.16194e-011	0.0030131	2.64022e-010	3.4216e-017	7.19773e-016	5.60877e-011	0.00101127	0.995975	2.88125e-007	1.66287e-009	
N8	1.02144e-019	2.44461e-012	6.47827e-014	1.42387e-009	0.000674453	4.36531e-010	4.38158e-016	8.76222e-015	4.41061e-010	0.00137023	0.997953	1.84357e-006	1.32225e-008	
N9	7.95027e-020	1.86119e-012	1.36401e-013	7.39779e-011	0.000330972	4.85415e-010	9.01371e-015	4.42392e-013	1.79e-009	0.000712302	0.99895	6.44606e-006	1.81486e-007	
N10	2.02058e-019	2.21163e-012	9.24195e-014	8.75142e-010	5.59789e-005	1.53399e-010	2.94692e-015	6.36079e-013	1.49459e-008	0.00464071	0.995291	1.16485e-005	1.69429e-007	
Atrachelacris_sp	0	0	0	0	0	0	0	0	0	1	0	0	0	
Leiotettix_viridis	0	0	0	0	0	0	0	0	0	0	1	0	0	
Pseudoscopas_nigrigena	0	0	0	0	0	0	0	0	0	0	1	0	0	
Dichromatos_lilloanus	0	0	0	0	0	0	0	0	0	1	0	0	0	
N11	3.45904e-019	7.97628e-012	1.51321e-013	1.98519e-009	0.000317624	4.55071e-010	2.02378e-015	6.70281e-014	1.62647e-009	0.00224323	0.997434	5.15608e-006	3.15703e-008	
N12	3.2067e-019	2.79965e-012	1.38902e-013	4.75659e-011	0.00013414	2.96386e-010	4.5208e-014	2.12471e-012	2.78543e-009	0.000812126	0.999041	1.21011e-005	4.13768e-007	
N13	1.70097e-022	2.12169e-014	7.01823e-017	1.01559e-011	1.38058e-006	5.17943e-013	7.68814e-018	1.64423e-014	1.27664e-009	0.0072169	0.99278	1.98555e-006	1.95513e-009	
Leiotettix_pulcher	0	0	0	0	0	0	0	0	0	1	0	0	0	
Scotussa_lemniscata	0	0	0	0	0	0	0	0	0	0	1	0	0	
Scotussa_impudica	0	0	0	0	0	0	0	0	0	0	1	0	0	
N14	2.90102e-039	1.49296e-018	1.13677e-021	2.88454e-013	2.37547e-010	1.55244e-017	5.35732e-025	1.87312e-016	3.36483e-008	0.999323	0.000677214	2.07747e-010	1.95798e-014	
Scotussa_daguerrei	0	0	0	0	0	0	0	0	0	1	0	0	0	
Tropidostethus_sp	0	0	0	0	0	0	0	0	0	1	0	0	0	
N15	6.22597e-020	4.33708e-012	1.48965e-013	6.63171e-007	0.00165994	1.63447e-010	3.08425e-017	2.60761e-014	5.70667e-006	0.819073	0.179261	3.0969e-008	1.11671e-011	
N16	3.19697e-018	3.17795e-012	9.77301e-013	6.10551e-006	0.00163914	4.26698e-010	4.04309e-016	1.09539e-011	0.000152574	0.856486	0.141716	6.21417e-008	1.32149e-009	
Chlorus_bolivianus	0	0	0	0	0	0	0	0	1	0	0	0	0	
Leiotettix_flavipes	0	0	0	0	0	0	0	0	0	1	0	0	0	
N17	2.90925e-018	5.92422e-011	2.59007e-012	4.87264e-007	0.000859588	1.21064e-009	2.65636e-014	1.27834e-011	2.30593e-005	0.823082	0.176034	8.13497e-007	1.5734e-008	
N18	3.5139e-017	1.53836e-011	2.98901e-011	1.56092e-006	0.000732237	8.19842e-010	9.49839e-012	1.44192e-007	0.00223266	0.805328	0.191701	4.22675e-006	1.12888e-007	
N19	1.88481e-018	7.50702e-011	4.39456e-013	1.7708e-010	5.60238e-005	1.04144e-009	3.38947e-011	5.16628e-010	3.18072e-008	0.00248073	0.996989	0.000468194	6.46119e-006	
Dichroplus_maculipennis	0	0	0	0	0	0	0	0	0	0	1	0	0	
Ommexecha_sp	0	0	0	0	0	0	0	0	0	0	1	0	0	
Dichroplus_vittatus	0	0	0	0	0	0	0	0	1	0	0	0	0	
Ronderosia_sp	0	0	0	0	0	0	0	0	0	1	0	0	0	
N20	1.7464e-013	3.50344e-006	5.69077e-011	6.06975e-008	0.999996	5.6841e-007	1.61639e-013	2.34172e-015	1.38128e-016	4.95152e-013	8.31897e-008	1.38337e-013	7.06487e-016	
N21	7.40776e-014	1.08084e-006	8.87777e-010	6.56862e-007	0.999998	1.78934e-007	8.5316e-015	2.81296e-016	6.04473e-014	4.5072e-011	8.31807e-008	1.49002e-014	1.03595e-017	
N22	7.81949e-013	1.0635e-006	2.71037e-009	1.08005e-006	0.999997	2.95742e-007	2.32469e-014	2.69039e-015	1.02682e-013	6.25429e-011	8.31645e-008	1.89161e-014	1.84e-016	
N23	3.13057e-013	2.60746e-007	1.2956e-008	7.4871e-007	0.425561	5.94181e-006	3.07707e-010	6.87099e-011	5.7005e-009	1.9993e-006	0.574408	2.14731e-005	1.39169e-006	
N24	3.07655e-020	1.36707e-011	2.39115e-015	1.20519e-011	0.000699931	1.01473e-010	1.09603e-016	2.69222e-017	7.10949e-015	5.42374e-008	0.999299	1.05832e-006	1.81785e-010	
Dichroplus_conspersus	0	0	0	0	0	0	0	0	0	0	1	0	0	
Marellia_remipes	0	0	0	0	0	0	0	0	0	0	1	0	0	
Paulinia_acuminata	0	0	0	0	0	0	0	0	0	0	1	0	0	
N25	4.75326e-008	3.96892e-005	0.00239402	0.00812566	0.989432	8.81775e-006	6.8414e-010	2.42229e-010	1.68255e-010	1.61873e-009	2.38224e-008	2.56194e-013	1.3728e-015	
Dichroplus_democraticus	0	0	0	0	0	0	0	0	0	0	1	0	0	
Dichroplus_silveiraguidoi	0	0	1	0	0	0	0	0	0	0	0	0	0	
N26	1.71281e-012	1.91915e-007	1.79621e-007	0.00244501	0.800457	4.21085e-006	2.72739e-010	1.32625e-008	8.50648e-005	0.00054599	0.196461	1.37546e-006	2.04197e-008	
N27	9.87003e-014	8.04568e-007	9.8204e-009	1.02292e-006	0.115405	4.48793e-007	3.1335e-010	3.063e-010	1.23731e-008	4.66965e-006	0.884563	2.45212e-005	5.56911e-007	
N28	1.66862e-021	1.10228e-012	3.20514e-017	6.77734e-013	0.000169484	5.38759e-012	9.15599e-019	2.4395e-019	1.96302e-016	1.44241e-008	0.99983	2.05607e-007	1.88168e-011	
Dichroplus_exilis	0	0	0	0	0	0	0	0	0	0	1	0	0	
Dichroplus_fuscus	0	0	0	0	0	0	0	0	0	0	1	0	0	
Dichroplus_schulzi	0	0	0	0	0	0	0	0	0	0	1	0	0	
Dichroplus_pratensis	0	0	0	0	0	0	0	0	1	0	0	0	0	
N29	1.88639e-014	8.00617e-008	5.8248e-010	6.12008e-008	0.0697072	5.06432e-007	2.70547e-011	6.33618e-012	3.11491e-010	1.70397e-006	0.930263	2.66603e-005	2.72659e-007	
N30	4.41352e-019	2.94752e-011	2.5324e-014	6.3908e-011	0.00151379	5.03816e-010	5.77129e-016	1.72659e-016	3.04261e-012	1.13705e-005	0.998473	1.99048e-006	2.32463e-009	
Dichroplus_elongatus	0	0	0	0	0	0	0	0	0	0	1	0	0	
N31	1.19081e-030	1.33065e-015	9.83312e-019	7.2728e-012	1.03028e-005	1.55365e-013	6.87735e-022	5.18143e-018	7.08838e-012	0.00157465	0.998415	5.37768e-008	1.09195e-011	
Dichroplus_paraelongatus	0	0	0	0	0	0	0	0	0	0	1	0	0	
Dichroplus_patruelis	0	0	0	0	0	0	0	0	0	1	0	0	0	
Diponthus_sp	0	0	0	0	0	0	0	0	0	0	1	0	0	
N32	1.8746e-015	1.7861e-008	2.66629e-012	1.04945e-009	0.00483065	8.84185e-009	2.22929e-013	4.87262e-014	2.40782e-012	4.04745e-007	0.995157	1.15803e-005	9.88893e-009	
N33	3.5789e-019	5.98844e-011	5.73948e-016	4.25665e-012	0.000394439	4.32443e-011	1.12063e-017	2.46741e-018	1.69276e-015	4.29908e-008	0.999605	6.95626e-007	6.74681e-010	
Zoniopoda_hempeli	0	0	0	0	0	0	0	0	0	0	1	0	0	
Zoniopoda_tarsata	0	0	0	0	0	0	0	0	0	0	1	0	0	
Zoniopoda_omnicolor	0	0	0	0	0	0	0	0	0	0	1	0	0	
N34	1.52645e-010	3.56929e-005	2.42754e-008	5.94469e-007	0.159097	4.86053e-006	1.25121e-009	2.65261e-010	7.82241e-009	5.49054e-006	0.840746	0.000107134	3.12756e-006	
N35	4.71355e-015	2.25576e-008	6.35978e-012	1.75351e-009	0.00544303	1.5297e-008	2.76001e-013	8.64144e-014	5.82703e-012	1.15404e-006	0.994533	2.30505e-005	7.8728e-008	
Dichromorpha_sp	0	0	0	0	0	0	0	0	0	0	1	0	0	
N36	5.28521e-020	6.34667e-012	4.40162e-016	2.13094e-012	0.000127616	1.87662e-011	7.56425e-018	6.38157e-018	2.8715e-015	6.73654e-008	0.999871	8.98888e-007	7.2048e-010	
Hyalopteryx_rufipennis	0	0	0	0	0	0	0	0	0	0	1	0	0	
Leptysma_sp	0	0	0	0	0	0	0	0	0	0	1	0	0	
N37	1.78253e-013	2.60708e-007	1.37746e-010	1.52746e-008	0.018817	1.35563e-007	5.23481e-012	1.58582e-012	9.70445e-011	2.94648e-006	0.981127	5.22539e-005	6.16762e-007	
N38	4.96856e-038	1.38483e-014	7.79422e-036	5.5532e-015	5.63778e-006	4.72188e-014	6.04883e-037	1.72697e-036	2.56804e-018	3.84193e-009	0.999994	6.01991e-008	1.17928e-012	
Schistocerca_cancellata	0	0	0	0	0	0	0	0	0	0	1	0	0	
Schistocerca_pallens	0	0	0	0	0	0	0	0	0	0	1	0	0	
Schistocerca_flavofasciata	0	0	0	0	0	0	0	0	0	0	1	0	0	
N39	2.57461e-012	3.3154e-006	5.27074e-010	4.89527e-008	0.0423417	3.46853e-007	2.00402e-011	2.9766e-012	2.93575e-009	5.62786e-005	0.957567	3.07677e-005	1.4749e-007	
N40	2.58838e-014	5.15063e-008	2.76278e-011	4.3145e-009	0.00731934	3.70137e-008	7.47787e-013	4.71852e-013	3.81803e-011	2.69451e-006	0.992645	3.26964e-005	4.81656e-007	
N41	3.34693e-020	2.85447e-012	6.13411e-016	1.87137e-012	6.90864e-005	1.59096e-011	1.73726e-017	2.48032e-017	6.31427e-015	1.08845e-007	0.999929	1.6195e-006	9.95462e-010	
Ommatolampis_sp	0	0	0	0	0	0	0	0	0	0	1	0	0	
Prionolopha_serrata	0	0	0	0	0	0	0	0	0	0	1	0	0	
Xyleus_modestus	0	0	0	0	0	0	0	0	0	0	1	0	0	
N42	2.03479e-013	3.43147e-007	5.31059e-011	2.5061e-007	0.0162699	7.16696e-008	9.17219e-013	1.43784e-012	3.13545e-008	0.00264097	0.98107	1.79924e-005	4.57834e-007	
Xyleus_insignis	0	0	0	0	0	0	0	0	0	0	1	0	0	
Xyleus_laevipes	0	0	0	0	0	0	0	0	0	1	0	0	0	
N43	1.46651e-010	3.87407e-005	7.39765e-009	7.94587e-008	0.0232004	8.86967e-007	1.35417e-009	1.65986e-010	1.9017e-009	7.48947e-006	0.976275	0.000474582	2.70891e-006	
Trimerotropis_ochraceipennis	0	0	0	0	0	0	0	0	0	0	1	0	0	
Trimerotropis_pallidipennis	0	0	0	0	0	0	0	0	0	0	1	0	0	
