NODE	13	14	15	16	17	18	19	20	21	22	23	24	25	26	27	28	29	30	31	32	33	34	35	36	37	38	39	40	41	42	43	44	45	46	47	48	49	50	51	
N1	3.17228e-017	6.46929e-014	9.29854e-011	1.2094e-007	5.25798e-005	0.00614979	0.152029	0.575331	0.247012	0.0187013	0.000710614	1.29966e-005	5.84154e-008	7.04422e-011	3.447e-017	5.2463e-019	6.03819e-021	5.47586e-023	4.00809e-025	2.40632e-027	1.2003e-029	5.03227e-032	1.79241e-034	5.47814e-037	1.44985e-039	1.86401e-041	2.09927e-042	6.63193e-043	3.74945e-043	1.65545e-043	4.7401e-044	8.55788e-045	9.92092e-046	8.11462e-047	5.48131e-048	3.41964e-049	2.02443e-050	1.15062e-051	6.5385e-053	
N2	4.54726e-012	8.64235e-011	2.02978e-008	3.85817e-006	0.000361412	0.0142208	0.187189	0.551796	0.226563	0.0188814	0.000958275	2.58421e-005	2.08823e-007	5.69387e-010	9.28655e-013	1.51857e-015	2.38823e-017	3.25366e-017	1.08136e-018	9.27226e-019	2.22859e-020	1.20433e-020	1.89632e-022	6.83616e-023	5.42884e-025	1.40835e-025	3.93059e-028	7.40603e-029	6.61279e-032	6.92067e-033	3.41607e-036	1.64208e-037	7.39414e-041	3.48384e-042	2.48922e-045	9.18003e-047	4.57687e-050	2.96943e-051	3.66622e-052	
N3	1.47531e-010	4.91016e-010	1.02156e-007	1.47127e-005	0.000943834	0.0248652	0.230246	0.544642	0.192745	0.00630038	0.00023506	8.34425e-006	9.29568e-008	3.39774e-010	4.96693e-013	3.68412e-016	8.36e-019	5.55355e-020	1.05261e-021	4.02481e-023	4.4991e-025	9.49098e-027	5.83097e-029	7.35398e-031	2.06351e-033	1.66536e-035	1.57076e-038	8.24799e-041	2.35187e-044	6.32809e-047	9.24602e-051	1.12063e-053	1.31183e-057	1.5165e-060	1.80813e-064	1.92617e-067	3.2398e-071	9.73844e-074	2.43325e-076	
N4	2.23553e-018	3.05134e-017	8.88051e-014	3.91536e-010	6.14735e-007	0.000243448	0.0219942	0.427317	0.547051	0.00338898	4.7253e-006	3.35894e-009	1.33802e-012	8.96822e-016	6.02819e-019	4.1708e-021	5.63881e-024	1.13677e-025	2.02928e-028	2.208e-030	1.51478e-033	7.27764e-036	1.86135e-039	4.20643e-042	4.23259e-046	4.6801e-049	2.5541e-053	2.56975e-053	1.3214e-053	3.4845e-053	6.2968e-055	5.26727e-056	2.0185e-058	4.03886e-060	3.65256e-063	5.43856e-065	5.59097e-067	4.10935e-068	2.36288e-069	
N5	2.01439e-023	2.04608e-024	1.62583e-020	7.6336e-016	1.64419e-011	1.30222e-007	0.000265381	0.0778913	0.918078	0.0037636	1.99419e-006	2.99548e-010	1.8109e-014	5.58788e-019	2.19978e-023	1.22746e-025	4.06183e-029	1.79131e-031	3.51703e-035	7.87479e-038	9.40243e-042	1.11452e-044	7.1108e-049	4.74713e-052	1.25463e-056	2.67793e-059	4.60575e-062	2.91809e-063	4.73092e-064	1.05231e-062	3.53957e-063	1.06056e-062	5.90687e-064	1.55757e-064	4.80091e-068	5.0967e-070	1.57977e-071	6.5411e-072	2.27514e-072	
N6	4.15382e-025	6.05627e-026	2.06433e-022	1.27961e-017	4.18831e-013	6.09351e-009	2.98806e-005	0.0281488	0.966071	0.00574669	4.1254e-006	8.28399e-010	6.67008e-014	2.63175e-018	5.78618e-023	9.21844e-027	9.72699e-030	5.33901e-031	3.81906e-034	1.13342e-035	5.42106e-039	9.05016e-041	2.89471e-044	2.79718e-046	5.05574e-050	2.99966e-052	1.8481e-056	7.37474e-059	6.53742e-064	1.2998e-066	4.04011e-072	8.36556e-076	1.70691e-081	1.78814e-085	2.56893e-091	2.67998e-095	8.44459e-100	8.50332e-102	7.77278e-104	
N7	3.26973e-027	9.78901e-029	8.91078e-025	9.01509e-020	4.95141e-015	1.29838e-010	1.33251e-006	0.00364548	0.992763	0.00358872	1.7059e-006	2.40489e-010	1.40386e-014	4.0544e-019	6.45803e-024	8.27515e-029	8.35106e-033	6.99956e-035	1.29946e-038	1.2431e-040	1.82415e-038	2.02701e-035	8.16679e-037	5.91525e-037	2.04683e-038	1.00679e-038	2.68943e-040	8.69968e-041	7.915e-043	1.85223e-043	2.87971e-046	9.40973e-048	9.88272e-051	2.17978e-052	1.59169e-055	3.13786e-057	1.50159e-059	5.47638e-060	1.6663e-060	
N8	1.5025e-037	5.69166e-039	7.35735e-035	7.96877e-028	3.8238e-021	4.86303e-015	1.85953e-009	0.000160545	0.99943	0.000409856	1.11462e-008	6.539e-014	1.27615e-019	8.50804e-026	1.97661e-032	3.90508e-039	4.72193e-043	3.65704e-043	3.07931e-045	2.14164e-045	1.41205e-047	6.42665e-048	3.24684e-050	9.6751e-051	3.37626e-053	7.39905e-054	4.09629e-055	1.20388e-052	7.433e-050	7.90183e-045	2.08714e-043	9.1507e-040	4.04106e-039	4.70953e-037	5.79698e-039	7.78552e-039	1.55892e-040	6.65633e-039	4.18017e-037	
N9	2.27786e-032	1.12976e-032	1.27041e-027	4.01667e-022	6.94988e-017	5.73625e-012	1.80775e-007	0.00143062	0.997579	0.000989741	1.23626e-007	4.56085e-012	7.04489e-017	5.50162e-022	2.44084e-027	6.77735e-033	4.95155e-038	9.04459e-040	1.66114e-043	2.17419e-045	2.6025e-049	1.91822e-051	1.54989e-055	6.42935e-058	3.55998e-062	8.05252e-065	3.14625e-069	3.37205e-068	9.71911e-066	3.90252e-062	6.45141e-062	1.60069e-060	1.96944e-062	1.88207e-063	1.74369e-067	1.19414e-069	2.0426e-072	6.34121e-073	1.45908e-073	
N10	1.40428e-035	1.32257e-034	8.47519e-029	1.68822e-022	1.51053e-016	5.02729e-011	4.06256e-006	0.00784549	0.991817	0.000333225	1.1458e-008	9.90636e-014	3.12201e-019	4.36806e-025	3.06769e-031	1.73438e-037	2.38263e-041	2.55805e-041	3.65887e-043	3.75988e-043	4.43262e-045	3.22011e-045	3.21021e-047	1.64112e-047	1.4063e-049	4.94441e-050	3.64545e-052	2.03844e-052	9.54599e-053	2.30862e-051	5.80204e-053	1.05508e-052	1.26424e-053	1.52271e-052	2.49167e-054	2.48992e-054	4.37545e-055	2.06847e-053	7.88303e-052	
N11	1.14738e-030	2.38523e-032	6.15084e-028	1.94956e-022	3.43092e-017	2.95514e-012	1.01701e-007	0.000960464	0.997978	0.00106141	1.4123e-007	5.5358e-012	9.07212e-017	7.51185e-022	3.53378e-027	1.42512e-032	7.75324e-037	5.34816e-039	5.95433e-043	2.21466e-045	1.54674e-049	3.06421e-052	1.37441e-056	1.4185e-059	4.05753e-064	2.10967e-067	5.33805e-071	5.18972e-070	2.49195e-067	1.27713e-058	8.39868e-053	4.33842e-046	1.19847e-041	7.30422e-037	1.55717e-038	1.5302e-038	5.61179e-039	1.64344e-037	3.83034e-036	
N12	1.5593e-032	4.74481e-034	2.67505e-029	1.29337e-023	3.53049e-018	4.85294e-013	2.78804e-008	0.000472345	0.998724	0.000803674	8.07229e-008	2.39119e-012	2.96066e-017	1.84616e-022	6.49632e-028	1.43976e-033	1.01825e-038	7.55351e-041	7.44681e-045	3.53625e-047	2.14544e-051	5.3474e-054	2.01913e-058	2.56457e-061	5.90566e-066	3.54923e-069	4.60118e-074	1.13964e-077	5.92904e-083	4.85992e-087	3.96405e-094	5.98325e-100	4.56814e-108	4.64083e-037	8.14018e-039	8.01092e-039	1.82652e-039	6.78774e-038	2.03042e-036	
Amitermes_darwini	0	0	0	0	0	0	0	0	1	0	0	0	0	0	0	0	0	0	0	0	0	0	0	0	0	0	0	0	0	0	0	0	0	0	0	0	0	0	0	
Amitermes_germanus	0	0	0	0	0	0	0	0	1	0	0	0	0	0	0	0	0	0	0	0	0	0	0	0	0	0	0	0	0	0	0	0	0	0	0	0	0	0	0	
N13	1.53231e-032	4.61615e-034	2.61273e-029	1.26807e-023	3.47475e-018	4.7949e-013	2.76556e-008	0.000470419	0.998729	0.000800404	8.00729e-008	2.36261e-012	2.9139e-017	1.81001e-022	6.34478e-028	1.40097e-033	9.8706e-039	7.24947e-041	7.09817e-045	3.33718e-047	2.0108e-051	4.96205e-054	1.8608e-058	2.34004e-061	5.35178e-066	3.18456e-069	4.10094e-074	1.00564e-077	5.20264e-083	4.2198e-087	3.43039e-094	5.13447e-100	3.90486e-108	4.67538e-037	8.22576e-039	8.09461e-039	1.8509e-039	6.85442e-038	2.04333e-036	
Amitermes_parvus	0	0	0	0	0	0	0	0	1	0	0	0	0	0	0	0	0	0	0	0	0	0	0	0	0	0	0	0	0	0	0	0	0	0	0	0	0	0	0	
Drepanotermes_septentrionalis	0	0	0	0	0	0	0	0	1	0	0	0	0	0	0	0	0	0	0	0	0	0	0	0	0	0	0	0	0	0	0	0	0	0	0	0	0	0	0	
N14	2.81695e-029	4.8105e-029	1.71676e-026	7.92601e-021	4.44598e-015	7.04333e-010	2.06169e-005	0.0136569	0.985927	0.000395149	2.23248e-008	3.68568e-013	2.10916e-018	4.72062e-024	2.24255e-029	2.89838e-032	3.73038e-035	3.87652e-038	3.3191e-041	2.45263e-044	1.49037e-047	5.25246e-049	2.05875e-052	1.24555e-052	3.38855e-056	9.2774e-057	1.55917e-060	1.87456e-061	1.17175e-065	1.12732e-066	7.33252e-072	5.586e-073	9.99903e-078	2.70989e-079	2.96795e-084	5.10877e-086	3.35623e-091	4.48944e-093	2.33554e-088	
Procubitermes_sp	0	0	0	0	0	0	1	0	0	0	0	0	0	0	0	0	0	0	0	0	0	0	0	0	0	0	0	0	0	0	0	0	0	0	0	0	0	0	0	
N15	2.0672e-034	1.64906e-037	3.65128e-032	6.0317e-026	5.1745e-020	2.10493e-014	3.45917e-009	0.000166435	0.999609	0.00022486	6.46753e-009	5.554e-014	1.95808e-019	3.31773e-025	2.95369e-031	2.00637e-037	7.31059e-043	1.15914e-046	4.874e-052	1.87701e-056	1.10983e-062	2.12238e-037	2.19013e-037	3.03435e-036	3.12306e-036	3.42156e-035	3.29996e-035	2.72778e-034	1.86002e-034	1.12782e-033	1.09834e-034	1.0702e-034	6.77722e-036	6.33551e-036	2.9977e-037	2.89776e-037	1.29385e-037	1.66997e-036	1.80391e-035	
Tuberculitermes_bycanistes	0	0	0	0	0	0	0	0	1	0	0	0	0	0	0	0	0	0	0	0	0	0	0	0	0	0	0	0	0	0	0	0	0	0	0	0	0	0	0	
Unguitermes_sp	0	0	0	0	0	0	0	0	1	0	0	0	0	0	0	0	0	0	0	0	0	0	0	0	0	0	0	0	0	0	0	0	0	0	0	0	0	0	0	
N16	1.11813e-030	1.04748e-032	2.92075e-028	9.65759e-023	1.77251e-017	1.61952e-012	6.1644e-008	0.000696479	0.998052	0.00125094	1.97392e-007	9.19048e-012	1.7789e-016	1.7152e-021	9.18998e-027	3.19108e-032	3.62608e-037	8.70047e-040	5.37519e-044	1.70971e-045	5.95769e-044	1.17685e-041	1.66917e-043	4.48008e-044	5.44391e-046	1.01007e-046	1.06117e-048	1.29144e-049	1.04726e-051	7.55985e-053	4.30442e-056	3.29847e-058	1.10575e-061	6.96414e-064	1.54241e-067	8.75778e-070	1.75588e-072	1.55898e-073	1.07748e-074	
N17	5.56568e-037	1.54324e-038	2.12547e-033	6.76145e-027	1.03473e-020	7.03098e-015	1.82495e-009	0.000128853	0.999535	0.000336606	1.11037e-008	9.38861e-014	2.97485e-019	4.1952e-025	2.88942e-031	1.05028e-037	6.93996e-043	1.16449e-042	1.84779e-044	3.71059e-044	4.85455e-046	6.66974e-046	7.33337e-048	6.9033e-048	6.29293e-050	4.0402e-050	2.70982e-052	1.20388e-052	3.75182e-055	1.23854e-055	9.88647e-060	1.82355e-061	1.11355e-065	8.35122e-068	3.69541e-072	1.89093e-074	3.3983e-078	1.18294e-078	3.46788e-079	
N18	9.3127e-035	3.21304e-037	6.46739e-032	1.07538e-025	8.6935e-020	3.18149e-014	4.58626e-009	0.000193132	0.999402	0.000405314	1.91288e-008	2.55307e-013	1.35078e-018	3.28467e-024	3.98339e-030	9.56869e-036	2.07522e-039	5.90642e-043	1.07655e-046	1.61413e-048	2.00219e-052	6.30328e-054	5.58435e-058	8.95667e-060	5.83371e-064	4.96802e-066	2.32529e-070	1.08818e-072	2.68824e-077	7.58658e-080	1.58291e-086	8.70165e-091	1.1844e-097	2.77053e-102	2.22984e-109	3.60268e-114	3.79596e-120	8.75866e-123	1.2301e-125	
Ephelotermes_melachoma	0	0	0	0	0	0	0	0	1	0	0	0	0	0	0	0	0	0	0	0	0	0	0	0	0	0	0	0	0	0	0	0	0	0	0	0	0	0	0	
Ephelotermes_taylori	0	0	0	0	0	0	0	0	1	0	0	0	0	0	0	0	0	0	0	0	0	0	0	0	0	0	0	0	0	0	0	0	0	0	0	0	0	0	0	
Macrognathotermes_sunteri	0	0	0	0	0	0	0	0	1	0	0	0	0	0	0	0	0	0	0	0	0	0	0	0	0	0	0	0	0	0	0	0	0	0	0	0	0	0	0	
Lophotermes_septentrionalis	0	0	0	0	0	0	0	0	1	0	0	0	0	0	0	0	0	0	0	0	0	0	0	0	0	0	0	0	0	0	0	0	0	0	0	0	0	0	0	
N19	1.36882e-034	5.14481e-038	2.17436e-034	3.03015e-027	1.15456e-020	9.63976e-015	2.49657e-009	0.000163128	0.999315	0.000521539	2.13452e-008	2.02633e-013	6.20437e-019	5.22144e-025	1.57473e-031	7.54096e-036	1.47743e-039	3.92072e-042	1.12273e-043	8.12953e-045	2.00785e-046	4.71912e-045	9.8727e-047	1.34926e-045	2.40174e-047	1.09203e-046	1.48322e-048	3.83185e-048	2.11267e-050	4.27618e-050	2.25624e-054	9.27602e-056	3.97134e-060	6.03221e-062	1.69187e-066	1.8737e-068	2.34593e-073	2.14396e-071	4.42441e-071	
N20	1.94971e-031	4.06881e-033	1.90778e-028	8.77188e-023	1.89607e-017	1.8117e-012	6.67925e-008	0.000726774	0.997712	0.00156044	2.96411e-007	1.61559e-011	3.42761e-016	3.25515e-021	1.48814e-026	8.06867e-032	4.93037e-035	6.0306e-038	3.75405e-041	3.6377e-042	1.54541e-045	1.50906e-046	4.62062e-050	2.2445e-051	5.1436e-055	1.31873e-056	2.28657e-060	3.17767e-062	3.45037e-066	2.82324e-068	4.14624e-074	2.34751e-076	5.37466e-080	2.09057e-081	8.63709e-086	5.38631e-088	4.0922e-091	3.26001e-091	1.67114e-091	
N21	5.13701e-027	4.26131e-028	2.73877e-024	1.8468e-019	7.21577e-015	1.44247e-010	1.2182e-006	0.00306657	0.991433	0.00549503	3.90025e-006	8.22981e-010	7.31897e-014	3.32329e-018	8.69698e-023	1.49861e-027	7.43524e-032	1.61492e-033	8.257e-037	1.30957e-038	4.60001e-042	4.40185e-044	1.12021e-047	6.57624e-050	1.25921e-053	4.49904e-056	6.62493e-060	1.42126e-062	6.05889e-066	6.70379e-067	4.73103e-070	8.23503e-072	2.12527e-074	2.09208e-075	7.2105e-079	7.15816e-081	2.15906e-083	4.38502e-084	7.06972e-085	
Crenetermes_albotarsalis	0	0	0	0	0	0	0	0	1	0	0	0	0	0	0	0	0	0	0	0	0	0	0	0	0	0	0	0	0	0	0	0	0	0	0	0	0	0	0	
N22	1.85878e-030	3.57311e-032	1.07366e-027	2.78939e-022	4.10828e-017	3.05269e-012	9.48277e-008	0.000868632	0.997504	0.00162737	3.27623e-007	1.92311e-011	4.67986e-016	5.7091e-021	3.92608e-026	1.7105e-031	1.63738e-036	6.91076e-039	7.51951e-043	2.28685e-045	1.53266e-049	2.46223e-052	1.02785e-056	8.4495e-060	2.14833e-064	8.38078e-068	1.1837e-072	1.91254e-076	1.05071e-081	5.63523e-086	8.76221e-093	1.7036e-098	2.56254e-106	2.90097e-036	9.20135e-038	8.98935e-038	1.61366e-038	3.38579e-037	6.23667e-036	
Cubitermes_sp	0	0	0	0	0	0	0	0	1	0	0	0	0	0	0	0	0	0	0	0	0	0	0	0	0	0	0	0	0	0	0	0	0	0	0	0	0	0	0	
Thoracotermes_macrothorax	0	0	0	0	0	0	0	0	1	0	0	0	0	0	0	0	0	0	0	0	0	0	0	0	0	0	0	0	0	0	0	0	0	0	0	0	0	0	0	
N23	8.73079e-031	4.35372e-033	1.30988e-028	4.75281e-023	9.83469e-018	1.03267e-012	4.55993e-008	0.000598199	0.998296	0.00110557	1.54913e-007	6.41819e-012	1.11399e-016	9.78388e-022	4.88908e-027	1.64922e-032	1.59149e-037	2.19818e-040	1.15792e-044	1.05455e-047	3.48472e-052	1.72443e-055	3.65857e-060	9.67145e-064	1.36075e-068	6.33356e-071	4.53035e-071	4.3657e-070	1.33486e-068	5.81649e-060	2.34639e-053	3.0549e-046	5.06498e-041	7.66005e-036	3.75698e-037	3.61724e-037	1.41726e-037	1.80266e-036	1.94396e-035	
N24	5.54065e-035	1.42905e-036	1.86959e-031	2.07943e-025	1.30374e-019	4.10892e-014	5.39952e-009	0.000208555	0.999397	0.000394817	1.89982e-008	2.65266e-013	1.53036e-018	4.40947e-024	7.12617e-030	7.08121e-036	1.52113e-041	8.38717e-044	4.99641e-048	2.00758e-050	7.35281e-055	1.54902e-057	3.52665e-062	3.78065e-065	5.23508e-070	2.65245e-073	2.04318e-078	4.28639e-082	1.26907e-087	9.02109e-092	3.0958e-099	3.5491e-105	1.21729e-113	2.11661e-037	2.82316e-039	2.80963e-039	4.04416e-040	2.10763e-038	8.92865e-037	
Nasutitermes_graveolus	0	0	0	0	0	0	0	0	1	0	0	0	0	0	0	0	0	0	0	0	0	0	0	0	0	0	0	0	0	0	0	0	0	0	0	0	0	0	0	
Nasutitermes_triodiae	0	0	0	0	0	0	0	0	1	0	0	0	0	0	0	0	0	0	0	0	0	0	0	0	0	0	0	0	0	0	0	0	0	0	0	0	0	0	0	
N25	6.08062e-035	1.66847e-036	2.13627e-031	2.3263e-025	1.42763e-019	4.40251e-014	5.65792e-009	0.000213578	0.999381	0.000405775	2.00286e-008	2.86494e-013	1.69179e-018	4.98652e-024	8.24038e-030	8.36639e-036	1.81923e-041	1.0626e-043	6.5962e-048	2.81893e-050	1.07586e-054	2.41029e-057	5.7183e-062	6.51763e-065	9.40197e-070	5.06404e-073	4.0553e-078	9.05132e-082	2.7608e-087	2.09653e-091	7.31998e-099	8.89836e-105	3.11877e-113	2.03081e-037	2.65841e-039	2.64874e-039	3.69065e-040	1.96793e-038	8.53747e-037	
Nasutitermes_longipennis	0	0	0	0	0	0	0	0	1	0	0	0	0	0	0	0	0	0	0	0	0	0	0	0	0	0	0	0	0	0	0	0	0	0	0	0	0	0	0	
Tumulitermes_pastinator	0	0	0	0	0	0	0	0	1	0	0	0	0	0	0	0	0	0	0	0	0	0	0	0	0	0	0	0	0	0	0	0	0	0	0	0	0	0	0	
N26	8.23243e-026	4.42101e-027	2.26993e-023	1.07116e-018	2.93006e-014	4.10637e-010	2.43548e-006	0.00431644	0.988333	0.00734062	7.04319e-006	2.01926e-009	2.4498e-013	1.52265e-017	5.47037e-022	1.34413e-026	1.02266e-030	1.43172e-032	6.87247e-036	6.75945e-038	2.21304e-041	1.30262e-043	3.05707e-047	1.09066e-049	1.89952e-053	4.05975e-056	5.36155e-060	6.57051e-063	6.20161e-067	3.81401e-070	2.51125e-075	1.66418e-079	5.58642e-085	2.77169e-089	5.43693e-095	2.16961e-099	3.18465e-104	1.47435e-107	5.04392e-111	
Microcerotermes_boreus	0	0	0	0	0	0	0	0	1	0	0	0	0	0	0	0	0	0	0	0	0	0	0	0	0	0	0	0	0	0	0	0	0	0	0	0	0	0	0	
Microcerotermes_nervosus	0	0	0	0	0	0	0	0	1	0	0	0	0	0	0	0	0	0	0	0	0	0	0	0	0	0	0	0	0	0	0	0	0	0	0	0	0	0	0	
Pericapritermes_sp	0	0	0	0	0	0	0	0	1	0	0	0	0	0	0	0	0	0	0	0	0	0	0	0	0	0	0	0	0	0	0	0	0	0	0	0	0	0	0	
N27	3.63139e-022	4.61114e-023	6.13751e-020	8.23454e-016	6.34016e-012	2.44315e-008	3.85569e-005	0.0173695	0.960995	0.0215312	6.51617e-005	5.94623e-008	2.30134e-011	4.5661e-015	5.24185e-019	5.11635e-023	3.12038e-026	1.21713e-027	1.7164e-030	4.10058e-032	4.017e-035	5.77426e-037	4.15282e-040	3.64453e-042	1.9897e-045	1.05421e-047	4.20059e-051	1.29315e-053	2.34022e-057	4.46085e-060	1.12182e-064	3.07782e-068	4.40629e-073	8.69763e-077	7.82062e-082	1.31873e-085	7.67338e-090	1.54774e-092	2.49902e-095	
Macrotermes_bellicosus	0	0	0	0	0	0	0	0	1	0	0	0	0	0	0	0	0	0	0	0	0	0	0	0	0	0	0	0	0	0	0	0	0	0	0	0	0	0	0	
N28	2.06328e-030	7.92827e-033	1.367e-028	6.34708e-023	1.46772e-017	1.54805e-012	6.3849e-008	0.000736301	0.997626	0.00163697	2.9573e-007	1.4422e-011	2.72928e-016	2.37566e-021	1.04704e-026	2.77898e-032	2.46245e-036	7.39139e-037	1.23474e-038	3.55032e-039	4.90786e-041	9.99509e-042	1.16968e-043	1.67274e-044	1.66095e-046	1.62945e-047	1.28566e-049	8.39304e-051	3.87305e-053	1.674e-054	1.1481e-057	1.11278e-059	4.99781e-063	2.8667e-065	8.67869e-069	4.03853e-071	3.32557e-074	1.54838e-075	6.75286e-077	
Microtermes_sp	0	0	0	0	0	0	0	0	1	0	0	0	0	0	0	0	0	0	0	0	0	0	0	0	0	0	0	0	0	0	0	0	0	0	0	0	0	0	0	
N29	2.30075e-034	1.49013e-035	1.76344e-030	1.66881e-024	8.24791e-019	1.91668e-013	1.7328e-008	0.000413503	0.998542	0.00104458	9.86042e-008	2.33026e-012	2.08299e-017	8.70719e-023	1.91696e-028	2.52469e-034	4.55897e-039	9.46321e-042	1.87286e-045	6.70436e-047	8.92775e-051	1.91126e-052	1.74784e-056	2.10559e-058	1.25278e-062	9.07037e-065	5.94602e-069	2.11965e-069	3.1725e-072	1.71853e-072	6.77034e-077	2.38409e-078	7.53018e-083	8.22655e-085	2.02753e-089	1.21223e-091	4.80217e-096	2.00825e-096	9.58352e-097	
N30	2.59653e-043	1.40533e-041	6.7453e-040	2.76957e-038	9.4632e-037	2.58458e-035	1.87654e-015	1.2198e-007	1	2.16601e-007	5.89614e-015	6.17631e-036	1.39503e-037	2.51276e-039	3.75891e-041	4.98001e-043	2.33366e-044	9.82494e-043	9.92826e-043	4.72845e-041	4.78556e-041	1.94856e-039	1.97596e-039	6.69198e-038	6.80276e-038	1.84129e-036	1.86782e-036	3.7949e-035	3.502e-035	4.80403e-034	2.13171e-035	2.42314e-035	7.50643e-037	7.32447e-037	1.69558e-038	1.65931e-038	4.704e-039	1.27817e-037	2.8198e-036	
Odontotermes_sp	0	0	0	0	0	0	0	0	1	0	0	0	0	0	0	0	0	0	0	0	0	0	0	0	0	0	0	0	0	0	0	0	0	0	0	0	0	0	0	
Protermes_sp	0	0	0	0	0	0	0	0	1	0	0	0	0	0	0	0	0	0	0	0	0	0	0	0	0	0	0	0	0	0	0	0	0	0	0	0	0	0	0	
Pseudacanthotermes_militaris	0	0	0	0	0	0	0	0	1	0	0	0	0	0	0	0	0	0	0	0	0	0	0	0	0	0	0	0	0	0	0	0	0	0	0	0	0	0	0	
N31	5.57505e-024	4.49831e-023	1.49993e-019	5.06972e-015	8.23356e-011	5.19262e-007	0.000845803	0.0978377	0.89616	0.00515183	4.00863e-006	9.19129e-010	8.70462e-014	4.11672e-018	1.09712e-022	2.76587e-027	8.10408e-031	1.92384e-032	9.38671e-036	1.4408e-037	6.349e-038	1.31501e-036	6.54313e-038	5.85834e-038	2.12588e-039	1.30548e-039	3.4284e-041	1.45651e-041	1.28643e-043	4.07016e-044	5.65835e-047	2.02277e-048	1.91317e-051	4.73469e-053	3.13691e-056	6.99554e-058	3.80121e-060	1.93715e-060	8.06843e-061	
N32	4.23935e-023	2.9195e-023	7.17181e-020	1.99819e-015	2.90041e-011	1.79195e-007	0.000332647	0.0700779	0.920483	0.00909427	1.18338e-005	4.48565e-009	6.98257e-013	5.39894e-017	2.34067e-021	2.37056e-024	7.62395e-027	1.76468e-027	3.66255e-030	4.61187e-031	6.27051e-034	4.55165e-035	3.80431e-038	1.68678e-039	6.61262e-043	1.9304e-044	1.33396e-048	2.69702e-050	4.79586e-055	5.28709e-057	3.38583e-062	3.23524e-065	1.47045e-070	6.65268e-074	2.1285e-079	6.50127e-083	1.76739e-087	3.14324e-089	4.2835e-091	
Coptotermes_acinaciformis	0	0	0	0	0	0	0	0	1	0	0	0	0	0	0	0	0	0	0	0	0	0	0	0	0	0	0	0	0	0	0	0	0	0	0	0	0	0	0	
N33	6.51776e-025	1.26495e-026	4.19493e-023	2.22543e-018	6.51244e-014	9.14926e-010	4.96642e-006	0.00699423	0.985715	0.00727957	6.59448e-006	1.70025e-009	1.78518e-013	9.31048e-018	2.73853e-022	1.03816e-026	2.59826e-030	1.78741e-032	5.11295e-036	1.96514e-038	3.72303e-042	8.08369e-045	1.06052e-048	1.30365e-051	1.18317e-055	3.57088e-058	3.74716e-060	5.31976e-061	1.56619e-060	1.57337e-058	1.99624e-058	1.54078e-057	3.16599e-058	2.08713e-058	1.35323e-061	1.39127e-063	5.37984e-066	6.38778e-067	6.33802e-068	
Reticulitermes_flavipes	0	0	0	0	0	0	0	0	1	0	0	0	0	0	0	0	0	0	0	0	0	0	0	0	0	0	0	0	0	0	0	0	0	0	0	0	0	0	0	
N34	2.80547e-028	4.06786e-029	4.91894e-025	5.29608e-020	3.17583e-015	9.26085e-011	1.06093e-006	0.00322094	0.991742	0.00503311	2.78247e-006	4.17551e-010	2.48792e-014	7.248e-019	1.17625e-023	1.20106e-028	3.81703e-033	1.40724e-034	6.97989e-038	1.78708e-039	6.01536e-043	8.94105e-045	2.11114e-048	1.85089e-050	2.96703e-054	1.55637e-056	1.40012e-060	4.57769e-063	1.2723e-067	2.78826e-070	5.6496e-076	1.28087e-079	1.70894e-085	1.4068e-089	1.21225e-095	5.85687e-100	1.00193e-105	1.23008e-108	1.45882e-111	
Reticulitermes_lucifugus	0	0	0	0	0	0	0	0	1	0	0	0	0	0	0	0	0	0	0	0	0	0	0	0	0	0	0	0	0	0	0	0	0	0	0	0	0	0	0	
Reticulitermes_urbis	0	0	0	0	0	0	0	0	1	0	0	0	0	0	0	0	0	0	0	0	0	0	0	0	0	0	0	0	0	0	0	0	0	0	0	0	0	0	0	
Schedorhinotermes_lamanianus	0	0	0	0	0	0	1	0	0	0	0	0	0	0	0	0	0	0	0	0	0	0	0	0	0	0	0	0	0	0	0	0	0	0	0	0	0	0	0	
N35	4.82565e-019	7.54808e-018	1.08239e-013	9.59918e-010	2.76479e-006	0.000583156	0.0293479	0.468283	0.499467	0.00231448	1.61206e-006	3.58117e-010	3.92671e-014	3.94499e-017	2.11907e-019	4.91479e-021	5.40645e-022	2.16131e-021	1.57881e-022	2.49366e-022	7.07251e-024	2.88901e-024	1.09759e-026	5.95571e-028	5.053e-031	1.56876e-030	2.99859e-031	6.66465e-029	3.96386e-028	1.1532e-025	2.90729e-026	9.81214e-026	1.03723e-026	6.50843e-027	1.37079e-029	1.06673e-030	7.4173e-033	1.33107e-032	2.14352e-032	
N36	4.99633e-020	6.39141e-018	2.78099e-014	2.91556e-010	8.29679e-007	0.000301668	0.0107401	0.411427	0.570913	0.00660831	9.22618e-006	3.06076e-009	3.29872e-013	1.60691e-017	4.58996e-021	3.36535e-022	3.667e-025	1.31534e-026	1.32343e-028	1.74824e-029	7.86649e-031	1.79864e-031	5.85612e-033	1.18096e-033	8.65314e-036	9.02768e-037	2.17059e-039	1.94779e-040	1.77043e-043	1.91068e-044	8.9304e-048	2.81571e-049	9.21762e-053	1.9902e-054	4.7975e-058	1.11171e-059	2.62162e-060	1.86932e-060	8.90158e-061	
N37	1.89984e-019	1.55998e-015	5.77327e-012	8.62006e-009	4.60432e-006	0.0006261	0.0109885	0.412114	0.564649	0.0115742	4.43886e-005	5.11296e-008	2.03097e-011	2.53997e-015	5.52772e-020	2.82885e-023	2.08368e-024	3.91347e-023	6.42161e-024	6.5424e-023	7.27902e-024	4.40424e-023	2.88062e-024	1.16104e-023	3.26444e-025	9.81095e-025	8.53233e-027	1.98071e-026	3.89756e-029	5.36453e-029	3.84015e-032	5.10678e-033	2.81508e-036	1.63079e-037	6.64985e-041	2.73074e-042	8.79845e-045	2.42937e-044	5.36843e-044	
N38	6.87496e-020	2.51416e-016	1.67615e-012	4.22235e-009	3.3933e-006	0.000601491	0.0132236	0.467639	0.510634	0.00787842	2.03425e-005	1.44759e-008	3.40162e-012	2.67993e-016	6.29471e-021	5.28281e-025	2.08583e-028	5.31532e-030	7.98314e-034	1.98959e-035	8.87933e-040	4.08034e-041	5.68383e-046	3.17833e-047	2.16651e-052	9.80516e-054	3.164e-058	1.39858e-059	2.48025e-064	8.51325e-066	1.28832e-071	1.86218e-073	1.59132e-079	1.0014e-081	6.09608e-088	1.75281e-090	8.18515e-097	1.06575e-099	1.52598e-103	
Bifiditermes_improbus	0	0	0	0	0	1	0	0	0	0	0	0	0	0	0	0	0	0	0	0	0	0	0	0	0	0	0	0	0	0	0	0	0	0	0	0	0	0	0	
N39	3.32837e-021	8.81655e-018	9.8151e-014	2.84288e-010	2.37924e-007	0.000101359	0.0135751	0.629188	0.35564	0.00149458	5.92986e-007	5.73854e-011	2.04179e-015	3.33475e-020	2.93761e-025	6.64736e-029	1.24567e-032	4.06406e-035	5.01066e-039	2.41052e-038	5.23714e-039	1.9206e-039	1.18573e-041	2.06952e-042	4.42463e-045	6.08982e-046	2.30276e-048	3.01264e-049	5.65469e-052	5.54344e-053	2.43975e-056	5.64718e-058	1.78008e-061	1.88341e-063	4.35901e-067	3.04204e-069	1.23373e-072	1.1818e-073	1.32714e-074	
N40	6.14893e-014	8.37016e-013	1.82057e-009	7.42975e-007	0.00010367	0.00571892	0.115853	0.62798	0.249745	0.000597864	3.19103e-007	6.60636e-011	6.77714e-015	3.96383e-019	1.44947e-023	9.66203e-028	6.88673e-031	2.01658e-032	1.54479e-035	2.77318e-037	1.54509e-040	1.71991e-042	7.20381e-046	4.96126e-048	1.55627e-051	6.50073e-054	1.35517e-057	3.27436e-060	1.05864e-064	1.4133e-067	1.41539e-072	2.87597e-076	1.75213e-081	2.16451e-085	8.17064e-091	8.23877e-095	2.79259e-099	4.94979e-102	6.6592e-105	
N41	1.05781e-018	2.44834e-019	9.06326e-016	6.45621e-012	1.9011e-008	2.04072e-005	0.00637035	0.352618	0.637684	0.00330467	2.90799e-006	8.36684e-010	1.16924e-013	5.49597e-016	9.23832e-019	1.82075e-020	1.72147e-023	1.57093e-025	6.38205e-029	3.26983e-031	5.8626e-035	1.86445e-037	1.57909e-041	3.23406e-044	1.3527e-048	1.75018e-051	3.67943e-056	3.71196e-059	1.07548e-062	2.51854e-064	1.75849e-067	2.0988e-069	9.90263e-073	9.98697e-075	3.42831e-078	5.01563e-080	4.17934e-081	7.08818e-082	8.96867e-083	
N42	4.02456e-034	5.43925e-033	3.09715e-027	3.38874e-021	1.78381e-015	3.94587e-010	2.84371e-005	0.369019	0.630888	6.54652e-005	1.18686e-009	7.12689e-015	1.83706e-020	2.32418e-026	1.56703e-032	7.45637e-038	7.12525e-043	9.31329e-047	2.9047e-052	6.17196e-057	3.33405e-048	3.43771e-035	3.31901e-035	4.0709e-034	3.29461e-034	3.2446e-033	1.64679e-033	1.32765e-032	2.47108e-033	1.41896e-032	1.06243e-033	1.31162e-033	7.09985e-035	7.00111e-035	2.87202e-036	2.79889e-036	1.24253e-036	2.07461e-035	2.85559e-034	
Cryptotermes_austrinus	0	0	0	0	0	0	0	1	0	0	0	0	0	0	0	0	0	0	0	0	0	0	0	0	0	0	0	0	0	0	0	0	0	0	0	0	0	0	0	
Incisitermes_sp	0	0	0	0	0	0	0	0	1	0	0	0	0	0	0	0	0	0	0	0	0	0	0	0	0	0	0	0	0	0	0	0	0	0	0	0	0	0	0	
Cryptotermes_queenslandis	0	0	0	0	0	0	0	0	1	0	0	0	0	0	0	0	0	0	0	0	0	0	0	0	0	0	0	0	0	0	0	0	0	0	0	0	0	0	0	
Cryptotermes_primus	0	0	1	0	0	0	0	0	0	0	0	0	0	0	0	0	0	0	0	0	0	0	0	0	0	0	0	0	0	0	0	0	0	0	0	0	0	0	0	
N43	3.41405e-019	8.1121e-017	6.73838e-013	7.77765e-010	2.12979e-007	3.66204e-005	0.0109667	0.649504	0.337621	0.00187142	5.67928e-007	2.89607e-011	2.68581e-016	7.10098e-022	7.073e-028	4.6758e-031	1.06685e-033	1.35443e-033	2.0763e-035	1.60932e-035	1.33733e-037	6.94581e-038	2.33008e-040	8.87465e-041	1.008e-043	4.46725e-032	8.7774e-033	3.47211e-031	1.31898e-032	3.13364e-031	5.04115e-033	1.44625e-032	1.99805e-034	2.75338e-034	3.09817e-036	3.33647e-036	3.27785e-037	2.39103e-035	1.42385e-033	
N44	5.32187e-020	2.87875e-017	9.01332e-015	2.0383e-011	3.54155e-008	2.7669e-005	0.0108785	0.656592	0.330532	0.00196993	4.18984e-007	1.56178e-011	1.71135e-016	1.74407e-020	3.29777e-024	2.64044e-025	5.96277e-028	5.76463e-027	1.29468e-029	9.06879e-029	7.52003e-032	3.56287e-031	2.72615e-034	1.16435e-033	2.895e-036	1.37242e-035	2.31556e-038	9.41324e-038	3.64326e-041	9.25315e-041	1.29645e-044	3.67586e-045	4.32921e-049	3.87735e-050	3.83372e-054	1.54969e-055	1.16017e-059	8.25591e-059	3.43143e-058	
N45	2.63253e-020	7.28732e-018	4.33279e-015	1.53263e-011	3.8444e-008	5.54623e-005	0.0160066	0.689632	0.292806	0.00149907	3.83057e-007	2.54645e-011	6.85968e-016	1.21827e-020	6.08196e-025	1.82173e-026	7.77728e-031	1.80135e-032	1.53636e-036	3.9116e-037	5.44191e-041	1.15422e-041	1.4308e-045	2.56004e-046	6.1131e-050	8.11506e-051	9.16867e-055	9.25953e-056	1.37693e-060	1.0461e-061	1.58912e-067	2.47005e-069	2.50871e-075	3.27508e-078	2.60254e-084	1.18675e-087	6.58298e-094	1.00692e-095	6.22417e-097	
Cryptotermes_brevis	0	0	0	0	0	1	0	0	0	0	0	0	0	0	0	0	0	0	0	0	0	0	0	0	0	0	0	0	0	0	0	0	0	0	0	0	0	0	0	
N46	3.4758e-025	9.16993e-022	2.2795e-017	3.26425e-013	2.38188e-009	7.35678e-006	0.0069281	0.943663	0.0492533	0.000148003	1.07309e-007	2.96891e-011	3.95453e-015	2.92061e-019	1.3263e-023	2.67604e-027	1.67888e-030	1.549e-032	7.46264e-036	4.00082e-038	1.3508e-041	4.28218e-044	1.04123e-047	1.94923e-050	3.27036e-054	3.5818e-057	3.35785e-061	2.16211e-064	5.91105e-069	2.03189e-072	1.92581e-077	1.55001e-081	8.03462e-087	4.24612e-091	1.28674e-096	5.48212e-101	1.241e-105	4.70615e-109	1.32207e-112	
Cryptotermes_dudleyi	0	0	0	0	0	0	0	1	0	0	0	0	0	0	0	0	0	0	0	0	0	0	0	0	0	0	0	0	0	0	0	0	0	0	0	0	0	0	0	
Cryptotermes_secundus	0	0	0	0	0	0	0	1	0	0	0	0	0	0	0	0	0	0	0	0	0	0	0	0	0	0	0	0	0	0	0	0	0	0	0	0	0	0	0	
Cryptotermes_cynocephalus	0	0	0	0	0	0	0	0	0	1	0	0	0	0	0	0	0	0	0	0	0	0	0	0	0	0	0	0	0	0	0	0	0	0	0	0	0	0	0	
N47	4.39748e-008	2.01588e-006	3.58142e-005	6.08909e-005	4.89768e-005	0.00114381	0.0452596	0.601361	0.336178	0.015684	0.000224559	1.00588e-006	4.21321e-010	6.70134e-014	5.45586e-018	3.18005e-021	1.1405e-023	2.04583e-024	5.00972e-027	5.0195e-028	8.51585e-031	5.00942e-032	6.24688e-035	2.18418e-036	1.98511e-039	4.11008e-041	2.04761e-044	2.61904e-046	8.70376e-051	4.25525e-053	6.74811e-058	3.75283e-061	3.62766e-066	1.40838e-069	8.69039e-075	2.92661e-078	6.97196e-082	7.97862e-084	6.72221e-086	
Cryptotermes_domesticus	0	0	1	0	0	0	0	0	0	0	0	0	0	0	0	0	0	0	0	0	0	0	0	0	0	0	0	0	0	0	0	0	0	0	0	0	0	0	0	
Procryptotermes_australiensis	0	0	0	0	0	0	0	0	0	0	0	1	0	0	0	0	0	0	0	0	0	0	0	0	0	0	0	0	0	0	0	0	0	0	0	0	0	0	0	
Neotermes_insularis	0	0	0	0	0	0	0	0	0	0	0	0	0	1	0	0	0	0	0	0	0	0	0	0	0	0	0	0	0	0	0	0	0	0	0	0	0	0	0	
N48	1.03735e-017	9.7198e-019	3.93477e-016	1.4604e-012	2.91603e-009	2.71275e-006	0.000993152	0.107072	0.858313	0.0334112	0.000207214	4.07608e-007	3.47714e-010	1.55522e-013	4.93337e-017	5.84325e-019	2.00647e-021	6.14821e-023	1.36984e-025	2.31475e-027	3.52196e-030	3.39348e-032	3.38531e-035	1.92841e-037	1.02892e-040	4.02022e-043	1.57641e-046	3.94674e-049	4.17342e-053	4.58984e-056	2.48895e-060	1.00051e-063	3.18562e-068	9.52068e-072	1.94492e-076	5.32668e-080	1.51517e-083	3.49626e-086	6.21324e-089	
Glyptotermes_brevicornis	0	0	0	0	0	0	0	0	1	0	0	0	0	0	0	0	0	0	0	0	0	0	0	0	0	0	0	0	0	0	0	0	0	0	0	0	0	0	0	
Glyptotermes_iridipennis	0	0	0	0	0	0	0	0	1	0	0	0	0	0	0	0	0	0	0	0	0	0	0	0	0	0	0	0	0	0	0	0	0	0	0	0	0	0	0	
Kalotermes_flavicollis	0	0	0	0	0	0	0	0	0	0	0	0	0	0	0	0	0	0	0	0	0	1	0	0	0	0	0	0	0	0	0	0	0	0	0	0	0	0	0	
N49	0.0100059	0.0889201	0.350643	0.472048	0.0688635	0.00353488	0.00012636	0.000463564	0.00177226	0.00219382	0.00113146	0.00026799	2.85827e-005	1.1151e-006	2.23932e-009	2.39544e-012	4.27798e-015	9.53195e-017	2.66707e-019	3.53422e-021	6.17984e-024	4.56064e-026	5.47722e-029	2.37167e-031	2.0202e-034	5.20701e-037	2.96726e-040	4.49436e-043	1.37766e-046	1.2275e-049	1.60977e-053	7.06434e-057	5.51849e-061	1.62514e-064	8.29776e-069	1.95392e-072	1.81374e-076	1.51282e-079	1.28594e-082	
Stolotermes_sp	0	0	0	1	0	0	0	0	0	0	0	0	0	0	0	0	0	0	0	0	0	0	0	0	0	0	0	0	0	0	0	0	0	0	0	0	0	0	0	
N50	0.0672916	0.0121469	0.000652436	1.24185e-005	7.16052e-008	1.52379e-010	2.47264e-013	9.54798e-012	2.429e-009	2.72897e-007	1.36612e-005	0.000289629	0.00363034	0.840347	0.0611377	0.0143496	0.000122305	5.72587e-006	1.43581e-008	2.3007e-010	1.32996e-013	9.68911e-016	2.05744e-019	7.60473e-022	7.64719e-026	1.4923e-028	8.264e-033	8.50772e-036	2.85751e-040	1.52987e-043	3.29771e-048	9.70386e-052	1.36048e-056	2.71046e-060	2.6727e-065	8.99846e-069	1.31786e-071	2.50028e-074	3.42205e-077	
Zootermopsis_angusticollis	0	0	0	0	0	0	0	0	0	0	0	0	0	1	0	0	0	0	0	0	0	0	0	0	0	0	0	0	0	0	0	0	0	0	0	0	0	0	0	
Zootermopsis_nevadensis	0	0	0	0	0	0	0	0	0	0	0	0	0	1	0	0	0	0	0	0	0	0	0	0	0	0	0	0	0	0	0	0	0	0	0	0	0	0	0	
Mastotermes_darwiniensis	0	0	0	0	0	0	0	0	0	0	0	0	0	0	0	0	0	0	0	0	0	0	0	0	0	0	0	0	0	0	0	0	0	0	0	0	1	0	0	
Porotermes_adamsoni	0	0	0	0	0	0	0	1	0	0	0	0	0	0	0	0	0	0	0	0	0	0	0	0	0	0	0	0	0	0	0	0	0	0	0	0	0	0	0	
