NODE	9	10	11	12	13	14	15	16	17	18	19	20	21	22	23	24	25	26	27	28	29	30	31	32	33	34	35	36	37	38	39	40	41	42	
N1	0.120383	0.116712	0.11001	0.101075	0.0907214	0.0797238	0.068759	0.0583462	0.0488215	0.0403541	0.0329956	0.0267368	0.0215426	0.0173273	0.0138993	0.0111102	0.00884428	0.00700986	0.00553276	0.00435146	0.00341395	0.00267569	0.00209849	0.0016498	0.00130227	0.00103332	0.000824695	0.000662041	0.000534361	0.000433569	0.000354075	0.000292505	0.000247688	0.000221373	
N2	0.260008	0.141127	0.0855206	0.0607538	0.0507067	0.0474623	0.046831	0.0463663	0.044773	0.0417367	0.028803	0.0219796	0.0147632	0.0114959	0.00863067	0.00769838	0.00684138	0.00703553	0.00698982	0.00758501	0.00761872	0.00798029	0.00753086	0.00719606	0.00611582	0.00516804	0.00387145	0.00285351	0.00187127	0.00120307	0.000706319	0.000407202	0.000225456	0.000143935	
N3	0.252214	0.137784	0.084732	0.0614061	0.052179	0.0491979	0.0481471	0.0466928	0.0440299	0.0404146	0.0263602	0.0200474	0.0133682	0.011237	0.0090781	0.00923319	0.00890318	0.0100631	0.0101978	0.0112998	0.0107724	0.0107567	0.0090333	0.0077737	0.00555921	0.00404554	0.00242844	0.0014925	0.000756071	0.000405543	0.000196297	0.000104655	5.44585e-005	3.47995e-005	
N4	0.248782	0.137861	0.0873614	0.0653544	0.0561632	0.0516305	0.0474703	0.0422388	0.0364796	0.0314327	0.0207027	0.0167889	0.0128826	0.0127259	0.0122263	0.014028	0.0146916	0.0166573	0.0162882	0.0161962	0.0134555	0.011044	0.00744656	0.00493424	0.00265884	0.00142795	0.00062088	0.000279289	0.000103221	4.21267e-005	1.56127e-005	6.32657e-006	2.41378e-006	1.16085e-006	
N5	0.240031	0.138078	0.0909992	0.0669792	0.0521008	0.0407223	0.0314721	0.02479	0.0213653	0.0217995	0.0198151	0.0238408	0.0261283	0.0323749	0.0339921	0.0363552	0.031718	0.0267748	0.0181043	0.0116984	0.00600181	0.00299402	0.00117912	0.000470498	0.000147684	4.973e-005	1.32491e-005	3.9707e-006	9.55413e-007	2.55412e-007	5.79605e-008	1.32298e-008	2.63253e-009	6.44175e-010	
N6	0.158048	0.0969615	0.061432	0.0356592	0.0193638	0.0109874	0.00785236	0.00891894	0.0160652	0.0355685	0.0556863	0.0901891	0.102477	0.110058	0.0832124	0.058084	0.0290048	0.013639	0.00467501	0.00159001	0.000397973	0.000105092	2.01815e-005	4.26055e-006	6.36443e-007	1.06524e-007	1.24122e-008	1.64549e-009	1.5369e-010	1.63963e-011	1.3841e-012	1.20773e-013	8.69141e-015	7.31752e-016	
N7	0.14638	0.0886985	0.0548802	0.0309073	0.0162495	0.00909698	0.00677403	0.00854333	0.0172744	0.0416411	0.0651196	0.104913	0.115895	0.117592	0.0836669	0.0532781	0.0243425	0.0103084	0.00317099	0.000986735	0.000215574	5.55333e-005	8.72776e-006	2.15569e-006	2.36909e-007	6.77351e-008	5.21157e-009	1.81721e-009	8.57162e-011	2.67015e-011	1.13593e-012	3.56577e-013	3.50755e-014	1.47063e-014	
N8	0.107998	0.0617449	0.0332583	0.0158091	0.00745951	0.00445956	0.00440528	0.00799365	0.0212296	0.0581217	0.101302	0.156148	0.158969	0.133844	0.0757694	0.0357811	0.011528	0.00334975	0.000663704	0.000141806	1.97389e-005	3.85399e-006	4.27425e-007	7.85605e-008	6.98623e-009	1.06143e-009	7.14755e-011	8.22355e-012	3.84386e-013	3.33712e-014	1.53241e-015	1.24576e-016	6.86833e-018	5.57065e-019	
N9	0.0266118	0.0137264	0.00468536	0.00118375	0.000328856	0.000260155	0.00110279	0.00814837	0.0452967	0.15337	0.257638	0.264339	0.149991	0.0570626	0.0134642	0.00244553	0.000304139	3.63714e-005	3.24096e-006	3.4561e-007	2.58548e-008	2.30122e-009	1.33202e-010	8.80638e-012	3.80858e-013	1.85882e-014	6.11781e-016	2.28339e-017	6.00714e-019	1.80948e-020	4.23989e-022	1.0834e-023	2.2761e-025	5.55542e-027	
Acanthoxyla_geisovii	0	0	0	0	0	0	0	0	0	0	1	0	0	0	0	0	0	0	0	0	0	0	0	0	0	0	0	0	0	0	0	0	0	0	
N10	0.000529505	1.39957e-005	1.51464e-007	1.26674e-009	2.49072e-011	2.33394e-009	1.1657e-006	0.000308246	0.032886	0.823962	0.136812	0.00540286	8.3014e-005	6.47575e-007	2.82323e-009	7.97349e-012	1.47998e-014	2.40569e-017	3.11583e-020	6.5623e-023	9.21237e-026	2.02211e-028	2.23878e-031	3.49564e-034	2.79909e-037	3.04486e-040	1.77192e-043	1.37931e-046	5.98123e-050	3.51128e-053	1.28096e-056	6.32026e-060	2.26283e-063	9.76742e-067	
Acanthoxyla_inermis	0	0	0	0	0	0	0	0	0	1	0	0	0	0	0	0	0	0	0	0	0	0	0	0	0	0	0	0	0	0	0	0	0	0	
Clitarchus_hookeri	0	0	0	0	0	0	0	0	0	1	0	0	0	0	0	0	0	0	0	0	0	0	0	0	0	0	0	0	0	0	0	0	0	0	
N11	0.098244	0.0514004	0.0250663	0.0114993	0.0058993	0.00449635	0.00620429	0.0139165	0.0365584	0.0854238	0.134705	0.173956	0.157527	0.110418	0.0551616	0.0215983	0.00615065	0.00146363	0.000257597	4.56275e-005	5.86637e-006	1.25682e-006	1.56064e-007	5.31707e-008	6.42519e-009	2.24841e-009	2.24124e-010	6.33537e-011	4.5607e-012	1.00047e-012	6.67364e-014	1.35203e-014	1.40623e-015	3.34938e-016	
Ctenomorpha_sp	0	0	0	0	0	0	0	1	0	0	0	0	0	0	0	0	0	0	0	0	0	0	0	0	0	0	0	0	0	0	0	0	0	0	
Extatosoma_tiaratum	0	0	0	0	0	0	0	0	0	1	0	0	0	0	0	0	0	0	0	0	0	0	0	0	0	0	0	0	0	0	0	0	0	0	
N12	0.00703182	0.0180208	0.0287358	0.0324708	0.0329128	0.0651936	0.17532	0.26981	0.222486	0.0789311	0.00314684	0.0024943	0.00749489	0.0151841	0.0180581	0.0146995	0.00644801	0.00151993	4.12199e-005	6.50724e-007	5.74358e-009	4.23869e-011	2.03717e-013	8.85572e-016	2.70146e-018	7.68571e-021	1.62459e-023	3.24202e-026	5.02372e-029	7.36691e-032	8.84507e-035	9.95195e-038	9.48542e-041	8.72279e-044	
Phobaeticus_sp	0	0	0	0	0	0	0	0	0	0	0	0	0	0	0	0	0	1	0	0	0	0	0	0	0	0	0	0	0	0	0	0	0	0	
Podacanthus_wilkinsoni	0	0	0	0	0	0	0	0	0	1	0	0	0	0	0	0	0	0	0	0	0	0	0	0	0	0	0	0	0	0	0	0	0	0	
Acrophylla_titan	0	0	0	0	0	0	0	0	0	1	0	0	0	0	0	0	0	0	0	0	0	0	0	0	0	0	0	0	0	0	0	0	0	0	
N13	0.248737	0.138094	0.0831655	0.0540567	0.0379059	0.0291185	0.0252092	0.0251494	0.0289502	0.0374971	0.0405232	0.0490986	0.0501374	0.0497554	0.0401013	0.0294787	0.0174411	0.00930822	0.00399033	0.00157721	0.000498987	0.000154793	3.81393e-005	1.02076e-005	2.11643e-006	5.22672e-007	9.67049e-008	2.20067e-008	3.78164e-009	7.59524e-010	1.23389e-010	2.01952e-011	2.74605e-012	4.37918e-013	
N14	0.248619	0.135087	0.0764406	0.0461519	0.0312582	0.0254538	0.0261151	0.0324877	0.0444232	0.0605375	0.0610247	0.0629881	0.0529964	0.0416417	0.0268985	0.0156461	0.00748883	0.00319021	0.00110022	0.000341979	8.43725e-005	2.02981e-005	3.76991e-006	8.2079e-007	1.26412e-007	2.87611e-008	3.82491e-009	8.63989e-010	9.40006e-011	1.98802e-011	2.70876e-012	6.13616e-013	1.04355e-013	2.29771e-014	
N15	0.0278934	0.0190349	0.0126532	0.00700294	0.00517947	0.0138488	0.0484632	0.120902	0.201436	0.223908	0.119479	0.0663504	0.0412214	0.0394539	0.0269954	0.0167732	0.00640506	0.00232745	0.000527582	0.000124012	1.82292e-005	2.91854e-006	2.90375e-007	3.20909e-008	2.20246e-009	1.70535e-010	8.19956e-012	4.57954e-013	1.58992e-014	6.78048e-016	2.1558e-017	7.79008e-019	2.23784e-020	7.69352e-022	
N16	0.00817143	0.00419533	0.00151385	0.000489295	0.000441416	0.00236996	0.0178027	0.0854816	0.218688	0.292901	0.196386	0.104151	0.0448103	0.0173951	0.00433386	0.000773877	8.84084e-005	7.43669e-006	4.24482e-007	1.88259e-008	5.87268e-010	1.49385e-011	2.70142e-013	4.20646e-015	4.59467e-017	4.74252e-019	3.25239e-021	2.55312e-023	1.15737e-025	9.2138e-028	7.02332e-030	1.42235e-031	2.48091e-033	3.92617e-035	
Bacillus_atticus	0	0	0	0	0	0	0	0	1	0	0	0	0	0	0	0	0	0	0	0	0	0	0	0	0	0	0	0	0	0	0	0	0	0	
N17	0.00643079	0.0029673	0.00101268	0.000343044	0.000371556	0.00211005	0.0167844	0.0850134	0.224528	0.300442	0.205546	0.10124	0.0384044	0.0119944	0.00243377	0.000345332	3.10221e-005	2.12831e-006	9.13091e-008	5.86871e-009	1.37297e-010	3.2779e-011	4.99654e-013	1.5133e-013	1.50283e-015	3.38563e-016	2.27498e-018	3.76997e-019	1.74329e-021	2.13559e-022	8.57532e-025	9.30321e-026	8.44417e-028	1.32068e-028	
Bacillus_grandii_benazzii	0	0	0	0	0	0	0	0	1	0	0	0	0	0	0	0	0	0	0	0	0	0	0	0	0	0	0	0	0	0	0	0	0	0	
Bacillus_grandii_grandii	0	0	0	0	0	0	0	0	1	0	0	0	0	0	0	0	0	0	0	0	0	0	0	0	0	0	0	0	0	0	0	0	0	0	
Bacillus_lynceorum	0	0	0	0	0	0	0	0	0	0	0	0	0	0	0	0	0	1	0	0	0	0	0	0	0	0	0	0	0	0	0	0	0	0	
N18	0.301067	0.180706	0.101432	0.0499575	0.0274899	0.0333955	0.0609613	0.0868265	0.0830365	0.0514762	0.0182806	0.00453329	0.000737331	9.11024e-005	8.05955e-006	5.87078e-007	3.24422e-008	1.63308e-009	6.5057e-011	2.66422e-012	8.67952e-014	3.10655e-015	8.52242e-017	2.56905e-018	5.85151e-020	1.45182e-021	2.78786e-023	5.76883e-025	9.58622e-027	1.67342e-028	2.47985e-030	3.82408e-032	5.71303e-034	1.20671e-035	
N19	0.00117462	1.42849e-005	9.6944e-007	1.90306e-007	1.24208e-007	1.04813e-005	0.000562442	0.0137531	0.163378	0.805436	0.015487	0.000182706	7.5191e-007	4.54221e-009	9.43995e-011	1.13557e-011	3.32734e-012	1.75263e-012	3.28063e-013	5.63416e-014	4.32643e-015	2.18512e-015	2.55479e-015	4.28758e-015	3.27145e-015	3.45247e-015	1.32368e-015	4.73461e-016	3.17413e-018	2.34414e-020	7.51414e-023	5.14129e-024	5.51223e-025	6.10027e-026	
N20	9.44231e-006	1.00413e-005	3.44547e-006	5.19304e-007	3.03739e-007	0.000332717	0.00929254	0.109063	0.463638	0.417595	5.46205e-005	4.41476e-008	2.20222e-008	5.92859e-009	7.64105e-010	1.23793e-010	7.9621e-012	5.33722e-012	6.01571e-013	1.86374e-015	2.41869e-019	1.13515e-022	4.60996e-015	6.77214e-016	5.78268e-017	3.33065e-018	1.04105e-019	1.49011e-021	1.64788e-024	9.37544e-028	1.97931e-031	1.42741e-023	2.92774e-023	2.39851e-022	
Clonopsis_felicitatis	0	0	0	0	0	0	0	0	0	1	0	0	0	0	0	0	0	0	0	0	0	0	0	0	0	0	0	0	0	0	0	0	0	0	
Clonopsis_gallica	0	0	0	0	0	0	0	0	0	0	0	0	0	0	0	0	0	0	1	0	0	0	0	0	0	0	0	0	0	0	0	0	0	0	
Clonopsis_soumiae	0	0	0	0	0	0	0	0	0	0	0	0	0	0	0	0	0	0	0	0	0	0	0	0	0	0	0	1	0	0	0	0	0	0	
Clonopsis_maroccana	0	0	1	0	0	0	0	0	0	0	0	0	0	0	0	0	0	0	0	0	0	0	0	0	0	0	0	0	0	0	0	0	0	0	
N21	0.000981356	0.00102814	4.95025e-005	1.03803e-006	1.74726e-008	1.11584e-008	1.86208e-007	2.39869e-005	0.00219255	0.0800966	0.438925	0.411038	0.0616933	0.00386298	0.00010526	1.94858e-006	2.09896e-008	1.85965e-010	1.08253e-012	5.64264e-015	2.04268e-017	6.884e-020	1.66854e-022	3.85981e-025	6.62323e-028	1.10706e-030	1.41401e-033	1.78573e-036	1.77222e-039	1.75051e-042	1.44725e-045	1.15925e-048	7.96458e-052	5.36667e-055	
N22	0.00031871	0.000225536	9.67194e-006	1.31736e-007	1.46049e-009	6.7452e-010	5.02989e-008	1.59085e-005	0.00244113	0.107809	0.538213	0.319489	0.0304363	0.00102745	1.40271e-005	1.10237e-007	4.82615e-010	1.53736e-012	3.00097e-015	6.56422e-018	6.66449e-021	1.20633e-022	3.22972e-025	2.27943e-026	4.78115e-029	2.45416e-030	3.21404e-033	1.19072e-034	8.00039e-038	2.1647e-039	8.64608e-043	1.72678e-044	4.05708e-048	6.34724e-050	
Leptynia_attenuata	0	0	0	0	0	0	0	0	0	1	0	0	0	0	0	0	0	0	0	0	0	0	0	0	0	0	0	0	0	0	0	0	0	0	
Leptynia_montana	0	0	0	0	0	0	0	0	0	0	1	0	0	0	0	0	0	0	0	0	0	0	0	0	0	0	0	0	0	0	0	0	0	0	
Leptynia_caprai	0	0	0	0	0	0	0	0	0	0	0	1	0	0	0	0	0	0	0	0	0	0	0	0	0	0	0	0	0	0	0	0	0	0	
N23	0.233703	0.132035	0.0849654	0.0625446	0.0508727	0.0435098	0.0380015	0.0340616	0.0321851	0.0328647	0.0251354	0.0246043	0.0211912	0.0228202	0.0219155	0.0241436	0.0229832	0.0231825	0.0196044	0.0169307	0.0120178	0.00876314	0.00516435	0.003276	0.00163941	0.000961643	0.000425139	0.000245888	0.000102555	6.37872e-005	3.48941e-005	2.41067e-005	1.48691e-005	1.13331e-005	
N24	0.184386	0.10485	0.0658726	0.0457072	0.0349637	0.0295129	0.0278554	0.0298853	0.0362748	0.0480825	0.0447838	0.0502436	0.0451471	0.0475167	0.041404	0.0402614	0.0324057	0.0280383	0.0200175	0.0153795	0.0097411	0.00691181	0.00400802	0.00277952	0.00152182	0.00106101	0.000545217	0.00037477	0.000178537	0.000121863	6.95851e-005	4.88932e-005	2.93709e-005	2.06946e-005	
Carausius_morosus	0	0	0	0	0	0	0	0	0	0	0	0	0	0	0	0	0	0	0	0	0	0	0	0	1	0	0	0	0	0	0	0	0	0	
N25	0.127567	0.0750668	0.051894	0.0423928	0.0397089	0.0399705	0.0413855	0.0447648	0.0527665	0.0676703	0.0718173	0.0807021	0.0750973	0.0678489	0.0498676	0.0344049	0.0193483	0.0102759	0.00450831	0.00191621	0.000682472	0.000241729	7.25861e-005	2.19845e-005	5.70185e-006	1.48643e-006	3.34078e-007	7.4142e-008	1.42484e-008	2.65879e-009	4.40215e-010	7.02855e-011	1.04241e-011	1.92747e-012	
Orxines_sp	0	0	0	0	0	0	0	0	0	0	1	0	0	0	0	0	0	0	0	0	0	0	0	0	0	0	0	0	0	0	0	0	0	0	
N26	0.0768807	0.0535436	0.0476316	0.0480612	0.0516198	0.0571306	0.0643642	0.073356	0.0842532	0.0975168	0.0923144	0.0900497	0.0698772	0.0473431	0.025614	0.0124957	0.00508683	0.00194195	0.000634727	0.000205031	5.69027e-005	1.69083e-005	4.20486e-006	1.27685e-006	3.02796e-007	1.02638e-007	2.42588e-008	9.20904e-009	2.28146e-009	9.99547e-010	3.48999e-010	1.73397e-010	6.85686e-011	2.97038e-011	
Pseudophasma_sp	0	0	0	1	0	0	0	0	0	0	0	0	0	0	0	0	0	0	0	0	0	0	0	0	0	0	0	0	0	0	0	0	0	0	
Sipyloidea_sipylus	0	0	0	0	0	0	0	0	0	0	0	0	0	0	0	0	0	0	0	0	0	0	0	0	0	0	0	0	0	0	0	1	0	0	
Phalces_sp	0	0	0	0	0	0	0	0	0	1	0	0	0	0	0	0	0	0	0	0	0	0	0	0	0	0	0	0	0	0	0	0	0	0	
N27	0.199256	0.111505	0.0704138	0.0513405	0.042898	0.0396362	0.0389024	0.0395123	0.0411111	0.0437945	0.0331886	0.0306252	0.0240491	0.023329	0.0202003	0.0209441	0.0192927	0.0201759	0.0183434	0.0183175	0.0156272	0.0146343	0.011555	0.0102964	0.00763307	0.00670337	0.00484553	0.00439277	0.00329405	0.00317883	0.00280044	0.00282143	0.00262985	0.00275218	
Bacillus_rossius	0	0	0	0	0	0	0	0	0	1	0	0	0	0	0	0	0	0	0	0	0	0	0	0	0	0	0	0	0	0	0	0	0	0	
Baculum_sp	0	0	0	0	0	0	0	0	0	0	0	0	0	0	0	0	0	0	0	0	0	0	0	0	0	0	0	1	0	0	0	0	0	0	
Phyllium_bioculatum	0	0	0	0	0	0	0	0	1	0	0	0	0	0	0	0	0	0	0	0	0	0	0	0	0	0	0	0	0	0	0	0	0	0	
N28	0.0858603	0.0674172	0.0806872	0.112917	0.149601	0.166896	0.147911	0.102075	0.0549594	0.0233688	0.00636812	0.00158034	0.000297902	5.23385e-005	7.47604e-006	9.94893e-007	1.11172e-007	1.15343e-008	1.02404e-009	8.44588e-011	6.04695e-012	4.03681e-013	2.36826e-014	1.3018e-015	6.35661e-017	2.9222e-018	1.20474e-019	4.69582e-021	1.65533e-022	5.53658e-024	1.69757e-025	4.93735e-027	1.33087e-028	3.94359e-030	
Timema_poppensis	0	0	0	1	0	0	0	0	0	0	0	0	0	0	0	0	0	0	0	0	0	0	0	0	0	0	0	0	0	0	0	0	0	0	
Timema_shepardi	0	0	0	1	0	0	0	0	0	0	0	0	0	0	0	0	0	0	0	0	0	0	0	0	0	0	0	0	0	0	0	0	0	0	
