NODE	7	8	9	10	11	12	13	14	15	16	17	18	19	20	21	22	23	24	25	26	27	28	29	30	31	32	33	34	35	36	37	38	39	40	41	42	43	44	45	46	47	48	49	50	51	
N1	0.000385293	0.000720931	0.00189199	0.00586991	0.0184143	0.0513262	0.116881	0.202725	0.249525	0.204456	0.106301	0.0340427	0.00662129	0.000780286	5.60353e-005	2.48007e-006	6.86615e-008	1.20956e-009	1.38087e-011	9.36273e-017	6.66825e-018	3.93168e-019	1.93626e-020	8.0327e-022	2.82995e-023	8.5316e-025	2.21683e-026	4.99816e-028	9.8402e-030	1.70168e-031	2.59914e-033	3.52454e-035	4.26375e-037	4.62234e-039	4.50973e-041	3.97539e-043	3.17807e-045	2.31218e-047	1.53595e-049	9.34487e-052	5.22242e-054	2.68822e-056	1.27786e-058	5.62665e-061	2.59914e-063	
N2	0.000863658	0.00194071	0.00558991	0.0152036	0.0356324	0.0714944	0.12385	0.180554	0.208424	0.179358	0.110629	0.0480764	0.0146533	0.00316937	0.00049087	6.19625e-005	6.71327e-006	1.47252e-006	2.27076e-007	6.77757e-008	7.89243e-009	1.59816e-009	1.24075e-010	1.65668e-011	8.58276e-013	7.67637e-014	2.67633e-015	1.63786e-016	3.88789e-018	1.67306e-019	2.73964e-021	8.56592e-023	9.82574e-025	2.32393e-026	1.896e-028	3.53237e-030	2.1463e-032	3.56382e-034	1.7196e-036	2.81176e-038	1.94905e-040	5.75321e-042	9.43038e-044	3.50495e-045	1.30436e-046	
N3	0.00167016	0.0041182	0.0118472	0.0271568	0.0452996	0.0601015	0.0803535	0.118723	0.162679	0.178841	0.149476	0.0939307	0.0440974	0.0158616	0.00435409	0.00111516	0.000248219	9.23517e-005	2.27013e-005	8.9537e-006	1.68264e-006	4.79888e-007	6.38447e-008	1.29433e-008	1.23408e-009	1.82444e-010	1.2705e-011	1.40987e-012	7.31465e-014	6.28317e-015	2.47074e-016	1.69022e-017	5.13809e-019	2.9072e-020	6.91799e-022	3.33103e-023	6.64332e-025	3.15681e-026	5.47735e-028	2.58656e-029	5.92159e-031	4.17111e-032	1.68696e-033	1.51776e-034	1.62225e-035	
N4	2.60447e-005	9.94687e-005	0.00042233	0.00116127	0.00177261	0.00202281	0.00334043	0.00812776	0.0212963	0.0515686	0.103781	0.16591	0.198914	0.184189	0.123987	0.0749904	0.033675	0.0169393	0.00539549	0.00190824	0.000378929	8.3419e-005	1.02629e-005	1.44252e-006	1.15103e-007	1.09059e-008	5.90383e-010	3.95873e-011	1.51479e-012	7.53341e-014	2.09945e-015	8.02531e-017	1.69367e-018	5.26948e-020	8.64932e-022	2.26492e-023	3.18797e-025	8.0262e-027	9.96415e-029	2.34403e-030	3.32649e-032	9.45048e-034	1.97362e-035	6.76554e-037	2.74321e-038	
N5	3.78425e-006	1.99377e-005	0.000120233	0.000413116	0.000625613	0.000548047	0.000797639	0.00282774	0.0100527	0.0292646	0.0702384	0.13891	0.212033	0.230974	0.171257	0.0882141	0.0324414	0.00904122	0.00187727	0.000301636	3.5243e-005	3.25378e-006	2.15219e-007	1.25921e-008	5.11658e-010	2.48555e-011	7.2932e-013	3.76287e-014	8.70631e-016	4.09826e-017	7.17908e-019	2.62993e-020	3.46291e-022	9.7063e-024	9.774e-026	2.14465e-027	1.72219e-029	3.09423e-031	2.03704e-033	3.06226e-035	1.74853e-037	2.34303e-039	1.42918e-041	2.21652e-043	3.36969e-045	
N6	8.7475e-010	3.60724e-008	8.94401e-007	4.29632e-006	2.54689e-006	4.78148e-007	3.40449e-007	4.61529e-006	0.000114508	0.00186759	0.0181242	0.0973521	0.265663	0.343491	0.204348	0.0586964	0.00925623	0.000989299	8.02941e-005	4.88953e-006	1.97068e-007	5.82271e-009	1.09896e-010	2.18654e-012	2.62585e-014	4.97863e-016	4.24278e-018	6.07318e-020	3.46774e-022	3.37379e-024	1.31288e-026	8.80447e-029	2.39939e-031	1.1371e-033	2.2179e-036	7.61597e-039	1.08896e-041	2.78865e-044	2.99014e-047	5.86024e-050	4.85636e-053	7.60242e-056	5.60662e-059	9.0187e-062	1.33943e-064	
N7	1.38815e-011	5.05007e-010	1.12475e-008	5.80616e-008	4.96605e-008	1.86314e-008	1.92393e-008	2.96314e-007	1.29314e-005	0.000386065	0.00634568	0.0529933	0.208594	0.36288	0.269095	0.0860549	0.012655	0.00094173	3.91957e-005	9.99638e-007	1.6604e-008	2.55044e-010	3.70931e-012	2.432e-013	4.03618e-015	2.21309e-016	2.21091e-018	7.29774e-020	4.45198e-022	9.17558e-024	3.50524e-026	4.632e-028	1.13893e-030	9.83433e-033	1.61038e-035	9.30324e-038	1.05406e-040	4.24383e-043	3.45479e-046	1.0254e-048	6.24839e-052	1.45936e-054	7.52262e-058	2.02448e-060	7.31359e-063	
N8	2.25376e-013	6.35059e-012	1.89094e-010	3.20507e-009	1.37962e-008	1.33669e-008	7.11774e-009	2.19308e-008	1.03242e-006	4.5915e-005	0.00120038	0.0166828	0.111989	0.325688	0.366702	0.15059	0.025089	0.00193347	7.71065e-005	1.74451e-006	2.41529e-008	2.52466e-010	2.72583e-012	1.33888e-013	2.8392e-015	1.4088e-016	1.9879e-018	5.95085e-020	5.50306e-022	1.03118e-023	6.28265e-026	7.60898e-028	3.07253e-030	2.46853e-032	6.70654e-035	3.67631e-037	6.86886e-040	2.672e-042	3.51109e-045	1.01895e-047	9.62656e-051	2.20919e-053	1.72835e-056	4.97638e-059	2.03925e-061	
N9	3.46953e-016	4.17971e-014	4.23421e-012	1.67621e-010	6.47726e-010	3.27398e-010	8.31611e-011	1.02025e-010	1.07681e-008	1.3854e-006	9.91589e-005	0.00351371	0.0539341	0.299246	0.464893	0.160775	0.0168416	0.000682903	1.27179e-005	1.23148e-007	6.80741e-010	2.38323e-012	6.23054e-015	6.74095e-017	5.1822e-019	1.47921e-020	7.84214e-023	1.36291e-024	4.59781e-027	5.02169e-029	1.08762e-031	7.7103e-034	1.08162e-036	5.0722e-039	4.69622e-042	1.47362e-044	9.27513e-048	1.98024e-050	8.74269e-054	1.31185e-056	4.16624e-060	4.60371e-063	1.10814e-066	1.13249e-069	1.19174e-072	
N10	1.56616e-020	1.4578e-017	8.04397e-015	1.19784e-012	3.54691e-012	5.33819e-013	4.04994e-014	2.24111e-014	1.33596e-011	8.82025e-009	2.89723e-006	0.000409281	0.0203816	0.266317	0.570678	0.135941	0.00618797	8.1716e-005	4.08119e-007	9.22919e-010	1.07466e-012	7.15249e-016	3.10015e-019	6.19861e-022	1.16189e-024	1.30753e-026	1.61204e-029	1.04137e-031	7.64154e-035	2.9687e-037	1.28506e-040	3.11458e-043	7.86455e-047	1.20224e-049	1.79231e-053	1.70096e-056	1.57006e-060	9.07067e-064	5.51245e-068	1.97563e-071	8.24604e-076	1.94285e-079	5.78038e-084	1.08498e-087	1.77466e-091	
N11	1.85786e-022	2.11264e-019	1.35376e-016	2.12114e-014	4.32555e-014	4.11534e-015	7.48818e-016	1.01526e-015	1.01675e-012	1.20138e-009	7.08523e-007	0.000174209	0.0140414	0.256018	0.603819	0.122111	0.00380535	3.07326e-005	8.89612e-008	1.13924e-010	7.45565e-014	2.77236e-017	6.60879e-021	2.63008e-023	7.13278e-026	3.01853e-027	4.96355e-030	1.23627e-031	1.15231e-034	1.79768e-036	8.82813e-040	8.99156e-042	2.15047e-045	1.42413e-047	1.63495e-051	6.45175e-054	3.99991e-058	8.10751e-061	3.23272e-065	3.27984e-068	1.03534e-072	1.15675e-075	1.20155e-079	3.0111e-082	8.57811e-085	
N12	8.45772e-026	2.30872e-022	3.65491e-019	9.10992e-017	1.72491e-016	1.95404e-017	3.81264e-018	2.71071e-017	7.64386e-014	1.99056e-010	2.29802e-007	9.68577e-005	0.0114018	0.253103	0.62153	0.11137	0.00248599	1.18782e-005	1.75208e-008	1.01687e-011	2.74456e-015	3.89024e-019	3.27748e-023	6.04853e-026	7.11109e-029	1.69687e-030	1.1146e-033	1.45684e-035	6.66803e-039	1.73912e-039	2.92114e-041	1.51074e-041	1.29443e-043	5.25308e-044	4.77244e-046	1.23967e-045	2.96669e-047	2.53828e-047	1.44237e-049	1.80031e-050	2.78142e-053	1.07427e-054	1.11528e-057	3.06794e-059	1.31358e-060	
N13	4.188e-024	5.34631e-021	5.05164e-018	1.63428e-015	3.2563e-014	4.05788e-014	1.77488e-014	3.91127e-014	1.63983e-011	8.51173e-009	2.40024e-006	0.000316834	0.0161237	0.233546	0.585431	0.156278	0.00817061	0.000130325	8.35066e-007	2.57144e-009	4.30661e-012	4.30686e-015	2.88492e-018	1.76377e-020	1.01785e-022	5.4955e-024	2.24396e-026	6.88197e-028	1.96665e-030	3.4934e-032	6.92306e-035	7.16776e-037	8.56325e-040	5.23503e-042	2.80329e-045	9.57761e-048	2.39197e-051	3.4282e-054	5.25031e-058	4.10374e-061	3.99195e-065	2.29623e-068	1.59572e-072	1.31735e-075	2.59882e-078	
N14	3.6869e-021	2.82206e-018	1.67256e-015	4.21392e-013	4.08366e-012	1.53534e-012	2.4111e-013	4.56784e-014	3.94045e-012	2.0081e-009	6.12403e-007	9.65352e-005	0.0066564	0.153139	0.701005	0.133841	0.00519228	6.84989e-005	4.00929e-007	1.22526e-009	2.18175e-012	2.45789e-015	1.89494e-018	2.5816e-021	6.65448e-024	1.01697e-025	2.7711e-028	2.71944e-030	5.43865e-033	3.31725e-035	4.88065e-038	1.85842e-040	1.90382e-043	4.48428e-046	2.83712e-049	4.06697e-052	1.48947e-055	1.23472e-058	2.85542e-062	1.58866e-065	2.44104e-069	1.05481e-072	1.20815e-076	5.99029e-080	3.93441e-083	
Amitermes_darwini	0	0	0	0	0	0	0	0	0	0	0	0	0	0	1	0	0	0	0	0	0	0	0	0	0	0	0	0	0	0	0	0	0	0	0	0	0	0	0	0	0	0	0	0	0	
Amitermes_germanus	0	0	0	0	0	0	0	0	0	0	0	0	0	0	1	0	0	0	0	0	0	0	0	0	0	0	0	0	0	0	0	0	0	0	0	0	0	0	0	0	0	0	0	0	0	
N15	4.38087e-022	9.39262e-020	1.8738e-017	1.92799e-015	3.67081e-014	1.16531e-013	1.7166e-013	7.5938e-013	1.37647e-010	3.91256e-008	6.54067e-006	0.000551112	0.0197065	0.22908	0.560303	0.177292	0.0127456	0.000311682	3.323e-006	1.81476e-008	5.67421e-011	1.10346e-013	1.46222e-016	1.58541e-018	2.17476e-020	3.46391e-021	3.52608e-023	3.38227e-024	2.38056e-026	1.41633e-027	6.51467e-030	2.47629e-031	6.49207e-034	1.6032e-035	1.97477e-038	2.93991e-040	1.75632e-043	1.18889e-045	4.61649e-049	1.62568e-051	4.38823e-055	1.00864e-057	1.96915e-061	4.54144e-064	2.41994e-066	
Amitermes_parvus	0	0	0	0	0	0	0	0	0	0	0	0	0	0	1	0	0	0	0	0	0	0	0	0	0	0	0	0	0	0	0	0	0	0	0	0	0	0	0	0	0	0	0	0	0	
Drepanotermes_septentrionalis	0	0	0	0	0	0	0	0	0	0	0	0	0	0	1	0	0	0	0	0	0	0	0	0	0	0	0	0	0	0	0	0	0	0	0	0	0	0	0	0	0	0	0	0	0	
N16	9.93346e-025	5.78913e-022	1.80123e-019	1.12766e-017	2.35998e-017	1.10191e-017	4.51904e-017	1.94413e-015	1.86077e-012	1.82141e-009	9.11667e-007	0.000197723	0.0147483	0.26124	0.607705	0.112952	0.00313253	2.33015e-005	6.54441e-008	8.54753e-011	5.9579e-014	2.44274e-017	6.51995e-021	1.62011e-022	1.62772e-024	7.11687e-025	4.57168e-027	1.18284e-027	4.54191e-030	7.41909e-031	1.44798e-033	1.59478e-034	1.21435e-037	9.3148e-039	2.17277e-042	1.0043e-043	9.22439e-048	1.53283e-049	9.22466e-054	4.98947e-056	2.24181e-060	5.44354e-063	1.82881e-067	3.31288e-070	3.50956e-072	
N17	2.25863e-023	3.67513e-020	4.33453e-017	1.86862e-014	2.64578e-013	1.27846e-013	2.32109e-014	1.06712e-014	3.91766e-012	2.63985e-009	9.75665e-007	0.000169393	0.0112971	0.20981	0.625423	0.147172	0.00605441	7.34748e-005	3.55463e-007	8.27913e-010	1.05449e-012	8.08531e-016	4.17705e-019	1.11534e-021	3.53201e-024	7.69548e-026	1.82613e-028	2.30119e-030	3.83546e-033	2.84079e-035	3.31004e-038	1.44882e-040	1.07048e-043	2.76204e-046	1.04615e-049	1.52615e-052	2.92458e-056	2.03391e-059	2.35965e-063	9.89266e-067	7.26888e-071	2.28209e-074	1.20544e-078	4.93003e-082	3.73174e-085	
N18	5.11835e-024	6.24149e-021	4.64711e-018	1.00463e-015	7.53149e-015	2.72665e-015	8.04935e-016	1.05358e-015	6.53961e-013	6.85095e-010	3.79197e-007	9.39697e-005	0.00841566	0.19384	0.647629	0.144912	0.00506178	4.77965e-005	1.68331e-007	2.70892e-010	2.28552e-013	1.11741e-016	3.52591e-020	1.7474e-022	6.76338e-025	4.61631e-026	1.11687e-028	4.57343e-030	6.52997e-033	1.70046e-034	1.33968e-037	2.31442e-039	9.01937e-043	1.03869e-044	1.80405e-048	1.24934e-050	1.06394e-054	3.38146e-057	1.88713e-061	2.87067e-064	1.15913e-068	9.95144e-072	2.99776e-076	1.88329e-079	1.78783e-082	
N19	8.88574e-024	3.17265e-021	8.52807e-019	1.11505e-016	2.09246e-015	4.76777e-015	4.85158e-015	9.71053e-015	2.55916e-012	1.66134e-009	6.21813e-007	0.000113934	0.00842294	0.18287	0.652937	0.149592	0.0059904	7.29552e-005	3.65919e-007	9.09753e-010	1.26847e-012	1.08406e-015	6.21512e-019	3.68778e-021	2.76392e-023	3.03154e-024	1.65606e-026	1.08403e-027	4.07966e-030	1.64586e-031	3.9828e-034	1.02567e-035	1.35249e-038	2.28197e-040	1.3084e-043	1.33865e-045	3.46464e-049	1.51111e-051	2.53167e-055	5.21476e-058	6.10434e-062	7.77672e-065	6.54398e-069	8.26119e-072	2.84578e-074	
Ephelotermes_melachoma	0	0	0	0	0	0	0	0	0	0	0	0	0	0	1	0	0	0	0	0	0	0	0	0	0	0	0	0	0	0	0	0	0	0	0	0	0	0	0	0	0	0	0	0	0	
Ephelotermes_taylori	0	0	0	0	0	0	0	0	0	0	0	0	0	0	1	0	0	0	0	0	0	0	0	0	0	0	0	0	0	0	0	0	0	0	0	0	0	0	0	0	0	0	0	0	0	
Macrognathotermes_sunteri	0	0	0	0	0	0	0	0	0	0	0	0	0	0	1	0	0	0	0	0	0	0	0	0	0	0	0	0	0	0	0	0	0	0	0	0	0	0	0	0	0	0	0	0	0	
Lophotermes_septentrionalis	0	0	0	0	0	0	0	0	0	0	0	0	0	0	1	0	0	0	0	0	0	0	0	0	0	0	0	0	0	0	0	0	0	0	0	0	0	0	0	0	0	0	0	0	0	
N20	2.38275e-019	2.18813e-016	1.30444e-013	8.07187e-012	9.2033e-012	8.4206e-013	2.00621e-013	8.93704e-013	1.3318e-010	7.37552e-008	2.20483e-005	0.00293906	0.124627	0.4827	0.373811	0.0157123	0.000187808	9.23973e-007	2.27358e-009	3.1689e-012	2.72899e-015	1.55423e-018	6.22905e-022	2.93432e-025	2.28125e-028	9.17629e-031	1.03637e-033	3.10032e-036	2.6484e-039	5.11216e-042	3.32474e-045	4.1498e-048	1.98329e-051	1.57358e-054	5.06389e-058	2.50715e-061	4.96473e-065	1.52369e-068	1.92933e-072	4.20284e-076	3.59637e-080	6.27504e-084	4.17139e-088	8.39112e-092	1.95396e-095	
Procubitermes_sp	0	0	0	0	0	0	0	0	0	0	0	0	1	0	0	0	0	0	0	0	0	0	0	0	0	0	0	0	0	0	0	0	0	0	0	0	0	0	0	0	0	0	0	0	0	
N21	1.97822e-027	2.12524e-023	1.23368e-019	3.49294e-016	3.42514e-015	9.14445e-017	1.18495e-018	8.79563e-021	1.47455e-019	2.69456e-015	2.63284e-011	1.11875e-007	0.000151613	0.0333802	0.962656	0.00380959	2.65687e-006	6.20235e-010	6.4409e-014	3.50981e-018	1.1274e-022	7.31702e-027	1.25327e-030	2.56668e-033	3.83461e-037	4.40038e-040	4.22024e-044	2.76154e-047	1.62625e-051	6.20673e-055	1.91036e-059	4.20926e-063	4.55424e-068	4.4013e-072	2.69136e-077	1.28604e-081	4.96783e-087	1.34589e-091	3.36519e-097	5.90835e-102	9.60593e-108	1.20655e-112	2.09866e-118	1.14597e-122	8.94613e-127	
Tuberculitermes_bycanistes	0	0	0	0	0	0	0	0	0	0	0	0	0	0	1	0	0	0	0	0	0	0	0	0	0	0	0	0	0	0	0	0	0	0	0	0	0	0	0	0	0	0	0	0	0	
Unguitermes_sp	0	0	0	0	0	0	0	0	0	0	0	0	0	0	1	0	0	0	0	0	0	0	0	0	0	0	0	0	0	0	0	0	0	0	0	0	0	0	0	0	0	0	0	0	0	
N22	2.98045e-019	1.52448e-016	6.22649e-014	1.0867e-011	7.17957e-011	1.81307e-011	1.92635e-012	2.46216e-013	1.48592e-011	5.50894e-009	1.24522e-006	0.00014945	0.00817425	0.15933	0.686998	0.138948	0.00629514	0.000103151	7.80367e-007	3.16757e-009	7.63984e-012	1.18579e-014	1.27648e-017	1.79977e-020	4.0143e-023	3.87265e-025	1.06777e-027	7.20618e-030	1.47191e-032	6.31729e-035	9.6384e-038	2.6471e-040	2.90977e-043	5.04921e-046	3.68539e-049	4.00789e-052	1.8257e-055	1.25703e-058	3.69624e-062	1.83803e-065	3.69191e-069	1.48649e-072	2.37275e-076	1.13656e-079	6.49691e-083	
Microcerotermes_boreus	0	0	0	0	0	0	0	0	0	0	0	0	0	0	1	0	0	0	0	0	0	0	0	0	0	0	0	0	0	0	0	0	0	0	0	0	0	0	0	0	0	0	0	0	0	
Microcerotermes_nervosus	0	0	0	0	0	0	0	0	0	0	0	0	0	0	1	0	0	0	0	0	0	0	0	0	0	0	0	0	0	0	0	0	0	0	0	0	0	0	0	0	0	0	0	0	0	
N23	8.65037e-019	6.38799e-017	3.60714e-015	7.96196e-014	5.7954e-013	1.66325e-012	2.67139e-012	1.80326e-011	2.39025e-009	3.72119e-007	3.43331e-005	0.00163523	0.034545	0.259361	0.498349	0.185903	0.0193977	0.000761057	1.37187e-005	1.30482e-007	7.23302e-010	2.52613e-012	6.13464e-015	1.02317e-016	1.98673e-018	3.30926e-019	4.88623e-021	4.85246e-022	5.14152e-024	3.08905e-025	2.28546e-027	8.40166e-029	3.83773e-031	8.71194e-033	1.97662e-035	2.62162e-037	2.97454e-040	1.83212e-042	1.31248e-045	4.64369e-048	2.19934e-051	5.66952e-054	1.93982e-057	6.27184e-060	4.52404e-062	
N24	3.73067e-019	1.26773e-016	3.58931e-014	4.24285e-012	3.60152e-011	2.20443e-011	5.60284e-012	2.54524e-012	2.03832e-010	4.7914e-008	6.80057e-006	0.000506413	0.0170049	0.204033	0.586579	0.178314	0.0131963	0.000354897	4.36371e-006	2.84377e-008	1.08827e-010	2.64763e-013	4.42051e-016	1.15585e-018	5.38959e-021	1.33062e-022	6.88586e-025	1.11811e-026	4.1723e-029	4.25096e-031	1.13667e-033	7.36899e-036	1.35208e-038	5.60165e-041	6.58745e-044	1.73308e-046	1.27406e-049	2.10652e-052	1.01937e-055	1.15821e-058	3.84099e-062	3.33387e-065	8.26666e-069	7.52528e-072	8.12468e-075	
Crenetermes_albotarsalis	0	0	0	0	0	0	0	0	0	0	0	0	0	0	1	0	0	0	0	0	0	0	0	0	0	0	0	0	0	0	0	0	0	0	0	0	0	0	0	0	0	0	0	0	0	
Cubitermes_sp	0	0	0	0	0	0	0	0	0	0	0	0	0	0	1	0	0	0	0	0	0	0	0	0	0	0	0	0	0	0	0	0	0	0	0	0	0	0	0	0	0	0	0	0	0	
Thoracotermes_macrothorax	0	0	0	0	0	0	0	0	0	0	0	0	0	0	1	0	0	0	0	0	0	0	0	0	0	0	0	0	0	0	0	0	0	0	0	0	0	0	0	0	0	0	0	0	0	
N25	4.11115e-016	2.33113e-014	1.65582e-012	6.34939e-011	4.39567e-010	5.09342e-010	2.78143e-010	4.93811e-010	2.74979e-008	2.30956e-006	0.000120014	0.00339458	0.0461842	0.255417	0.456837	0.205625	0.0304843	0.00187788	5.67514e-005	9.47659e-007	9.54447e-009	6.24836e-011	2.89015e-013	2.43177e-015	3.14838e-017	1.67264e-018	2.17963e-020	7.5588e-022	7.11369e-024	1.5568e-025	1.05117e-027	1.47171e-029	6.86651e-032	6.18266e-034	1.88803e-036	1.09296e-038	2.14133e-041	8.04148e-044	1.04672e-046	2.79223e-049	2.50657e-052	5.23865e-055	3.61478e-058	8.41953e-061	2.47884e-063	
N26	6.51472e-024	3.45091e-020	1.39866e-016	2.64303e-013	1.69276e-012	3.71946e-014	3.35793e-016	1.921e-018	8.72618e-017	3.35182e-013	7.2166e-010	7.61715e-007	0.00032994	0.0435244	0.917364	0.0385195	0.000260896	5.43676e-007	4.69334e-010	2.00248e-013	4.75183e-017	6.86059e-021	6.53118e-025	7.57844e-029	1.35559e-032	1.08108e-035	2.28194e-039	1.21674e-042	1.73434e-046	5.62883e-050	5.40117e-054	1.09159e-057	6.91049e-062	8.81587e-066	3.58767e-070	2.90815e-074	7.54962e-079	3.93151e-083	6.63461e-088	2.3187e-092	2.5985e-097	6.48478e-102	5.14764e-107	1.17328e-111	2.5265e-116	
N27	2.05571e-025	9.48077e-022	2.30275e-018	1.60969e-015	6.22201e-015	4.70368e-017	1.31787e-019	7.98834e-021	2.39638e-018	1.83987e-014	8.06479e-011	1.7131e-007	0.000143761	0.0332364	0.936114	0.0303834	0.000121784	1.35826e-007	6.02841e-011	1.30358e-014	1.56421e-018	1.14086e-022	5.51183e-027	7.05747e-030	8.49174e-033	2.89419e-034	2.39117e-037	4.90254e-039	2.71539e-042	3.50063e-044	1.21937e-047	1.03259e-049	1.95455e-053	1.12767e-055	8.82872e-060	3.38952e-062	5.74931e-067	4.53162e-070	5.2669e-075	1.80721e-078	1.50806e-083	3.08614e-087	1.88718e-092	4.67092e-096	6.89404e-099	
Nasutitermes_graveolus	0	0	0	0	0	0	0	0	0	0	0	0	0	0	1	0	0	0	0	0	0	0	0	0	0	0	0	0	0	0	0	0	0	0	0	0	0	0	0	0	0	0	0	0	0	
Nasutitermes_triodiae	0	0	0	0	0	0	0	0	0	0	0	0	0	0	1	0	0	0	0	0	0	0	0	0	0	0	0	0	0	0	0	0	0	0	0	0	0	0	0	0	0	0	0	0	0	
N28	1.09681e-025	4.99987e-022	1.20303e-018	8.60743e-016	2.92004e-015	1.567e-017	5.64968e-020	5.46308e-021	1.21493e-018	1.01176e-014	4.86111e-011	1.1467e-007	0.000108555	0.0288208	0.944389	0.0265877	9.36205e-005	9.32719e-008	3.75228e-011	7.44462e-015	8.27956e-019	5.64481e-023	2.56514e-027	2.11643e-030	2.0232e-033	4.55815e-035	3.09562e-038	4.16792e-040	1.98226e-043	1.64617e-045	5.256e-049	2.77952e-051	5.18527e-055	1.80618e-057	1.46455e-061	3.31876e-064	5.94388e-069	2.83335e-072	3.39159e-077	7.43488e-081	6.17208e-086	8.68374e-090	5.2016e-095	1.0687e-098	1.10597e-101	
Nasutitermes_longipennis	0	0	0	0	0	0	0	0	0	0	0	0	0	0	1	0	0	0	0	0	0	0	0	0	0	0	0	0	0	0	0	0	0	0	0	0	0	0	0	0	0	0	0	0	0	
Tumulitermes_pastinator	0	0	0	0	0	0	0	0	0	0	0	0	0	0	1	0	0	0	0	0	0	0	0	0	0	0	0	0	0	0	0	0	0	0	0	0	0	0	0	0	0	0	0	0	0	
Pericapritermes_sp	0	0	0	0	0	0	0	0	0	0	0	0	0	0	1	0	0	0	0	0	0	0	0	0	0	0	0	0	0	0	0	0	0	0	0	0	0	0	0	0	0	0	0	0	0	
N29	3.19324e-016	6.97973e-014	1.42076e-011	1.09989e-009	4.65504e-009	1.09229e-009	9.92877e-011	3.99163e-011	4.09759e-009	5.54549e-007	4.40371e-005	0.00182509	0.0345811	0.247566	0.500209	0.193531	0.0213256	0.000900011	1.76302e-005	1.82886e-007	1.10491e-009	4.25281e-012	1.13924e-014	3.88397e-017	1.58609e-019	1.56443e-021	6.56916e-024	4.46427e-026	1.29007e-028	5.53553e-031	1.1057e-033	3.08391e-036	4.25711e-039	7.91312e-042	7.52358e-045	9.57166e-048	6.29335e-051	5.681e-054	2.6219e-057	1.76389e-060	5.85802e-064	3.13126e-067	8.53421e-071	5.0418e-074	3.35407e-077	
N30	4.69384e-017	9.02353e-015	1.25255e-012	5.40514e-011	1.63238e-010	3.46336e-011	3.94079e-012	3.48076e-012	4.0314e-010	9.51587e-008	1.28383e-005	0.000853135	0.0240139	0.230568	0.541741	0.186467	0.0158714	0.000467789	5.93251e-006	3.75629e-008	1.3216e-010	2.81609e-013	3.9704e-016	2.57252e-018	1.58584e-020	1.50206e-021	6.29195e-024	3.93948e-025	9.85544e-028	4.18089e-029	6.23252e-032	1.82827e-033	1.61683e-036	3.25854e-038	1.72488e-041	2.29055e-043	7.59934e-047	6.20812e-049	1.4268e-052	7.19105e-055	1.22589e-058	3.98184e-061	5.24756e-065	1.20375e-067	9.63432e-071	
Macrotermes_bellicosus	0	0	0	0	0	0	0	0	0	0	0	0	0	0	1	0	0	0	0	0	0	0	0	0	0	0	0	0	0	0	0	0	0	0	0	0	0	0	0	0	0	0	0	0	0	
N31	1.31786e-022	1.57359e-019	1.39028e-016	6.8601e-014	4.90626e-013	4.19099e-014	1.56272e-015	4.56148e-017	3.14276e-015	6.38256e-012	7.40045e-009	4.2372e-006	0.000999908	0.0721251	0.861842	0.0642233	0.000802186	3.09975e-006	4.98646e-009	3.99254e-012	1.79295e-015	4.93506e-019	9.04094e-023	2.84333e-026	1.69195e-029	6.00514e-032	3.65069e-035	8.08219e-038	3.419e-041	4.60632e-044	1.33842e-047	1.11744e-050	2.11814e-054	1.10511e-057	1.27636e-061	4.11113e-065	2.83842e-069	5.46644e-073	2.40108e-077	2.96134e-081	8.60107e-086	7.57795e-090	1.55483e-094	1.31893e-098	1.24917e-102	
Microtermes_sp	0	0	0	0	0	0	0	0	0	0	0	0	0	0	1	0	0	0	0	0	0	0	0	0	0	0	0	0	0	0	0	0	0	0	0	0	0	0	0	0	0	0	0	0	0	
N32	7.21326e-026	2.61072e-022	5.27593e-019	3.36463e-016	1.40305e-015	2.74506e-017	4.28616e-019	4.73103e-020	1.00453e-017	6.31704e-014	2.2398e-010	3.78623e-007	0.000247496	0.0434075	0.916665	0.0394717	0.000207828	2.97066e-007	1.65576e-010	4.42636e-014	6.48682e-018	5.72398e-022	3.31968e-026	2.99769e-029	3.15454e-032	7.36562e-034	5.27814e-037	7.475e-039	3.44988e-042	3.11295e-044	8.59756e-048	5.16589e-050	7.42222e-054	3.04511e-056	1.84161e-060	4.84836e-063	9.72739e-068	8.18359e-071	1.09237e-075	4.04293e-079	3.89784e-084	8.20786e-088	5.82175e-093	1.04786e-096	6.00955e-100	
Odontotermes_sp	0	0	0	0	0	0	0	0	0	0	0	0	0	0	1	0	0	0	0	0	0	0	0	0	0	0	0	0	0	0	0	0	0	0	0	0	0	0	0	0	0	0	0	0	0	
Protermes_sp	0	0	0	0	0	0	0	0	0	0	0	0	0	0	1	0	0	0	0	0	0	0	0	0	0	0	0	0	0	0	0	0	0	0	0	0	0	0	0	0	0	0	0	0	0	
Pseudacanthotermes_militaris	0	0	0	0	0	0	0	0	0	0	0	0	0	0	1	0	0	0	0	0	0	0	0	0	0	0	0	0	0	0	0	0	0	0	0	0	0	0	0	0	0	0	0	0	0	
N33	2.7187e-012	4.13086e-011	5.14243e-010	2.38891e-009	4.55651e-009	9.53877e-009	3.91885e-008	8.23492e-007	2.74418e-005	0.000614661	0.00800074	0.0562603	0.200313	0.341864	0.271426	0.101143	0.018489	0.00176388	9.37076e-005	2.94607e-006	5.78844e-008	8.00263e-010	1.03142e-011	1.00228e-012	3.8605e-014	5.52236e-015	1.3942e-016	1.20469e-017	1.92928e-019	1.04119e-020	1.05143e-022	3.63455e-024	2.31603e-026	5.1849e-028	2.127e-030	3.09838e-032	8.48373e-035	8.19397e-037	1.55203e-039	1.04015e-041	1.39975e-044	6.92523e-047	7.09981e-050	3.59779e-052	2.63183e-054	
N34	1.59812e-012	1.30957e-011	1.31049e-010	1.09917e-009	7.09138e-009	2.76331e-008	1.06587e-007	1.20073e-006	2.79867e-005	0.000547114	0.00669039	0.0464674	0.171602	0.319432	0.290934	0.130395	0.0299096	0.00371547	0.000265424	1.15481e-005	3.22808e-007	7.9421e-009	2.71038e-010	1.04189e-010	6.21063e-012	2.04917e-012	7.6725e-014	1.63946e-014	3.86346e-016	5.49509e-017	8.22389e-019	7.87911e-020	7.63957e-022	4.92058e-023	3.2015e-025	1.37987e-026	6.28783e-029	1.83105e-030	6.06483e-033	1.2308e-034	3.04022e-037	4.50049e-039	8.71139e-042	1.24825e-043	2.80546e-045	
Coptotermes_acinaciformis	0	0	0	0	0	0	0	0	0	0	0	0	0	0	1	0	0	0	0	0	0	0	0	0	0	0	0	0	0	0	0	0	0	0	0	0	0	0	0	0	0	0	0	0	0	
N35	1.29868e-015	3.39541e-013	7.37855e-011	6.15503e-009	2.02915e-008	2.70736e-009	1.38753e-010	1.45836e-011	9.65231e-010	1.61683e-007	1.63501e-005	0.000890955	0.0229047	0.224908	0.571829	0.166435	0.0126391	0.00037096	5.21103e-006	4.01247e-008	1.85809e-010	5.73902e-013	1.29528e-015	3.70316e-018	1.09979e-020	5.86054e-023	1.6329e-025	6.15893e-028	1.1857e-030	2.92919e-033	3.92471e-036	6.56119e-039	6.20292e-042	7.23969e-045	4.8873e-048	4.10639e-051	2.00567e-054	1.2534e-057	4.49793e-061	2.1665e-064	5.84249e-068	2.29393e-071	5.4123e-075	2.40456e-078	1.17815e-081	
Reticulitermes_flavipes	0	0	0	0	0	0	0	0	0	0	0	0	0	0	1	0	0	0	0	0	0	0	0	0	0	0	0	0	0	0	0	0	0	0	0	0	0	0	0	0	0	0	0	0	0	
N36	2.15966e-017	7.23822e-015	1.59167e-012	1.04131e-010	2.37565e-010	1.7195e-011	5.28797e-013	1.11938e-013	1.36393e-011	6.11848e-009	1.58243e-006	0.000202527	0.0108621	0.187662	0.646668	0.147698	0.00680316	0.000102448	6.5658e-007	2.11265e-009	3.82076e-012	4.24529e-015	3.20461e-018	1.41732e-020	5.66205e-023	2.60486e-024	7.08224e-027	2.11528e-028	3.55238e-031	7.13021e-033	7.32783e-036	1.01276e-037	6.22823e-041	5.90553e-043	2.11628e-046	1.30465e-048	2.7309e-052	9.52352e-055	1.36508e-058	2.85783e-061	3.02148e-065	4.13292e-068	3.35341e-072	3.44826e-075	2.21725e-078	
Reticulitermes_lucifugus	0	0	0	0	0	0	0	0	0	0	0	0	0	0	1	0	0	0	0	0	0	0	0	0	0	0	0	0	0	0	0	0	0	0	0	0	0	0	0	0	0	0	0	0	0	
Reticulitermes_urbis	0	0	0	0	0	0	0	0	0	0	0	0	0	0	1	0	0	0	0	0	0	0	0	0	0	0	0	0	0	0	0	0	0	0	0	0	0	0	0	0	0	0	0	0	0	
Schedorhinotermes_lamanianus	0	0	0	0	0	0	0	0	0	0	0	0	1	0	0	0	0	0	0	0	0	0	0	0	0	0	0	0	0	0	0	0	0	0	0	0	0	0	0	0	0	0	0	0	0	
N37	4.80038e-011	1.8185e-009	3.8459e-008	2.39303e-007	2.93536e-007	9.82555e-008	7.52705e-008	1.94016e-006	7.20656e-005	0.00163714	0.01975	0.115084	0.302252	0.343669	0.169397	0.0401545	0.00661775	0.00117111	0.000175576	1.687e-005	9.99744e-007	3.98399e-008	1.25108e-009	2.17121e-010	1.58529e-011	5.36733e-012	2.36206e-013	4.62404e-014	1.16202e-015	1.32992e-016	1.9255e-018	1.31661e-019	1.11841e-021	4.65537e-023	2.3917e-025	6.14903e-027	1.99587e-029	3.23287e-031	6.93644e-034	7.30378e-036	1.07791e-038	7.7317e-041	8.25472e-044	4.82573e-046	2.52448e-048	
N38	2.09058e-012	6.65913e-011	1.49536e-009	9.61756e-009	1.35763e-008	9.43275e-009	3.50176e-008	9.95372e-007	3.66079e-005	0.00089064	0.0123377	0.0865393	0.274209	0.36526	0.202597	0.0503866	0.00694992	0.000729026	6.01597e-005	3.19241e-006	9.97897e-008	1.95113e-009	3.21131e-011	1.22842e-012	4.70336e-014	2.14046e-015	4.31691e-017	1.04807e-018	1.0277e-020	1.34691e-022	6.76476e-025	4.82899e-027	1.32726e-029	5.24193e-032	8.37885e-035	1.96058e-037	1.882e-040	3.28212e-043	1.89919e-046	4.29612e-049	1.75668e-052	7.77827e-055	4.45156e-058	4.40859e-060	3.97359e-062	
N39	1.60558e-012	1.55488e-011	1.92208e-010	2.0904e-009	2.08519e-008	1.5189e-007	9.95446e-007	1.11401e-005	0.000145528	0.00138552	0.00986754	0.0536579	0.183144	0.324112	0.278733	0.118774	0.0265551	0.00334525	0.000254882	1.2493e-005	4.13875e-007	1.71197e-008	9.92011e-010	3.51882e-010	2.1285e-011	4.72752e-012	1.68611e-013	2.15067e-014	4.46162e-016	3.40088e-017	4.09803e-019	1.90175e-020	1.37264e-022	3.89666e-024	1.78062e-026	3.16028e-028	9.64287e-031	1.13864e-032	2.42111e-035	2.08229e-037	3.22756e-040	2.20722e-042	3.10643e-045	3.55425e-047	7.70265e-049	
N40	4.83476e-011	5.49411e-010	9.72603e-009	1.18088e-007	1.14249e-006	1.47905e-005	0.000180072	0.00118544	0.00404214	0.007904	0.0112162	0.0259465	0.0903401	0.21316	0.288335	0.223787	0.101555	0.0274107	0.00445386	0.000440701	2.70667e-005	1.1828e-006	4.60224e-008	6.12136e-009	4.69123e-010	7.62e-011	3.97721e-012	3.87642e-013	1.32918e-014	8.06513e-016	1.83773e-017	7.20755e-019	1.10017e-020	2.8809e-022	2.98998e-024	5.41288e-026	3.90242e-028	5.10038e-030	2.61351e-032	2.59111e-034	9.66534e-037	7.69481e-039	2.42227e-041	2.38343e-043	3.34969e-045	
Bifiditermes_improbus	0	0	0	0	0	0	0	0	0	0	0	1	0	0	0	0	0	0	0	0	0	0	0	0	0	0	0	0	0	0	0	0	0	0	0	0	0	0	0	0	0	0	0	0	0	
Neotermes_insularis	0	0	0	0	0	0	0	0	0	0	0	0	0	0	0	0	0	0	0	1	0	0	0	0	0	0	0	0	0	0	0	0	0	0	0	0	0	0	0	0	0	0	0	0	0	
N41	7.26349e-012	1.81795e-010	4.93737e-009	6.28348e-008	2.15426e-007	2.02858e-007	1.14082e-007	2.76565e-007	5.66693e-006	0.000133123	0.00208848	0.0197437	0.103936	0.278892	0.348078	0.190957	0.0491271	0.00652668	0.000489125	2.23042e-005	6.58084e-007	1.40521e-008	2.44827e-010	7.85881e-012	2.31133e-013	1.25489e-014	3.06895e-016	1.15277e-017	2.00163e-019	5.09046e-021	6.31927e-023	1.11039e-024	9.873e-027	1.22378e-028	7.81906e-031	7.01568e-033	3.25164e-035	2.18238e-037	7.4445e-040	3.88219e-042	9.94714e-045	4.24755e-047	9.42271e-050	4.67452e-052	2.86083e-054	
Glyptotermes_brevicornis	0	0	0	0	0	0	0	0	0	0	0	0	0	0	1	0	0	0	0	0	0	0	0	0	0	0	0	0	0	0	0	0	0	0	0	0	0	0	0	0	0	0	0	0	0	
Glyptotermes_iridipennis	0	0	0	0	0	0	0	0	0	0	0	0	0	0	1	0	0	0	0	0	0	0	0	0	0	0	0	0	0	0	0	0	0	0	0	0	0	0	0	0	0	0	0	0	0	
N42	3.66406e-014	2.15821e-012	9.04948e-011	8.61495e-010	1.12906e-009	7.56082e-010	6.76624e-009	4.59598e-007	2.53976e-005	0.000806856	0.0131513	0.0991261	0.311444	0.374965	0.168331	0.0297546	0.00230514	8.80693e-005	1.84455e-006	2.30507e-008	1.8278e-010	9.94206e-013	4.06435e-015	3.50471e-017	2.77712e-019	5.97291e-021	3.78138e-023	5.09262e-025	2.11659e-027	1.76189e-029	4.8059e-032	2.54956e-034	4.56884e-037	1.58613e-039	1.89123e-042	4.42606e-045	3.60188e-048	5.94167e-051	3.4123e-054	4.2168e-057	1.78108e-060	1.75957e-063	6.2067e-067	6.75663e-070	8.42457e-073	
N43	1.77287e-013	5.13473e-012	1.3791e-010	1.52662e-009	7.77808e-009	3.14491e-008	2.02278e-007	3.3522e-006	9.57363e-005	0.00196179	0.0220341	0.122881	0.314093	0.344979	0.158956	0.0318373	0.00300803	0.00014704	4.0456e-006	6.73614e-008	7.22697e-010	6.36139e-012	7.06857e-014	5.1963e-015	1.23245e-016	8.25177e-018	1.34525e-019	5.55485e-021	6.1151e-023	1.60125e-024	1.1679e-026	1.98001e-028	9.43023e-031	1.04759e-032	3.2923e-035	2.43513e-037	5.19571e-040	2.67379e-042	3.97823e-045	1.5228e-047	1.61841e-050	4.95031e-053	4.43676e-056	1.93492e-058	1.36875e-060	
N44	8.42961e-013	2.5963e-011	5.29172e-010	1.94343e-008	2.29614e-007	8.47874e-007	1.65031e-006	1.21086e-005	0.000471281	0.00861867	0.0693986	0.250584	0.38962	0.233893	0.044555	0.00277075	7.22296e-005	9.34337e-007	6.73314e-009	2.94143e-011	8.30924e-014	1.64936e-016	2.63957e-019	1.38916e-021	6.61718e-024	9.67608e-026	3.71473e-028	3.57296e-030	9.66543e-033	6.14699e-035	1.1616e-037	4.98754e-040	6.51595e-043	1.91713e-045	1.73165e-048	3.53859e-051	2.24195e-054	3.25854e-057	1.47778e-060	1.59157e-063	5.26722e-067	4.43118e-070	1.15691e-073	1.0257e-076	1.06664e-079	
N45	9.43899e-015	2.65784e-012	5.90927e-010	4.44827e-008	1.29441e-007	4.78516e-008	8.17164e-009	7.98243e-009	5.56187e-007	4.98825e-005	0.00210947	0.0380907	0.259202	0.520864	0.170184	0.00933245	0.000165807	1.34053e-006	6.78803e-009	1.96087e-010	2.33523e-012	1.17785e-013	7.34545e-016	1.94897e-017	6.22403e-020	9.33956e-022	1.64786e-024	1.46936e-026	1.5584e-029	8.55315e-032	5.84649e-035	2.03957e-037	9.45435e-041	2.17798e-043	7.08157e-047	1.13215e-049	2.63649e-053	3.10275e-056	5.24935e-060	4.82447e-063	6.07308e-067	5.12428e-070	3.87058e-073	2.16618e-075	1.04932e-077	
Cryptotermes_austrinus	0	0	0	0	0	0	0	0	0	0	0	0	0	1	0	0	0	0	0	0	0	0	0	0	0	0	0	0	0	0	0	0	0	0	0	0	0	0	0	0	0	0	0	0	0	
Cryptotermes_queenslandis	0	0	0	0	0	0	0	0	0	0	0	0	0	0	1	0	0	0	0	0	0	0	0	0	0	0	0	0	0	0	0	0	0	0	0	0	0	0	0	0	0	0	0	0	0	
Cryptotermes_primus	0	0	0	0	0	0	0	0	1	0	0	0	0	0	0	0	0	0	0	0	0	0	0	0	0	0	0	0	0	0	0	0	0	0	0	0	0	0	0	0	0	0	0	0	0	
Incisitermes_sp	0	0	0	0	0	0	0	0	0	0	0	0	0	0	1	0	0	0	0	0	0	0	0	0	0	0	0	0	0	0	0	0	0	0	0	0	0	0	0	0	0	0	0	0	0	
N46	1.4657e-014	5.72476e-013	1.60969e-011	1.85389e-010	8.39731e-010	3.5756e-009	2.54529e-008	6.59544e-007	2.69293e-005	0.000787213	0.0127464	0.0981251	0.315362	0.380694	0.164107	0.0263399	0.00175499	5.48899e-005	8.98127e-007	8.40441e-009	4.84268e-011	2.45318e-013	1.93607e-015	1.90377e-016	2.53344e-018	1.92432e-019	1.55994e-021	7.44402e-023	3.66576e-025	1.13692e-026	3.41161e-029	6.96199e-031	1.30173e-033	1.73597e-035	2.11752e-038	1.82865e-040	1.5358e-043	8.6946e-046	5.24802e-049	2.02906e-051	9.04384e-055	2.52992e-057	8.82403e-061	2.56123e-063	1.31594e-065	
Cryptotermes_brevis	0	0	0	0	0	0	0	0	0	0	0	1	0	0	0	0	0	0	0	0	0	0	0	0	0	0	0	0	0	0	0	0	0	0	0	0	0	0	0	0	0	0	0	0	0	
N47	2.32807e-015	2.31504e-013	3.10621e-011	1.65255e-009	1.98726e-008	7.06889e-008	2.09287e-007	1.89207e-006	2.20391e-005	0.000341117	0.00522762	0.0535757	0.249691	0.417426	0.228434	0.0422881	0.00290689	8.38429e-005	1.1432e-006	8.24578e-009	3.58672e-011	4.51691e-013	5.7829e-015	3.74749e-016	3.08333e-018	1.09992e-019	5.06535e-022	1.04535e-023	2.73971e-026	3.41804e-028	5.20116e-031	3.99204e-033	3.67304e-036	1.73808e-038	1.02298e-041	3.02225e-044	1.19743e-047	2.30424e-050	6.35904e-054	8.50614e-057	1.67066e-060	1.66894e-063	2.81691e-067	5.16361e-070	1.91529e-072	
N48	5.75916e-014	1.19379e-012	7.3639e-011	3.76776e-009	1.14333e-007	1.61854e-006	9.54549e-006	2.91737e-005	0.00012104	0.000844479	0.00570059	0.0421072	0.199002	0.389294	0.280039	0.0747175	0.0077779	0.000348336	7.45066e-006	8.38887e-008	5.45786e-010	5.71668e-012	1.26599e-013	2.57346e-014	4.84359e-016	5.59108e-017	6.00978e-019	4.06146e-020	2.45154e-022	1.01723e-023	3.38019e-026	8.70608e-028	1.62453e-030	2.51681e-032	2.84644e-035	2.56127e-037	1.9164e-040	1.03423e-042	5.38517e-046	1.90251e-048	7.05092e-052	1.80026e-054	5.44267e-058	2.46367e-060	2.88192e-062	
Cryptotermes_cynocephalus	0	0	0	0	0	0	0	0	0	0	0	0	0	0	0	1	0	0	0	0	0	0	0	0	0	0	0	0	0	0	0	0	0	0	0	0	0	0	0	0	0	0	0	0	0	
N49	9.49704e-013	1.7189e-011	2.90441e-010	1.38476e-008	1.10357e-006	4.79883e-005	0.000551613	0.0024881	0.00494531	0.0049294	0.0144181	0.0797894	0.239696	0.345253	0.229054	0.0689213	0.00934135	0.000550473	1.31356e-005	1.51511e-007	9.71805e-010	3.9029e-012	1.17669e-014	2.07622e-016	2.69363e-018	1.53439e-019	1.45647e-021	5.06512e-023	3.26644e-025	7.12969e-027	3.03231e-029	4.26368e-031	1.14921e-033	1.05112e-035	1.78533e-038	1.05294e-040	1.17389e-043	4.49588e-046	3.44072e-049	9.01452e-052	4.87046e-055	9.4959e-058	3.8733e-061	7.94065e-064	2.3085e-066	
Cryptotermes_domesticus	0	0	0	0	0	0	0	0	1	0	0	0	0	0	0	0	0	0	0	0	0	0	0	0	0	0	0	0	0	0	0	0	0	0	0	0	0	0	0	0	0	0	0	0	0	
Procryptotermes_australiensis	0	0	0	0	0	0	0	0	0	0	0	0	0	0	0	0	0	1	0	0	0	0	0	0	0	0	0	0	0	0	0	0	0	0	0	0	0	0	0	0	0	0	0	0	0	
N50	2.90771e-013	1.2584e-011	4.68879e-010	5.62698e-009	8.11393e-009	4.06779e-009	2.26091e-009	2.83564e-008	1.94306e-006	9.91963e-005	0.00286409	0.0406147	0.237811	0.456563	0.223866	0.0357752	0.00233039	7.2944e-005	1.23744e-006	1.24706e-008	8.03494e-011	4.18399e-013	2.57589e-015	9.11424e-017	1.22375e-018	4.51608e-020	4.38182e-022	1.05177e-023	7.20326e-026	1.12807e-027	5.31184e-030	5.46644e-032	1.71628e-034	1.16756e-036	2.43256e-039	1.10537e-041	1.55987e-044	4.91729e-047	4.81204e-050	1.12642e-052	7.82209e-056	1.4703e-058	8.5052e-062	2.21692e-064	8.84715e-067	
Cryptotermes_dudleyi	0	0	0	0	0	0	0	0	0	0	0	0	0	1	0	0	0	0	0	0	0	0	0	0	0	0	0	0	0	0	0	0	0	0	0	0	0	0	0	0	0	0	0	0	0	
Cryptotermes_secundus	0	0	0	0	0	0	0	0	0	0	0	0	0	1	0	0	0	0	0	0	0	0	0	0	0	0	0	0	0	0	0	0	0	0	0	0	0	0	0	0	0	0	0	0	0	
Kalotermes_flavicollis	0	0	0	0	0	0	0	0	0	0	0	0	0	0	0	0	0	0	0	0	0	0	0	0	0	0	0	1	0	0	0	0	0	0	0	0	0	0	0	0	0	0	0	0	0	
N51	1.23764e-006	2.83816e-006	1.38468e-005	9.35575e-005	0.000697082	0.00426585	0.0164728	0.034926	0.0416574	0.0324208	0.0271454	0.0493732	0.107989	0.177687	0.204787	0.164142	0.0913766	0.0353639	0.00951252	0.00180119	0.000242125	2.5693e-005	2.23821e-006	2.56724e-007	2.49508e-008	3.31846e-009	2.59314e-010	2.43834e-011	1.32318e-012	8.47966e-014	3.24171e-015	1.46316e-016	4.03323e-018	1.32557e-019	2.69066e-021	6.64381e-023	1.01279e-024	1.93605e-026	2.25941e-028	3.44581e-030	3.17106e-032	4.10364e-034	3.62343e-036	5.58859e-038	1.10105e-039	
Stolotermes_sp	0	0	0	0	0	0	0	0	0	1	0	0	0	0	0	0	0	0	0	0	0	0	0	0	0	0	0	0	0	0	0	0	0	0	0	0	0	0	0	0	0	0	0	0	0	
N52	7.45933e-010	1.71158e-009	4.12764e-008	1.28002e-006	2.70699e-005	0.000312693	0.00123646	0.000877024	0.000211692	2.73845e-005	2.55063e-006	1.08455e-006	1.2769e-005	0.000213797	0.00247946	0.0185766	0.0851892	0.226329	0.316025	0.234971	0.0824215	0.0260046	0.00427576	0.000743011	5.69066e-005	4.73285e-006	1.86146e-007	8.38749e-009	1.90918e-010	5.19461e-012	7.42882e-014	1.31905e-015	1.25535e-017	1.54264e-019	1.01946e-021	9.08796e-024	4.31162e-026	2.90234e-028	1.01564e-030	5.35589e-033	1.44678e-035	6.64752e-038	2.14773e-040	1.55502e-042	1.34756e-044	
Zootermopsis_angusticollis	0	0	0	0	0	0	0	0	0	0	0	0	0	0	0	0	0	0	0	1	0	0	0	0	0	0	0	0	0	0	0	0	0	0	0	0	0	0	0	0	0	0	0	0	0	
Zootermopsis_nevadensis	0	0	0	0	0	0	0	0	0	0	0	0	0	0	0	0	0	0	0	1	0	0	0	0	0	0	0	0	0	0	0	0	0	0	0	0	0	0	0	0	0	0	0	0	0	
N53	3.04631e-006	7.12022e-006	2.38737e-005	7.91451e-005	0.000226477	0.000584523	0.00150283	0.00385008	0.0090204	0.0186005	0.0341563	0.058204	0.0942584	0.140795	0.18009	0.184142	0.141859	0.0809603	0.0342322	0.0119925	0.00357881	0.00120405	0.000376677	0.000163974	5.46899e-005	2.37343e-005	7.02152e-006	2.60314e-006	6.5098e-007	2.03109e-007	4.30424e-008	1.15554e-008	2.15003e-009	5.35304e-010	9.73362e-011	2.55652e-011	4.85928e-012	1.2871e-012	2.19423e-013	4.95677e-014	6.83457e-015	1.32261e-015	1.92418e-016	4.68171e-017	1.3376e-017	
Mastotermes_darwiniensis	0	0	0	0	0	0	0	0	0	0	0	0	0	0	0	0	0	0	0	0	0	0	0	0	0	0	0	0	0	0	0	0	0	0	0	0	0	0	0	0	0	0	1	0	0	
Porotermes_adamsoni	0	0	0	0	0	0	0	0	0	0	0	0	0	1	0	0	0	0	0	0	0	0	0	0	0	0	0	0	0	0	0	0	0	0	0	0	0	0	0	0	0	0	0	0	0	
N54	0.00694496	0.0201985	0.0725981	0.19304	0.308398	0.259099	0.108544	0.0253725	0.00421994	0.000918153	0.000394525	0.000182861	6.65747e-005	1.81927e-005	3.6757e-006	5.49106e-007	5.96932e-008	4.77826e-009	2.78524e-010	1.2512e-011	4.3077e-013	1.26935e-014	3.03705e-016	6.83349e-018	1.25282e-019	2.22191e-021	3.12189e-023	4.24906e-025	4.52866e-027	4.70634e-029	3.83764e-031	3.08957e-033	1.96192e-035	1.24977e-037	6.29947e-040	3.24644e-042	1.32749e-044	5.69064e-047	1.95553e-049	7.34907e-052	2.3428e-054	8.76047e-057	3.1105e-059	1.27939e-061	5.74031e-064	
N55	0.0131573	0.0492962	0.179092	0.337288	0.28514	0.111513	0.0218402	0.00244705	0.000204826	1.88479e-005	1.92139e-006	1.64756e-007	1.04703e-008	4.8208e-010	1.60868e-011	3.91143e-013	6.96492e-015	9.16239e-017	8.99474e-019	6.70823e-021	3.86761e-023	1.76874e-025	6.53468e-028	2.01287e-030	5.20321e-033	1.24046e-035	2.6378e-038	1.07993e-040	3.52581e-043	3.69488e-045	1.26469e-047	1.21672e-049	3.44222e-052	2.67755e-054	6.16948e-057	3.87762e-059	7.279e-062	3.71264e-064	5.67865e-067	2.35983e-069	2.96002e-072	1.0171e-074	1.15691e-077	3.97596e-080	1.04016e-082	
Cryptocercus_primarius	0	0	0	1	0	0	0	0	0	0	0	0	0	0	0	0	0	0	0	0	0	0	0	0	0	0	0	0	0	0	0	0	0	0	0	0	0	0	0	0	0	0	0	0	0	
Cryptocercus_relictus	0	0	1	0	0	0	0	0	0	0	0	0	0	0	0	0	0	0	0	0	0	0	0	0	0	0	0	0	0	0	0	0	0	0	0	0	0	0	0	0	0	0	0	0	0	
Cryptocercus_punctulatus	0	0	0	0	0	0	0	0	0	0	0	0	0	0	0	0	0	1	0	0	0	0	0	0	0	0	0	0	0	0	0	0	0	0	0	0	0	0	0	0	0	0	0	0	0	
N56	0.00240135	0.00483712	0.0116389	0.026571	0.0540053	0.0953699	0.143332	0.178935	0.180896	0.144961	0.090656	0.0439008	0.0164114	0.00476506	0.00107906	0.000200346	3.08221e-005	6.16032e-006	1.16076e-006	5.39785e-007	1.14416e-007	5.33968e-008	9.10718e-009	3.35256e-009	4.43337e-010	1.25758e-010	1.28013e-011	2.79911e-012	2.19369e-013	3.73042e-014	2.25937e-015	3.0305e-016	1.42814e-017	1.54219e-018	5.69328e-020	5.05939e-021	1.49071e-022	1.14766e-023	2.74608e-025	1.89719e-026	4.49134e-028	4.2709e-029	2.44365e-030	5.06877e-031	1.40518e-031	
N57	0.000138637	0.00031511	0.00110376	0.00411637	0.0150249	0.0450948	0.0949471	0.133818	0.134435	0.120399	0.120801	0.125092	0.104053	0.0633235	0.0267971	0.00831506	0.00184249	0.000332067	4.48685e-005	5.48366e-006	4.98038e-007	4.21488e-008	2.56095e-009	1.46168e-010	5.95941e-012	2.32706e-013	6.54483e-015	1.80897e-016	3.6335e-018	7.3816e-020	1.0919e-021	1.68533e-023	1.89187e-025	2.29627e-027	2.00697e-029	1.97431e-031	1.39412e-033	1.16741e-035	7.07504e-038	5.47722e-040	3.46782e-042	2.97205e-044	2.35895e-046	2.15789e-048	2.09922e-050	
N58	9.21596e-006	2.59294e-005	0.000205652	0.00204777	0.0155086	0.0672687	0.142799	0.147427	0.0906417	0.0565303	0.0654456	0.102925	0.127608	0.104304	0.0541977	0.0182927	0.00400262	0.000669102	7.70725e-005	1.30463e-005	1.16208e-006	2.07618e-007	1.17047e-008	1.32231e-009	4.44272e-011	3.06573e-012	6.43627e-014	2.85126e-015	3.93449e-017	1.17582e-018	1.11102e-020	2.33305e-022	1.56471e-024	2.39973e-026	1.17511e-028	1.35661e-030	4.99692e-033	4.5199e-035	1.27686e-037	9.23633e-040	2.12679e-042	1.42442e-044	4.1725e-047	5.38747e-049	9.005e-051	
N59	2.70407e-006	1.01531e-005	6.13396e-005	0.000944576	0.0114476	0.0656942	0.153981	0.15444	0.0876288	0.0607684	0.0849515	0.127031	0.130685	0.0825352	0.0314198	0.00726453	0.00103361	9.4616e-005	5.86966e-006	2.8604e-007	1.08653e-008	3.59516e-010	8.39701e-012	1.62029e-013	2.09688e-015	2.49396e-017	1.9492e-019	2.47049e-021	1.64151e-023	3.50073e-025	2.03086e-027	3.94469e-029	1.71015e-031	2.47681e-033	7.92282e-036	8.53156e-038	2.0502e-040	1.67209e-042	3.07291e-045	1.93806e-047	2.83278e-050	1.45912e-052	1.98726e-055	1.1423e-057	5.92208e-060	
Blatta_orientalis	0	0	0	0	0	0	0	0	0	0	0	0	0	0	0	0	0	1	0	0	0	0	0	0	0	0	0	0	0	0	0	0	0	0	0	0	0	0	0	0	0	0	0	0	0	
N60	1.15798e-006	3.61421e-006	1.37493e-005	0.000153863	0.00261379	0.0250494	0.107066	0.197724	0.196629	0.187438	0.16486	0.0881528	0.0257347	0.00415662	0.000382923	2.07589e-005	6.8399e-007	1.42432e-008	1.96235e-010	1.8936e-012	1.3374e-014	7.18214e-017	2.95128e-019	9.38434e-022	2.29209e-024	4.82639e-027	8.95016e-030	5.85585e-032	2.22901e-034	3.32354e-036	1.09392e-038	1.2614e-040	3.1383e-043	2.70547e-045	5.03927e-048	3.26545e-050	4.5638e-053	2.23732e-055	2.36788e-058	8.8529e-061	7.22918e-064	2.10103e-066	1.43638e-069	3.84226e-072	6.63789e-075	
N61	6.87525e-007	2.67816e-006	8.80333e-006	3.30803e-005	0.000183679	0.00296607	0.0332141	0.163087	0.319605	0.304398	0.144512	0.0291387	0.00271745	0.00012916	3.39132e-006	5.38831e-008	5.44252e-010	4.93951e-012	3.49857e-014	5.86202e-016	3.96079e-018	6.17391e-020	2.85656e-022	3.20658e-024	1.13471e-026	1.04337e-028	3.07728e-031	2.31682e-033	5.40913e-036	3.10457e-038	5.44317e-041	2.32004e-043	3.0209e-046	9.64404e-049	9.3758e-052	2.29102e-054	1.68484e-057	3.282e-060	1.83759e-063	2.95781e-066	1.3928e-069	2.50591e-072	1.78572e-075	7.19603e-078	3.26812e-080	
Periplaneta_americana	0	0	0	0	0	0	0	0	0	0	1	0	0	0	0	0	0	0	0	0	0	0	0	0	0	0	0	0	0	0	0	0	0	0	0	0	0	0	0	0	0	0	0	0	0	
Periplaneta_brunnea	0	0	0	0	0	0	0	1	0	0	0	0	0	0	0	0	0	0	0	0	0	0	0	0	0	0	0	0	0	0	0	0	0	0	0	0	0	0	0	0	0	0	0	0	0	
N62	4.01557e-007	1.26651e-007	6.46097e-008	2.51265e-006	0.000188472	0.00733036	0.119156	0.567495	0.265171	0.0381688	0.00240852	7.68087e-005	1.34065e-006	1.36165e-008	8.48071e-011	3.39948e-013	9.13474e-016	1.74114e-018	2.44863e-021	3.43058e-024	4.68595e-027	1.3703e-029	2.32736e-032	7.23726e-035	1.01293e-037	2.52426e-040	2.82171e-043	5.39246e-046	4.64114e-049	6.60453e-052	4.26317e-055	4.51302e-058	2.17207e-061	1.74009e-064	6.27478e-068	3.90538e-071	1.06484e-074	5.31457e-078	1.10719e-081	4.58204e-085	7.48202e-089	2.80547e-092	5.95279e-096	4.60341e-099	4.24096e-102	
Periplaneta_australasiae	0	0	0	0	0	0	0	1	0	0	0	0	0	0	0	0	0	0	0	0	0	0	0	0	0	0	0	0	0	0	0	0	0	0	0	0	0	0	0	0	0	0	0	0	0	
Periplaneta_fuliginosa	0	0	0	0	0	0	0	1	0	0	0	0	0	0	0	0	0	0	0	0	0	0	0	0	0	0	0	0	0	0	0	0	0	0	0	0	0	0	0	0	0	0	0	0	0	
Deropeltis_erythrocephala	0	0	0	0	0	0	0	0	0	0	0	0	0	0	0	0	0	0	1	0	0	0	0	0	0	0	0	0	0	0	0	0	0	0	0	0	0	0	0	0	0	0	0	0	0	
N63	7.32939e-006	2.12177e-005	2.72659e-005	1.86962e-005	4.98243e-005	0.000539534	0.00539252	0.0343443	0.129582	0.276234	0.312214	0.177364	0.053748	0.00939281	0.000992504	6.78045e-005	3.06682e-006	9.98313e-008	2.32016e-009	4.48576e-011	6.6092e-013	9.95489e-015	1.13447e-016	1.51216e-018	1.38278e-020	1.53288e-022	1.10727e-024	9.8761e-027	5.71899e-029	4.10015e-031	1.91697e-033	1.09988e-035	4.13979e-038	1.90176e-040	5.73381e-043	2.12169e-045	5.14665e-048	1.56109e-050	3.06528e-053	7.77799e-056	1.29125e-058	3.01568e-061	5.47575e-064	1.62903e-066	5.41054e-069	
N64	2.37203e-007	6.28614e-007	1.04927e-006	3.43276e-006	1.09543e-005	1.89345e-005	3.2846e-005	0.01745	0.131562	0.332412	0.347447	0.149652	0.0213861	2.24737e-005	8.58594e-009	1.64577e-012	1.83058e-016	1.39071e-020	8.08044e-025	8.2193e-029	6.61468e-033	1.01365e-036	6.18673e-041	6.22725e-045	2.487e-049	1.60975e-053	4.24887e-058	1.81177e-062	3.18968e-067	9.17097e-072	1.08961e-076	2.17219e-081	1.76384e-086	2.50733e-091	1.40484e-096	1.45737e-101	5.66658e-107	4.37451e-112	1.18197e-117	6.89292e-123	1.3566e-128	7.35275e-134	3.37524e-139	4.12747e-144	4.28932e-149	
Eurycotis_floridana	0	0	0	0	0	0	0	1	0	0	0	0	0	0	0	0	0	0	0	0	0	0	0	0	0	0	0	0	0	0	0	0	0	0	0	0	0	0	0	0	0	0	0	0	0	
Pelmatosilpha_sp	0	0	0	0	0	0	0	0	0	0	0	0	1	0	0	0	0	0	0	0	0	0	0	0	0	0	0	0	0	0	0	0	0	0	0	0	0	0	0	0	0	0	0	0	0	
Periplaneta_japonica	0	0	0	0	0	0	0	0	0	0	1	0	0	0	0	0	0	0	0	0	0	0	0	0	0	0	0	0	0	0	0	0	0	0	0	0	0	0	0	0	0	0	0	0	0	
Lamproblatta_albipalpus	0	0	1	0	0	0	0	0	0	0	0	0	0	0	0	0	0	0	0	0	0	0	0	0	0	0	0	0	0	0	0	0	0	0	0	0	0	0	0	0	0	0	0	0	0	
N65	0.000359304	0.000742532	0.00212269	0.00648631	0.0188797	0.0490553	0.107083	0.183466	0.231529	0.205746	0.1252	0.0516786	0.0144306	0.00279249	0.000377452	4.44296e-005	4.4663e-006	9.23187e-007	1.08637e-007	2.35625e-008	1.95682e-009	2.82878e-010	1.55596e-011	1.48774e-012	5.47312e-014	3.53067e-015	8.79691e-017	3.9177e-018	6.7051e-020	2.12069e-021	2.52798e-023	5.86237e-025	4.95467e-027	8.81053e-029	5.35905e-031	7.60912e-033	3.59458e-035	4.93828e-037	1.93316e-039	2.63078e-041	1.52679e-043	3.44024e-045	3.57429e-047	9.73024e-049	2.67594e-050	
N66	0.000678237	0.00170064	0.00495687	0.0122506	0.0255326	0.0493367	0.0926766	0.155256	0.205937	0.202143	0.142841	0.0721987	0.0260931	0.00684778	0.00131137	0.00020661	2.67405e-005	5.6562e-006	8.67722e-007	2.53151e-007	3.07777e-008	6.50116e-009	5.42016e-010	7.83409e-011	4.51225e-012	4.55522e-013	1.84453e-014	1.33471e-015	3.86869e-017	2.06294e-018	4.35156e-020	1.75836e-021	2.74741e-023	8.69977e-025	1.02191e-026	2.61381e-028	2.40924e-030	5.50603e-032	4.11709e-034	8.81488e-036	7.88079e-038	2.68776e-039	5.12238e-041	2.60676e-042	1.48862e-043	
N67	0.000532121	0.00162539	0.0055212	0.0139755	0.0244749	0.0349416	0.0580997	0.109398	0.174451	0.208213	0.180274	0.113352	0.0515118	0.0176804	0.00444267	0.00115873	0.000224521	9.83568e-005	1.71583e-005	7.06027e-006	8.22761e-007	2.25102e-007	1.70875e-008	3.09558e-009	1.57181e-010	1.94004e-011	6.77639e-013	5.86899e-014	1.4495e-015	9.09346e-017	1.62239e-018	7.56604e-020	1.00335e-021	3.6549e-023	3.63109e-025	1.04607e-026	8.66611e-029	2.57274e-030	1.65459e-032	4.16887e-034	3.71931e-036	1.61264e-037	1.55858e-039	7.74844e-041	4.55522e-042	
N68	2.74232e-005	0.000101578	0.000414041	0.00122977	0.00262136	0.0044707	0.00858022	0.0231145	0.0617609	0.12715	0.188822	0.204927	0.16421	0.106066	0.0529074	0.029457	0.0122496	0.0080325	0.00248118	0.00111777	0.000200702	5.23225e-005	5.4517e-006	8.48006e-007	5.36567e-008	5.25572e-009	2.11174e-010	1.36916e-011	3.64378e-013	1.64456e-014	2.99268e-016	9.77894e-018	1.27244e-019	3.24389e-021	3.08366e-023	6.3148e-025	5.14444e-027	1.11268e-028	7.38719e-031	1.3713e-032	1.12924e-034	2.73669e-036	2.80143e-038	7.59345e-040	2.20365e-041	
N69	5.94397e-007	3.18231e-006	1.42301e-005	4.44027e-005	0.000129895	0.000303852	0.000789503	0.00362562	0.0180216	0.062735	0.136389	0.187073	0.181027	0.150433	0.116574	0.078238	0.0403243	0.0171283	0.00520696	0.00158293	0.000283611	6.41927e-005	6.66465e-006	1.0031e-006	6.06026e-008	5.57344e-009	2.02321e-010	1.15769e-011	2.66954e-013	1.01049e-014	1.57841e-016	4.25781e-018	4.84541e-020	1.00854e-021	8.89294e-024	1.50762e-025	1.07619e-027	1.54495e-029	9.07579e-032	1.10409e-033	5.71149e-036	6.59947e-038	4.3151e-040	7.43427e-042	1.54846e-043	
N70	4.11753e-009	3.66469e-008	1.41009e-007	4.311e-007	2.60502e-006	2.0784e-005	0.00017988	0.00151902	0.0117492	0.0572909	0.142936	0.183352	0.14513	0.110544	0.107144	0.10415	0.0784579	0.0403181	0.0134399	0.00315788	0.000501081	9.35109e-005	9.77154e-006	2.23753e-006	1.36345e-007	1.95885e-008	5.97463e-010	4.40088e-011	6.90195e-013	2.69204e-014	2.30255e-016	5.04863e-018	2.5036e-020	3.2755e-022	9.95683e-025	8.2149e-027	1.61274e-029	8.8687e-032	1.17748e-034	4.5344e-037	4.28679e-040	1.23429e-042	9.75042e-046	3.11875e-048	1.16959e-050	
N71	3.75819e-010	3.62592e-009	2.85891e-008	1.63661e-007	9.97975e-007	8.50593e-006	0.000101949	0.00146238	0.0142789	0.0695629	0.158063	0.175932	0.120003	0.0868297	0.0871968	0.0954691	0.0912805	0.0620431	0.0272572	0.00790657	0.00154797	0.000546203	0.000116143	0.000279997	3.95208e-005	6.40878e-005	4.55397e-006	4.00445e-006	1.45112e-007	6.97253e-008	1.34444e-009	3.60744e-010	3.9175e-012	6.0251e-013	3.9132e-015	3.55018e-016	1.46004e-018	8.07887e-020	2.21049e-022	7.74374e-024	1.47124e-026	3.4168e-028	4.75404e-031	8.80503e-033	1.63782e-034	
N72	1.81481e-010	1.89822e-009	2.61865e-008	3.20831e-007	2.84274e-006	1.69972e-005	0.000114206	0.00129739	0.0119596	0.0593625	0.145441	0.182635	0.140921	0.0960005	0.0781163	0.0816777	0.0865511	0.067019	0.0338195	0.0112631	0.00265935	0.00066415	0.000234094	0.000161316	5.34453e-005	2.43325e-005	3.99088e-006	9.53113e-007	7.92929e-008	9.77147e-009	4.39581e-010	3.15218e-011	8.22704e-013	5.9856e-014	1.10097e-015	1.39738e-016	1.99422e-018	2.39853e-019	2.43029e-021	2.09075e-022	1.5054e-024	9.08701e-026	5.14756e-028	2.77196e-029	1.22446e-030	
N73	5.26693e-010	1.10322e-008	2.15775e-007	2.23941e-006	1.14157e-005	3.20851e-005	5.928e-005	0.00016817	0.00139124	0.0102176	0.0462468	0.123539	0.198987	0.210804	0.172621	0.122754	0.0706077	0.0298127	0.00947138	0.00250752	0.000591827	0.000135679	3.16056e-005	6.77083e-006	1.10979e-006	1.31449e-007	1.07057e-008	6.21826e-010	2.51685e-011	7.45663e-013	1.58943e-014	2.62734e-016	3.21874e-018	3.57069e-020	3.04844e-022	3.74135e-024	3.31054e-026	6.32284e-028	5.86835e-030	1.12626e-031	9.69437e-034	1.79018e-035	2.52643e-037	5.51807e-039	1.15468e-040	
N74	6.20398e-011	1.75212e-009	5.62743e-008	8.06058e-007	3.34637e-006	5.02169e-006	8.42892e-006	2.96136e-005	0.000127867	0.000757188	0.0060179	0.0360992	0.125448	0.243666	0.27561	0.193446	0.087513	0.0256461	0.00490527	0.0006475	6.27898e-005	5.05697e-006	3.24973e-007	1.80356e-008	6.76754e-010	2.17129e-011	4.12873e-013	8.63023e-015	9.27572e-017	1.75009e-018	1.30119e-020	2.27932e-022	1.2942e-024	1.92484e-026	9.17709e-029	1.22297e-030	5.28702e-033	6.45227e-035	2.49155e-037	2.64073e-039	8.68934e-042	7.82771e-044	2.84637e-046	3.26868e-048	3.76901e-050	
N75	8.3191e-011	1.97313e-009	4.03127e-008	2.87997e-007	7.10517e-007	1.35273e-006	4.45839e-006	1.23667e-005	4.33906e-005	0.00039318	0.00445396	0.0331445	0.132287	0.271739	0.297266	0.181611	0.0639969	0.0132537	0.00165452	0.000130266	6.8493e-006	2.58428e-007	7.28028e-009	1.60587e-010	2.72033e-012	4.64456e-014	8.64919e-016	7.41748e-017	3.13494e-018	7.00482e-019	2.2108e-020	3.38343e-021	6.66896e-023	6.55501e-024	8.41143e-026	5.53912e-027	4.88125e-029	2.25405e-030	1.42097e-032	4.75409e-034	2.20015e-036	5.44152e-038	2.00482e-040	4.30235e-042	5.47926e-044	
Archimandrita_tessellata	0	0	0	0	0	0	0	0	0	0	0	0	0	0	0	0	1	0	0	0	0	0	0	0	0	0	0	0	0	0	0	0	0	0	0	0	0	0	0	0	0	0	0	0	0	
N76	8.34604e-012	2.31438e-010	4.28192e-009	5.31584e-009	1.12675e-009	2.84523e-010	3.3188e-009	2.40195e-007	1.59471e-005	0.000703329	0.0175032	0.187786	0.47852	0.257132	0.0526494	0.005373	0.00030642	1.04231e-005	2.24671e-007	5.61379e-009	1.68952e-009	7.65737e-010	2.50768e-010	5.92621e-011	1.02258e-011	1.60914e-012	2.68405e-013	1.36343e-013	2.94897e-014	1.05363e-014	9.86468e-016	1.12588e-016	3.54077e-018	1.59356e-019	2.41184e-021	5.6461e-023	4.91338e-025	6.87359e-027	3.77154e-029	3.42309e-031	1.25575e-033	7.90002e-036	2.17048e-038	1.16773e-040	5.39115e-043	
Blaberus_discoidalis	0	0	0	0	0	0	0	0	0	0	0	0	1	0	0	0	0	0	0	0	0	0	0	0	0	0	0	0	0	0	0	0	0	0	0	0	0	0	0	0	0	0	0	0	0	
Blaberus_giganteus	0	0	0	0	0	0	0	0	0	0	0	0	0	0	0	0	0	0	0	0	0	0	0	0	0	0	0	0	0	0	1	0	0	0	0	0	0	0	0	0	0	0	0	0	0	
Byrsotria_fumigata	0	0	0	0	0	0	0	0	0	0	0	0	0	0	0	0	0	1	0	0	0	0	0	0	0	0	0	0	0	0	0	0	0	0	0	0	0	0	0	0	0	0	0	0	0	
N77	2.62737e-009	8.23236e-008	3.98081e-007	7.04418e-007	2.50701e-006	1.75283e-005	7.07647e-005	0.0001765	0.000558594	0.0115083	0.10759	0.255466	0.302943	0.205732	0.077678	0.0145241	0.00161831	0.00217457	0.00451207	0.00596164	0.00511037	0.00290797	0.00110092	0.000287244	5.06382e-005	7.52148e-006	7.06789e-007	4.75135e-008	1.46543e-009	4.14744e-011	6.03466e-013	8.87847e-015	7.40235e-017	6.61749e-019	3.55953e-021	2.13201e-023	7.96623e-026	3.39764e-028	9.23877e-031	2.92563e-033	6.05246e-036	1.51951e-038	2.77952e-041	6.82101e-044	1.67824e-046	
Eublaberus_distanti	0	0	0	0	0	0	0	0	0	0	0	0	0	0	0	0	0	0	0	0	0	0	0	0	0	0	1	0	0	0	0	0	0	0	0	0	0	0	0	0	0	0	0	0	0	
Eublaberus_posticus	0	0	0	0	0	0	0	0	0	0	0	0	0	0	0	1	0	0	0	0	0	0	0	0	0	0	0	0	0	0	0	0	0	0	0	0	0	0	0	0	0	0	0	0	0	
Gromphadorhina_portentosa	0	0	0	0	0	0	0	0	0	0	0	0	0	0	0	0	0	0	0	0	0	0	0	0	0	1	0	0	0	0	0	0	0	0	0	0	0	0	0	0	0	0	0	0	0	
N78	4.58475e-009	2.01538e-008	1.12006e-007	6.88864e-007	8.07572e-006	0.000107126	0.000935304	0.00434699	0.0100298	0.0115669	0.00708121	0.00387118	0.00398181	0.00446962	0.0037966	0.0027166	0.00379973	0.0125211	0.0373225	0.0798011	0.118127	0.135529	0.122406	0.141041	0.114565	0.104832	0.0484763	0.0221475	0.00516192	0.00118881	0.000148661	1.90107e-005	1.38702e-006	1.08218e-007	4.96004e-009	2.55788e-010	7.8351e-012	2.85104e-013	6.13971e-015	1.66206e-016	2.65726e-018	5.82576e-020	8.89152e-022	2.31826e-023	7.91496e-025	
Lanxoblatta_emarginata	0	0	0	0	0	0	0	0	0	0	0	0	0	0	0	0	0	0	0	0	0	0	0	0	0	0	1	0	0	0	0	0	0	0	0	0	0	0	0	0	0	0	0	0	0	
Phoetalia_sp	0	0	0	0	0	0	0	0	0	0	0	0	0	0	0	0	0	0	0	0	1	0	0	0	0	0	0	0	0	0	0	0	0	0	0	0	0	0	0	0	0	0	0	0	0	
N79	7.93868e-009	3.40088e-008	2.12262e-007	1.38155e-006	8.17154e-006	4.72605e-005	0.000298831	0.00198299	0.0112587	0.0446002	0.110319	0.168219	0.173497	0.149055	0.128136	0.103663	0.0664249	0.0303776	0.00958877	0.00212678	0.00034293	4.52329e-005	4.89883e-006	5.52434e-007	4.62587e-008	5.86785e-009	3.60754e-010	7.19106e-011	3.24323e-012	6.05113e-013	1.97991e-014	2.81391e-015	7.49342e-017	9.3597e-018	2.34729e-019	2.84974e-020	6.69256e-022	7.29321e-023	1.4502e-024	1.29934e-025	2.06523e-027	1.46699e-028	1.9843e-030	1.31501e-031	6.6564e-033	
Epilampra_sp	0	0	0	0	0	0	0	0	0	0	0	0	0	0	1	0	0	0	0	0	0	0	0	0	0	0	0	0	0	0	0	0	0	0	0	0	0	0	0	0	0	0	0	0	0	
Nauphoeta_cinerea	0	0	0	0	0	0	0	0	0	0	0	0	1	0	0	0	0	0	0	0	0	0	0	0	0	0	0	0	0	0	0	0	0	0	0	0	0	0	0	0	0	0	0	0	0	
N80	9.6984e-008	5.71119e-007	3.97238e-006	1.94472e-005	6.27922e-005	0.00013992	0.000235491	0.000503637	0.00219035	0.0109882	0.0429427	0.116617	0.211607	0.253673	0.201477	0.107706	0.0394964	0.0101824	0.0018705	0.00025433	2.59781e-005	2.36415e-006	2.33845e-007	4.65457e-008	1.14506e-008	3.90464e-009	8.63453e-010	2.18121e-010	3.17437e-011	5.18266e-012	4.83413e-013	5.15263e-014	3.1576e-015	2.27824e-016	9.52405e-018	4.82713e-019	1.4284e-020	5.24354e-022	1.13166e-023	3.09556e-025	5.08978e-027	1.11689e-028	1.72918e-030	4.05156e-032	1.12583e-033	
N81	8.04518e-009	5.63534e-008	6.7139e-007	5.5257e-006	1.99466e-005	3.96975e-005	8.09975e-005	0.000235795	0.000586291	0.00129306	0.00482825	0.0262741	0.106431	0.2466	0.300318	0.20274	0.0833538	0.0223166	0.00398394	0.000516067	5.07599e-005	1.10996e-005	8.11496e-006	2.47695e-005	2.98456e-005	6.69172e-005	5.00954e-005	6.8083e-005	3.08805e-005	2.50878e-005	6.73873e-006	3.19221e-006	4.9007e-007	1.31368e-007	1.12501e-008	1.71659e-009	8.47064e-011	7.83499e-012	2.38505e-013	1.44099e-014	2.89449e-016	1.23438e-017	2.0136e-019	9.84823e-021	7.18504e-022	
Macropanesthia_rhinoceros	0	0	0	0	0	0	0	0	0	0	0	0	0	0	0	0	0	0	0	0	0	0	0	0	0	0	0	0	0	0	0	0	0	1	0	0	0	0	0	0	0	0	0	0	0	
Rhabdoblatta_sp	0	0	0	0	0	0	0	0	0	0	0	0	0	0	0	0	0	0	1	0	0	0	0	0	0	0	0	0	0	0	0	0	0	0	0	0	0	0	0	0	0	0	0	0	0	
Pycnoscelus_surinamensis	0	0	0	0	0	0	0	0	0	0	0	1	0	0	0	0	0	0	0	0	0	0	0	0	0	0	0	0	0	0	0	0	0	0	0	0	0	0	0	0	0	0	0	0	0	
N82	6.1101e-006	1.70973e-005	5.6837e-005	0.000180644	0.000613006	0.00203521	0.00563926	0.0125902	0.0257339	0.055503	0.114292	0.187333	0.223027	0.188784	0.113657	0.0496953	0.016007	0.00395282	0.000746312	0.000114792	1.35904e-005	1.44545e-006	1.17546e-007	1.01275e-008	6.28698e-010	4.47107e-011	2.05915e-012	1.08106e-013	3.52393e-015	1.31674e-016	3.04756e-018	8.25707e-020	1.3904e-021	2.82269e-023	3.5605e-025	5.60447e-027	5.47804e-029	6.92704e-031	5.44235e-033	5.7273e-035	3.88424e-037	3.75864e-039	2.87666e-041	3.32183e-043	4.49147e-045	
Diploptera_punctata	0	0	0	0	0	0	0	0	0	0	0	0	0	0	0	0	0	1	0	0	0	0	0	0	0	0	0	0	0	0	0	0	0	0	0	0	0	0	0	0	0	0	0	0	0	
N83	5.03898e-006	1.27178e-005	4.33346e-005	0.000148059	0.000482741	0.00154105	0.00458611	0.0119486	0.0286341	0.0659295	0.132295	0.203864	0.225702	0.176085	0.0968981	0.0381458	0.0109196	0.00233132	0.000376437	4.7414e-005	4.65693e-006	3.77598e-007	2.47267e-008	1.47418e-009	7.13591e-011	3.71001e-012	1.3272e-013	9.48174e-015	2.47183e-016	3.617e-017	7.25896e-019	1.18626e-019	1.84784e-021	2.47297e-022	3.01864e-024	3.20885e-025	3.1272e-027	2.66932e-028	2.11159e-030	1.4653e-031	9.60879e-034	5.52924e-035	3.22053e-037	1.78725e-038	5.86639e-040	
N84	1.2071e-006	2.57634e-006	5.24915e-006	1.42214e-005	3.27346e-005	7.84738e-005	0.00170438	0.0343739	0.172486	0.35025	0.316173	0.114508	0.00998098	0.000382073	8.01414e-006	1.03532e-007	8.85584e-010	5.28454e-012	2.28218e-014	7.39052e-017	1.83421e-019	3.66269e-022	5.97334e-025	9.27148e-028	1.33087e-030	2.40639e-033	3.73897e-036	6.98532e-039	9.43518e-042	1.42832e-044	1.53105e-047	1.81189e-050	1.53619e-053	1.43666e-056	9.71955e-060	7.29594e-063	3.9777e-066	2.4359e-069	1.08304e-072	5.53085e-076	2.07503e-079	9.4589e-083	3.54526e-086	1.80526e-089	9.56636e-093	
Galiblatta_sp	0	0	0	0	0	0	0	1	0	0	0	0	0	0	0	0	0	0	0	0	0	0	0	0	0	0	0	0	0	0	0	0	0	0	0	0	0	0	0	0	0	0	0	0	0	
Panchlora_nivea	0	0	0	0	0	0	0	0	0	0	0	1	0	0	0	0	0	0	0	0	0	0	0	0	0	0	0	0	0	0	0	0	0	0	0	0	0	0	0	0	0	0	0	0	0	
Panchlora_viridis	0	0	0	0	0	0	0	0	0	0	0	0	1	0	0	0	0	0	0	0	0	0	0	0	0	0	0	0	0	0	0	0	0	0	0	0	0	0	0	0	0	0	0	0	0	
N85	0.00600329	0.00898165	0.0167871	0.0346355	0.0700267	0.123473	0.176314	0.196854	0.169121	0.111397	0.0561827	0.0218102	0.00654601	0.00153625	0.000283859	4.20841e-005	5.03861e-006	5.06275e-007	4.27442e-008	3.3413e-009	2.33489e-010	1.76562e-011	1.18743e-012	9.04327e-014	5.50543e-015	3.65621e-016	1.83813e-017	9.92391e-019	4.01731e-020	1.7502e-021	5.71356e-023	2.03e-024	5.39215e-026	1.58701e-027	3.46664e-029	8.5951e-031	1.56491e-032	3.33737e-034	5.1762e-036	9.86601e-038	1.43145e-039	2.84229e-041	5.30376e-043	1.36274e-044	4.38685e-046	
Margattea_sp	0	0	0	0	0	0	0	0	0	1	0	0	0	0	0	0	0	0	0	0	0	0	0	0	0	0	0	0	0	0	0	0	0	0	0	0	0	0	0	0	0	0	0	0	0	
Supella_longipalpa	0	0	0	1	0	0	0	0	0	0	0	0	0	0	0	0	0	0	0	0	0	0	0	0	0	0	0	0	0	0	0	0	0	0	0	0	0	0	0	0	0	0	0	0	0	
Ectobius_pallidus	0	0	0	0	1	0	0	0	0	0	0	0	0	0	0	0	0	0	0	0	0	0	0	0	0	0	0	0	0	0	0	0	0	0	0	0	0	0	0	0	0	0	0	0	0	
N86	0.000504891	0.00101375	0.00273777	0.0078264	0.0214502	0.0523483	0.106138	0.170051	0.20865	0.192845	0.13286	0.0681447	0.0259887	0.00747662	0.00162642	0.000288452	4.18338e-005	7.14239e-006	1.09094e-006	2.5025e-007	3.57658e-008	6.76137e-009	7.14084e-010	9.72307e-011	7.40582e-012	7.29555e-013	4.03295e-014	2.92887e-015	1.18715e-016	6.50108e-018	1.95325e-019	8.26076e-021	1.86505e-022	6.27007e-024	1.07763e-025	2.96024e-027	3.99224e-029	9.5289e-031	1.0471e-032	2.31455e-034	2.79856e-036	8.7318e-038	2.31258e-039	1.00046e-040	4.79151e-042	
N87	0.00105425	0.00225103	0.00653781	0.0192136	0.0504971	0.109031	0.180784	0.221371	0.196758	0.126703	0.0592418	0.0202959	0.00513192	0.000972664	0.000139242	1.54945e-005	1.34613e-006	9.88875e-008	6.0702e-009	3.88136e-010	2.18351e-011	1.46465e-012	7.4632e-014	4.29786e-015	1.7213e-016	7.62545e-018	2.32727e-019	7.89452e-021	1.85047e-022	4.88833e-024	8.91362e-026	1.86881e-027	2.68665e-029	4.55984e-031	5.2311e-033	7.32343e-035	6.80351e-037	8.04948e-039	6.17778e-041	6.43175e-043	4.59845e-045	5.23279e-047	5.62854e-049	9.04316e-051	1.70538e-052	
N88	0.000987506	0.00262936	0.0100684	0.0356072	0.0964866	0.185599	0.244914	0.21871	0.131981	0.0542043	0.0153198	0.00302384	0.000423074	4.27148e-005	3.15802e-006	1.75299e-007	7.37963e-009	2.54485e-010	7.0446e-012	2.33323e-013	6.26684e-015	3.2883e-016	8.6038e-018	4.34795e-019	8.90694e-021	3.49407e-022	5.47034e-024	1.64918e-025	1.99399e-027	4.68688e-029	4.42975e-031	8.24739e-033	6.16619e-035	9.24283e-037	5.52181e-039	6.76273e-041	3.26617e-043	3.33105e-045	1.31128e-047	1.12941e-049	3.73326e-052	2.93509e-054	1.14316e-056	1.54667e-058	2.8641e-060	
N89	0.00100604	0.00326108	0.0147758	0.055475	0.143912	0.242483	0.25956	0.176223	0.0767113	0.021841	0.00415589	0.000542892	4.96954e-005	3.33036e-006	1.64998e-007	7.42551e-009	2.79952e-010	1.88899e-011	7.99604e-013	6.37689e-014	2.15136e-015	1.3014e-016	3.2344e-018	1.44879e-019	2.68559e-021	9.10272e-023	1.27855e-024	3.35212e-026	3.62056e-028	7.50807e-030	6.30917e-032	1.05576e-033	7.00491e-036	9.74851e-038	5.14345e-040	6.07195e-042	2.69602e-044	3.10468e-046	1.16609e-048	1.29834e-050	6.27972e-053	1.11828e-054	9.31249e-057	2.26112e-058	5.81539e-060	
Blattella_bisignata	0	0	0	0	0	1	0	0	0	0	0	0	0	0	0	0	0	0	0	0	0	0	0	0	0	0	0	0	0	0	0	0	0	0	0	0	0	0	0	0	0	0	0	0	0	
Blattella_germanica	0	0	0	0	0	1	0	0	0	0	0	0	0	0	0	0	0	0	0	0	0	0	0	0	0	0	0	0	0	0	0	0	0	0	0	0	0	0	0	0	0	0	0	0	0	
Blattella_sauteri	0	0	0	0	0	1	0	0	0	0	0	0	0	0	0	0	0	0	0	0	0	0	0	0	0	0	0	0	0	0	0	0	0	0	0	0	0	0	0	0	0	0	0	0	0	
Loboptera_decipiens	0	0	0	0	0	0	0	0	0	0	1	0	0	0	0	0	0	0	0	0	0	0	0	0	0	0	0	0	0	0	0	0	0	0	0	0	0	0	0	0	0	0	0	0	0	
N90	0.000634151	0.00114105	0.00263099	0.00633565	0.0149509	0.0336153	0.0686251	0.119824	0.170522	0.19268	0.17012	0.117184	0.0626449	0.0265713	0.00887857	0.00264717	0.000671142	0.000228114	6.18139e-005	2.5431e-005	5.99994e-006	1.9973e-006	3.55014e-007	8.84001e-008	1.17348e-008	2.20645e-009	2.20765e-010	3.191e-011	2.43483e-012	2.76142e-013	1.62349e-014	1.47272e-015	6.76735e-017	5.048e-018	1.83081e-019	1.14728e-020	3.42376e-022	1.962e-023	4.94028e-025	2.67256e-026	7.57519e-028	5.64966e-029	3.01817e-030	3.1619e-031	4.12727e-032	
N91	0.000105561	0.000268917	0.00148779	0.00710069	0.0172108	0.0237538	0.0341771	0.083194	0.180485	0.252902	0.221834	0.123166	0.0432038	0.00961664	0.00135765	0.000127388	8.18345e-006	3.91021e-007	1.40372e-008	4.33201e-010	1.08501e-011	2.67494e-013	5.31326e-015	1.07462e-016	1.65632e-018	2.58705e-020	3.01298e-022	3.57906e-024	3.17171e-026	2.9079e-028	1.99505e-030	1.4416e-032	7.8024e-035	4.54226e-037	1.97222e-039	9.44038e-042	3.3513e-044	1.35341e-046	4.04544e-049	1.4479e-051	4.09776e-054	1.53863e-056	5.48619e-059	2.4856e-061	1.2114e-063	
N92	3.48595e-006	1.64906e-006	5.6601e-006	0.000121951	0.00245641	0.0313531	0.218166	0.453549	0.24083	0.0486476	0.00462381	0.00023416	6.83676e-006	1.21682e-007	1.3787e-009	1.03367e-011	5.30899e-014	1.93271e-016	5.13422e-019	1.03742e-021	1.63967e-024	2.6168e-027	4.26737e-030	1.77621e-032	4.20368e-035	2.00335e-037	3.81813e-040	1.37021e-042	1.99405e-045	5.3644e-048	5.97417e-051	1.22051e-053	1.04453e-056	1.64305e-059	1.08608e-062	1.33666e-065	6.88314e-069	6.76897e-072	2.74341e-075	2.20539e-078	7.13487e-082	4.85352e-085	1.42695e-088	1.16946e-091	1.13894e-094	
Hemithyrsocera_sp	0	0	0	0	0	0	1	0	0	0	0	0	0	0	0	0	0	0	0	0	0	0	0	0	0	0	0	0	0	0	0	0	0	0	0	0	0	0	0	0	0	0	0	0	0	
Symploce_sp	0	0	0	0	0	0	0	1	0	0	0	0	0	0	0	0	0	0	0	0	0	0	0	0	0	0	0	0	0	0	0	0	0	0	0	0	0	0	0	0	0	0	0	0	0	
Symplocodes_sp	0	0	0	0	0	0	0	0	0	0	0	0	0	1	0	0	0	0	0	0	0	0	0	0	0	0	0	0	0	0	0	0	0	0	0	0	0	0	0	0	0	0	0	0	0	
N93	2.2843e-008	5.67131e-007	8.83756e-006	1.05434e-005	9.43035e-007	4.57631e-008	5.43734e-008	2.54309e-006	0.000103684	0.00264688	0.0374967	0.24755	0.532457	0.162671	0.0162534	0.000777186	2.09538e-005	3.79532e-007	4.76082e-009	4.90616e-011	3.85061e-013	2.77738e-015	1.53129e-017	7.9877e-020	3.13487e-022	1.17895e-024	3.33855e-027	9.22549e-030	1.93575e-032	4.04937e-035	6.46756e-038	1.0538e-040	1.31402e-043	1.71426e-046	1.70498e-049	1.82529e-052	1.48644e-055	1.35272e-058	9.44766e-062	7.84606e-065	5.4837e-068	4.92697e-071	4.23126e-074	4.22296e-077	4.17974e-080	
Lobopterella_dimidiatipes	0	0	0	0	0	0	0	0	0	0	0	0	1	0	0	0	0	0	0	0	0	0	0	0	0	0	0	0	0	0	0	0	0	0	0	0	0	0	0	0	0	0	0	0	0	
Xestoblatta_sp	0	0	0	0	0	0	0	0	0	0	0	0	1	0	0	0	0	0	0	0	0	0	0	0	0	0	0	0	0	0	0	0	0	0	0	0	0	0	0	0	0	0	0	0	0	
