NODE	7	8	9	10	11	12	13	14	15	16	17	18	19	20	21	22	23	24	25	26	27	28	29	30	31	32	33	34	35	36	37	38	39	40	41	42	43	44	45	46	47	48	49	50	51	
N1	7.68207e-006	1.80046e-005	6.72176e-005	0.000308967	0.0014962	0.00671283	0.025218	0.0735355	0.157066	0.235246	0.239542	0.162484	0.0725316	0.0211792	0.00403923	0.000504088	4.13483e-005	2.24353e-006	8.11654e-008	1.97568e-009	3.268e-011	3.71234e-013	1.551e-017	1.15416e-018	7.2369e-020	3.84499e-021	1.74055e-022	6.74949e-024	2.25387e-025	6.5144e-027	1.63773e-028	3.59827e-030	6.94067e-032	1.18048e-033	1.77779e-035	2.3801e-037	2.84356e-039	3.04269e-041	2.9261e-043	2.53743e-045	1.99042e-047	1.41659e-049	9.17379e-052	5.42502e-054	3.35298e-056	
N2	1.37715e-005	3.9251e-005	0.000164059	0.000724787	0.00300229	0.0109717	0.0337287	0.0831829	0.157325	0.219791	0.220739	0.156737	0.0781126	0.0273376	0.00676095	0.00119684	0.000153635	1.60759e-005	1.45852e-006	5.69581e-007	9.75223e-008	7.68319e-008	1.00051e-008	5.75753e-009	5.28395e-010	2.17384e-010	1.41082e-011	4.14856e-012	1.92222e-013	4.04545e-014	1.35528e-015	2.05055e-016	5.03279e-018	5.52648e-019	1.00521e-020	8.13761e-022	1.10686e-023	6.76213e-025	6.91592e-027	3.27805e-028	2.57797e-030	1.08167e-031	1.34449e-033	2.05262e-034	4.66613e-035	
N3	0.000205287	0.000504517	0.00155132	0.00420108	0.00938938	0.0182965	0.0342312	0.0630627	0.106574	0.1531	0.17948	0.168987	0.127029	0.076292	0.036639	0.0142471	0.00450557	0.00124826	0.000308998	9.7221e-005	2.98056e-005	1.33047e-005	4.07736e-006	1.57942e-006	3.85898e-007	1.1639e-007	2.21587e-008	5.22163e-009	7.75876e-010	1.44624e-010	1.68184e-011	2.51305e-012	2.2951e-013	2.79083e-014	2.0103e-015	2.0223e-016	1.15729e-017	9.83546e-019	4.51987e-020	3.34393e-021	1.35126e-022	1.07422e-023	7.47778e-025	1.02718e-025	1.94556e-026	
N4	1.48108e-005	4.43543e-005	0.000165835	0.000524224	0.00121598	0.00204782	0.0030811	0.00609749	0.0155268	0.0379804	0.078208	0.13105	0.175459	0.187199	0.157056	0.105794	0.0562965	0.0260565	0.00997251	0.00408368	0.00137085	0.000543201	0.00015092	4.7957e-005	9.97373e-006	2.36716e-006	3.64917e-007	6.51854e-008	7.57015e-009	1.04035e-009	9.26161e-011	1.00046e-011	6.94645e-013	6.03119e-014	3.31453e-015	2.36006e-016	1.04677e-017	6.2922e-019	2.29801e-020	1.20711e-021	4.01672e-023	2.21372e-024	1.03738e-025	8.2826e-027	8.8727e-028	
N5	1.35534e-007	6.74688e-007	4.05223e-006	1.73039e-005	4.31485e-005	7.66481e-005	0.000198721	0.000767961	0.00284586	0.00917805	0.0256131	0.0608597	0.118694	0.182445	0.212821	0.184682	0.117516	0.0560431	0.020161	0.00606232	0.00149025	0.000379798	7.72105e-005	1.93173e-005	3.24623e-006	7.5291e-007	1.01723e-007	2.05777e-008	2.25842e-009	3.91221e-010	3.6183e-011	5.52991e-012	4.55759e-013	6.39414e-014	4.76638e-015	6.00252e-016	3.84999e-017	4.11784e-018	2.15973e-019	1.90243e-020	8.14549e-022	6.13325e-023	2.62226e-024	2.3147e-025	2.03618e-026	
N6	2.41083e-008	1.42694e-007	1.02462e-006	4.70939e-006	1.18462e-005	2.21413e-005	6.9676e-005	0.000333854	0.00150339	0.00587259	0.0197185	0.0549082	0.120051	0.195909	0.23032	0.191777	0.112876	0.0476091	0.0147333	0.00349094	0.000661781	0.000107391	1.52237e-005	1.98162e-006	2.24443e-007	2.32465e-008	2.01585e-009	1.59587e-010	1.04056e-011	6.3126e-013	3.17037e-014	1.53005e-015	6.19438e-017	2.45639e-018	8.14054e-020	2.60974e-021	6.87137e-023	1.7146e-024	3.48319e-026	6.68882e-028	1.07398e-029	1.73903e-031	2.73256e-033	4.80481e-035	9.46884e-037	
N7	1.19971e-009	8.68518e-009	6.8184e-008	2.8001e-007	5.91967e-007	1.16304e-006	5.00355e-006	4.38877e-005	0.000401152	0.002894	0.0152785	0.0565039	0.141174	0.232409	0.249908	0.177455	0.0857041	0.0293017	0.00733692	0.00136981	0.000191543	2.02533e-005	1.63685e-006	1.05542e-007	5.42178e-009	2.61648e-010	1.01791e-011	5.89049e-013	2.1462e-014	1.55914e-015	4.70185e-017	2.84021e-018	6.41031e-020	2.88254e-021	4.83874e-023	1.61984e-024	2.0438e-026	5.1697e-028	4.96475e-030	9.65363e-032	7.18194e-034	1.10744e-035	7.23359e-038	1.09541e-039	1.48389e-041	
N8	5.27709e-012	1.18456e-010	2.64856e-009	2.41857e-008	6.06545e-008	5.16654e-008	7.96746e-008	1.0168e-006	2.39443e-005	0.000416748	0.00462027	0.03101	0.120605	0.261302	0.306636	0.193535	0.0669768	0.0132021	0.00155114	0.000113763	5.43047e-006	1.76209e-007	4.01943e-009	7.15676e-011	1.04681e-012	2.13188e-014	3.78702e-016	1.05358e-017	1.58419e-019	3.22641e-021	3.42891e-023	4.83991e-025	3.67296e-027	3.69554e-029	2.04388e-031	1.50971e-033	6.20222e-036	3.45826e-038	1.07495e-040	4.65025e-043	1.12021e-045	3.92422e-048	8.2109e-051	2.85258e-053	9.62011e-056	
N9	8.30104e-015	5.87218e-013	4.08744e-011	1.14872e-009	4.81264e-009	2.8806e-009	8.8779e-010	3.23253e-009	2.10803e-007	1.17678e-005	0.000388449	0.00699445	0.0627606	0.251141	0.395259	0.226571	0.0513648	0.00523284	0.000268001	7.55744e-006	1.26221e-007	1.33554e-009	9.50948e-012	6.19384e-014	4.39024e-016	8.3896e-018	8.03017e-020	1.31895e-021	8.62771e-024	9.10083e-026	4.04528e-028	2.83376e-030	8.72724e-033	4.1988e-035	9.10872e-038	3.10172e-040	4.81466e-043	1.19474e-045	1.34788e-048	2.51192e-051	2.09424e-054	3.04035e-057	2.00462e-060	2.72723e-063	3.29845e-066	
N10	3.17573e-019	1.61756e-016	5.06287e-014	4.14849e-012	1.63973e-011	3.90383e-012	3.44385e-013	9.2433e-013	3.72867e-010	1.09465e-007	1.6389e-005	0.00110765	0.0288883	0.23735	0.487195	0.219395	0.025113	0.000921126	1.32176e-005	8.65398e-008	2.90692e-010	5.49836e-013	6.34424e-016	7.17177e-019	1.21628e-021	1.30845e-023	2.8752e-026	2.12759e-028	2.86992e-031	1.28173e-033	1.07915e-036	3.0388e-039	1.61897e-042	2.95891e-045	1.01476e-048	1.22455e-051	2.77635e-055	2.2426e-058	3.47296e-062	1.9192e-065	2.09179e-069	8.19295e-073	6.52606e-077	2.03788e-080	3.4984e-084	
N11	1.69697e-019	2.93854e-017	3.28286e-015	9.68943e-014	2.50991e-013	1.32525e-013	1.3317e-013	2.56894e-012	7.60626e-010	1.75064e-007	2.17873e-005	0.00128897	0.0308988	0.242599	0.485403	0.214096	0.0247174	0.000958895	1.53719e-005	1.18809e-007	4.96375e-010	1.22291e-012	1.91379e-015	6.23318e-018	6.18391e-020	7.94207e-021	7.10866e-023	5.48195e-024	3.08364e-026	1.47167e-027	4.93278e-030	1.5193e-031	2.81322e-034	5.67749e-036	5.549e-039	7.03002e-041	3.84857e-044	2.78043e-046	9.75971e-050	3.91856e-052	9.61402e-056	2.33158e-058	4.13821e-062	7.16284e-065	6.61158e-068	
N12	2.80952e-019	1.21529e-016	4.16597e-014	5.39726e-012	3.90019e-011	1.47605e-011	2.20349e-012	1.64539e-012	3.06676e-010	7.05831e-008	9.3779e-006	0.00063898	0.0192399	0.205273	0.545361	0.208879	0.0199138	0.00067382	1.00966e-005	7.77079e-008	3.41288e-010	9.27049e-013	1.6667e-015	2.7996e-018	6.82127e-021	8.80008e-023	3.72821e-025	3.80414e-027	1.15276e-029	7.29103e-032	1.57696e-034	6.28106e-037	9.43413e-040	2.38337e-042	2.36551e-045	3.82363e-048	2.44102e-051	2.57527e-054	1.0812e-057	7.99852e-061	2.28216e-064	1.29818e-067	2.71551e-071	1.48455e-074	7.34306e-078	
N13	1.57706e-020	5.40536e-018	1.25263e-015	9.30807e-014	3.93142e-013	1.22675e-013	3.6677e-014	6.01403e-014	1.6617e-011	7.42227e-009	1.85721e-006	0.000226768	0.0114007	0.182318	0.605068	0.188526	0.0122041	0.00025166	2.13914e-006	8.8766e-009	2.02355e-011	2.76518e-014	2.43646e-017	3.8917e-020	1.66441e-022	1.00239e-023	4.06303e-026	1.57671e-027	3.97807e-030	1.0082e-031	1.53711e-034	2.62643e-036	2.31434e-039	2.6781e-041	1.3202e-044	9.89653e-047	2.81978e-050	1.23855e-052	2.34036e-056	6.04542e-059	8.22549e-063	1.33968e-065	1.36594e-069	1.58014e-072	6.71955e-076	
N14	3.47398e-024	3.43445e-021	3.46064e-018	1.99876e-015	2.74547e-014	7.79818e-015	9.44225e-016	1.35349e-016	2.86932e-014	3.78667e-011	2.89566e-008	1.11749e-005	0.00181942	0.0926901	0.806606	0.0968762	0.00198453	1.27029e-005	3.4266e-008	4.66043e-011	3.60017e-014	1.72071e-017	5.45911e-021	2.35411e-024	2.67642e-027	3.04249e-029	4.45657e-032	3.26976e-034	3.43277e-037	1.55678e-039	1.15224e-042	3.28299e-045	1.59143e-048	2.87522e-051	8.09989e-055	9.08569e-058	1.40842e-061	8.83912e-065	8.68636e-069	3.31523e-072	2.19298e-076	5.93664e-080	2.76922e-084	6.69195e-088	1.39083e-091	
Amitermes_darwini	0	0	0	0	0	0	0	0	0	0	0	0	0	0	1	0	0	0	0	0	0	0	0	0	0	0	0	0	0	0	0	0	0	0	0	0	0	0	0	0	0	0	0	0	0	
Amitermes_germanus	0	0	0	0	0	0	0	0	0	0	0	0	0	0	1	0	0	0	0	0	0	0	0	0	0	0	0	0	0	0	0	0	0	0	0	0	0	0	0	0	0	0	0	0	0	
Drepanotermes_septentrionalis	0	0	0	0	0	0	0	0	0	0	0	0	0	0	1	0	0	0	0	0	0	0	0	0	0	0	0	0	0	0	0	0	0	0	0	0	0	0	0	0	0	0	0	0	0	
Amitermes_parvus	0	0	0	0	0	0	0	0	0	0	0	0	0	0	1	0	0	0	0	0	0	0	0	0	0	0	0	0	0	0	0	0	0	0	0	0	0	0	0	0	0	0	0	0	0	
N15	3.15267e-021	1.32969e-018	4.91428e-016	6.04208e-014	5.50277e-013	5.07552e-013	2.27515e-013	2.98954e-012	8.46243e-010	1.96643e-007	2.46036e-005	0.00145667	0.0346212	0.264372	0.494238	0.186471	0.0182016	0.000606373	8.51255e-006	5.86465e-008	2.21682e-010	5.00433e-013	7.24462e-016	1.21918e-018	4.83662e-021	1.8334e-022	9.96537e-025	2.40843e-026	8.911e-029	1.29031e-030	3.19769e-033	2.84939e-035	4.45437e-038	2.48715e-040	2.27775e-043	7.89755e-046	4.23124e-049	8.73389e-052	2.9733e-055	3.77967e-058	8.63381e-062	7.56942e-065	1.20978e-068	8.93848e-072	4.87571e-075	
N16	1.13801e-021	1.13336e-018	8.5327e-016	2.48264e-013	2.52805e-012	8.17452e-013	1.02789e-013	3.73875e-014	1.00642e-011	5.03308e-009	1.40517e-006	0.00019155	0.0106895	0.185638	0.62322	0.170943	0.00916136	0.000155329	1.09391e-006	3.80413e-009	7.35524e-012	8.64139e-015	6.68184e-018	7.32793e-021	1.57642e-023	2.00239e-025	4.90463e-028	3.95183e-030	6.73831e-033	3.29071e-035	3.86955e-038	1.16777e-040	9.00693e-044	1.69947e-046	8.06156e-050	9.48487e-053	2.75902e-056	2.01027e-059	3.78308e-063	1.83644e-066	2.32221e-070	8.37702e-074	7.55367e-078	2.54333e-081	7.72558e-085	
N17	4.75059e-024	7.84287e-021	7.62306e-018	2.0991e-015	1.17797e-014	1.58083e-015	1.91253e-016	1.65437e-016	1.59712e-013	2.15723e-010	1.51712e-007	4.7582e-005	0.00539183	0.158321	0.678729	0.152398	0.00506852	4.43215e-005	1.4157e-007	2.03201e-010	1.50817e-013	6.40568e-017	1.69745e-020	1.73692e-023	3.84403e-026	1.34839e-027	2.09961e-030	4.44994e-032	4.06508e-035	5.47066e-037	2.7953e-040	2.48276e-042	6.60587e-046	3.88813e-048	5.09561e-052	1.85266e-054	1.26024e-058	2.36915e-061	1.03453e-065	1.01014e-068	3.12542e-073	1.75657e-076	3.9915e-081	1.49985e-084	2.52543e-088	
Ephelotermes_melachoma	0	0	0	0	0	0	0	0	0	0	0	0	0	0	1	0	0	0	0	0	0	0	0	0	0	0	0	0	0	0	0	0	0	0	0	0	0	0	0	0	0	0	0	0	0	
N18	1.79144e-024	9.76091e-022	3.32838e-019	3.33903e-017	1.61889e-016	1.34507e-016	1.35676e-016	4.2349e-016	2.50261e-013	2.6328e-010	1.54833e-007	4.36528e-005	0.00482021	0.149124	0.69405	0.147151	0.0047672	4.37086e-005	1.57901e-007	2.7442e-010	2.61725e-013	1.50349e-016	5.626e-020	1.42387e-022	8.48649e-025	9.97246e-026	4.38795e-028	3.09881e-029	8.96976e-032	3.97846e-033	6.93368e-036	2.02301e-037	1.79546e-040	3.5434e-042	1.31114e-045	1.61948e-047	2.55122e-051	1.34658e-053	1.3681e-057	3.18897e-060	2.32954e-064	3.0401e-067	1.62263e-071	1.59444e-074	2.25381e-077	
Ephelotermes_taylori	0	0	0	0	0	0	0	0	0	0	0	0	0	0	1	0	0	0	0	0	0	0	0	0	0	0	0	0	0	0	0	0	0	0	0	0	0	0	0	0	0	0	0	0	0	
Macrognathotermes_sunteri	0	0	0	0	0	0	0	0	0	0	0	0	0	0	1	0	0	0	0	0	0	0	0	0	0	0	0	0	0	0	0	0	0	0	0	0	0	0	0	0	0	0	0	0	0	
Lophotermes_septentrionalis	0	0	0	0	0	0	0	0	0	0	0	0	0	0	1	0	0	0	0	0	0	0	0	0	0	0	0	0	0	0	0	0	0	0	0	0	0	0	0	0	0	0	0	0	0	
N19	3.56659e-020	4.29553e-018	4.65477e-016	2.19012e-014	1.81161e-013	3.821e-013	7.41435e-013	2.8282e-011	5.63831e-009	8.55894e-007	7.24029e-005	0.00300081	0.0519153	0.302578	0.464991	0.160899	0.0159426	0.000588769	9.85855e-006	8.60584e-008	4.33443e-010	1.35986e-012	2.83554e-015	8.80334e-018	8.20296e-020	9.06498e-021	1.01249e-022	7.12391e-024	5.51511e-026	2.4273e-027	1.25434e-029	3.549e-031	1.12648e-033	2.08029e-035	3.68532e-038	4.30726e-040	4.25625e-043	2.83678e-045	1.80077e-048	6.99271e-051	3.06972e-054	7.87427e-057	2.47403e-060	5.11384e-063	7.64232e-066	
Pericapritermes_sp	0	0	0	0	0	0	0	0	0	0	0	0	0	0	1	0	0	0	0	0	0	0	0	0	0	0	0	0	0	0	0	0	0	0	0	0	0	0	0	0	0	0	0	0	0	
N20	2.43534e-020	1.71294e-017	7.83667e-015	5.38828e-013	1.227e-012	2.85527e-013	2.92172e-013	1.85692e-012	4.23853e-010	1.66464e-007	3.44357e-005	0.00314311	0.0937881	0.440955	0.427443	0.0338897	0.000739514	6.34541e-006	2.6137e-008	5.89027e-011	7.9664e-014	6.93463e-017	4.12063e-020	2.44097e-023	2.60943e-026	2.24068e-028	4.4412e-031	2.92601e-033	4.23663e-036	1.77207e-038	1.85143e-041	4.98315e-044	3.59895e-047	6.27514e-050	2.93909e-053	3.3106e-056	9.76849e-060	7.01965e-063	1.36453e-066	6.60836e-070	8.79479e-074	3.16415e-077	3.03659e-081	9.85636e-085	2.49415e-088	
Procubitermes_sp	0	0	0	0	0	0	0	0	0	0	0	0	1	0	0	0	0	0	0	0	0	0	0	0	0	0	0	0	0	0	0	0	0	0	0	0	0	0	0	0	0	0	0	0	0	
N21	6.93621e-025	1.33887e-021	2.26312e-018	2.52508e-015	4.16778e-014	7.93108e-015	6.46802e-016	4.58739e-017	8.53109e-015	2.11551e-011	2.79722e-008	1.64224e-005	0.00327274	0.138001	0.830932	0.0276111	0.000166742	3.34567e-007	2.95278e-010	1.35328e-013	3.60198e-017	8.13866e-021	4.48484e-024	5.3023e-026	5.88817e-029	4.54872e-031	3.27681e-034	1.48394e-036	6.67386e-040	1.83199e-042	4.52692e-046	7.58501e-049	8.22455e-053	7.44099e-056	4.63654e-060	2.27992e-063	9.30225e-068	2.68062e-071	7.52342e-076	1.43471e-079	2.81751e-084	3.98392e-088	6.19157e-093	1.51737e-096	9.15944e-100	
Tuberculitermes_bycanistes	0	0	0	0	0	0	0	0	0	0	0	0	0	0	1	0	0	0	0	0	0	0	0	0	0	0	0	0	0	0	0	0	0	0	0	0	0	0	0	0	0	0	0	0	0	
Unguitermes_sp	0	0	0	0	0	0	0	0	0	0	0	0	0	0	1	0	0	0	0	0	0	0	0	0	0	0	0	0	0	0	0	0	0	0	0	0	0	0	0	0	0	0	0	0	0	
N22	2.37623e-020	6.45154e-018	1.01909e-015	3.907e-014	1.49176e-013	1.39862e-013	9.55121e-014	1.45695e-012	5.10998e-010	1.30863e-007	1.76854e-005	0.00111549	0.028074	0.229718	0.48322	0.228534	0.0281597	0.00114136	1.86023e-005	1.4218e-007	5.72298e-010	1.32709e-012	1.92153e-015	6.1347e-018	4.94234e-020	3.929e-021	2.70163e-023	1.23091e-024	5.32376e-027	1.43225e-028	3.73471e-031	6.19375e-033	9.01916e-036	9.41452e-038	7.24603e-041	4.59657e-043	1.97371e-046	7.01111e-049	1.90737e-052	3.8287e-055	7.09183e-059	8.96059e-062	1.16743e-065	1.13004e-068	7.67305e-072	
N23	6.01785e-020	1.18798e-017	2.19338e-015	1.67184e-013	2.14501e-012	4.52516e-012	4.93846e-012	4.91279e-011	6.90634e-009	8.37655e-007	5.90971e-005	0.00216536	0.0361049	0.230018	0.452845	0.237685	0.0386473	0.00240564	6.82162e-005	1.00432e-006	8.46757e-009	4.4112e-011	1.5174e-013	6.701e-016	7.09542e-018	6.6687e-019	9.22777e-021	5.57539e-022	5.41694e-024	1.99112e-025	1.33396e-027	3.04159e-029	1.31354e-031	1.88305e-033	4.79971e-036	4.27679e-038	6.39097e-041	3.38277e-043	3.22656e-046	1.06464e-048	6.81773e-052	1.59084e-054	7.15687e-058	1.46835e-060	2.55609e-063	
N24	2.80356e-019	4.49737e-017	7.12783e-015	5.08363e-013	5.53601e-012	8.85542e-012	6.7031e-012	2.79336e-011	3.32347e-009	4.47445e-007	3.58796e-005	0.00151955	0.0296833	0.221247	0.482998	0.23053	0.0322245	0.00171831	4.22451e-005	5.47913e-007	4.13597e-009	1.95877e-011	6.20436e-014	2.1865e-016	1.62463e-018	1.06314e-019	1.20938e-021	5.53726e-023	4.39887e-025	1.27356e-026	6.93554e-029	1.30103e-030	4.65167e-033	5.73057e-035	1.28542e-037	1.03213e-039	1.45606e-042	7.45079e-045	7.00471e-048	2.356e-050	1.5438e-053	3.69851e-056	1.75722e-059	3.53877e-062	4.91484e-065	
Crenetermes_albotarsalis	0	0	0	0	0	0	0	0	0	0	0	0	0	0	1	0	0	0	0	0	0	0	0	0	0	0	0	0	0	0	0	0	0	0	0	0	0	0	0	0	0	0	0	0	0	
Cubitermes_sp	0	0	0	0	0	0	0	0	0	0	0	0	0	0	1	0	0	0	0	0	0	0	0	0	0	0	0	0	0	0	0	0	0	0	0	0	0	0	0	0	0	0	0	0	0	
Thoracotermes_macrothorax	0	0	0	0	0	0	0	0	0	0	0	0	0	0	1	0	0	0	0	0	0	0	0	0	0	0	0	0	0	0	0	0	0	0	0	0	0	0	0	0	0	0	0	0	0	
N25	8.17461e-020	8.96039e-018	1.17514e-015	7.66057e-014	1.11512e-012	3.47478e-012	6.09909e-012	7.16663e-011	8.49777e-009	9.51277e-007	6.33612e-005	0.00223072	0.0363922	0.23047	0.453926	0.236072	0.0383458	0.00242605	7.12728e-005	1.10692e-006	1.00057e-008	5.66803e-011	2.14699e-013	1.20171e-015	1.79856e-017	2.62208e-018	4.72792e-020	4.38607e-021	5.57737e-023	3.19335e-024	2.77659e-026	1.00256e-027	5.49822e-030	1.27034e-031	4.00602e-034	5.79848e-036	1.05907e-038	8.98976e-041	1.05468e-043	5.42381e-046	4.32938e-049	1.53234e-051	8.64332e-055	2.61338e-057	6.59518e-060	
N26	9.05366e-020	5.16725e-017	2.35493e-014	4.6552e-012	2.9191e-011	5.56062e-012	4.47505e-013	5.56679e-014	5.96168e-012	2.53203e-009	6.50175e-007	8.9621e-005	0.00573437	0.134404	0.713913	0.139574	0.0061829	0.000100303	7.55106e-007	3.05039e-009	7.30295e-012	1.11654e-014	1.15865e-017	1.03652e-020	1.14643e-023	6.01289e-026	1.37665e-028	6.99041e-031	1.18446e-033	3.87629e-036	4.77512e-039	1.02262e-041	8.98643e-045	1.27319e-047	7.72814e-051	7.32777e-054	3.01207e-057	1.9547e-060	5.50833e-064	2.58239e-067	5.11551e-071	1.86151e-074	2.7737e-078	9.60313e-082	2.89666e-085	
Microcerotermes_boreus	0	0	0	0	0	0	0	0	0	0	0	0	0	0	1	0	0	0	0	0	0	0	0	0	0	0	0	0	0	0	0	0	0	0	0	0	0	0	0	0	0	0	0	0	0	
Microcerotermes_nervosus	0	0	0	0	0	0	0	0	0	0	0	0	0	0	1	0	0	0	0	0	0	0	0	0	0	0	0	0	0	0	0	0	0	0	0	0	0	0	0	0	0	0	0	0	0	
N27	3.62082e-022	7.78907e-019	1.20685e-015	7.84301e-013	5.13166e-012	3.09059e-013	7.57849e-015	2.06023e-016	2.52316e-014	3.19799e-011	2.35211e-008	8.88007e-006	0.00146287	0.0802741	0.831649	0.0849637	0.0016305	1.03943e-005	2.88601e-008	4.10744e-011	3.34447e-014	1.69024e-017	5.66172e-021	1.60933e-024	5.63101e-028	9.43359e-031	6.60918e-034	1.02908e-036	5.17703e-040	5.05589e-043	1.79839e-046	1.12039e-049	2.76579e-053	1.11221e-056	1.84627e-060	4.8473e-064	5.31018e-068	9.29222e-072	6.7933e-076	8.33106e-080	4.1569e-084	3.8251e-088	1.38695e-092	1.16673e-096	8.20724e-101	
N28	5.07778e-025	1.94317e-021	4.01444e-018	2.44423e-015	1.06018e-014	2.05967e-016	1.60837e-018	1.15552e-019	5.62302e-017	2.69297e-013	7.06227e-010	8.70926e-007	0.000412462	0.0531041	0.889248	0.0567635	0.000469913	1.05459e-006	9.06669e-010	3.6577e-013	7.9132e-017	1.00942e-020	8.197e-025	3.18878e-028	3.22892e-031	8.83506e-033	6.24069e-036	1.08365e-037	4.55667e-041	5.28073e-043	1.2561e-046	1.00977e-048	1.24447e-052	7.01174e-055	3.93001e-059	1.44826e-061	3.12656e-066	4.57962e-069	6.57477e-074	4.59939e-077	4.90203e-082	1.92289e-085	1.57154e-090	4.05135e-094	5.52725e-098	
Nasutitermes_graveolus	0	0	0	0	0	0	0	0	0	0	0	0	0	0	1	0	0	0	0	0	0	0	0	0	0	0	0	0	0	0	0	0	0	0	0	0	0	0	0	0	0	0	0	0	0	
N29	2.24161e-029	1.36122e-025	4.36069e-022	4.46284e-019	1.40056e-018	6.34125e-020	4.54304e-021	2.37557e-022	5.82632e-020	7.94735e-016	6.23052e-012	2.42573e-008	3.83819e-005	0.0172505	0.96436	0.0183081	4.29043e-005	2.84389e-008	7.64089e-012	1.01765e-015	7.63873e-020	3.53303e-024	1.08283e-028	1.4505e-032	5.9308e-036	4.37834e-038	1.46415e-041	6.49318e-044	1.57989e-047	4.26039e-050	7.52635e-054	1.24141e-056	1.42796e-060	1.45754e-063	7.82312e-068	4.94132e-071	7.16618e-076	1.27533e-079	1.16656e-084	9.987e-089	5.98658e-094	3.56394e-098	1.46974e-103	9.94578e-108	1.85016e-111	
Nasutitermes_longipennis	0	0	0	0	0	0	0	0	0	0	0	0	0	0	1	0	0	0	0	0	0	0	0	0	0	0	0	0	0	0	0	0	0	0	0	0	0	0	0	0	0	0	0	0	0	
Tumulitermes_pastinator	0	0	0	0	0	0	0	0	0	0	0	0	0	0	1	0	0	0	0	0	0	0	0	0	0	0	0	0	0	0	0	0	0	0	0	0	0	0	0	0	0	0	0	0	0	
Nasutitermes_triodiae	0	0	0	0	0	0	0	0	0	0	0	0	0	0	1	0	0	0	0	0	0	0	0	0	0	0	0	0	0	0	0	0	0	0	0	0	0	0	0	0	0	0	0	0	0	
N30	8.34962e-015	2.04765e-013	4.83593e-012	5.30922e-011	2.23531e-010	4.16935e-010	7.2559e-010	9.65187e-009	5.07589e-007	2.18932e-005	0.000580105	0.00864843	0.0665892	0.240656	0.372856	0.236953	0.0647681	0.00834713	0.000558008	2.10445e-005	4.80205e-007	7.03989e-009	7.01933e-011	7.49582e-013	1.35328e-014	1.45625e-015	3.96513e-017	3.12742e-018	5.91669e-020	2.94978e-021	3.84423e-023	1.24134e-024	1.09169e-026	2.32005e-028	1.346e-030	1.89534e-032	7.25727e-035	6.8241e-037	1.77726e-039	1.16274e-041	2.12278e-044	1.03112e-046	1.38193e-049	5.90093e-052	2.01388e-054	
N31	7.8017e-017	1.34355e-014	2.08017e-012	1.36778e-010	6.72095e-010	2.3835e-010	3.58975e-011	1.67403e-011	1.31851e-009	1.89537e-007	1.68529e-005	0.000832333	0.0201741	0.197995	0.555612	0.203196	0.021254	0.000900629	1.87404e-005	2.16673e-007	1.51835e-009	6.90194e-012	2.15144e-014	5.51065e-017	1.46884e-019	1.23937e-021	6.55736e-024	6.42356e-026	2.5669e-028	1.66743e-030	4.79944e-033	2.10055e-035	4.34714e-038	1.30999e-040	1.93923e-043	4.1118e-046	4.35225e-049	6.66918e-052	5.09002e-055	5.84344e-058	3.26736e-061	2.94852e-064	1.29262e-067	1.11342e-070	8.72279e-074	
Macrotermes_bellicosus	0	0	0	0	0	0	0	0	0	0	0	0	0	0	1	0	0	0	0	0	0	0	0	0	0	0	0	0	0	0	0	0	0	0	0	0	0	0	0	0	0	0	0	0	0	
N32	2.63879e-024	7.17401e-021	1.25616e-017	9.52512e-015	3.59072e-014	9.20493e-016	1.5439e-017	1.91486e-019	1.21074e-017	5.7156e-014	1.57751e-010	2.23332e-007	0.000136895	0.0272658	0.943974	0.0284739	0.00014921	2.53886e-007	1.86914e-010	7.05406e-014	1.52748e-017	2.05949e-021	1.84853e-025	1.73086e-029	3.10081e-033	4.60917e-036	1.34025e-039	1.44185e-042	2.92801e-046	1.99054e-049	2.79598e-053	1.22771e-056	1.15244e-060	3.29679e-064	1.9587e-068	3.59908e-072	1.29784e-076	1.46653e-080	3.46649e-085	2.58552e-089	4.20587e-094	2.25915e-098	2.64381e-103	1.20574e-107	3.71933e-112	
Microtermes_sp	0	0	0	0	0	0	0	0	0	0	0	0	0	0	1	0	0	0	0	0	0	0	0	0	0	0	0	0	0	0	0	0	0	0	0	0	0	0	0	0	0	0	0	0	0	
Protermes_sp	0	0	0	0	0	0	0	0	0	0	0	0	0	0	1	0	0	0	0	0	0	0	0	0	0	0	0	0	0	0	0	0	0	0	0	0	0	0	0	0	0	0	0	0	0	
N33	5.02837e-016	4.29536e-014	3.65648e-012	1.35674e-010	7.61073e-010	6.30674e-010	2.50082e-010	5.57603e-010	3.55701e-008	2.63777e-006	0.000121556	0.00314072	0.0407904	0.228907	0.446943	0.233963	0.0426358	0.0033601	0.000133234	2.96268e-006	4.00572e-008	3.51413e-010	2.11356e-012	1.08367e-014	6.40461e-017	1.52547e-018	1.80744e-020	4.44525e-022	3.87234e-024	6.24194e-026	3.89406e-028	4.2e-030	1.86694e-032	1.37571e-034	4.32272e-037	2.21984e-039	4.9277e-042	1.80737e-044	2.86417e-047	7.77807e-050	8.94976e-053	1.88866e-055	1.67109e-058	3.28263e-061	5.66148e-064	
Odontotermes_sp	0	0	0	0	0	0	0	0	0	0	0	0	0	0	1	0	0	0	0	0	0	0	0	0	0	0	0	0	0	0	0	0	0	0	0	0	0	0	0	0	0	0	0	0	0	
Pseudacanthotermes_militaris	0	0	0	0	0	0	0	0	0	0	0	0	0	0	1	0	0	0	0	0	0	0	0	0	0	0	0	0	0	0	0	0	0	0	0	0	0	0	0	0	0	0	0	0	0	
N34	2.40678e-013	4.59765e-012	8.70461e-011	7.67005e-010	3.10275e-009	8.41953e-009	3.79986e-008	8.72466e-007	2.40465e-005	0.000450945	0.00520973	0.0352577	0.134154	0.277389	0.304782	0.177052	0.0551731	0.00950638	0.000941795	5.59527e-005	2.07717e-006	5.01975e-008	8.21644e-010	1.13977e-011	1.74222e-013	1.2802e-014	3.49597e-016	2.60653e-017	4.77912e-019	2.28695e-020	2.78708e-022	8.7985e-024	7.22556e-026	1.54324e-027	8.6631e-030	1.27753e-031	4.98968e-034	5.18061e-036	1.43735e-038	1.07529e-040	2.16438e-043	1.20171e-045	1.83671e-048	8.63311e-051	2.83956e-053	
N35	1.72766e-013	1.77132e-012	2.28854e-011	2.19061e-010	1.46218e-009	7.25423e-009	5.03805e-008	9.24805e-007	2.26894e-005	0.000413916	0.00476958	0.032618	0.126652	0.269402	0.306698	0.185964	0.0610082	0.0111784	0.00119106	7.70382e-005	3.15335e-006	8.62865e-008	1.68307e-009	1.26956e-010	5.81177e-012	3.06493e-012	9.92508e-014	3.6402e-014	7.44325e-016	1.88404e-016	2.49174e-018	4.41579e-019	3.88338e-021	4.84167e-022	2.92473e-024	2.56309e-025	1.10241e-027	6.78559e-029	2.15315e-031	9.35624e-033	2.25901e-035	7.02524e-037	1.33027e-039	3.14141e-041	2.29633e-043	
Coptotermes_acinaciformis	0	0	0	0	0	0	0	0	0	0	0	0	0	0	1	0	0	0	0	0	0	0	0	0	0	0	0	0	0	0	0	0	0	0	0	0	0	0	0	0	0	0	0	0	0	
N36	4.92643e-014	3.01644e-012	1.7569e-010	4.13468e-009	1.57711e-008	9.60766e-009	3.01338e-009	8.60748e-009	4.09978e-007	1.80318e-005	0.000494839	0.00778886	0.0643189	0.248677	0.392193	0.226689	0.0535223	0.00593829	0.000347506	1.17337e-005	2.4508e-007	3.37671e-009	3.24452e-011	2.78913e-013	2.51024e-015	5.0598e-017	6.48572e-019	1.24191e-020	1.15917e-022	1.48207e-024	9.75267e-027	8.51351e-029	4.00111e-031	2.45649e-033	8.33872e-036	3.70311e-038	9.18319e-041	3.03552e-043	5.56918e-046	1.41316e-048	1.95025e-051	3.96241e-054	4.48177e-057	9.00177e-060	1.79841e-062	
Reticulitermes_flavipes	0	0	0	0	0	0	0	0	0	0	0	0	0	0	1	0	0	0	0	0	0	0	0	0	0	0	0	0	0	0	0	0	0	0	0	0	0	0	0	0	0	0	0	0	0	
N37	9.1507e-016	5.94509e-014	3.32481e-012	7.08274e-011	2.13907e-010	1.21678e-010	4.85967e-011	1.22478e-010	1.07554e-008	1.11092e-006	6.88638e-005	0.00229203	0.036333	0.232174	0.470089	0.223244	0.0336792	0.00205685	6.01164e-005	9.47294e-007	8.79044e-009	5.15424e-011	2.0321e-013	8.5124e-016	5.45958e-018	2.3533e-019	2.15623e-021	7.22454e-023	4.44607e-025	9.83497e-027	4.07769e-029	6.12231e-031	1.71369e-033	1.77439e-035	3.36841e-038	2.418e-040	3.16502e-043	1.58107e-045	1.47237e-048	5.2261e-051	3.56716e-054	9.32288e-057	4.84136e-060	1.04429e-062	1.2827e-065	
Reticulitermes_lucifugus	0	0	0	0	0	0	0	0	0	0	0	0	0	0	1	0	0	0	0	0	0	0	0	0	0	0	0	0	0	0	0	0	0	0	0	0	0	0	0	0	0	0	0	0	0	
Reticulitermes_urbis	0	0	0	0	0	0	0	0	0	0	0	0	0	0	1	0	0	0	0	0	0	0	0	0	0	0	0	0	0	0	0	0	0	0	0	0	0	0	0	0	0	0	0	0	0	
Schedorhinotermes_lamanianus	0	0	0	0	0	0	0	0	0	0	0	0	1	0	0	0	0	0	0	0	0	0	0	0	0	0	0	0	0	0	0	0	0	0	0	0	0	0	0	0	0	0	0	0	0	
N38	7.40675e-012	1.57799e-010	3.24003e-009	3.76628e-008	1.76564e-007	3.14829e-007	6.48361e-007	1.11758e-005	0.000217971	0.00277256	0.0210549	0.0902988	0.212721	0.275643	0.205029	0.102476	0.0492071	0.0257894	0.0109368	0.00315247	0.000602605	7.78199e-005	6.94517e-006	4.63007e-007	2.46789e-008	1.93411e-009	1.39725e-010	1.70375e-011	9.97495e-013	8.10439e-014	3.07618e-015	1.57554e-016	3.92097e-018	1.30535e-019	2.17881e-021	4.87642e-023	5.58431e-025	8.68441e-027	6.97361e-029	7.78554e-031	4.49351e-033	3.76457e-035	1.72591e-037	1.34454e-039	1.09161e-041	
N39	3.93152e-013	8.81585e-012	2.37256e-010	3.27819e-009	1.57944e-008	3.55606e-008	1.90082e-007	4.08395e-006	9.28702e-005	0.00142864	0.0132334	0.0689879	0.193641	0.288394	0.235435	0.12063	0.0509837	0.0199544	0.00592092	0.00114367	0.000139292	1.08509e-005	5.56202e-007	1.99713e-008	5.65394e-010	1.77123e-011	5.95039e-013	2.21652e-014	5.65581e-016	1.32062e-017	1.98448e-019	2.72119e-021	2.45673e-023	2.03644e-025	1.14481e-027	5.96994e-030	2.15667e-032	7.57244e-035	1.80122e-037	5.60622e-040	9.24922e-043	6.82742e-045	1.30628e-047	2.95188e-049	5.03281e-051	
N40	1.94976e-013	4.43196e-012	1.21429e-010	1.78112e-009	1.06728e-008	4.2417e-008	4.09016e-007	7.40948e-006	0.000106251	0.00112119	0.00905267	0.0508325	0.168344	0.296407	0.273483	0.141635	0.0464999	0.0106359	0.00168714	0.000175847	1.16789e-005	4.95859e-007	1.37401e-008	2.62203e-010	3.6151e-012	6.98473e-014	1.24397e-015	7.65617e-017	1.25001e-018	5.83595e-020	6.22293e-022	1.92218e-023	1.3655e-025	2.8739e-027	1.41709e-029	2.12335e-031	7.70297e-034	8.81586e-036	2.55549e-038	2.4459e-040	6.09108e-043	5.09321e-045	1.19149e-047	9.92e-050	5.73024e-052	
N41	3.20963e-011	3.9137e-010	6.45737e-009	7.70224e-008	8.77186e-007	1.22587e-005	0.000131763	0.000764819	0.00238291	0.00451048	0.00760048	0.0232955	0.0824045	0.193148	0.273688	0.235435	0.124979	0.041578	0.00877116	0.00118598	0.000104296	6.29084e-006	2.80502e-007	1.88959e-008	1.36559e-009	2.20569e-010	1.43116e-011	1.54129e-012	6.70826e-014	4.59781e-015	1.35501e-016	6.13534e-018	1.23984e-019	3.84264e-021	5.4138e-023	1.19273e-024	1.19826e-026	1.95871e-028	1.44016e-030	1.82542e-032	1.00965e-034	1.03781e-036	4.73682e-039	4.99975e-041	5.86725e-043	
Bifiditermes_improbus	0	0	0	0	0	0	0	0	0	0	0	1	0	0	0	0	0	0	0	0	0	0	0	0	0	0	0	0	0	0	0	0	0	0	0	0	0	0	0	0	0	0	0	0	0	
Neotermes_insularis	0	0	0	0	0	0	0	0	0	0	0	0	0	0	0	0	0	0	0	1	0	0	0	0	0	0	0	0	0	0	0	0	0	0	0	0	0	0	0	0	0	0	0	0	0	
N42	9.92513e-016	2.19588e-013	2.74177e-011	4.69613e-010	3.89585e-010	1.17709e-010	6.7019e-010	4.56859e-008	3.21154e-006	0.000152136	0.00405566	0.0514614	0.255036	0.423303	0.223395	0.03979	0.00271964	8.23583e-005	1.24881e-006	1.03928e-008	5.07771e-011	1.5368e-013	3.01089e-016	4.11232e-019	4.21744e-022	6.60056e-025	1.0407e-027	3.76967e-030	5.39263e-033	1.38687e-035	1.36361e-038	2.33421e-041	1.5886e-044	1.86799e-047	9.58419e-051	2.32173e-053	1.64442e-055	2.55949e-057	1.37201e-059	1.08205e-061	3.04247e-064	1.42131e-066	2.74594e-069	1.06986e-071	3.43711e-074	
N43	1.81496e-014	1.45664e-012	1.01847e-010	1.05136e-008	1.46821e-007	2.99636e-007	2.67719e-007	1.40937e-006	8.27243e-005	0.00231551	0.0289816	0.16168	0.379901	0.332248	0.0880956	0.00651208	0.000178042	2.22877e-006	1.47418e-008	5.69856e-011	1.38706e-013	2.30209e-016	2.91298e-019	8.18663e-022	2.73799e-024	2.48169e-026	7.39438e-029	4.36582e-031	9.28423e-034	3.50469e-036	5.24239e-039	1.28503e-041	1.31464e-044	2.12556e-047	1.46083e-050	1.59359e-053	7.42151e-057	5.71209e-060	1.84182e-063	1.0678e-066	2.44977e-070	1.14632e-073	2.06686e-077	1.04277e-080	5.64899e-084	
N44	5.44095e-016	1.2585e-013	3.01406e-011	2.70228e-009	1.76572e-008	1.50473e-008	5.6865e-009	2.33884e-008	2.29259e-006	0.000157678	0.00481831	0.0611358	0.293463	0.453394	0.172266	0.0143761	0.00038295	4.29633e-006	2.59252e-008	1.22508e-009	1.81909e-011	3.13121e-012	2.11573e-014	1.96209e-015	6.07659e-018	3.217e-019	5.15676e-022	1.61294e-023	1.50178e-026	2.82996e-028	1.67519e-031	1.92602e-033	7.7555e-037	5.51973e-039	1.58735e-042	7.18374e-045	1.5236e-048	4.58653e-051	7.31064e-055	1.54978e-057	1.87857e-061	3.0273e-064	7.38348e-068	1.00516e-069	1.5713e-071	
N45	4.36671e-018	1.95124e-015	6.23695e-013	7.47896e-011	9.89093e-011	1.34724e-011	1.01475e-012	5.70445e-013	1.41469e-010	6.45734e-008	1.52664e-005	0.0016055	0.0609136	0.571958	0.350857	0.0144891	0.00016005	7.02477e-007	1.50849e-009	1.82259e-012	1.41381e-015	2.47264e-018	6.37223e-021	7.17322e-023	1.51223e-025	1.00828e-027	1.34798e-030	5.41573e-033	4.53952e-036	1.14234e-038	5.94635e-042	9.54425e-045	3.11365e-048	3.18592e-051	6.7009e-055	4.38664e-058	6.13576e-062	2.70313e-065	2.56973e-069	8.50057e-073	5.6446e-077	1.534e-080	9.37873e-085	5.20745e-088	4.73657e-091	
Cryptotermes_austrinus	0	0	0	0	0	0	0	0	0	0	0	0	0	1	0	0	0	0	0	0	0	0	0	0	0	0	0	0	0	0	0	0	0	0	0	0	0	0	0	0	0	0	0	0	0	
Incisitermes_sp	0	0	0	0	0	0	0	0	0	0	0	0	0	0	1	0	0	0	0	0	0	0	0	0	0	0	0	0	0	0	0	0	0	0	0	0	0	0	0	0	0	0	0	0	0	
Cryptotermes_queenslandis	0	0	0	0	0	0	0	0	0	0	0	0	0	0	1	0	0	0	0	0	0	0	0	0	0	0	0	0	0	0	0	0	0	0	0	0	0	0	0	0	0	0	0	0	0	
Cryptotermes_primus	0	0	0	0	0	0	0	0	1	0	0	0	0	0	0	0	0	0	0	0	0	0	0	0	0	0	0	0	0	0	0	0	0	0	0	0	0	0	0	0	0	0	0	0	0	
N46	1.19424e-017	1.55651e-015	1.76654e-013	3.00251e-012	8.71083e-012	4.45904e-011	7.14628e-010	3.29446e-008	2.05285e-006	0.000102603	0.00313613	0.0464443	0.253565	0.434824	0.223819	0.03607	0.00199447	4.22617e-005	3.82041e-007	1.61868e-009	3.48048e-012	4.30849e-015	3.42816e-018	7.43329e-020	9.26392e-023	5.28224e-024	3.1993e-027	1.07292e-028	3.33543e-032	2.12726e-033	5.20392e-035	1.20701e-034	2.00469e-036	3.73392e-036	7.05028e-038	1.40355e-037	2.21971e-039	2.33826e-039	1.667e-041	6.89084e-042	2.60438e-044	6.13617e-045	1.80784e-047	3.15762e-048	6.91694e-050	
N47	1.71595e-017	1.00115e-015	5.07219e-014	8.85663e-013	7.19669e-012	8.5596e-011	2.4113e-009	8.03338e-008	3.47004e-006	0.000132743	0.0034525	0.0476992	0.25354	0.43188	0.224128	0.0369836	0.00213126	4.80397e-005	4.73406e-007	2.25324e-009	5.64479e-012	9.56703e-015	2.8334e-017	1.83555e-017	1.19249e-019	6.17779e-020	1.84291e-022	6.10313e-023	8.35621e-026	1.82391e-026	1.16672e-029	1.66114e-030	5.29365e-034	4.64147e-035	8.30492e-039	4.12084e-040	4.74931e-044	1.26128e-045	1.03936e-049	1.48014e-051	9.28044e-056	7.40495e-058	3.65316e-062	1.78174e-064	4.06194e-067	
N48	1.13436e-016	2.58507e-015	8.80033e-014	2.49966e-012	9.64171e-011	5.90346e-009	3.01907e-007	8.74048e-006	0.000137956	0.00141257	0.0128877	0.0891474	0.299547	0.387508	0.177512	0.0297421	0.00203033	6.37638e-005	1.02433e-006	9.18861e-009	4.94634e-011	1.71197e-013	4.52017e-016	2.45779e-017	5.85365e-019	1.28389e-019	2.04108e-021	2.71415e-022	2.66538e-024	2.24561e-025	1.24752e-027	6.8809e-029	2.02693e-031	7.22973e-033	1.16501e-035	2.50819e-037	2.48265e-040	3.03499e-042	2.04891e-045	1.4548e-047	7.03708e-051	3.20337e-053	1.1359e-056	4.21331e-059	1.97209e-061	
Cryptotermes_brevis	0	0	0	0	0	0	0	0	0	0	0	1	0	0	0	0	0	0	0	0	0	0	0	0	0	0	0	0	0	0	0	0	0	0	0	0	0	0	0	0	0	0	0	0	0	
N49	4.83028e-013	1.40699e-011	5.07893e-010	3.64179e-008	2.32353e-006	7.0244e-005	0.000669142	0.00255817	0.00465883	0.00659521	0.0279455	0.121972	0.282113	0.321578	0.177315	0.0477424	0.00635238	0.000414715	1.31608e-005	2.23839e-007	2.25348e-009	1.65938e-011	1.44277e-013	1.04068e-014	2.38341e-016	1.69214e-017	2.63819e-019	1.13513e-020	1.18803e-022	3.20195e-024	2.18951e-026	3.77895e-028	1.6428e-030	1.82812e-032	5.09289e-035	3.67132e-037	6.80745e-040	3.33176e-042	4.24617e-045	1.53537e-047	1.38103e-050	4.00762e-053	2.85828e-056	1.04288e-058	5.85254e-061	
Cryptotermes_domesticus	0	0	0	0	0	0	0	0	1	0	0	0	0	0	0	0	0	0	0	0	0	0	0	0	0	0	0	0	0	0	0	0	0	0	0	0	0	0	0	0	0	0	0	0	0	
Procryptotermes_australiensis	0	0	0	0	0	0	0	0	0	0	0	0	0	0	0	0	0	1	0	0	0	0	0	0	0	0	0	0	0	0	0	0	0	0	0	0	0	0	0	0	0	0	0	0	0	
Cryptotermes_cynocephalus	0	0	0	0	0	0	0	0	0	0	0	0	0	0	0	1	0	0	0	0	0	0	0	0	0	0	0	0	0	0	0	0	0	0	0	0	0	0	0	0	0	0	0	0	0	
N50	1.07705e-014	4.92235e-013	2.10507e-011	3.35006e-010	1.07675e-009	1.37591e-009	3.62141e-009	1.20293e-007	6.73126e-006	0.000247384	0.00509919	0.0527963	0.240071	0.410439	0.235347	0.0509033	0.00485139	0.000232673	6.2319e-006	1.01108e-007	1.06014e-009	8.14076e-012	6.08445e-014	2.60391e-015	6.07261e-017	3.85034e-018	6.65829e-020	2.64858e-021	3.24525e-023	8.20416e-025	6.90784e-027	1.12439e-028	6.24697e-031	6.621e-033	2.4037e-035	1.68737e-037	4.09486e-040	2.0073e-042	3.34405e-045	1.24191e-047	1.46195e-050	4.45353e-053	4.21725e-056	1.58527e-058	8.12531e-061	
Cryptotermes_dudleyi	0	0	0	0	0	0	0	0	0	0	0	0	0	1	0	0	0	0	0	0	0	0	0	0	0	0	0	0	0	0	0	0	0	0	0	0	0	0	0	0	0	0	0	0	0	
Cryptotermes_secundus	0	0	0	0	0	0	0	0	0	0	0	0	0	1	0	0	0	0	0	0	0	0	0	0	0	0	0	0	0	0	0	0	0	0	0	0	0	0	0	0	0	0	0	0	0	
N51	2.32391e-011	2.83751e-010	4.20972e-009	3.64518e-008	1.44113e-007	3.00601e-007	7.93559e-007	6.70274e-006	9.26905e-005	0.00105576	0.00823127	0.0414615	0.130046	0.246849	0.27914	0.188945	0.0787615	0.0210991	0.00379194	0.000473416	4.2036e-005	2.7247e-006	1.31312e-007	5.51213e-009	2.1546e-010	1.60735e-011	8.97265e-013	7.87011e-014	3.4734e-015	2.13453e-016	6.75425e-018	2.89565e-019	6.60435e-021	2.03582e-022	3.39635e-024	7.80579e-026	9.75387e-028	1.74432e-029	1.68817e-031	2.45492e-033	1.91887e-035	2.37866e-037	1.70217e-039	2.21106e-041	3.09361e-043	
Glyptotermes_brevicornis	0	0	0	0	0	0	0	0	0	0	0	0	0	0	1	0	0	0	0	0	0	0	0	0	0	0	0	0	0	0	0	0	0	0	0	0	0	0	0	0	0	0	0	0	0	
Glyptotermes_iridipennis	0	0	0	0	0	0	0	0	0	0	0	0	0	0	1	0	0	0	0	0	0	0	0	0	0	0	0	0	0	0	0	0	0	0	0	0	0	0	0	0	0	0	0	0	0	
Kalotermes_flavicollis	0	0	0	0	0	0	0	0	0	0	0	0	0	0	0	0	0	0	0	0	0	0	0	0	0	0	0	1	0	0	0	0	0	0	0	0	0	0	0	0	0	0	0	0	0	
N52	3.98905e-008	1.77585e-007	1.82609e-006	2.06002e-005	0.000193406	0.00123776	0.00458969	0.00909148	0.0101137	0.00785333	0.00915023	0.024633	0.0669358	0.136862	0.203287	0.217805	0.167506	0.0921215	0.0361206	0.010114	0.00203008	0.00029735	3.22309e-005	2.77406e-006	1.95219e-007	1.45895e-008	1.01464e-009	8.8296e-011	5.69041e-012	4.04749e-013	1.95978e-014	1.01567e-015	3.6307e-017	1.38801e-018	3.72557e-020	1.07667e-021	2.20893e-023	4.94212e-025	7.89127e-027	1.40444e-028	1.80488e-030	2.71274e-032	3.20027e-034	4.88795e-036	8.5834e-038	
Stolotermes_sp	0	0	0	0	0	0	0	0	0	1	0	0	0	0	0	0	0	0	0	0	0	0	0	0	0	0	0	0	0	0	0	0	0	0	0	0	0	0	0	0	0	0	0	0	0	
N53	4.38599e-010	3.44225e-009	6.46902e-008	1.10371e-006	1.30879e-005	8.97795e-005	0.000272497	0.000302956	0.000147444	4.37333e-005	1.73129e-005	4.83378e-005	0.000424654	0.00333862	0.0185598	0.0696817	0.170966	0.265699	0.251556	0.146227	0.0516411	0.0159364	0.00361291	0.00118624	0.000189911	4.00615e-005	3.68682e-006	4.53149e-007	2.5309e-008	1.94618e-009	7.03827e-011	3.60857e-012	8.87843e-014	3.19093e-015	5.5471e-017	1.45537e-018	1.84182e-020	3.65038e-022	3.44501e-024	5.314e-026	3.83443e-028	4.81285e-030	3.10884e-032	4.47629e-034	8.03088e-036	
Zootermopsis_angusticollis	0	0	0	0	0	0	0	0	0	0	0	0	0	0	0	0	0	0	0	1	0	0	0	0	0	0	0	0	0	0	0	0	0	0	0	0	0	0	0	0	0	0	0	0	0	
Zootermopsis_nevadensis	0	0	0	0	0	0	0	0	0	0	0	0	0	0	0	0	0	0	0	1	0	0	0	0	0	0	0	0	0	0	0	0	0	0	0	0	0	0	0	0	0	0	0	0	0	
Mastotermes_darwiniensis	0	0	0	0	0	0	0	0	0	0	0	0	0	0	0	0	0	0	0	0	0	0	0	0	0	0	0	0	0	0	0	0	0	0	0	0	0	0	0	0	0	0	1	0	0	
Porotermes_adamsoni	0	0	0	0	0	0	0	0	0	0	0	0	0	1	0	0	0	0	0	0	0	0	0	0	0	0	0	0	0	0	0	0	0	0	0	0	0	0	0	0	0	0	0	0	0	
N54	0.00755361	0.0185197	0.0568347	0.144264	0.250773	0.261829	0.155195	0.0574819	0.0180392	0.00910484	0.00756126	0.00604297	0.00386719	0.00192478	0.00073632	0.00021537	4.76233e-005	7.95713e-006	1.00029e-006	9.65097e-008	7.20499e-009	4.33484e-010	2.11215e-011	8.86692e-013	3.16016e-014	1.04192e-015	2.99403e-017	8.29657e-019	1.98282e-020	4.59247e-022	8.99427e-024	1.70407e-025	2.70872e-027	4.18372e-029	5.42687e-031	6.90798e-033	7.42917e-035	7.96281e-037	7.31133e-039	6.86128e-041	5.70683e-043	5.02105e-045	4.12633e-047	3.61922e-049	3.54277e-051	
N55	0.000684411	0.0217186	0.356861	0.543711	0.0735331	0.00340863	8.21629e-005	1.33775e-006	1.67902e-008	1.6306e-010	1.18229e-012	6.30549e-015	2.48329e-017	7.30506e-020	1.62489e-022	2.76471e-025	3.6357e-028	3.73166e-031	3.01746e-034	1.94072e-037	1.0022e-040	4.19754e-044	1.43941e-047	4.08909e-051	9.71029e-055	1.98042e-058	3.51753e-062	6.53082e-066	1.2688e-069	4.38638e-073	1.23437e-076	5.29503e-080	1.37793e-083	4.99501e-087	1.09325e-090	3.24928e-094	5.94549e-098	1.45716e-101	2.23483e-105	4.57893e-109	6.04612e-113	1.09408e-116	1.4441e-120	2.7044e-124	4.55493e-128	
Cryptocercus_primarius	0	0	0	1	0	0	0	0	0	0	0	0	0	0	0	0	0	0	0	0	0	0	0	0	0	0	0	0	0	0	0	0	0	0	0	0	0	0	0	0	0	0	0	0	0	
Cryptocercus_relictus	0	0	1	0	0	0	0	0	0	0	0	0	0	0	0	0	0	0	0	0	0	0	0	0	0	0	0	0	0	0	0	0	0	0	0	0	0	0	0	0	0	0	0	0	0	
Cryptocercus_punctulatus	0	0	0	0	0	0	0	0	0	0	0	0	0	0	0	0	0	1	0	0	0	0	0	0	0	0	0	0	0	0	0	0	0	0	0	0	0	0	0	0	0	0	0	0	0	
N56	0.000204746	0.000547543	0.0017589	0.00534867	0.0145735	0.0345888	0.0699603	0.118292	0.164409	0.185243	0.167472	0.12073	0.0692386	0.0316369	0.0115654	0.0034101	0.000817445	0.000164815	2.87004e-005	6.28964e-006	1.56668e-006	9.10722e-007	2.99066e-007	1.77136e-007	4.88583e-008	2.33844e-008	5.21446e-009	1.99773e-009	3.57692e-010	1.1019e-010	1.58003e-011	3.94987e-012	4.53612e-013	9.32227e-014	8.59035e-015	1.47488e-015	1.09427e-016	1.59966e-017	9.59852e-019	1.21977e-019	6.05228e-021	7.27794e-022	5.10377e-023	1.37405e-023	6.38713e-024	
N57	6.2468e-007	2.61453e-006	1.6418e-005	0.00011582	0.000827848	0.00449975	0.0156286	0.0341716	0.0552573	0.0895396	0.154115	0.220192	0.216144	0.137277	0.0552378	0.0142952	0.00239003	0.000268121	2.03029e-005	1.10315e-006	4.27675e-008	1.29383e-009	2.93193e-011	5.56231e-013	8.03303e-015	1.00347e-016	9.49823e-019	7.89829e-021	4.9819e-023	2.80928e-025	1.21146e-027	4.76895e-030	1.45011e-032	4.11701e-035	9.10122e-038	1.92459e-040	3.19644e-043	5.22858e-046	6.83263e-049	9.1711e-052	1.03519e-054	1.26375e-057	1.40029e-060	1.66062e-063	1.92534e-066	
N58	2.0956e-007	9.99007e-007	9.72934e-006	0.00011206	0.00105573	0.00621004	0.0202151	0.0372937	0.0484558	0.0680428	0.122106	0.199741	0.227842	0.166177	0.0760547	0.0220336	0.00408507	0.000514027	4.32631e-005	6.57816e-006	4.9977e-007	2.87304e-007	1.53833e-008	6.27435e-009	2.018e-010	5.15699e-011	1.04053e-012	1.72128e-013	2.28363e-015	2.52379e-016	2.29211e-018	1.73599e-019	1.12003e-021	5.96674e-023	2.81778e-025	1.07894e-026	3.83137e-029	1.08293e-030	2.95112e-033	6.28221e-035	1.34523e-037	2.27563e-039	4.34506e-042	1.08292e-043	5.66049e-045	
N59	1.00421e-007	4.84655e-007	4.09127e-006	8.35519e-005	0.00122809	0.00906063	0.0305889	0.0514033	0.0594355	0.0892332	0.170547	0.239899	0.205606	0.104619	0.0317705	0.0058212	0.00065148	4.53727e-005	2.0295e-006	6.3087e-008	1.54122e-009	3.6988e-011	8.17002e-013	1.786e-014	2.76928e-016	4.67626e-018	5.0232e-020	8.45176e-022	7.31394e-024	1.14805e-025	7.59854e-028	9.07231e-030	4.38142e-032	3.8115e-034	1.34412e-036	8.63658e-039	2.25249e-041	1.094e-043	2.13995e-046	8.05839e-049	1.20373e-051	3.65744e-054	4.73277e-057	1.55135e-059	5.32225e-062	
Blatta_orientalis	0	0	0	0	0	0	0	0	0	0	0	0	0	0	0	0	0	1	0	0	0	0	0	0	0	0	0	0	0	0	0	0	0	0	0	0	0	0	0	0	0	0	0	0	0	
N60	2.60636e-008	1.48151e-007	1.31362e-006	2.5324e-005	0.000483021	0.00501688	0.0251844	0.0666724	0.131499	0.233483	0.277627	0.181984	0.0641492	0.0124253	0.00135965	8.63287e-005	3.26599e-006	7.58308e-008	1.12013e-009	1.10498e-011	7.74974e-014	4.2087e-016	1.89788e-018	7.49499e-021	2.50892e-023	8.47402e-026	2.52663e-028	3.08934e-030	1.34128e-032	2.98158e-034	1.02556e-036	1.77349e-038	4.47386e-041	5.80971e-043	1.07483e-045	1.05114e-047	1.43857e-050	1.061e-052	1.08885e-055	6.06035e-058	4.74632e-061	2.00399e-063	1.25576e-066	4.43887e-069	7.18513e-072	
N61	4.02886e-008	2.0059e-007	1.23042e-006	6.76632e-006	6.7276e-005	0.00117258	0.0132964	0.0798376	0.237266	0.34912	0.238425	0.0703573	0.00972911	0.000692651	2.74909e-005	6.50354e-007	9.68644e-009	9.71605e-011	6.88988e-013	5.37573e-015	4.08384e-017	9.07302e-019	8.1487e-021	1.7488e-022	1.23411e-024	2.01593e-026	1.07422e-028	1.28941e-030	5.03521e-033	4.38946e-035	1.2481e-037	7.96645e-040	1.66201e-042	7.90922e-045	1.22474e-047	4.45264e-050	5.17594e-053	1.48153e-055	1.3056e-058	3.04173e-061	2.06675e-064	4.18625e-067	3.15163e-070	1.30205e-072	7.59783e-075	
Periplaneta_americana	0	0	0	0	0	0	0	0	0	0	1	0	0	0	0	0	0	0	0	0	0	0	0	0	0	0	0	0	0	0	0	0	0	0	0	0	0	0	0	0	0	0	0	0	0	
Periplaneta_brunnea	0	0	0	0	0	0	0	1	0	0	0	0	0	0	0	0	0	0	0	0	0	0	0	0	0	0	0	0	0	0	0	0	0	0	0	0	0	0	0	0	0	0	0	0	0	
N62	3.33682e-008	2.07867e-008	5.76658e-008	3.29178e-006	0.000190491	0.00608529	0.089205	0.435916	0.36156	0.095642	0.0107768	0.000601983	1.8323e-005	3.25361e-007	3.55956e-009	2.5135e-011	1.19257e-013	3.94744e-016	9.41459e-019	1.74508e-021	2.72475e-024	7.25503e-027	2.03545e-029	1.19941e-031	3.32105e-034	1.53762e-036	3.24285e-039	1.08939e-041	1.71681e-044	4.20806e-047	4.92941e-050	8.95668e-053	7.81896e-056	1.07677e-058	7.0567e-062	7.56862e-065	3.75975e-068	3.23952e-071	1.23304e-074	8.81865e-078	2.6152e-081	1.6376e-084	4.89877e-088	4.71674e-091	5.76786e-094	
Periplaneta_australasiae	0	0	0	0	0	0	0	1	0	0	0	0	0	0	0	0	0	0	0	0	0	0	0	0	0	0	0	0	0	0	0	0	0	0	0	0	0	0	0	0	0	0	0	0	0	
Periplaneta_fuliginosa	0	0	0	0	0	0	0	1	0	0	0	0	0	0	0	0	0	0	0	0	0	0	0	0	0	0	0	0	0	0	0	0	0	0	0	0	0	0	0	0	0	0	0	0	0	
Deropeltis_erythrocephala	0	0	0	0	0	0	0	0	0	0	0	0	0	0	0	0	0	0	1	0	0	0	0	0	0	0	0	0	0	0	0	0	0	0	0	0	0	0	0	0	0	0	0	0	0	
N63	5.19897e-007	2.12179e-006	1.4021e-005	0.000102031	0.000702302	0.00376704	0.0135996	0.0324705	0.058852	0.10159	0.170064	0.226757	0.207571	0.123618	0.0471538	0.0116388	0.00187849	0.000204058	1.51381e-005	8.13856e-007	3.08803e-008	1.30672e-009	2.987e-011	5.86387e-012	1.21438e-013	5.01483e-014	9.56458e-016	3.58576e-016	5.60691e-018	1.70584e-018	2.0123e-020	4.72664e-021	4.14462e-023	7.39059e-024	4.8636e-026	6.52863e-027	3.30146e-029	3.34459e-030	1.32547e-032	1.01294e-033	3.22344e-036	1.8883e-037	4.93401e-040	2.31709e-041	3.03766e-043	
N64	2.48239e-007	7.51165e-007	1.50118e-006	1.18905e-005	2.74112e-005	3.27089e-005	8.75462e-005	0.0170805	0.114214	0.290297	0.345846	0.192197	0.0399861	0.000216193	4.66069e-007	5.40734e-010	3.8483e-013	1.82248e-016	6.04053e-020	1.4844e-023	2.78614e-027	4.51465e-031	6.40563e-035	1.06059e-038	1.56923e-042	2.76836e-046	3.59321e-050	5.11442e-054	5.1379e-058	5.55946e-062	4.2779e-066	3.54323e-070	2.10291e-074	1.35319e-078	6.2463e-083	3.1739e-087	1.14975e-091	4.69605e-096	1.34951e-100	4.53279e-105	1.06576e-109	3.14974e-114	7.2709e-119	2.45088e-123	8.39389e-128	
Eurycotis_floridana	0	0	0	0	0	0	0	1	0	0	0	0	0	0	0	0	0	0	0	0	0	0	0	0	0	0	0	0	0	0	0	0	0	0	0	0	0	0	0	0	0	0	0	0	0	
Pelmatosilpha_sp	0	0	0	0	0	0	0	0	0	0	0	0	1	0	0	0	0	0	0	0	0	0	0	0	0	0	0	0	0	0	0	0	0	0	0	0	0	0	0	0	0	0	0	0	0	
Periplaneta_japonica	0	0	0	0	0	0	0	0	0	0	1	0	0	0	0	0	0	0	0	0	0	0	0	0	0	0	0	0	0	0	0	0	0	0	0	0	0	0	0	0	0	0	0	0	0	
Lamproblatta_albipalpus	0	0	1	0	0	0	0	0	0	0	0	0	0	0	0	0	0	0	0	0	0	0	0	0	0	0	0	0	0	0	0	0	0	0	0	0	0	0	0	0	0	0	0	0	0	
N65	1.56971e-005	4.32888e-005	0.000176027	0.000765987	0.00316007	0.0114866	0.0346988	0.0831821	0.152938	0.210544	0.213592	0.158251	0.0853623	0.0336019	0.00970745	0.00208583	0.00033716	4.52462e-005	5.3596e-006	1.29399e-006	2.53328e-007	1.05635e-007	1.76827e-008	5.53261e-009	6.74694e-010	1.51801e-010	1.34469e-011	2.19862e-012	1.42081e-013	1.7123e-014	8.12378e-016	7.34209e-017	2.57665e-018	1.78339e-019	4.66606e-021	2.53393e-022	4.98673e-024	2.1869e-025	3.26611e-027	1.19221e-028	1.41762e-030	5.11774e-032	1.21823e-033	1.14754e-034	1.39769e-035	
N66	0.000211463	0.000481185	0.00133268	0.00339569	0.00807061	0.0189194	0.042427	0.0840123	0.138128	0.182421	0.190263	0.155438	0.0990373	0.0492148	0.0190841	0.00582433	0.00140377	0.000278724	4.60674e-005	7.98578e-006	1.33105e-006	3.24829e-007	5.89441e-008	1.38303e-008	2.01845e-009	3.64386e-010	4.05009e-011	5.57041e-012	4.7372e-013	5.04454e-014	3.31459e-015	2.78341e-016	1.42747e-017	9.63392e-019	3.89412e-020	2.15251e-021	6.92909e-023	3.20234e-024	8.3e-026	3.2866e-027	7.22236e-029	2.78842e-030	8.36886e-032	5.29882e-033	4.64782e-034	
N67	9.24504e-005	0.000312805	0.001148	0.00305198	0.00541252	0.00791273	0.0150475	0.0361641	0.0795527	0.140782	0.192924	0.201878	0.159444	0.0949581	0.0422882	0.0143827	0.00368759	0.000794775	0.000135576	2.64728e-005	3.95461e-006	8.09682e-007	9.77196e-008	1.56313e-008	1.34665e-009	1.53923e-010	9.43242e-012	7.80011e-013	3.472e-014	2.13101e-015	7.03366e-017	3.28236e-018	8.19141e-020	2.97687e-021	5.70501e-023	1.6473e-024	2.46996e-026	5.82504e-028	6.91652e-030	1.35999e-031	1.36197e-033	2.57002e-035	3.31941e-037	9.69637e-039	3.59151e-040	
N68	5.22121e-006	2.24856e-005	0.00011763	0.000461943	0.00117103	0.00214995	0.00426365	0.0112748	0.0314119	0.0750484	0.141044	0.201368	0.212958	0.166273	0.0938574	0.0405384	0.0126119	0.00405669	0.000900202	0.000371753	6.58502e-005	2.39612e-005	2.81786e-006	6.87384e-007	5.27263e-008	8.55582e-009	4.39626e-010	4.87976e-011	1.73053e-012	1.35546e-013	3.40357e-015	1.93256e-016	3.52618e-018	1.49653e-019	2.01876e-021	6.52807e-023	6.72183e-025	1.75003e-026	1.37475e-028	2.86635e-030	1.94377e-032	4.28071e-034	3.45279e-036	1.25313e-037	6.07267e-039	
N69	2.10301e-006	8.44167e-006	4.65396e-005	0.000213595	0.000682922	0.00152653	0.00304491	0.00749359	0.0211941	0.0546327	0.114082	0.183102	0.218705	0.191347	0.120908	0.0562896	0.0191783	0.00568477	0.00130993	0.000435097	7.83489e-005	3.03627e-005	3.28163e-006	1.21875e-006	7.68892e-008	2.51763e-008	1.00678e-009	2.58952e-010	7.02995e-012	1.32618e-012	2.54495e-014	3.46747e-015	4.84959e-017	4.83527e-018	5.03524e-020	3.72614e-021	2.98131e-023	1.70458e-024	1.06211e-026	4.72249e-028	2.48787e-030	1.01135e-031	4.87105e-034	2.2563e-035	1.24387e-036	
N70	2.24139e-008	1.15428e-007	1.11453e-006	1.01452e-005	6.79671e-005	0.000313504	0.00103979	0.00274864	0.00663147	0.016338	0.0399572	0.0877405	0.157892	0.216408	0.214452	0.149925	0.0729615	0.0254178	0.00634931	0.00141789	0.000251568	6.45351e-005	9.63633e-006	2.12646e-006	2.05414e-007	2.90742e-008	1.75662e-009	1.59804e-010	6.42334e-012	4.1265e-013	1.25356e-014	6.61847e-016	1.71411e-017	7.80381e-019	1.64052e-020	5.89334e-022	9.20421e-024	2.48727e-025	2.8132e-027	5.74285e-029	4.81928e-031	7.94633e-033	6.60501e-035	1.50655e-036	4.69101e-038	
N71	9.88785e-009	5.03414e-008	4.97114e-007	5.09637e-006	4.3577e-005	0.000269383	0.00108247	0.00287548	0.00624237	0.0140122	0.0325704	0.0711904	0.134386	0.200642	0.220829	0.172569	0.0942127	0.0363053	0.0099644	0.00224254	0.000393027	0.000130123	1.78772e-005	1.39257e-005	1.10216e-006	9.36508e-007	4.50287e-008	2.7976e-008	8.71479e-010	3.68642e-010	7.75067e-012	2.25271e-012	3.31177e-014	6.74401e-015	7.15449e-017	1.04006e-017	8.19718e-020	8.67602e-021	5.20729e-023	4.08622e-024	1.91877e-026	1.15292e-027	4.40784e-030	2.3106e-031	7.94029e-033	
N72	2.11018e-009	8.93028e-009	8.17197e-008	1.02539e-006	1.19518e-005	0.000103876	0.000601222	0.00213089	0.00496051	0.00987623	0.0184427	0.0300449	0.0484899	0.0875915	0.150243	0.203383	0.200453	0.140034	0.0686516	0.0246313	0.00662815	0.00236477	0.00072078	0.000465298	0.00011273	4.87656e-005	7.13655e-006	1.86131e-006	1.68245e-007	2.75099e-008	1.59638e-009	1.70927e-010	6.60148e-012	4.81821e-013	1.27822e-014	6.59615e-016	1.23513e-017	4.66199e-019	6.30682e-021	1.7976e-022	1.79679e-024	4.02274e-026	3.38667e-028	8.64912e-030	3.10506e-031	
N73	6.38367e-011	6.97909e-010	8.81717e-009	9.46135e-008	9.63871e-007	8.87069e-006	6.38343e-005	0.000452039	0.00276111	0.0101978	0.0204991	0.0238772	0.0215214	0.0267889	0.0495396	0.0976428	0.165483	0.209278	0.185269	0.113529	0.0482183	0.0164312	0.00466469	0.00251182	0.000739659	0.000420395	7.36785e-005	2.48429e-005	2.4516e-006	4.76403e-007	2.74717e-008	3.18803e-009	1.12181e-010	8.12946e-012	1.81951e-013	8.59798e-015	1.27047e-016	4.07397e-018	4.10541e-020	9.267e-022	6.55535e-024	1.08185e-025	5.81643e-028	8.69085e-030	1.28188e-031	
N74	1.0688e-011	3.05363e-010	8.46974e-009	1.41967e-007	1.11775e-006	4.28541e-006	1.49778e-005	0.000125836	0.00113867	0.00599138	0.0168969	0.0273012	0.0314562	0.0353104	0.047598	0.0840088	0.148655	0.1995	0.18894	0.125902	0.0591526	0.0203016	0.0056453	0.00155031	0.000397177	9.04654e-005	1.42792e-005	1.75701e-006	1.42957e-007	9.09253e-009	3.91839e-010	1.38108e-011	3.36444e-013	8.6369e-015	1.46093e-016	5.98229e-018	9.34199e-020	4.9036e-021	5.85601e-023	2.35582e-024	2.0306e-026	5.99444e-028	4.47e-030	1.27902e-031	3.01759e-033	
N75	3.51852e-012	1.13126e-010	3.488e-009	6.1199e-008	5.52843e-007	2.45203e-006	6.18398e-006	2.78012e-005	0.000280556	0.00205575	0.00876004	0.0220221	0.036866	0.0531375	0.0854886	0.141126	0.188208	0.188416	0.144444	0.0830123	0.0338741	0.00973436	0.00210125	0.000374215	5.54696e-005	6.44283e-006	5.3736e-007	3.18012e-008	1.30296e-009	3.78657e-011	7.81191e-013	1.17899e-014	1.31459e-016	1.15978e-018	8.18297e-021	6.77588e-023	4.93112e-025	1.20092e-026	1.05023e-028	4.0498e-030	2.97668e-032	1.01072e-033	1.16764e-035	4.66716e-037	1.52436e-038	
N76	3.17376e-012	7.41913e-011	1.9868e-009	2.95212e-008	1.87357e-007	5.42772e-007	1.36585e-006	6.08006e-006	4.66542e-005	0.000406632	0.00264031	0.0110457	0.03072	0.0655105	0.123073	0.195333	0.229716	0.187169	0.10386	0.0388539	0.00973944	0.00165967	0.000199929	1.7846e-005	1.20604e-006	6.11885e-008	2.26764e-009	6.09327e-011	1.17449e-012	1.69383e-014	1.77543e-016	1.78812e-018	1.32942e-020	2.80044e-022	2.63694e-024	1.00347e-025	9.37331e-028	3.3021e-029	2.64529e-031	7.7995e-033	5.30357e-035	1.36709e-036	1.37008e-038	4.38536e-040	1.18406e-041	
Archimandrita_tessellata	0	0	0	0	0	0	0	0	0	0	0	0	0	0	0	0	1	0	0	0	0	0	0	0	0	0	0	0	0	0	0	0	0	0	0	0	0	0	0	0	0	0	0	0	0	
N77	1.49389e-011	1.84023e-010	2.41271e-009	1.57881e-008	5.80405e-008	2.67131e-007	1.64702e-006	7.67837e-006	2.87957e-005	0.000156092	0.00126748	0.00837943	0.0371386	0.109077	0.212576	0.269154	0.21532	0.106903	0.0328363	0.00631138	0.000775339	6.25562e-005	3.41763e-006	1.30474e-007	3.58232e-009	7.27562e-011	1.11574e-012	1.40114e-014	1.50404e-016	2.91681e-018	5.7065e-020	3.68813e-021	1.20138e-022	1.01743e-023	3.22216e-025	2.27055e-026	5.63461e-028	2.99046e-029	5.59472e-031	2.2047e-032	3.14578e-034	9.58904e-036	1.32468e-037	3.95715e-039	1.03059e-040	
N78	6.2271e-014	3.10786e-012	1.114e-010	1.33199e-010	2.19148e-011	4.615e-012	1.13787e-010	1.82038e-008	2.24883e-006	0.000179598	0.00821236	0.16258	0.553941	0.236006	0.0361778	0.00277733	0.000121067	3.20916e-006	5.45163e-008	1.00159e-009	4.05351e-010	2.85422e-010	1.43734e-010	5.1457e-011	1.31076e-011	2.36891e-012	3.00619e-013	2.75056e-014	1.87561e-015	1.9001e-016	1.33249e-017	9.33621e-019	1.97716e-020	5.23668e-022	5.31284e-024	7.29424e-026	4.38577e-028	3.62947e-030	1.42754e-032	7.76536e-035	2.15776e-037	8.50074e-040	2.03099e-042	7.05597e-045	2.08655e-047	
Blaberus_discoidalis	0	0	0	0	0	0	0	0	0	0	0	0	1	0	0	0	0	0	0	0	0	0	0	0	0	0	0	0	0	0	0	0	0	0	0	0	0	0	0	0	0	0	0	0	0	
Blaberus_giganteus	0	0	0	0	0	0	0	0	0	0	0	0	0	0	0	0	0	0	0	0	0	0	0	0	0	0	0	0	0	0	1	0	0	0	0	0	0	0	0	0	0	0	0	0	0	
Byrsotria_fumigata	0	0	0	0	0	0	0	0	0	0	0	0	0	0	0	0	0	1	0	0	0	0	0	0	0	0	0	0	0	0	0	0	0	0	0	0	0	0	0	0	0	0	0	0	0	
N79	1.88827e-010	4.28897e-009	2.36907e-008	5.47649e-008	3.68363e-007	2.87882e-006	1.20391e-005	3.40645e-005	0.000204582	0.00439265	0.0405381	0.120408	0.186526	0.17153	0.091412	0.0262305	0.00769451	0.019564	0.0511062	0.0846733	0.0907956	0.0640338	0.0297957	0.00906655	0.00175669	0.000207699	1.37616e-005	4.93604e-007	1.15854e-008	3.03204e-010	6.34831e-012	1.65647e-013	2.55387e-015	4.52677e-017	4.75544e-019	5.70823e-021	4.25591e-023	3.59685e-025	1.97227e-027	1.22358e-029	5.21892e-032	2.56875e-034	9.72314e-037	4.28186e-039	1.78787e-041	
Eublaberus_distanti	0	0	0	0	0	0	0	0	0	0	0	0	0	0	0	0	0	0	0	0	0	0	0	0	0	0	1	0	0	0	0	0	0	0	0	0	0	0	0	0	0	0	0	0	0	
Eublaberus_posticus	0	0	0	0	0	0	0	0	0	0	0	0	0	0	0	1	0	0	0	0	0	0	0	0	0	0	0	0	0	0	0	0	0	0	0	0	0	0	0	0	0	0	0	0	0	
Gromphadorhina_portentosa	0	0	0	0	0	0	0	0	0	0	0	0	0	0	0	0	0	0	0	0	0	0	0	0	0	1	0	0	0	0	0	0	0	0	0	0	0	0	0	0	0	0	0	0	0	
N80	1.52459e-010	8.02387e-010	5.49543e-009	4.59988e-008	6.23465e-007	7.87717e-006	6.51767e-005	0.00030098	0.00072783	0.000930481	0.000716953	0.000626679	0.000902078	0.00121433	0.00126459	0.00127841	0.00295196	0.0123841	0.043768	0.110583	0.193023	0.231323	0.189423	0.114412	0.0520299	0.0257037	0.0100736	0.0046643	0.0012244	0.000339374	5.15773e-005	8.38245e-006	7.79082e-007	8.01153e-008	4.88247e-009	3.4081e-010	1.44338e-011	7.21289e-013	2.21635e-014	8.24685e-016	1.91494e-017	5.61328e-019	1.12708e-020	3.19011e-022	1.03399e-023	
Lanxoblatta_emarginata	0	0	0	0	0	0	0	0	0	0	0	0	0	0	0	0	0	0	0	0	0	0	0	0	0	0	1	0	0	0	0	0	0	0	0	0	0	0	0	0	0	0	0	0	0	
Phoetalia_sp	0	0	0	0	0	0	0	0	0	0	0	0	0	0	0	0	0	0	0	0	1	0	0	0	0	0	0	0	0	0	0	0	0	0	0	0	0	0	0	0	0	0	0	0	0	
Epilampra_sp	0	0	0	0	0	0	0	0	0	0	0	0	0	0	1	0	0	0	0	0	0	0	0	0	0	0	0	0	0	0	0	0	0	0	0	0	0	0	0	0	0	0	0	0	0	
Nauphoeta_cinerea	0	0	0	0	0	0	0	0	0	0	0	0	1	0	0	0	0	0	0	0	0	0	0	0	0	0	0	0	0	0	0	0	0	0	0	0	0	0	0	0	0	0	0	0	0	
N81	1.06033e-007	3.13323e-007	1.15839e-006	3.33966e-006	7.59883e-006	2.07057e-005	9.99253e-005	0.000654851	0.00385866	0.0178104	0.0614173	0.151353	0.250446	0.260484	0.165311	0.0663116	0.0180525	0.00356322	0.000532054	6.25197e-005	6.56965e-006	1.1528e-006	4.95412e-007	2.59165e-007	1.2182e-007	5.92222e-008	2.68408e-008	1.45853e-008	6.2578e-009	2.89021e-009	9.21849e-010	2.96134e-010	6.38963e-011	1.35289e-011	1.92069e-012	2.66785e-013	2.51113e-014	2.3512e-015	1.51675e-016	1.00433e-017	4.71667e-019	2.40955e-020	9.62601e-022	4.6752e-023	2.81205e-024	
Macropanesthia_rhinoceros	0	0	0	0	0	0	0	0	0	0	0	0	0	0	0	0	0	0	0	0	0	0	0	0	0	0	0	0	0	0	0	0	0	1	0	0	0	0	0	0	0	0	0	0	0	
Pycnoscelus_surinamensis	0	0	0	0	0	0	0	0	0	0	0	1	0	0	0	0	0	0	0	0	0	0	0	0	0	0	0	0	0	0	0	0	0	0	0	0	0	0	0	0	0	0	0	0	0	
N82	2.06742e-005	4.81458e-005	0.000166026	0.00058738	0.0018102	0.00458445	0.00964937	0.0182585	0.0341758	0.0634924	0.10743	0.15336	0.178112	0.166488	0.125263	0.076277	0.0378208	0.0153969	0.00516982	0.00145366	0.000343594	7.33418e-005	1.42032e-005	3.29876e-006	7.28251e-007	2.17216e-007	4.71037e-008	1.23047e-008	2.13118e-009	4.29763e-010	5.74793e-011	8.90503e-012	9.21954e-013	1.11221e-013	8.98419e-015	8.58109e-016	5.45986e-017	4.205e-018	2.13146e-019	1.35281e-020	5.60501e-022	3.09672e-023	1.23056e-024	7.75746e-026	6.83862e-027	
Diploptera_punctata	0	0	0	0	0	0	0	0	0	0	0	0	0	0	0	0	0	1	0	0	0	0	0	0	0	0	0	0	0	0	0	0	0	0	0	0	0	0	0	0	0	0	0	0	0	
N83	3.6001e-008	2.30658e-007	1.27265e-006	1.07638e-005	0.000187653	0.00788511	0.139153	0.365672	0.258247	0.0686398	0.01343	0.0302997	0.0509763	0.0414688	0.0184993	0.00476346	0.000706233	5.68897e-005	2.10801e-006	2.14063e-008	1.03788e-010	2.96808e-013	5.55942e-016	7.42305e-019	7.36549e-022	5.98065e-025	4.003e-028	2.61787e-031	1.48942e-034	9.01018e-038	4.37219e-041	2.18207e-044	8.26348e-048	3.1657e-051	9.15979e-055	2.68578e-058	5.9986e-062	1.36998e-065	2.41599e-069	4.43726e-073	6.50345e-077	1.02781e-080	1.39537e-084	2.08448e-088	2.93217e-092	
N84	1.13026e-008	9.24466e-008	1.43695e-006	2.29351e-005	0.000206243	0.00139572	0.0424838	0.336792	0.34285	0.112227	0.0368087	0.0759167	0.0416059	0.00876554	0.00087641	4.52766e-005	1.23224e-006	1.69955e-008	1.04115e-010	1.99879e-013	1.80147e-016	9.22083e-020	2.97744e-023	6.52783e-027	1.02184e-030	1.20085e-034	1.09637e-038	9.31517e-043	9.62972e-047	6.96523e-049	3.16353e-052	4.03561e-054	1.34997e-057	1.36207e-059	3.28658e-063	2.64831e-065	4.52579e-069	2.92558e-071	3.43517e-075	1.77109e-077	1.36225e-081	5.45168e-084	2.58214e-088	7.5216e-091	1.59718e-094	
Galiblatta_sp	0	0	0	0	0	0	0	1	0	0	0	0	0	0	0	0	0	0	0	0	0	0	0	0	0	0	0	0	0	0	0	0	0	0	0	0	0	0	0	0	0	0	0	0	0	
Panchlora_nivea	0	0	0	0	0	0	0	0	0	0	0	1	0	0	0	0	0	0	0	0	0	0	0	0	0	0	0	0	0	0	0	0	0	0	0	0	0	0	0	0	0	0	0	0	0	
Rhabdoblatta_sp	0	0	0	0	0	0	0	0	0	0	0	0	0	0	0	0	0	0	1	0	0	0	0	0	0	0	0	0	0	0	0	0	0	0	0	0	0	0	0	0	0	0	0	0	0	
Panchlora_viridis	0	0	0	0	0	0	0	0	0	0	0	0	1	0	0	0	0	0	0	0	0	0	0	0	0	0	0	0	0	0	0	0	0	0	0	0	0	0	0	0	0	0	0	0	0	
N85	0.00255396	0.00422026	0.0094325	0.0231067	0.0530721	0.10306	0.160409	0.195572	0.185085	0.135774	0.0772985	0.0343161	0.011945	0.00328676	0.000720199	0.000126951	1.81357e-005	2.126e-006	2.05762e-007	1.67685e-008	1.1552e-009	7.0439e-011	3.79801e-012	2.03235e-013	1.0233e-014	5.73535e-016	2.88711e-017	1.5748e-018	7.06527e-020	3.30322e-021	1.23708e-022	4.78831e-024	1.48229e-025	4.76215e-027	1.22484e-028	3.30102e-030	7.11663e-032	1.63163e-033	2.99158e-035	5.98283e-037	9.75916e-039	1.83408e-040	3.08261e-042	6.38278e-044	1.63296e-045	
Margattea_sp	0	0	0	0	0	0	0	0	0	1	0	0	0	0	0	0	0	0	0	0	0	0	0	0	0	0	0	0	0	0	0	0	0	0	0	0	0	0	0	0	0	0	0	0	0	
Supella_longipalpa	0	0	0	1	0	0	0	0	0	0	0	0	0	0	0	0	0	0	0	0	0	0	0	0	0	0	0	0	0	0	0	0	0	0	0	0	0	0	0	0	0	0	0	0	0	
Ectobius_pallidus	0	0	0	0	1	0	0	0	0	0	0	0	0	0	0	0	0	0	0	0	0	0	0	0	0	0	0	0	0	0	0	0	0	0	0	0	0	0	0	0	0	0	0	0	0	
N86	0.000120033	0.000251941	0.000756547	0.0024813	0.00783602	0.0219943	0.0519943	0.100319	0.155119	0.190391	0.184291	0.1404	0.0840451	0.0396412	0.0147398	0.00435916	0.00102651	0.000197496	3.10825e-005	4.36016e-006	5.37982e-007	7.09545e-008	8.36189e-009	1.09189e-009	1.11409e-010	1.18246e-011	9.25635e-013	7.41815e-014	4.35841e-015	2.63794e-016	1.17101e-017	5.43333e-019	1.84376e-020	6.67506e-022	1.75269e-023	5.04139e-025	1.03795e-026	2.42157e-028	3.98332e-030	7.801e-032	1.10496e-033	2.07082e-035	3.39861e-037	7.80814e-039	2.18619e-040	
N87	0.000542692	0.00115005	0.00349273	0.0110665	0.0314902	0.0739899	0.136513	0.19286	0.206497	0.167423	0.103004	0.048375	0.0174456	0.0048758	0.00106358	0.000183327	2.51312e-005	2.79437e-006	2.5303e-007	1.95316e-008	1.28185e-009	8.09569e-011	4.6451e-012	2.97964e-013	1.65772e-014	1.02199e-015	4.91603e-017	2.52389e-018	9.7911e-020	4.03379e-021	1.25289e-022	4.16499e-024	1.04445e-025	2.83976e-027	5.80807e-029	1.30988e-030	2.20814e-032	4.19478e-034	5.90851e-036	9.68569e-038	1.19586e-039	1.84601e-041	2.45243e-043	4.46455e-045	1.00556e-046	
N88	0.000445941	0.00156359	0.00787376	0.0332185	0.0989608	0.196851	0.256429	0.218719	0.123632	0.0472095	0.0124416	0.00231348	0.000309819	3.04879e-005	2.24271e-006	1.25665e-007	5.43476e-009	1.86064e-010	5.07859e-012	1.19379e-013	2.38438e-015	5.49367e-017	1.12758e-018	3.44472e-020	7.05947e-022	2.01486e-023	3.3793e-025	7.72622e-027	1.02808e-028	1.87224e-030	1.99022e-032	2.92654e-034	2.51035e-036	3.02468e-038	2.11272e-040	2.11462e-042	1.2132e-044	1.02271e-046	4.85622e-049	3.49585e-051	1.39998e-053	9.01829e-056	3.67476e-058	2.95906e-060	2.87487e-062	
N89	6.09969e-005	0.000513479	0.00574447	0.0422304	0.169486	0.331287	0.293074	0.125213	0.0283706	0.00370552	0.000297919	1.55805e-005	5.52183e-007	1.39216e-008	2.55936e-010	3.87947e-012	4.83552e-014	7.90727e-016	1.05279e-017	2.16645e-019	2.49516e-021	4.09597e-023	3.49985e-025	4.26889e-027	2.71382e-029	2.5112e-031	1.20887e-033	8.70311e-036	3.22541e-038	1.85085e-040	5.3538e-043	2.50255e-045	5.73359e-048	2.24047e-050	4.11034e-053	1.37241e-055	2.091e-058	6.43385e-061	8.37563e-064	2.47573e-066	3.6704e-069	1.51354e-071	4.20573e-074	2.44026e-076	1.38516e-078	
Blattella_bisignata	0	0	0	0	0	1	0	0	0	0	0	0	0	0	0	0	0	0	0	0	0	0	0	0	0	0	0	0	0	0	0	0	0	0	0	0	0	0	0	0	0	0	0	0	0	
Blattella_germanica	0	0	0	0	0	1	0	0	0	0	0	0	0	0	0	0	0	0	0	0	0	0	0	0	0	0	0	0	0	0	0	0	0	0	0	0	0	0	0	0	0	0	0	0	0	
Blattella_sauteri	0	0	0	0	0	1	0	0	0	0	0	0	0	0	0	0	0	0	0	0	0	0	0	0	0	0	0	0	0	0	0	0	0	0	0	0	0	0	0	0	0	0	0	0	0	
Loboptera_decipiens	0	0	0	0	0	0	0	0	0	0	1	0	0	0	0	0	0	0	0	0	0	0	0	0	0	0	0	0	0	0	0	0	0	0	0	0	0	0	0	0	0	0	0	0	0	
N90	0.000114177	0.00023386	0.000700391	0.00230244	0.00722205	0.0201234	0.0476628	0.0931399	0.14716	0.185744	0.185892	0.147114	0.0919039	0.0454747	0.0178058	0.00561386	0.00140483	0.000313776	5.39954e-005	1.57905e-005	2.40149e-006	1.554e-006	2.04479e-007	1.35344e-007	1.38948e-008	7.34733e-009	5.87742e-010	2.43987e-010	1.53702e-011	5.04026e-012	2.5266e-013	6.598e-014	2.66114e-015	5.59092e-016	1.83031e-017	3.11741e-018	8.38593e-020	1.17744e-020	2.61091e-022	3.02361e-023	5.69975e-025	5.88665e-026	1.01301e-027	1.32022e-028	3.0543e-029	
N91	0.000106583	0.000206605	0.000578274	0.00183941	0.00586236	0.0171466	0.043102	0.089093	0.147166	0.191213	0.193438	0.151896	0.0924152	0.0437548	0.0161531	0.00470502	0.00108423	0.000203308	3.10176e-005	4.17204e-006	4.84499e-007	5.86023e-008	6.27253e-009	7.58603e-010	7.24728e-011	7.52473e-012	5.75801e-013	4.72142e-014	2.82002e-015	1.81667e-016	8.52306e-018	4.37171e-019	1.63057e-020	6.76864e-022	2.03074e-023	6.93106e-025	1.69316e-026	4.8357e-028	9.76444e-030	2.39685e-031	4.23943e-033	9.95104e-035	1.99923e-036	5.81297e-038	2.14994e-039	
N92	4.72935e-005	0.00017045	0.000851929	0.00312147	0.0069865	0.0120793	0.0269167	0.0713327	0.151551	0.226026	0.231067	0.161399	0.0768624	0.0250144	0.00559107	0.000875791	9.78448e-005	8.14148e-006	5.11287e-007	2.70515e-008	1.17943e-009	5.6533e-011	2.27179e-012	1.14049e-013	3.98415e-015	1.66374e-016	4.48795e-018	1.43712e-019	2.9635e-021	7.33528e-023	1.17404e-024	2.29246e-026	2.8948e-028	4.54896e-030	4.59548e-032	5.91562e-034	4.84318e-036	5.19841e-038	3.48986e-040	3.18415e-042	1.81617e-044	1.52242e-046	9.49901e-049	1.02742e-050	1.33678e-052	
Hemithyrsocera_sp	0	0	0	0	0	0	1	0	0	0	0	0	0	0	0	0	0	0	0	0	0	0	0	0	0	0	0	0	0	0	0	0	0	0	0	0	0	0	0	0	0	0	0	0	0	
Symplocodes_sp	0	0	0	0	0	0	0	0	0	0	0	0	0	1	0	0	0	0	0	0	0	0	0	0	0	0	0	0	0	0	0	0	0	0	0	0	0	0	0	0	0	0	0	0	0	
N93	1.57492e-006	3.88876e-006	6.182e-006	4.0536e-005	7.69391e-005	7.63039e-005	0.000176499	0.0264487	0.14807	0.317642	0.322885	0.155713	0.0287049	0.000154927	3.42564e-007	4.21256e-010	3.27402e-013	1.76875e-016	6.93526e-020	2.16484e-023	5.41042e-027	1.26588e-030	2.53245e-034	5.29417e-038	8.97225e-042	1.5694e-045	2.09196e-049	2.83962e-053	2.89957e-057	3.03427e-061	2.39293e-065	1.96054e-069	1.21218e-073	7.91918e-078	3.89214e-082	2.06191e-086	8.16425e-091	3.57135e-095	1.15955e-099	4.31635e-104	1.22497e-108	4.31647e-113	1.34027e-117	5.44795e-122	2.18703e-126	
Lobopterella_dimidiatipes	0	0	0	0	0	0	0	0	0	0	0	0	1	0	0	0	0	0	0	0	0	0	0	0	0	0	0	0	0	0	0	0	0	0	0	0	0	0	0	0	0	0	0	0	0	
Symploce_sp	0	0	0	0	0	0	0	1	0	0	0	0	0	0	0	0	0	0	0	0	0	0	0	0	0	0	0	0	0	0	0	0	0	0	0	0	0	0	0	0	0	0	0	0	0	
Xestoblatta_sp	0	0	0	0	0	0	0	0	0	0	0	0	1	0	0	0	0	0	0	0	0	0	0	0	0	0	0	0	0	0	0	0	0	0	0	0	0	0	0	0	0	0	0	0	0	
