NODE	7	8	9	10	11	12	13	14	15	16	17	18	19	20	21	22	23	24	25	26	27	28	29	30	31	32	33	34	35	36	37	38	39	40	41	42	43	44	45	46	47	48	49	50	51	
N1	0.000225667	0.000467905	0.00145271	0.005519	0.0204633	0.0624959	0.144498	0.237603	0.259406	0.176536	0.0717263	0.0170425	0.00236116	0.000192477	9.38484e-006	2.79412e-007	5.19677e-009	6.182e-011	4.81517e-013	1.40526e-017	8.39816e-019	4.19533e-020	1.76878e-021	6.35023e-023	1.95759e-024	5.2217e-026	1.21381e-027	2.47512e-029	4.4545e-031	7.1155e-033	1.01412e-034	1.29584e-036	1.49126e-038	1.55207e-040	1.46665e-042	1.26293e-044	9.94367e-047	7.18149e-049	4.77177e-051	2.92523e-053	1.65882e-055	8.72321e-058	4.26396e-060	1.94317e-062	9.43728e-065	
N2	0.000431325	0.00123287	0.00461829	0.0153512	0.0401948	0.0835094	0.144467	0.205398	0.220559	0.165471	0.0834146	0.0279945	0.00628117	0.000963598	0.000102889	9.61811e-006	8.30753e-007	1.78943e-007	1.99225e-008	4.28018e-009	3.20002e-010	4.36935e-011	2.09389e-012	1.82813e-013	5.68406e-015	3.24848e-016	6.65343e-018	2.55819e-019	3.50848e-021	9.38777e-023	8.76318e-025	1.69715e-026	1.09837e-028	1.61513e-030	7.38282e-033	8.6406e-035	3.0173e-037	3.47227e-039	1.02687e-041	1.24746e-043	6.33143e-046	1.34005e-047	1.22528e-049	2.97111e-051	7.04479e-053	
N3	0.000875598	0.00281329	0.0103209	0.0282043	0.051976	0.0716974	0.0986742	0.146744	0.188977	0.182174	0.125976	0.0622383	0.0219854	0.00580723	0.00115456	0.000280381	5.97035e-005	3.16765e-005	6.67077e-006	2.98284e-006	4.43916e-007	1.38426e-007	1.44126e-008	3.14954e-009	2.30392e-010	3.56482e-011	1.84142e-012	2.04989e-013	7.55128e-015	6.19976e-016	1.64812e-017	1.02664e-018	2.01104e-020	1.00304e-021	1.46869e-023	6.10233e-025	7.9175e-027	4.05297e-028	4.5439e-030	2.16915e-031	4.02991e-033	3.0433e-034	6.41621e-036	5.28872e-037	5.19017e-038	
N4	2.75563e-006	1.83243e-005	0.000117335	0.000500809	0.00098146	0.00100211	0.00203071	0.00750858	0.0235166	0.056659	0.107352	0.165441	0.198695	0.187354	0.125323	0.0756703	0.0308948	0.0131515	0.00299642	0.000691232	8.17611e-005	1.02857e-005	6.91161e-007	5.22233e-008	2.16475e-009	1.06198e-010	2.87251e-012	9.69084e-014	1.78862e-015	4.37815e-017	5.71742e-019	1.0655e-020	1.04362e-022	1.62213e-024	1.27346e-026	1.78223e-028	1.33643e-030	2.02764e-032	1.45641e-034	2.08599e-036	1.73204e-038	2.79866e-040	3.03804e-042	5.24253e-044	9.67786e-046	
N5	8.49095e-007	5.28691e-006	3.55583e-005	0.00014908	0.000312046	0.000508886	0.00155864	0.00632652	0.0204969	0.0500743	0.0963921	0.153554	0.196986	0.197651	0.142047	0.0833367	0.0342759	0.0128157	0.00282199	0.000579939	6.31204e-005	8.74801e-006	4.71105e-007	8.23346e-008	1.98377e-009	6.94484e-010	9.08836e-012	3.98238e-012	3.72494e-014	1.36953e-014	1.00384e-016	2.94609e-017	1.86462e-019	4.85349e-020	2.87218e-022	6.90756e-023	4.10934e-025	9.92646e-026	5.10359e-028	1.01012e-028	4.79693e-031	9.2776e-032	3.39534e-034	5.10561e-035	2.42709e-036	
N6	3.42316e-007	2.69501e-006	2.51012e-005	0.000127079	0.000268155	0.000337006	0.000870998	0.00418349	0.0157278	0.042197	0.0867533	0.147649	0.205299	0.215299	0.1579	0.0828511	0.0304342	0.00834171	0.00151228	0.000202484	1.76723e-005	1.2902e-006	6.23647e-008	3.5641e-009	1.19656e-010	6.93918e-012	1.72075e-013	8.28121e-015	1.44755e-016	5.1615e-018	6.4185e-020	1.74218e-021	1.64942e-023	3.73613e-025	2.88102e-027	5.62771e-029	3.89933e-031	6.745e-033	3.88753e-035	5.30211e-037	2.70848e-039	3.19507e-041	1.39664e-043	1.66674e-045	1.96066e-047	
N7	8.62571e-009	1.5496e-007	2.18943e-006	8.77542e-006	7.70218e-006	3.34137e-006	6.30775e-006	6.20872e-005	0.000801228	0.00710898	0.0396885	0.135669	0.271125	0.299673	0.177297	0.0569584	0.0103631	0.0011414	7.97441e-005	3.85834e-006	1.30522e-007	3.7451e-009	7.80121e-011	2.23423e-012	3.82757e-014	1.28181e-015	1.69361e-017	4.52436e-019	4.31361e-021	8.52868e-023	6.04423e-025	9.0045e-027	4.84998e-029	5.50406e-031	2.27182e-033	1.98127e-035	6.33943e-038	4.31468e-040	1.08111e-042	5.81133e-045	1.15839e-047	5.03721e-050	8.80122e-053	3.83437e-055	1.54473e-057	
N8	3.69479e-013	3.6804e-011	2.67078e-009	5.7099e-008	7.22196e-008	9.44522e-009	8.70758e-010	2.77217e-009	2.64106e-007	1.97613e-005	0.000796615	0.0156125	0.13081	0.397536	0.36072	0.0872934	0.00697856	0.000228515	3.58977e-006	3.08819e-008	1.61031e-010	7.5542e-013	3.35957e-015	3.09823e-017	1.38734e-019	9.42964e-022	2.66225e-024	1.10242e-026	2.00291e-029	5.30781e-032	6.43072e-035	1.13935e-037	9.45248e-041	1.16165e-043	6.74503e-047	5.95402e-050	2.46891e-053	1.62218e-056	4.89809e-060	2.48433e-063	5.60189e-067	2.33881e-070	5.08405e-074	3.39359e-077	4.3057e-080	
N9	1.43756e-016	4.64971e-014	8.46947e-012	3.24391e-010	3.49386e-010	2.80579e-011	2.98735e-012	6.28253e-012	1.86369e-009	4.67171e-007	5.8126e-005	0.00313971	0.0621579	0.361001	0.461775	0.105727	0.00602473	0.000114895	9.03733e-007	3.40865e-009	6.90526e-012	1.01352e-014	2.0555e-017	5.66479e-019	2.16921e-021	4.44954e-023	9.61509e-026	1.13558e-027	1.40451e-030	1.00647e-032	7.17567e-036	3.19989e-038	1.33777e-041	3.70259e-044	9.47763e-048	1.6017e-050	2.66811e-054	2.77071e-057	3.16016e-061	2.11905e-064	1.70487e-068	7.94807e-072	4.78765e-076	2.3127e-079	1.99819e-082	
N10	4.51004e-019	2.01257e-016	5.2289e-014	2.99589e-012	3.08516e-012	3.11903e-013	6.93678e-014	1.59244e-013	8.8212e-011	4.18889e-008	1.00006e-005	0.00101661	0.0357099	0.324322	0.521873	0.112006	0.00499409	6.74083e-005	3.55904e-007	8.76598e-010	1.14198e-012	8.90051e-016	5.9946e-019	1.2651e-020	5.0938e-023	1.76787e-024	4.21131e-027	8.44804e-029	1.15547e-031	1.4198e-033	1.06245e-036	8.25311e-039	3.26797e-042	1.58065e-044	3.42834e-048	9.64619e-051	1.27144e-054	1.96218e-057	1.73118e-061	1.51701e-064	9.36262e-069	5.17187e-072	2.30761e-076	1.14352e-079	1.12669e-082	
N11	1.54536e-020	7.43428e-018	1.83224e-015	8.54835e-014	9.68931e-014	1.92935e-014	7.65524e-015	3.24602e-014	2.22759e-011	1.47414e-008	4.77336e-006	0.000640465	0.028541	0.309183	0.543898	0.11314	0.00454097	5.21367e-005	2.24428e-007	4.36355e-010	4.37472e-013	2.52126e-016	1.07482e-019	3.18605e-021	1.30783e-023	1.16371e-024	2.61767e-027	1.41879e-028	1.67813e-031	5.8763e-033	3.44864e-036	8.02246e-038	2.2307e-041	3.34832e-043	4.59249e-047	3.97102e-049	3.14887e-053	1.37299e-055	7.40661e-060	1.62448e-062	6.45679e-067	7.87339e-070	2.37867e-074	1.99677e-077	2.31078e-080	
N12	6.41381e-022	1.89e-019	4.86403e-017	8.05451e-015	9.0133e-014	9.08422e-014	4.06486e-014	6.19378e-014	2.18864e-011	1.11703e-008	3.10664e-006	0.000403535	0.0199649	0.271997	0.590418	0.11278	0.00437931	5.4419e-005	2.82678e-007	7.28701e-010	1.04892e-012	9.22974e-016	5.62302e-019	3.49751e-021	1.7689e-023	7.81386e-025	2.81707e-027	7.2255e-029	1.77773e-031	2.72282e-033	4.29574e-036	4.04397e-038	3.55544e-041	2.08705e-043	9.0949e-047	3.07266e-049	7.35256e-053	1.24424e-055	1.92063e-059	1.80348e-062	1.87468e-066	1.19897e-069	8.87274e-074	6.36327e-077	1.01854e-079	
N13	6.27424e-026	2.34915e-022	5.75947e-019	4.89945e-016	4.04973e-015	8.42958e-016	6.57605e-017	4.09965e-017	8.34626e-014	1.72473e-010	1.72283e-007	7.00927e-005	0.00899378	0.240507	0.665861	0.0831717	0.00139	5.78021e-006	8.50248e-009	5.50566e-012	1.8175e-015	3.40544e-019	4.07181e-023	4.06279e-026	4.0163e-029	4.04872e-031	2.6345e-034	1.49225e-036	5.99722e-040	2.0087e-042	4.71631e-046	9.73817e-049	1.20001e-052	1.54417e-055	9.09987e-060	6.71701e-063	2.08468e-067	7.51335e-071	1.48188e-075	2.77528e-079	3.71486e-084	4.26822e-088	4.00733e-093	3.97678e-097	6.80733e-101	
N14	7.43859e-025	5.49234e-022	2.42664e-019	3.06327e-017	2.18625e-016	2.96095e-016	3.25118e-016	1.07075e-015	6.68068e-013	6.87805e-010	3.84035e-007	9.86223e-005	0.00933271	0.223613	0.664148	0.100324	0.00246559	1.76439e-005	5.0301e-008	6.92019e-011	5.22139e-014	2.37421e-017	7.68951e-021	1.83641e-022	1.11954e-024	1.39951e-025	5.7043e-028	4.11999e-029	1.10703e-031	4.81996e-033	7.66181e-036	2.11124e-037	1.56261e-040	2.81553e-042	7.28304e-046	7.34782e-048	8.21365e-052	2.66139e-054	1.99264e-058	2.7561e-061	1.43637e-065	1.21404e-068	4.53645e-073	5.3469e-076	3.32378e-078	
N15	2.58924e-025	4.81899e-022	6.57081e-019	3.45207e-016	7.1426e-015	6.35468e-015	2.15722e-015	1.3775e-015	5.17789e-013	5.02238e-010	2.69305e-007	6.85187e-005	0.00673982	0.181792	0.696619	0.111815	0.00294255	2.29498e-005	7.24106e-008	1.11594e-010	9.52188e-014	4.93055e-017	1.7217e-020	5.6778e-023	1.91684e-025	6.98644e-027	1.69987e-029	3.60415e-031	6.1284e-034	7.74301e-036	8.8982e-039	6.83236e-041	4.59636e-044	2.17949e-046	6.54486e-050	1.77555e-052	2.4686e-056	2.6992e-059	2.38909e-063	1.4069e-066	8.28553e-071	3.43501e-074	1.45093e-078	7.7603e-082	1.10026e-084	
N16	1.04145e-024	2.50452e-021	4.36676e-018	3.36059e-015	4.46722e-014	1.09228e-014	1.15388e-015	1.11065e-016	1.27201e-014	1.95183e-011	1.758e-008	8.0056e-006	0.00153165	0.0897848	0.835299	0.0723399	0.00103245	4.63867e-006	8.91607e-009	8.77318e-012	4.97077e-015	1.76592e-018	4.26299e-022	2.70981e-025	3.49412e-028	3.63752e-030	4.2895e-033	2.75226e-035	2.3829e-038	9.39204e-041	5.98945e-044	1.45278e-046	6.33972e-050	9.36656e-053	2.30169e-056	2.00532e-059	2.41535e-063	9.85096e-067	7.31678e-071	1.86912e-074	9.07543e-079	1.78381e-082	6.35583e-087	1.56403e-090	6.66097e-094	
Amitermes_darwini	0	0	0	0	0	0	0	0	0	0	0	0	0	0	1	0	0	0	0	0	0	0	0	0	0	0	0	0	0	0	0	0	0	0	0	0	0	0	0	0	0	0	0	0	0	
Amitermes_germanus	0	0	0	0	0	0	0	0	0	0	0	0	0	0	1	0	0	0	0	0	0	0	0	0	0	0	0	0	0	0	0	0	0	0	0	0	0	0	0	0	0	0	0	0	0	
N17	1.70124e-024	1.56391e-021	1.32632e-018	5.4433e-016	1.03573e-014	9.13027e-015	3.36877e-015	1.79178e-015	3.87055e-013	3.39985e-010	1.73761e-007	4.43081e-005	0.00466265	0.146947	0.73391	0.111542	0.00287073	2.30095e-005	7.7946e-008	1.3379e-010	1.31123e-013	7.99812e-017	3.30819e-020	7.22398e-023	2.60024e-025	9.98879e-027	2.84029e-029	6.56591e-031	1.34716e-033	1.90239e-035	2.75545e-038	2.40703e-040	2.18802e-043	1.19385e-045	5.32376e-049	1.72857e-051	3.43786e-055	4.56671e-058	5.75952e-062	4.23103e-065	3.55723e-069	1.87594e-072	1.1347e-076	7.38011e-080	1.13489e-082	
Amitermes_parvus	0	0	0	0	0	0	0	0	0	0	0	0	0	0	1	0	0	0	0	0	0	0	0	0	0	0	0	0	0	0	0	0	0	0	0	0	0	0	0	0	0	0	0	0	0	
Drepanotermes_septentrionalis	0	0	0	0	0	0	0	0	0	0	0	0	0	0	1	0	0	0	0	0	0	0	0	0	0	0	0	0	0	0	0	0	0	0	0	0	0	0	0	0	0	0	0	0	0	
Pericapritermes_sp	0	0	0	0	0	0	0	0	0	0	0	0	0	0	1	0	0	0	0	0	0	0	0	0	0	0	0	0	0	0	0	0	0	0	0	0	0	0	0	0	0	0	0	0	0	
N18	4.00278e-025	3.93222e-022	2.56161e-019	6.4946e-017	6.7495e-016	5.03682e-016	2.29513e-016	1.22061e-015	1.05937e-012	1.16916e-009	6.58844e-007	0.000161227	0.0134873	0.263493	0.64882	0.0727241	0.00130656	6.82808e-006	1.42392e-008	1.43575e-011	7.95412e-015	2.65486e-018	5.86296e-022	1.2677e-024	3.36504e-027	1.23962e-028	2.37542e-031	5.0642e-033	6.82708e-036	8.60447e-038	7.89092e-041	5.99184e-043	3.15953e-046	1.48557e-048	3.26697e-052	8.95094e-055	8.18399e-059	8.29435e-062	4.79937e-066	2.31424e-069	8.83573e-074	2.87966e-077	7.70826e-082	3.27193e-085	4.33873e-088	
N19	8.19925e-026	1.12928e-022	1.42043e-019	8.27474e-017	2.16132e-015	2.65037e-015	1.29801e-015	1.13804e-015	4.25848e-013	4.64971e-010	2.77201e-007	7.64729e-005	0.00783564	0.206002	0.698587	0.0857578	0.00173051	1.04199e-005	2.55463e-008	3.07698e-011	2.06265e-014	8.48637e-018	2.72395e-021	4.65217e-023	1.80024e-025	9.17751e-027	2.38354e-029	7.06665e-031	1.21699e-033	2.18303e-035	2.27771e-038	2.57147e-040	1.3448e-043	9.70365e-046	2.11145e-049	8.40024e-052	8.93572e-056	1.32696e-058	9.33144e-063	6.9952e-066	3.36023e-070	1.69329e-073	5.91345e-078	4.38027e-081	1.20895e-083	
N20	1.67872e-026	4.51619e-023	9.75678e-020	9.44346e-017	1.99865e-015	9.8757e-016	1.94089e-016	4.66463e-017	1.60065e-014	2.9962e-011	3.09021e-008	1.49746e-005	0.00274929	0.132162	0.787826	0.0761732	0.00107023	4.30293e-006	6.91029e-009	5.39537e-012	2.32952e-015	6.1109e-019	1.09917e-022	2.73364e-025	5.13115e-028	1.07508e-029	1.42094e-032	1.73388e-034	1.58499e-037	1.15863e-039	6.98213e-043	3.13604e-045	1.06687e-048	2.99852e-051	4.49568e-055	7.21374e-058	5.05678e-062	3.22134e-065	1.45037e-069	4.89192e-073	1.47589e-077	3.44598e-081	7.45736e-086	2.25312e-089	1.92459e-092	
N21	6.22727e-027	1.01144e-023	1.07017e-020	4.91724e-018	7.95223e-017	5.44515e-017	1.89019e-017	7.06336e-018	2.17615e-015	5.31631e-012	7.39731e-009	4.98247e-006	0.00131796	0.0947951	0.838211	0.0649735	0.000694995	2.14088e-006	2.67626e-009	1.65344e-012	5.73482e-016	1.22226e-019	1.76417e-023	4.21027e-026	9.23817e-029	3.39305e-030	5.31394e-033	1.16165e-034	1.27023e-037	1.70289e-039	1.22643e-042	1.04e-044	4.14944e-048	2.28963e-050	3.71347e-054	1.23833e-056	7.73404e-061	8.45259e-064	3.47922e-068	1.78123e-071	5.06487e-076	1.69089e-079	3.46223e-084	1.45451e-087	2.32515e-090	
Ephelotermes_melachoma	0	0	0	0	0	0	0	0	0	0	0	0	0	0	1	0	0	0	0	0	0	0	0	0	0	0	0	0	0	0	0	0	0	0	0	0	0	0	0	0	0	0	0	0	0	
Macrognathotermes_sunteri	0	0	0	0	0	0	0	0	0	0	0	0	0	0	1	0	0	0	0	0	0	0	0	0	0	0	0	0	0	0	0	0	0	0	0	0	0	0	0	0	0	0	0	0	0	
Ephelotermes_taylori	0	0	0	0	0	0	0	0	0	0	0	0	0	0	1	0	0	0	0	0	0	0	0	0	0	0	0	0	0	0	0	0	0	0	0	0	0	0	0	0	0	0	0	0	0	
Lophotermes_septentrionalis	0	0	0	0	0	0	0	0	0	0	0	0	0	0	1	0	0	0	0	0	0	0	0	0	0	0	0	0	0	0	0	0	0	0	0	0	0	0	0	0	0	0	0	0	0	
N22	4.16844e-022	6.91446e-019	7.10417e-016	7.26235e-014	1.30377e-013	1.87762e-014	7.6829e-015	5.82972e-014	1.61415e-011	1.47711e-008	7.13946e-006	0.00149317	0.0943877	0.479634	0.410731	0.0136364	0.000110158	3.38744e-007	4.9906e-010	4.0583e-013	2.00518e-016	6.46624e-020	1.45478e-023	6.01538e-027	5.50702e-030	3.92748e-032	3.93912e-035	1.82763e-037	1.38167e-040	4.03348e-043	2.32572e-046	4.25088e-049	1.77508e-052	1.98009e-055	5.06214e-059	3.32628e-062	4.24883e-066	1.35936e-069	1.05279e-073	2.22401e-077	1.12017e-081	1.87501e-085	7.04067e-090	1.48133e-093	4.75381e-097	
Procubitermes_sp	0	0	0	0	0	0	0	0	0	0	0	0	1	0	0	0	0	0	0	0	0	0	0	0	0	0	0	0	0	0	0	0	0	0	0	0	0	0	0	0	0	0	0	0	0	
N23	1.04649e-029	1.95568e-025	3.23899e-021	3.80215e-017	6.97247e-016	1.88403e-017	2.36378e-019	1.70334e-021	3.77421e-020	8.66844e-016	1.06665e-011	5.75145e-008	9.97919e-005	0.0282424	0.968344	0.00331182	1.91106e-006	3.60811e-010	2.99384e-014	1.29458e-018	3.27083e-023	1.08464e-027	1.22192e-031	2.36677e-034	3.05597e-038	3.37734e-041	2.88134e-045	1.79612e-048	9.83324e-053	3.50921e-056	1.04574e-060	2.12493e-064	2.12851e-069	1.97082e-073	1.06213e-078	4.56843e-083	1.51465e-088	3.37291e-093	7.02042e-099	1.00186e-103	1.31954e-109	1.37059e-114	1.89205e-120	8.97231e-125	6.15319e-129	
Tuberculitermes_bycanistes	0	0	0	0	0	0	0	0	0	0	0	0	0	0	1	0	0	0	0	0	0	0	0	0	0	0	0	0	0	0	0	0	0	0	0	0	0	0	0	0	0	0	0	0	0	
Unguitermes_sp	0	0	0	0	0	0	0	0	0	0	0	0	0	0	1	0	0	0	0	0	0	0	0	0	0	0	0	0	0	0	0	0	0	0	0	0	0	0	0	0	0	0	0	0	0	
N24	1.58121e-020	1.47244e-017	1.03928e-014	3.1992e-012	2.0856e-011	3.06457e-012	1.94281e-013	1.22896e-014	7.78594e-013	5.06375e-010	1.98367e-007	4.08625e-005	0.0037749	0.120378	0.77644	0.0968588	0.00248517	2.24405e-005	9.24244e-008	2.02937e-010	2.63775e-013	2.20047e-016	1.2708e-019	9.89836e-023	1.2431e-025	7.02674e-028	1.07078e-030	4.17524e-033	4.69649e-036	1.15837e-038	9.67637e-042	1.51937e-044	9.07441e-048	8.97222e-051	3.52699e-054	2.17504e-057	5.30375e-061	2.04707e-064	3.21484e-068	8.94078e-072	9.58358e-076	2.15214e-079	1.82257e-083	4.89169e-087	1.60529e-090	
Microcerotermes_boreus	0	0	0	0	0	0	0	0	0	0	0	0	0	0	1	0	0	0	0	0	0	0	0	0	0	0	0	0	0	0	0	0	0	0	0	0	0	0	0	0	0	0	0	0	0	
Microcerotermes_nervosus	0	0	0	0	0	0	0	0	0	0	0	0	0	0	1	0	0	0	0	0	0	0	0	0	0	0	0	0	0	0	0	0	0	0	0	0	0	0	0	0	0	0	0	0	0	
N25	7.36896e-020	2.25227e-017	5.92344e-015	6.06382e-013	6.61495e-012	8.08885e-012	4.19039e-012	1.00703e-011	1.51054e-009	2.73797e-007	2.86193e-005	0.00150987	0.0342976	0.266177	0.506787	0.17476	0.0159067	0.000524831	7.77369e-006	5.98207e-008	2.6538e-010	7.37409e-013	1.41747e-015	9.79036e-018	9.25502e-020	5.12374e-021	3.95558e-023	1.31161e-024	7.27046e-027	1.4519e-028	5.73144e-031	6.92319e-033	1.78788e-035	1.30186e-037	1.88803e-040	8.01082e-043	6.48552e-046	1.47504e-048	7.45868e-052	1.11115e-054	3.68581e-058	4.26172e-061	1.05662e-064	1.56827e-067	3.93788e-070	
N26	7.30799e-020	1.52762e-017	2.99442e-015	2.89798e-013	3.04634e-012	3.31731e-012	1.58236e-012	1.88314e-012	2.38617e-010	5.96188e-008	8.73662e-006	0.00065047	0.0209227	0.227517	0.564779	0.173229	0.0125713	0.000318884	3.58347e-006	2.08289e-008	6.97453e-011	1.46076e-013	2.08452e-016	8.57277e-019	6.06896e-021	3.00952e-022	1.82576e-024	5.59581e-026	2.33744e-028	4.48621e-030	1.25242e-032	1.54238e-034	2.69472e-037	2.14507e-039	2.19178e-042	1.08791e-044	6.64506e-048	1.92236e-050	7.77573e-054	1.40606e-056	3.9566e-060	5.04412e-063	1.03861e-066	1.24979e-069	1.9493e-072	
Crenetermes_albotarsalis	0	0	0	0	0	0	0	0	0	0	0	0	0	0	1	0	0	0	0	0	0	0	0	0	0	0	0	0	0	0	0	0	0	0	0	0	0	0	0	0	0	0	0	0	0	
Thoracotermes_macrothorax	0	0	0	0	0	0	0	0	0	0	0	0	0	0	1	0	0	0	0	0	0	0	0	0	0	0	0	0	0	0	0	0	0	0	0	0	0	0	0	0	0	0	0	0	0	
Cubitermes_sp	0	0	0	0	0	0	0	0	0	0	0	0	0	0	1	0	0	0	0	0	0	0	0	0	0	0	0	0	0	0	0	0	0	0	0	0	0	0	0	0	0	0	0	0	0	
N27	5.3993e-024	5.57574e-020	3.94857e-016	1.20454e-012	5.52041e-012	4.60198e-014	1.62855e-016	4.50432e-019	6.40143e-017	2.80105e-013	6.73971e-010	7.82157e-007	0.000363459	0.0488183	0.91376	0.0368452	0.000211796	3.59715e-007	2.49482e-010	8.48287e-014	1.58216e-017	1.75601e-021	1.34528e-025	2.08134e-028	5.72338e-030	6.09585e-031	2.7425e-032	2.5883e-033	1.00255e-034	7.04449e-036	2.29438e-037	1.1922e-038	3.12797e-040	1.18636e-041	2.36429e-043	6.52751e-045	9.54401e-047	1.96769e-048	2.13013e-050	3.54785e-052	2.94667e-054	4.31858e-056	3.18662e-058	5.91117e-060	1.28962e-061	
N28	3.57633e-025	3.74144e-021	2.1553e-017	3.4336e-014	1.452e-013	1.40938e-015	4.11574e-018	1.46014e-020	3.09008e-018	2.8811e-014	1.40509e-010	3.01065e-007	0.000229074	0.0431692	0.923892	0.0325768	0.000132587	1.36251e-007	5.06337e-011	8.39881e-015	7.14742e-019	3.46085e-023	1.04097e-027	1.62082e-030	5.06788e-034	4.47054e-035	7.43496e-039	4.47757e-040	3.85818e-044	1.66071e-045	7.15783e-050	2.26034e-051	4.54306e-056	1.04713e-057	8.6975e-063	1.33216e-064	3.67665e-070	1.66911e-072	3.26094e-078	6.22866e-081	9.57145e-087	9.26127e-090	1.1594e-095	6.47635e-099	1.0121e-102	
N29	2.05263e-027	1.16799e-023	3.43759e-020	3.04603e-017	6.98105e-017	2.10375e-019	8.00375e-021	6.13116e-022	1.06705e-019	1.32972e-015	9.58932e-012	3.42246e-008	4.93292e-005	0.0199249	0.963225	0.0167641	3.61599e-005	2.22591e-008	5.59505e-012	7.01197e-016	4.97575e-020	2.18447e-024	6.43774e-029	2.54797e-032	1.36706e-035	1.55356e-037	6.08783e-041	4.1308e-043	1.18091e-046	4.85459e-049	1.01357e-052	2.53302e-055	3.43198e-059	5.28952e-062	3.14406e-066	3.02207e-069	4.1058e-074	8.03009e-078	6.99659e-083	6.63778e-087	3.74549e-092	2.57956e-096	1.0481e-101	1.49471e-105	8.42631e-109	
Nasutitermes_graveolus	0	0	0	0	0	0	0	0	0	0	0	0	0	0	1	0	0	0	0	0	0	0	0	0	0	0	0	0	0	0	0	0	0	0	0	0	0	0	0	0	0	0	0	0	0	
Nasutitermes_triodiae	0	0	0	0	0	0	0	0	0	0	0	0	0	0	1	0	0	0	0	0	0	0	0	0	0	0	0	0	0	0	0	0	0	0	0	0	0	0	0	0	0	0	0	0	0	
Tumulitermes_pastinator	0	0	0	0	0	0	0	0	0	0	0	0	0	0	1	0	0	0	0	0	0	0	0	0	0	0	0	0	0	0	0	0	0	0	0	0	0	0	0	0	0	0	0	0	0	
Nasutitermes_longipennis	0	0	0	0	0	0	0	0	0	0	0	0	0	0	1	0	0	0	0	0	0	0	0	0	0	0	0	0	0	0	0	0	0	0	0	0	0	0	0	0	0	0	0	0	0	
N30	2.7498e-015	8.38093e-014	2.01673e-012	1.5653e-011	2.55785e-011	4.20173e-011	9.82729e-011	1.13704e-009	8.49549e-008	6.23572e-006	0.00027736	0.00656468	0.0723965	0.311559	0.421851	0.163669	0.0223317	0.00130646	3.809e-005	6.18654e-007	6.08698e-009	3.92614e-011	1.98241e-013	1.24016e-014	4.23362e-016	9.31567e-017	2.31378e-018	3.06599e-019	5.36506e-021	4.37145e-022	5.11818e-024	2.61228e-025	1.83411e-027	5.88025e-029	2.23758e-031	4.19324e-033	9.21755e-036	9.10622e-038	1.30353e-040	8.05914e-043	7.78594e-046	3.6048e-048	2.60073e-051	1.6013e-053	2.2067e-055	
Macrotermes_bellicosus	0	0	0	0	0	0	0	0	0	0	0	0	0	0	1	0	0	0	0	0	0	0	0	0	0	0	0	0	0	0	0	0	0	0	0	0	0	0	0	0	0	0	0	0	0	
N31	5.01598e-023	3.02848e-019	1.25155e-015	2.26106e-012	1.00582e-011	1.29445e-013	7.1677e-016	2.57579e-018	8.17566e-017	2.81013e-013	5.60682e-010	5.72578e-007	0.00025398	0.0369391	0.934217	0.0284354	0.000153178	2.75401e-007	2.1875e-010	9.03081e-014	2.15684e-017	3.24532e-021	3.31829e-025	3.7372e-029	5.41442e-033	2.42163e-036	4.28419e-040	1.53054e-043	2.7954e-044	1.9533e-045	3.33703e-047	9.18817e-049	1.24212e-050	2.5494e-052	2.65395e-054	4.48186e-056	5.43796e-057	5.66433e-057	1.44454e-057	1.63744e-058	8.18903e-061	6.72111e-063	2.71295e-065	2.60706e-067	2.80461e-069	
N32	3.2962e-025	2.81727e-021	1.2226e-017	1.47093e-014	5.073e-014	2.48053e-016	3.74013e-019	1.43163e-021	3.89429e-019	4.30848e-015	2.65344e-011	7.73734e-008	8.70323e-005	0.0263788	0.952612	0.0208668	5.55022e-005	4.05186e-008	1.15941e-011	1.59174e-015	1.19492e-019	5.38172e-024	1.59661e-028	2.3769e-031	1.76413e-034	5.45741e-036	2.50161e-039	4.90715e-041	1.34439e-044	1.77002e-046	2.73263e-050	2.52072e-052	1.96842e-056	1.2989e-058	4.19137e-063	1.88384e-065	1.39419e-070	1.24645e-073	6.56122e-079	2.52075e-082	1.00345e-087	2.14823e-091	6.5716e-097	1.17934e-100	1.12852e-103	
Microtermes_sp	0	0	0	0	0	0	0	0	0	0	0	0	0	0	1	0	0	0	0	0	0	0	0	0	0	0	0	0	0	0	0	0	0	0	0	0	0	0	0	0	0	0	0	0	0	
Pseudacanthotermes_militaris	0	0	0	0	0	0	0	0	0	0	0	0	0	0	1	0	0	0	0	0	0	0	0	0	0	0	0	0	0	0	0	0	0	0	0	0	0	0	0	0	0	0	0	0	0	
N33	2.52085e-028	4.77261e-024	4.55552e-020	1.40302e-016	3.0207e-016	1.88907e-019	1.58961e-022	1.82352e-024	8.24919e-023	3.26021e-018	7.50427e-014	8.65633e-010	4.11691e-006	0.00567916	0.98941	0.00490329	3.11357e-006	5.79451e-010	4.48047e-014	1.74645e-018	3.87984e-023	5.35022e-028	4.95498e-033	4.21497e-037	5.63028e-041	1.29702e-043	1.26991e-047	1.72533e-050	1.19689e-054	9.71608e-058	4.74962e-062	2.31248e-065	7.28301e-070	2.13127e-073	3.31002e-078	5.70291e-082	1.90136e-087	6.33885e-092	1.25122e-097	2.183e-102	2.63514e-108	3.16063e-113	2.58114e-119	5.38365e-124	3.66205e-128	
Odontotermes_sp	0	0	0	0	0	0	0	0	0	0	0	0	0	0	1	0	0	0	0	0	0	0	0	0	0	0	0	0	0	0	0	0	0	0	0	0	0	0	0	0	0	0	0	0	0	
Protermes_sp	0	0	0	0	0	0	0	0	0	0	0	0	0	0	1	0	0	0	0	0	0	0	0	0	0	0	0	0	0	0	0	0	0	0	0	0	0	0	0	0	0	0	0	0	0	
N34	2.78419e-014	1.12028e-012	3.91763e-011	3.56153e-010	3.67037e-010	9.03717e-011	9.09042e-011	2.41233e-009	2.70101e-007	2.22541e-005	0.000948644	0.0184175	0.144076	0.397501	0.342289	0.0886245	0.00784017	0.000276543	4.44556e-006	3.62821e-008	1.63875e-010	4.50681e-013	9.44691e-016	2.0361e-017	1.91031e-019	9.3053e-021	5.32782e-023	1.44666e-024	5.4583e-027	4.76506e-028	3.9555e-029	2.02043e-029	1.36884e-030	5.16103e-031	2.36373e-032	6.21319e-033	1.97859e-034	3.40745e-035	8.09323e-037	9.78005e-038	1.78711e-039	1.68159e-040	2.48667e-042	2.58956e-043	4.59733e-044	
N35	2.98058e-014	1.03999e-012	2.71796e-011	1.81162e-010	1.92665e-010	7.28008e-011	1.24304e-010	2.9129e-009	2.86348e-007	2.2559e-005	0.000939386	0.0180507	0.141235	0.393184	0.34511	0.0925047	0.00862079	0.000326215	5.73084e-006	5.20631e-008	2.66531e-010	1.21952e-012	7.60143e-015	1.76297e-014	1.33089e-016	2.64003e-016	1.01502e-018	1.3818e-018	2.72961e-021	2.59034e-021	2.65936e-024	1.72951e-024	9.56354e-028	4.00754e-028	1.29417e-031	3.14296e-032	6.70121e-036	8.5998e-037	1.35802e-040	9.35972e-042	1.16759e-045	4.60978e-047	4.70128e-051	1.1634e-052	1.16296e-054	
Coptotermes_acinaciformis	0	0	0	0	0	0	0	0	0	0	0	0	0	0	1	0	0	0	0	0	0	0	0	0	0	0	0	0	0	0	0	0	0	0	0	0	0	0	0	0	0	0	0	0	0	
N36	1.55202e-017	6.77814e-015	2.33321e-012	3.24172e-010	1.42886e-009	2.18069e-010	1.34442e-011	1.19785e-012	7.94134e-011	2.25805e-008	3.80628e-006	0.000336399	0.0135017	0.19596	0.660694	0.123894	0.00551773	9.16378e-005	7.13997e-007	3.00862e-009	7.55941e-012	1.25607e-014	1.56171e-017	3.81322e-020	9.9041e-023	5.92354e-025	1.32171e-027	5.08681e-030	7.92441e-033	1.93046e-035	2.09555e-038	3.30638e-041	2.46664e-044	2.57303e-047	1.30467e-050	9.24132e-054	3.20241e-057	1.61007e-060	3.88501e-064	1.47364e-067	2.54878e-071	7.84128e-075	1.14565e-078	4.32257e-082	1.96626e-085	
Reticulitermes_flavipes	0	0	0	0	0	0	0	0	0	0	0	0	0	0	1	0	0	0	0	0	0	0	0	0	0	0	0	0	0	0	0	0	0	0	0	0	0	0	0	0	0	0	0	0	0	
N37	2.07724e-020	1.85851e-017	9.96696e-015	1.67403e-012	3.96074e-012	1.28314e-013	3.20923e-015	3.71151e-016	5.38173e-014	6.93072e-011	5.08049e-008	1.81949e-005	0.00264613	0.11493	0.799784	0.0812564	0.00135881	6.99047e-006	1.49965e-008	1.6072e-011	9.6991e-015	3.60636e-018	9.23466e-022	1.81079e-024	3.35609e-027	5.81935e-029	7.50089e-032	8.07578e-034	6.69412e-037	4.6654e-039	2.41014e-042	1.12079e-044	3.41568e-048	1.06188e-050	1.7898e-054	3.48931e-057	3.15328e-061	3.07379e-064	1.8587e-068	1.04176e-071	4.51388e-076	1.67268e-079	5.39689e-084	1.72461e-087	7.6284e-091	
Reticulitermes_lucifugus	0	0	0	0	0	0	0	0	0	0	0	0	0	0	1	0	0	0	0	0	0	0	0	0	0	0	0	0	0	0	0	0	0	0	0	0	0	0	0	0	0	0	0	0	0	
Reticulitermes_urbis	0	0	0	0	0	0	0	0	0	0	0	0	0	0	1	0	0	0	0	0	0	0	0	0	0	0	0	0	0	0	0	0	0	0	0	0	0	0	0	0	0	0	0	0	0	
Schedorhinotermes_lamanianus	0	0	0	0	0	0	0	0	0	0	0	0	1	0	0	0	0	0	0	0	0	0	0	0	0	0	0	0	0	0	0	0	0	0	0	0	0	0	0	0	0	0	0	0	0	
N38	2.54755e-011	1.2447e-009	2.73594e-008	6.1286e-008	2.73828e-008	1.37831e-008	5.48307e-008	1.89507e-006	8.16671e-005	0.00213425	0.0273878	0.153693	0.352168	0.321424	0.12036	0.0204578	0.00205731	0.000210202	2.25321e-005	1.66787e-006	7.46038e-008	2.16289e-009	4.45445e-011	1.94431e-012	5.65424e-014	3.99599e-015	7.21599e-017	2.8144e-018	2.81786e-020	6.11672e-022	3.54432e-024	4.50127e-026	1.57412e-028	1.22279e-030	2.6772e-033	1.32199e-035	1.87522e-038	6.10759e-041	5.79415e-044	1.29277e-046	8.44506e-050	1.34648e-052	6.49953e-056	9.19898e-059	1.22999e-061	
N39	1.0586e-011	2.83377e-010	4.22221e-009	1.67613e-008	1.81312e-008	1.14378e-008	3.16279e-008	1.44631e-006	7.5147e-005	0.00220168	0.0299281	0.168114	0.369014	0.310412	0.103137	0.015332	0.00154143	0.000211549	2.88064e-005	2.49547e-006	1.30327e-007	4.37839e-009	1.01397e-010	1.88907e-011	7.5335e-013	1.17292e-012	2.54705e-014	2.47646e-014	2.75122e-016	1.56613e-016	9.10908e-019	3.08656e-019	9.88186e-022	2.0311e-022	3.81394e-025	4.7994e-026	5.66169e-029	4.37668e-030	3.46584e-033	1.65685e-034	9.32472e-038	2.80213e-039	1.17446e-042	2.329e-044	6.41899e-047	
N40	2.99928e-014	1.70993e-012	7.50285e-011	7.86521e-010	1.23323e-009	9.05638e-010	4.40692e-009	1.83129e-007	9.83536e-006	0.000450191	0.0108413	0.106618	0.362318	0.378539	0.125099	0.0152614	0.000835641	2.65809e-005	6.17983e-007	1.04048e-008	1.12565e-010	7.88447e-013	4.15959e-015	4.72229e-017	5.7296e-019	9.54416e-021	7.43005e-023	6.5797e-025	2.57645e-027	1.25623e-029	2.53584e-032	7.05121e-035	7.95657e-038	1.37934e-040	9.25452e-044	1.19743e-046	5.05418e-050	5.73107e-053	1.68826e-056	1.79206e-059	4.3683e-063	4.79052e-066	1.70575e-069	3.54657e-072	7.40695e-075	
N41	1.16886e-013	2.42276e-012	6.2105e-011	1.14106e-009	1.59569e-008	2.29865e-007	2.38171e-006	1.33621e-005	5.75543e-005	0.000617585	0.00900023	0.0711647	0.24993	0.365323	0.228227	0.0656025	0.00933201	0.000699907	2.92791e-005	7.24983e-007	1.15874e-008	4.58532e-010	2.46694e-011	6.49718e-012	2.67711e-013	3.92557e-014	1.00229e-015	8.40538e-017	1.29925e-018	6.47658e-020	5.81114e-022	1.74175e-023	9.08324e-026	1.60575e-027	5.20783e-030	5.58454e-032	1.19214e-034	8.61444e-037	1.25272e-039	6.79913e-042	6.95592e-045	3.09461e-047	3.59147e-050	4.76771e-052	1.00969e-053	
Bifiditermes_improbus	0	0	0	0	0	0	0	0	0	0	0	1	0	0	0	0	0	0	0	0	0	0	0	0	0	0	0	0	0	0	0	0	0	0	0	0	0	0	0	0	0	0	0	0	0	
N42	7.25268e-013	1.11136e-011	1.06578e-009	8.48331e-008	1.68708e-006	7.68262e-006	1.21714e-005	7.51382e-006	2.27643e-005	6.44996e-005	0.000106015	0.000201717	0.00302145	0.0387558	0.210193	0.371701	0.27034	0.090363	0.014169	0.00100284	2.83909e-005	1.17479e-006	3.8635e-008	2.61564e-009	5.16911e-011	1.75308e-012	1.94516e-014	3.58166e-016	2.36926e-018	2.55023e-020	1.03707e-022	6.87339e-025	1.76713e-027	7.57143e-030	1.2722e-032	3.74553e-035	4.25229e-038	9.20523e-041	7.28969e-044	1.23403e-046	7.06457e-050	1.01673e-052	7.1462e-056	2.25263e-058	9.01832e-061	
Incisitermes_sp	0	0	0	0	0	0	0	0	0	0	0	0	0	0	1	0	0	0	0	0	0	0	0	0	0	0	0	0	0	0	0	0	0	0	0	0	0	0	0	0	0	0	0	0	0	
Neotermes_insularis	0	0	0	0	0	0	0	0	0	0	0	0	0	0	0	0	0	0	0	1	0	0	0	0	0	0	0	0	0	0	0	0	0	0	0	0	0	0	0	0	0	0	0	0	0	
N43	3.07137e-017	1.00869e-014	1.58081e-012	2.34178e-011	1.98163e-011	1.33843e-011	1.6076e-010	1.50671e-008	2.00481e-006	0.000181901	0.00747366	0.106477	0.418121	0.383517	0.0798218	0.00432904	7.58808e-005	5.30216e-007	1.75629e-009	3.14492e-012	3.3358e-015	2.44658e-018	1.6507e-021	9.8535e-024	1.60815e-026	1.20374e-028	1.18027e-031	5.18273e-034	1.99813e-036	4.86959e-037	1.70085e-038	3.13644e-039	9.26041e-041	3.12368e-041	4.00764e-042	3.11081e-042	2.23237e-043	4.57565e-044	7.98979e-046	4.71559e-047	3.74729e-049	1.47803e-050	9.76331e-053	4.52267e-054	3.18978e-055	
N44	7.12632e-015	4.1417e-013	2.18406e-011	1.35883e-009	2.24971e-008	1.06849e-007	2.91468e-007	5.51731e-006	0.000250845	0.0055883	0.0561814	0.243009	0.411984	0.238319	0.0421231	0.00247858	5.96064e-005	6.94175e-007	4.43129e-009	1.69906e-011	4.20403e-014	9.15585e-017	3.33202e-019	1.26539e-020	9.90837e-023	2.93123e-024	1.63964e-026	2.94083e-028	1.15202e-030	1.26723e-032	3.2346e-035	2.19833e-037	3.35013e-040	1.38598e-042	1.27529e-045	3.15025e-048	1.86789e-051	3.02778e-054	1.19956e-057	1.46047e-060	4.00973e-064	4.05555e-067	1.06306e-070	2.34164e-073	8.49055e-076	
N45	2.09246e-014	2.85762e-012	3.18697e-010	1.24016e-008	5.6172e-008	5.16093e-008	2.95317e-008	1.38145e-007	7.73408e-006	0.00036987	0.00863997	0.0872734	0.335741	0.41749	0.137431	0.0126113	0.000428817	6.71421e-006	5.79463e-008	1.24228e-009	2.99727e-011	4.03785e-012	6.2241e-014	4.60967e-015	3.83118e-017	1.64889e-018	7.67106e-021	2.00531e-022	5.48415e-025	8.83923e-027	1.49948e-029	1.48591e-031	1.64757e-034	1.00721e-036	7.6188e-040	3.01774e-042	1.59611e-045	4.48327e-048	1.68565e-051	3.65758e-054	9.98481e-058	1.86859e-060	2.10231e-063	2.8901e-065	3.73658e-067	
Cryptotermes_austrinus	0	0	0	0	0	0	0	0	0	0	0	0	0	1	0	0	0	0	0	0	0	0	0	0	0	0	0	0	0	0	0	0	0	0	0	0	0	0	0	0	0	0	0	0	0	
Cryptotermes_queenslandis	0	0	0	0	0	0	0	0	0	0	0	0	0	0	1	0	0	0	0	0	0	0	0	0	0	0	0	0	0	0	0	0	0	0	0	0	0	0	0	0	0	0	0	0	0	
Cryptotermes_primus	0	0	0	0	0	0	0	0	1	0	0	0	0	0	0	0	0	0	0	0	0	0	0	0	0	0	0	0	0	0	0	0	0	0	0	0	0	0	0	0	0	0	0	0	0	
N46	1.10313e-017	1.79455e-015	1.69111e-013	2.26602e-012	4.59863e-012	2.30895e-011	4.20318e-010	2.12559e-008	1.70662e-006	0.000140374	0.00622346	0.0977099	0.411335	0.394911	0.0849079	0.00468881	8.17391e-005	5.49685e-007	1.67877e-009	2.65829e-012	2.5682e-015	8.78797e-017	4.7372e-019	1.03758e-019	2.65829e-022	3.5235e-023	4.22211e-026	3.56436e-027	2.01083e-030	1.08939e-031	3.02664e-035	1.00514e-036	1.52572e-040	2.84466e-042	2.70392e-046	2.63159e-048	1.75402e-052	8.94708e-055	4.54814e-059	1.43045e-061	8.38981e-066	4.20401e-068	6.01739e-072	8.39719e-074	7.43412e-075	
N47	4.85971e-018	2.11185e-016	2.71304e-014	2.42222e-012	1.24578e-010	5.02361e-009	1.12224e-007	1.17016e-006	1.34554e-005	0.00024971	0.00644739	0.0918236	0.385816	0.402687	0.105127	0.00765898	0.000174782	1.41458e-006	4.60222e-009	6.84366e-012	5.32563e-015	1.50956e-017	5.96547e-020	1.94135e-021	4.51e-024	7.08351e-026	1.783e-028	1.22166e-028	1.06979e-029	7.12308e-030	3.20675e-031	1.4511e-031	3.91689e-033	1.14134e-033	2.08268e-035	3.60579e-036	4.90075e-038	5.37969e-039	5.59491e-041	4.50126e-042	3.59261e-044	2.40812e-045	2.11052e-047	6.17981e-048	3.63053e-048	
Cryptotermes_brevis	0	0	0	0	0	0	0	0	0	0	0	1	0	0	0	0	0	0	0	0	0	0	0	0	0	0	0	0	0	0	0	0	0	0	0	0	0	0	0	0	0	0	0	0	0	
N48	5.04046e-018	2.21442e-016	2.52282e-014	2.7847e-012	2.30491e-010	1.1452e-008	2.12137e-007	1.72589e-006	1.67509e-005	0.000262965	0.00621839	0.0882068	0.376707	0.406561	0.112773	0.0090174	0.000232125	2.15478e-006	8.06028e-009	1.40016e-011	1.58324e-014	7.75598e-015	3.29578e-017	3.12245e-017	5.10034e-020	2.74575e-020	1.76951e-023	5.77981e-024	1.47901e-027	2.94574e-028	3.13767e-032	3.50172e-033	1.82392e-037	9.67315e-039	3.05978e-043	6.95296e-045	1.54825e-049	1.59224e-051	2.67493e-056	1.39512e-058	1.82568e-063	5.37889e-066	5.7714e-071	3.0808e-073	1.57136e-074	
Cryptotermes_cynocephalus	0	0	0	0	0	0	0	0	0	0	0	0	0	0	0	1	0	0	0	0	0	0	0	0	0	0	0	0	0	0	0	0	0	0	0	0	0	0	0	0	0	0	0	0	0	
N49	4.50204e-017	2.23264e-015	1.32298e-013	1.25422e-011	1.10557e-009	5.45804e-008	1.27146e-006	1.66188e-005	0.000126387	0.000809404	0.0104462	0.101594	0.364201	0.387048	0.121938	0.0132347	0.000574271	1.10502e-005	1.01615e-007	4.9234e-010	1.38967e-012	1.73673e-014	5.05218e-016	4.16056e-016	9.65383e-018	4.89616e-018	6.43588e-020	2.05131e-020	1.30336e-022	2.74631e-023	7.39106e-026	1.01197e-026	1.19381e-029	9.16622e-031	5.9888e-034	2.15496e-035	9.5691e-039	1.59579e-040	5.21988e-044	4.59674e-046	1.1191e-049	6.23241e-052	1.25891e-055	2.3156e-057	1.97894e-058	
Cryptotermes_domesticus	0	0	0	0	0	0	0	0	1	0	0	0	0	0	0	0	0	0	0	0	0	0	0	0	0	0	0	0	0	0	0	0	0	0	0	0	0	0	0	0	0	0	0	0	0	
Procryptotermes_australiensis	0	0	0	0	0	0	0	0	0	0	0	0	0	0	0	0	0	1	0	0	0	0	0	0	0	0	0	0	0	0	0	0	0	0	0	0	0	0	0	0	0	0	0	0	0	
N50	2.12986e-014	2.38241e-012	2.10601e-010	5.58163e-009	6.04919e-009	1.96533e-009	4.59994e-010	3.337e-009	3.92779e-007	3.30877e-005	0.00149363	0.0313873	0.250445	0.540274	0.162332	0.0135791	0.000448711	7.16949e-006	6.31646e-008	3.38173e-010	1.19241e-012	4.21926e-015	2.03647e-017	3.90957e-019	2.74466e-021	3.98305e-023	1.98867e-025	1.78719e-027	6.26062e-030	3.53508e-032	8.39771e-035	3.0133e-037	4.68047e-040	1.08758e-042	1.10886e-045	1.75605e-048	1.20616e-051	1.4204e-054	6.81849e-058	6.46736e-061	2.26391e-064	1.88358e-067	7.52636e-071	1.23717e-073	2.59628e-076	
Cryptotermes_dudleyi	0	0	0	0	0	0	0	0	0	0	0	0	0	1	0	0	0	0	0	0	0	0	0	0	0	0	0	0	0	0	0	0	0	0	0	0	0	0	0	0	0	0	0	0	0	
Cryptotermes_secundus	0	0	0	0	0	0	0	0	0	0	0	0	0	1	0	0	0	0	0	0	0	0	0	0	0	0	0	0	0	0	0	0	0	0	0	0	0	0	0	0	0	0	0	0	0	
Kalotermes_flavicollis	0	0	0	0	0	0	0	0	0	0	0	0	0	0	0	0	0	0	0	0	0	0	0	0	0	0	0	1	0	0	0	0	0	0	0	0	0	0	0	0	0	0	0	0	0	
N51	8.80202e-012	2.2539e-010	6.69527e-009	9.44155e-008	3.42034e-007	3.23983e-007	1.8231e-007	4.90657e-007	1.08576e-005	0.000252655	0.00373531	0.0318368	0.144961	0.324031	0.325529	0.139217	0.027469	0.00278984	0.000160661	5.74762e-006	1.38491e-007	3.37046e-009	9.2336e-011	6.16548e-012	2.03432e-013	1.0421e-014	2.36695e-016	7.61751e-018	1.17747e-019	2.45238e-021	2.58575e-023	3.59811e-025	2.60237e-027	2.5086e-029	1.26262e-031	8.82524e-034	3.15818e-036	1.68667e-038	4.40315e-041	1.89199e-043	3.73588e-046	1.40176e-048	3.04953e-051	1.90343e-053	1.55472e-055	
Glyptotermes_brevicornis	0	0	0	0	0	0	0	0	0	0	0	0	0	0	1	0	0	0	0	0	0	0	0	0	0	0	0	0	0	0	0	0	0	0	0	0	0	0	0	0	0	0	0	0	0	
Glyptotermes_iridipennis	0	0	0	0	0	0	0	0	0	0	0	0	0	0	1	0	0	0	0	0	0	0	0	0	0	0	0	0	0	0	0	0	0	0	0	0	0	0	0	0	0	0	0	0	0	
N52	2.71486e-007	7.13469e-007	5.42338e-006	5.97251e-005	0.000725162	0.00644815	0.030062	0.0616786	0.0617524	0.0363298	0.0207148	0.0364209	0.0906752	0.163143	0.198516	0.162559	0.0891578	0.0325439	0.00782549	0.0012412	0.00013028	1.00069e-005	5.91878e-007	4.2333e-008	2.56221e-009	2.06299e-010	9.87372e-012	5.53403e-013	1.80268e-014	6.78325e-016	1.53657e-017	4.03624e-019	6.5461e-021	1.24572e-022	1.48245e-024	2.11252e-026	1.88497e-028	2.07373e-030	1.41523e-032	1.23831e-034	6.65671e-037	4.9265e-039	2.53179e-041	2.22271e-043	2.41571e-045	
Stolotermes_sp	0	0	0	0	0	0	0	0	0	1	0	0	0	0	0	0	0	0	0	0	0	0	0	0	0	0	0	0	0	0	0	0	0	0	0	0	0	0	0	0	0	0	0	0	0	
N53	3.20951e-010	7.61703e-010	2.58294e-008	1.12715e-006	3.22801e-005	0.000487309	0.00232971	0.0015375	0.000323119	3.50557e-005	2.57503e-006	8.95105e-007	1.1842e-005	0.000215771	0.00262807	0.0200879	0.0912861	0.233833	0.304362	0.229425	0.0784365	0.0300347	0.00420364	0.000684365	3.91653e-005	2.82859e-006	8.00907e-008	3.04686e-009	4.87321e-011	1.09691e-012	1.07979e-014	1.5604e-016	1.0038e-018	9.91194e-021	4.35637e-023	3.09152e-025	9.6108e-028	5.11808e-030	1.1571e-032	4.80402e-035	8.23224e-038	2.9672e-040	6.87667e-043	4.89945e-045	4.19574e-047	
Zootermopsis_angusticollis	0	0	0	0	0	0	0	0	0	0	0	0	0	0	0	0	0	0	0	1	0	0	0	0	0	0	0	0	0	0	0	0	0	0	0	0	0	0	0	0	0	0	0	0	0	
Zootermopsis_nevadensis	0	0	0	0	0	0	0	0	0	0	0	0	0	0	0	0	0	0	0	1	0	0	0	0	0	0	0	0	0	0	0	0	0	0	0	0	0	0	0	0	0	0	0	0	0	
Mastotermes_darwiniensis	0	0	0	0	0	0	0	0	0	0	0	0	0	0	0	0	0	0	0	0	0	0	0	0	0	0	0	0	0	0	0	0	0	0	0	0	0	0	0	0	0	0	1	0	0	
Porotermes_adamsoni	0	0	0	0	0	0	0	0	0	0	0	0	0	1	0	0	0	0	0	0	0	0	0	0	0	0	0	0	0	0	0	0	0	0	0	0	0	0	0	0	0	0	0	0	0	
N54	0.00709201	0.0184127	0.0596104	0.155029	0.266146	0.266665	0.149114	0.0510402	0.0139144	0.0054453	0.00353583	0.00226064	0.00113924	0.000436971	0.000125921	2.73773e-005	4.44011e-006	5.51139e-007	5.18716e-008	4.03284e-009	2.51838e-010	1.47955e-011	7.13465e-013	3.43809e-014	1.29207e-015	4.83149e-017	1.36424e-018	3.83622e-020	8.1234e-022	1.73284e-023	2.79575e-025	4.62278e-027	5.79815e-029	7.61651e-031	7.57433e-033	8.0979e-035	6.52473e-037	5.84149e-039	3.94116e-041	3.11167e-043	1.96916e-045	1.61144e-047	1.2598e-049	1.24034e-051	1.40103e-053	
N55	0.00422576	0.0464442	0.320731	0.472866	0.139728	0.0151585	0.000817961	2.75546e-005	7.01208e-007	1.47704e-008	2.50087e-010	3.2356e-012	3.12387e-014	2.25149e-016	1.22092e-018	5.04018e-021	1.60128e-023	3.96507e-026	7.73937e-029	1.20795e-031	1.52536e-034	1.58608e-037	1.3715e-040	1.01557e-043	6.4534e-047	3.93751e-050	2.24185e-053	1.87399e-056	1.40992e-059	1.76759e-062	1.37213e-065	1.56862e-068	1.03823e-071	9.74446e-075	5.36809e-078	4.12815e-081	1.89119e-084	1.20192e-087	4.59089e-091	2.44228e-094	7.92578e-098	3.6994e-101	1.18696e-104	6.03114e-108	2.95664e-111	
Cryptocercus_primarius	0	0	0	1	0	0	0	0	0	0	0	0	0	0	0	0	0	0	0	0	0	0	0	0	0	0	0	0	0	0	0	0	0	0	0	0	0	0	0	0	0	0	0	0	0	
Cryptocercus_relictus	0	0	1	0	0	0	0	0	0	0	0	0	0	0	0	0	0	0	0	0	0	0	0	0	0	0	0	0	0	0	0	0	0	0	0	0	0	0	0	0	0	0	0	0	0	
Cryptocercus_punctulatus	0	0	0	0	0	0	0	0	0	0	0	0	0	0	0	0	0	1	0	0	0	0	0	0	0	0	0	0	0	0	0	0	0	0	0	0	0	0	0	0	0	0	0	0	0	
N56	0.00186749	0.00419062	0.0116304	0.0305849	0.0689192	0.12625	0.182147	0.203172	0.173443	0.112946	0.0560312	0.021174	0.00606985	0.00132347	0.000218605	2.88646e-005	3.0688e-006	3.88816e-007	4.53015e-008	9.2183e-009	1.06364e-009	1.83895e-010	1.56891e-011	1.94473e-012	1.19412e-013	1.06251e-014	4.71598e-016	3.06679e-017	9.93042e-019	4.83157e-020	1.15409e-021	4.31284e-023	7.70338e-025	2.27963e-026	3.08556e-028	7.44715e-030	7.84703e-032	1.63757e-033	1.38647e-035	2.64096e-037	2.35008e-039	6.46059e-041	1.47037e-042	6.59801e-044	3.33574e-045	
N57	0.00123591	0.0026021	0.00727754	0.0204129	0.0504081	0.101651	0.159871	0.193039	0.180376	0.134719	0.0820448	0.0415062	0.0168009	0.00579033	0.00155184	0.000515491	0.00012483	5.64558e-005	1.16087e-005	4.27726e-006	6.16656e-007	1.5845e-007	1.58496e-008	2.86366e-009	2.0255e-010	2.63966e-011	1.34366e-012	1.29291e-013	4.83432e-015	3.54356e-016	9.85116e-018	5.61095e-019	1.2004e-020	5.72619e-022	9.42446e-024	3.76053e-025	5.67499e-027	2.65116e-028	3.25651e-030	1.27061e-031	2.06871e-033	1.16007e-034	2.14855e-036	1.34607e-037	1.03261e-038	
N58	7.4142e-005	0.000192252	0.00115162	0.00818108	0.0421502	0.128362	0.211186	0.190677	0.113269	0.0693054	0.0634025	0.065944	0.0548474	0.0326917	0.0133889	0.00406828	0.000893351	0.000182903	2.80494e-005	4.72975e-006	5.0633e-007	5.82155e-008	3.91048e-009	2.83602e-010	1.20506e-011	5.68023e-013	1.58909e-014	5.09865e-016	9.78027e-018	2.23475e-019	3.04124e-021	5.14554e-023	5.13442e-025	6.70187e-027	5.03889e-029	5.24858e-031	3.10701e-033	2.74967e-035	1.33683e-037	1.05791e-039	5.2432e-042	4.96519e-044	4.05328e-046	4.99831e-048	6.66835e-050	
N59	4.15014e-006	1.72142e-005	0.000135707	0.00165156	0.0175615	0.0954748	0.223289	0.232671	0.13855	0.0855285	0.0788491	0.0693701	0.0400737	0.0137099	0.00275148	0.000334528	2.55101e-005	1.29777e-006	4.52579e-008	1.13515e-009	1.99455e-011	2.54041e-013	2.25722e-015	1.48712e-017	6.94929e-020	2.61853e-022	7.10685e-025	2.17034e-027	4.57997e-030	2.11747e-032	4.20182e-035	2.04112e-037	3.13599e-040	1.1621e-042	1.32615e-045	3.6793e-048	3.19349e-051	6.83881e-054	4.62366e-057	7.88299e-060	4.38815e-063	6.39388e-066	3.74535e-069	6.36815e-072	9.16658e-075	
N60	2.60663e-006	1.21201e-005	0.000131203	0.00199642	0.0216888	0.112772	0.239781	0.221005	0.117322	0.0737723	0.0765633	0.0715866	0.043508	0.0158995	0.00345648	0.000461169	3.76681e-005	3.58279e-006	1.60535e-007	9.08371e-008	2.49482e-009	1.20742e-009	1.82204e-011	5.15863e-012	4.90777e-014	9.05091e-015	6.04347e-017	7.99154e-018	3.85647e-020	3.69258e-021	1.2817e-023	8.60101e-025	2.1793e-027	1.01345e-028	1.92484e-031	6.2662e-033	9.19325e-036	2.17688e-037	2.51202e-040	4.42182e-042	4.43524e-045	9.27968e-047	8.66681e-050	3.59984e-051	3.01995e-052	
Blatta_orientalis	0	0	0	0	0	0	0	0	0	0	0	0	0	0	0	0	0	1	0	0	0	0	0	0	0	0	0	0	0	0	0	0	0	0	0	0	0	0	0	0	0	0	0	0	0	
N61	3.14153e-006	4.59669e-007	8.60959e-008	2.64053e-006	0.000209719	0.00857503	0.144055	0.663791	0.169324	0.0135033	0.000524044	1.1482e-005	1.50363e-007	1.22723e-009	6.47413e-012	2.2979e-014	5.67235e-017	1.02361e-019	1.39993e-022	1.60325e-025	1.56022e-028	1.5334e-031	1.27226e-034	1.21538e-037	8.7407e-041	8.81379e-044	6.01102e-047	6.1445e-050	3.77571e-053	3.25616e-056	1.63589e-059	1.1022e-062	4.35574e-066	2.27535e-069	7.004e-073	2.87289e-076	6.90508e-080	2.27382e-083	4.30593e-087	1.17266e-090	1.80953e-094	4.40909e-098	7.10985e-102	2.27159e-105	7.88692e-109	
Periplaneta_australasiae	0	0	0	0	0	0	0	1	0	0	0	0	0	0	0	0	0	0	0	0	0	0	0	0	0	0	0	0	0	0	0	0	0	0	0	0	0	0	0	0	0	0	0	0	0	
Periplaneta_fuliginosa	0	0	0	0	0	0	0	1	0	0	0	0	0	0	0	0	0	0	0	0	0	0	0	0	0	0	0	0	0	0	0	0	0	0	0	0	0	0	0	0	0	0	0	0	0	
N62	8.60299e-006	3.09317e-005	0.000127925	0.000496768	0.00281642	0.0210496	0.0983647	0.233224	0.283151	0.205879	0.106669	0.0384512	0.00852779	0.00111244	8.59026e-005	4.16248e-006	1.28972e-007	3.00818e-009	4.87863e-011	1.00248e-012	1.27974e-014	3.11757e-016	3.05784e-018	6.13711e-020	4.57687e-022	7.8922e-024	5.32009e-026	8.67457e-028	5.45002e-030	7.6094e-032	3.94924e-034	4.28601e-036	1.71778e-038	1.41616e-040	4.30647e-043	2.71359e-045	6.30907e-048	3.12879e-050	5.58037e-053	2.22477e-055	3.17834e-058	1.14478e-060	1.55259e-063	7.83974e-066	5.37223e-068	
Periplaneta_americana	0	0	0	0	0	0	0	0	0	0	1	0	0	0	0	0	0	0	0	0	0	0	0	0	0	0	0	0	0	0	0	0	0	0	0	0	0	0	0	0	0	0	0	0	0	
Periplaneta_brunnea	0	0	0	0	0	0	0	1	0	0	0	0	0	0	0	0	0	0	0	0	0	0	0	0	0	0	0	0	0	0	0	0	0	0	0	0	0	0	0	0	0	0	0	0	0	
Deropeltis_erythrocephala	0	0	0	0	0	0	0	0	0	0	0	0	0	0	0	0	0	0	1	0	0	0	0	0	0	0	0	0	0	0	0	0	0	0	0	0	0	0	0	0	0	0	0	0	0	
N63	6.11088e-006	2.5187e-005	2.30842e-005	7.53775e-006	1.06318e-005	0.000143307	0.00235921	0.0241473	0.129274	0.32903	0.351777	0.13805	0.0231096	0.00194406	9.10368e-005	2.7657e-006	5.62336e-008	9.08334e-010	1.08925e-011	1.19142e-013	9.77608e-016	7.67599e-018	4.41122e-020	2.47202e-022	1.0085e-024	4.10449e-027	1.22116e-029	3.7201e-032	8.32424e-035	1.96082e-037	3.38771e-040	6.34219e-043	8.68243e-046	1.33021e-048	1.47395e-051	1.89287e-054	1.75301e-057	1.96739e-060	1.59657e-063	1.67146e-066	1.41452e-069	1.65601e-072	1.81407e-075	2.38422e-078	3.10691e-081	
N64	5.22094e-007	1.2508e-006	1.8792e-006	7.93077e-006	2.11448e-005	4.57336e-005	0.000292854	0.0163577	0.132507	0.352694	0.353049	0.129728	0.0150851	0.00020701	1.04538e-006	2.6112e-009	3.75732e-012	4.34747e-015	5.01116e-018	2.82953e-020	4.7112e-023	2.51352e-025	2.65755e-028	8.91838e-031	6.00108e-034	1.29738e-036	5.59441e-040	7.83374e-043	2.18962e-046	1.98455e-049	3.771e-053	2.33981e-056	3.1548e-060	1.433e-063	1.4151e-067	4.95681e-071	3.67561e-075	1.04155e-078	5.92882e-083	1.40772e-086	6.6868e-091	1.94703e-094	5.74021e-098	6.75655e-101	6.74895e-104	
Eurycotis_floridana	0	0	0	0	0	0	0	1	0	0	0	0	0	0	0	0	0	0	0	0	0	0	0	0	0	0	0	0	0	0	0	0	0	0	0	0	0	0	0	0	0	0	0	0	0	
Pelmatosilpha_sp	0	0	0	0	0	0	0	0	0	0	0	0	1	0	0	0	0	0	0	0	0	0	0	0	0	0	0	0	0	0	0	0	0	0	0	0	0	0	0	0	0	0	0	0	0	
Periplaneta_japonica	0	0	0	0	0	0	0	0	0	0	1	0	0	0	0	0	0	0	0	0	0	0	0	0	0	0	0	0	0	0	0	0	0	0	0	0	0	0	0	0	0	0	0	0	0	
Lamproblatta_albipalpus	0	0	1	0	0	0	0	0	0	0	0	0	0	0	0	0	0	0	0	0	0	0	0	0	0	0	0	0	0	0	0	0	0	0	0	0	0	0	0	0	0	0	0	0	0	
N65	0.000144579	0.000411852	0.00140004	0.00421511	0.011819	0.0352233	0.0977493	0.199782	0.266861	0.223169	0.114784	0.0363484	0.00711819	0.000895692	7.37736e-005	4.87873e-006	2.56975e-007	1.85079e-008	8.90055e-010	5.40731e-011	1.70252e-012	6.43876e-014	1.26395e-015	3.01375e-017	3.80023e-019	5.96392e-021	4.97588e-023	5.35999e-025	3.04009e-027	2.3455e-029	9.2664e-032	5.33631e-034	1.51007e-036	6.827e-039	1.4223e-041	5.29189e-044	8.86152e-047	3.15739e-049	4.69912e-052	1.67916e-054	3.37035e-057	1.65526e-059	5.78004e-062	3.19679e-064	1.70795e-066	
N66	0.000149344	0.000548716	0.00200838	0.00526312	0.0115202	0.0298695	0.0847871	0.18474	0.263644	0.235126	0.128819	0.0432811	0.00895641	0.00117937	9.95206e-005	7.84091e-006	4.04076e-007	1.06724e-007	4.51689e-009	1.44965e-009	3.76401e-011	7.91076e-012	1.29813e-013	1.7706e-014	1.92251e-016	1.74557e-017	1.30551e-019	8.07943e-021	4.3133e-023	1.86445e-024	7.31227e-027	2.25764e-028	6.69189e-031	1.53523e-032	3.49675e-035	6.0747e-037	1.1505e-039	2.02719e-041	2.94545e-044	4.07132e-046	1.0802e-048	4.55942e-050	7.37013e-053	2.82997e-054	1.59133e-055	
N67	7.67631e-005	0.000448866	0.00235363	0.0064222	0.00921253	0.0146031	0.0441747	0.123402	0.229444	0.267094	0.191051	0.0841217	0.0227554	0.00420007	0.00050365	0.000117688	1.24139e-005	4.87798e-006	3.09501e-007	7.10908e-008	2.4703e-009	3.19686e-010	6.42577e-012	4.91542e-013	6.03819e-015	2.8591e-016	2.24921e-018	6.87255e-020	3.60398e-022	7.42099e-024	2.67255e-026	3.84653e-028	9.92104e-031	1.10868e-032	2.04897e-035	1.77728e-037	3.45899e-040	5.57219e-042	6.9453e-045	6.52271e-047	1.86158e-049	3.68467e-051	5.27056e-054	7.83326e-056	1.42675e-057	
N68	3.44456e-005	0.000179033	0.000910237	0.00270565	0.00452282	0.0070802	0.0216814	0.0727793	0.170906	0.257006	0.241639	0.143243	0.0531685	0.0164027	0.00319497	0.00326204	0.000519762	0.000662279	5.77292e-005	4.23138e-005	2.06393e-006	8.73178e-007	2.53677e-008	6.43379e-009	1.18119e-010	1.8661e-011	2.2755e-013	2.3196e-014	1.96125e-016	1.3475e-017	8.12702e-020	3.87276e-021	1.78099e-023	7.49973e-025	2.4907e-027	7.73847e-029	4.44481e-031	4.62079e-032	1.00022e-034	3.08933e-036	2.49197e-038	2.53424e-039	5.01875e-042	2.38532e-043	2.08644e-044	
N69	6.72809e-007	7.48662e-006	6.34267e-005	0.000244925	0.000459348	0.000647403	0.00225323	0.0113608	0.0474033	0.136225	0.243584	0.264127	0.177742	0.0802927	0.0251322	0.00785783	0.0018487	0.000643231	8.73202e-005	1.75849e-005	1.09722e-006	1.16257e-007	3.64906e-009	2.16794e-010	3.90468e-012	1.47021e-013	1.77791e-015	4.82934e-017	4.22111e-019	8.33164e-021	5.00882e-023	6.89566e-025	2.79435e-027	2.78809e-029	7.85087e-032	6.02202e-034	1.46312e-036	1.18011e-038	2.4071e-041	1.54492e-043	3.66971e-046	2.86934e-048	6.96648e-051	6.21306e-053	5.78239e-055	
N70	6.11225e-008	5.89296e-007	4.49176e-006	1.86886e-005	5.40945e-005	0.000166722	0.00083846	0.00530168	0.0283347	0.100698	0.213249	0.265767	0.20844	0.114169	0.045255	0.0137396	0.00311523	0.000725511	9.92024e-005	2.20241e-005	1.4987e-006	4.12514e-007	1.83991e-008	6.03948e-009	2.99165e-010	1.08275e-010	4.28361e-012	1.01064e-012	2.41449e-014	3.3467e-015	4.82239e-017	3.98239e-018	3.60281e-020	1.85189e-021	1.09577e-023	3.69382e-025	1.55564e-027	4.03083e-029	1.27465e-031	2.5425e-033	7.09691e-036	1.44815e-037	3.50589e-040	8.20074e-042	2.85734e-043	
N71	2.2266e-008	1.44192e-007	7.68375e-007	3.9616e-006	2.95086e-005	0.000207104	0.00103447	0.00496055	0.0254108	0.091777	0.192451	0.232668	0.186796	0.128138	0.080222	0.0391833	0.013337	0.0031443	0.000517292	9.57515e-005	1.45757e-005	7.43959e-006	9.2636e-007	3.35987e-007	2.28571e-008	4.59271e-009	1.75283e-010	2.03424e-011	4.57831e-013	3.20953e-014	4.47565e-016	1.9729e-017	1.78623e-019	5.16837e-021	3.16491e-023	6.31265e-025	2.72148e-027	3.98275e-029	1.2568e-031	1.4207e-033	3.45868e-036	3.31633e-038	1.02782e-040	2.44874e-042	8.9786e-044	
N72	3.34513e-009	2.36577e-008	1.10967e-007	6.07319e-007	6.53744e-006	6.69146e-005	0.000512635	0.00334036	0.0204354	0.0846438	0.186512	0.213953	0.149713	0.101371	0.089237	0.0748966	0.0470036	0.0200284	0.00556043	0.00167476	0.000442144	0.000449445	9.0373e-005	5.45272e-005	5.28676e-006	1.57868e-006	7.70516e-008	1.20427e-008	3.16118e-010	2.74746e-011	4.14758e-013	2.11937e-014	1.95577e-016	6.19389e-018	3.67977e-020	7.60971e-022	3.03701e-024	4.32191e-026	1.19955e-028	1.23445e-030	2.46273e-033	1.96065e-035	4.41829e-038	8.85057e-040	2.84401e-041	
N73	4.79836e-010	4.42352e-009	4.13757e-008	3.59726e-007	2.86312e-006	2.54877e-005	0.000253975	0.00300675	0.0253853	0.106814	0.208294	0.196282	0.108347	0.0671657	0.0675129	0.0710123	0.0664157	0.0465667	0.0214709	0.00698579	0.00183821	0.00140121	0.0004453	0.000587636	9.62081e-005	8.04893e-005	6.4552e-006	2.8918e-006	1.17924e-007	2.8413e-008	6.25369e-010	8.42503e-011	1.06921e-012	8.40073e-014	6.54265e-016	3.12789e-017	1.57726e-019	4.79339e-021	1.63419e-023	3.30193e-025	7.88323e-028	1.11287e-029	2.06475e-032	3.31175e-034	1.03942e-035	
N74	1.62676e-010	4.74794e-009	1.12732e-007	1.88218e-006	1.56972e-005	5.05628e-005	0.000107844	0.000716861	0.00767024	0.0494032	0.154389	0.231217	0.187612	0.106206	0.0578598	0.0471287	0.0567545	0.0528066	0.0308565	0.0119041	0.00355284	0.00117028	0.00040727	0.000135511	2.83879e-005	4.67414e-006	4.33542e-007	3.19295e-008	1.33832e-009	4.67705e-011	9.54159e-013	1.91614e-014	2.16628e-016	4.06244e-018	3.63281e-020	9.45226e-022	7.45884e-024	1.69936e-025	9.85867e-028	1.6038e-029	6.64144e-032	7.86081e-034	3.20347e-036	4.69739e-038	7.60654e-040	
N75	4.08039e-011	2.32548e-009	1.11961e-007	1.72903e-006	6.14812e-006	8.70448e-006	3.33667e-005	0.000265309	0.00142682	0.00754029	0.0421369	0.144035	0.24761	0.223448	0.132672	0.0851084	0.0628919	0.0348643	0.0131151	0.00372221	0.000886996	0.000189654	3.29535e-005	4.06244e-006	3.18036e-007	1.59941e-008	4.94891e-010	1.00706e-011	1.31843e-013	1.18473e-015	7.27469e-018	3.29556e-020	1.07716e-022	3.07621e-025	6.54597e-028	2.17983e-030	4.52907e-033	4.11708e-035	1.12789e-037	1.55981e-039	4.45382e-042	6.6364e-044	6.99477e-046	1.29221e-047	1.9102e-049	
N76	4.63741e-011	1.94965e-009	5.32069e-008	4.2809e-007	1.01473e-006	1.679e-006	4.0284e-006	3.39776e-005	0.000405928	0.00419206	0.031521	0.130157	0.260852	0.262748	0.163745	0.0857741	0.0384596	0.0144706	0.00542612	0.00174386	0.000394321	6.19235e-005	6.67155e-006	4.69339e-007	2.05017e-008	5.54177e-010	9.26503e-012	1.0367e-013	7.54273e-016	9.15214e-018	5.56694e-020	2.15795e-021	1.01659e-023	3.08847e-025	1.04774e-027	2.44995e-029	7.37623e-032	1.61325e-033	4.56664e-036	8.78143e-038	1.95845e-040	2.91224e-042	6.04478e-045	8.93543e-047	8.83342e-049	
N77	1.735e-011	5.28826e-010	1.45448e-008	1.226e-007	3.23403e-007	4.95155e-007	1.97356e-006	8.27758e-006	3.21378e-005	0.00039294	0.0063244	0.0546928	0.209967	0.335829	0.25526	0.106135	0.0266109	0.00424502	0.000463212	3.44925e-005	1.69041e-006	5.40801e-008	1.13747e-009	1.60609e-011	1.53028e-013	1.09238e-015	5.72519e-018	4.77772e-020	2.72925e-022	4.17216e-024	2.15123e-026	3.31451e-028	2.10836e-030	4.41468e-032	3.06136e-034	5.46411e-036	2.91203e-038	4.03719e-040	1.69266e-042	1.9083e-044	6.71925e-047	6.67864e-049	2.95149e-051	3.65214e-053	3.86803e-055	
Archimandrita_tessellata	0	0	0	0	0	0	0	0	0	0	0	0	0	0	0	0	1	0	0	0	0	0	0	0	0	0	0	0	0	0	0	0	0	0	0	0	0	0	0	0	0	0	0	0	0	
N78	2.15124e-014	4.22322e-012	4.85372e-010	3.222e-010	1.41587e-011	3.74623e-013	1.25579e-012	4.19809e-010	1.44084e-007	3.21921e-005	0.00384316	0.180409	0.711067	0.100191	0.00436869	8.75024e-005	9.39014e-007	5.92054e-009	2.34199e-011	7.49216e-014	9.59649e-015	4.41228e-015	1.43226e-015	3.26983e-016	5.27639e-017	7.27042e-018	1.00715e-018	4.70878e-019	8.56807e-020	2.66252e-020	1.54524e-021	4.64516e-023	2.7146e-025	2.40334e-027	5.93792e-030	2.58447e-032	3.5383e-035	9.08869e-038	7.7959e-041	1.30448e-043	7.54792e-047	8.84278e-050	3.92821e-053	4.00848e-056	3.12285e-059	
Blaberus_discoidalis	0	0	0	0	0	0	0	0	0	0	0	0	1	0	0	0	0	0	0	0	0	0	0	0	0	0	0	0	0	0	0	0	0	0	0	0	0	0	0	0	0	0	0	0	0	
Blaberus_giganteus	0	0	0	0	0	0	0	0	0	0	0	0	0	0	0	0	0	0	0	0	0	0	0	0	0	0	0	0	0	0	1	0	0	0	0	0	0	0	0	0	0	0	0	0	0	
N79	1.9262e-010	5.69103e-009	2.80126e-008	5.33336e-008	2.57778e-007	2.49238e-006	1.47029e-005	5.49808e-005	0.000296455	0.00796305	0.0866429	0.243032	0.317075	0.222491	0.0837508	0.0156814	0.00221888	0.00333658	0.00576847	0.00596059	0.00376673	0.00149334	0.000376008	6.41877e-005	7.82945e-006	1.5108e-006	1.7307e-007	2.15413e-008	7.58177e-010	3.36539e-011	5.23509e-013	1.12784e-014	9.58749e-017	1.19766e-018	6.33754e-021	5.19348e-023	1.88671e-025	1.09977e-027	2.898e-030	1.23808e-032	2.39866e-035	7.62546e-038	1.16881e-040	3.35386e-043	8.83208e-046	
Eublaberus_distanti	0	0	0	0	0	0	0	0	0	0	0	0	0	0	0	0	0	0	0	0	0	0	0	0	0	0	1	0	0	0	0	0	0	0	0	0	0	0	0	0	0	0	0	0	0	
Eublaberus_posticus	0	0	0	0	0	0	0	0	0	0	0	0	0	0	0	1	0	0	0	0	0	0	0	0	0	0	0	0	0	0	0	0	0	0	0	0	0	0	0	0	0	0	0	0	0	
Byrsotria_fumigata	0	0	0	0	0	0	0	0	0	0	0	0	0	0	0	0	0	1	0	0	0	0	0	0	0	0	0	0	0	0	0	0	0	0	0	0	0	0	0	0	0	0	0	0	0	
Gromphadorhina_portentosa	0	0	0	0	0	0	0	0	0	0	0	0	0	0	0	0	0	0	0	0	0	0	0	0	0	1	0	0	0	0	0	0	0	0	0	0	0	0	0	0	0	0	0	0	0	
N80	1.18953e-009	4.83276e-009	2.43761e-008	1.2814e-007	1.92242e-006	4.72019e-005	0.000711376	0.00451676	0.0112979	0.0121973	0.00523075	0.00138706	0.00106576	0.00120315	0.000977905	0.000582235	0.000663389	0.00336196	0.0158303	0.0491169	0.0950564	0.132634	0.137765	0.191444	0.151217	0.125254	0.0429934	0.0133907	0.00180443	0.000233324	1.47208e-005	9.56768e-007	3.272e-008	1.22665e-009	2.51448e-011	6.01701e-013	7.96727e-015	1.31667e-016	1.19459e-018	1.45089e-020	9.56631e-023	9.32982e-025	5.94305e-027	7.33915e-029	1.15168e-030	
Lanxoblatta_emarginata	0	0	0	0	0	0	0	0	0	0	0	0	0	0	0	0	0	0	0	0	0	0	0	0	0	0	1	0	0	0	0	0	0	0	0	0	0	0	0	0	0	0	0	0	0	
Phoetalia_sp	0	0	0	0	0	0	0	0	0	0	0	0	0	0	0	0	0	0	0	0	1	0	0	0	0	0	0	0	0	0	0	0	0	0	0	0	0	0	0	0	0	0	0	0	0	
Epilampra_sp	0	0	0	0	0	0	0	0	0	0	0	0	0	0	1	0	0	0	0	0	0	0	0	0	0	0	0	0	0	0	0	0	0	0	0	0	0	0	0	0	0	0	0	0	0	
Pycnoscelus_surinamensis	0	0	0	0	0	0	0	0	0	0	0	1	0	0	0	0	0	0	0	0	0	0	0	0	0	0	0	0	0	0	0	0	0	0	0	0	0	0	0	0	0	0	0	0	0	
N81	1.49234e-007	6.18387e-007	3.0088e-006	1.06481e-005	2.82498e-005	8.64595e-005	0.000418511	0.00250123	0.0129337	0.0494649	0.1314	0.232664	0.264811	0.189211	0.0852009	0.0251668	0.0051816	0.000802358	9.82989e-005	1.16512e-005	1.55618e-006	7.35543e-007	5.05218e-007	7.90448e-007	5.70992e-007	6.83612e-007	3.44057e-007	2.76646e-007	9.35099e-008	5.0145e-008	1.12861e-008	4.07252e-009	6.11612e-010	1.50948e-010	1.52874e-011	2.63602e-012	1.83783e-013	2.27965e-014	1.12617e-015	1.04007e-016	3.81887e-018	2.84508e-019	1.1293e-020	1.34001e-021	2.57056e-022	
Macropanesthia_rhinoceros	0	0	0	0	0	0	0	0	0	0	0	0	0	0	0	0	0	0	0	0	0	0	0	0	0	0	0	0	0	0	0	0	0	1	0	0	0	0	0	0	0	0	0	0	0	
Nauphoeta_cinerea	0	0	0	0	0	0	0	0	0	0	0	0	1	0	0	0	0	0	0	0	0	0	0	0	0	0	0	0	0	0	0	0	0	0	0	0	0	0	0	0	0	0	0	0	0	
N82	1.10454e-006	5.4978e-006	4.23831e-005	0.000283946	0.00127968	0.00345183	0.00620585	0.0113139	0.0277492	0.0735037	0.157163	0.234965	0.234345	0.154948	0.068622	0.0208404	0.00446744	0.000713638	8.68403e-005	9.87178e-006	9.37362e-007	1.47029e-007	1.36307e-008	2.02037e-009	1.27556e-010	1.20053e-011	4.80525e-013	2.85478e-014	7.39856e-016	2.89275e-017	5.00597e-019	1.34861e-020	1.61036e-022	3.13134e-024	2.66733e-026	3.91691e-028	2.47668e-030	2.88149e-032	1.4143e-034	1.35173e-036	5.4924e-039	4.74136e-041	2.57639e-043	3.90967e-045	7.68061e-047	
N83	1.01521e-006	4.67474e-006	3.21046e-005	0.000187427	0.000762305	0.00208965	0.00430343	0.00796722	0.0159593	0.0388877	0.0951286	0.180562	0.23809	0.212193	0.127572	0.0530255	0.0152797	0.00476995	0.00110224	0.0013737	0.00029269	0.000337366	4.36953e-005	3.13097e-005	2.49846e-006	1.1303e-006	5.78005e-008	1.6962e-008	5.78788e-010	1.13277e-010	2.67789e-012	3.59802e-013	6.09128e-015	5.79636e-016	7.22574e-018	5.02694e-019	4.73698e-021	2.51435e-022	1.82145e-024	7.57481e-026	4.6443e-028	2.18738e-029	2.16767e-031	3.13239e-032	6.37088e-033	
Diploptera_punctata	0	0	0	0	0	0	0	0	0	0	0	0	0	0	0	0	0	1	0	0	0	0	0	0	0	0	0	0	0	0	0	0	0	0	0	0	0	0	0	0	0	0	0	0	0	
N84	1.45245e-007	9.02402e-007	1.81251e-005	8.148e-005	0.000170649	0.000421596	0.00235899	0.0052495	0.00615873	0.00431843	0.0032839	0.0212452	0.10038	0.23298	0.295186	0.214863	0.0898552	0.0209106	0.00240421	0.000110971	2.78039e-006	5.17721e-008	7.01151e-010	9.16723e-012	8.50642e-014	8.10791e-016	5.2002e-018	3.53049e-020	1.59736e-022	7.76289e-025	2.52866e-027	8.94577e-030	2.13965e-032	5.64857e-035	1.01214e-037	2.04945e-040	2.80775e-043	4.48891e-046	4.80844e-049	6.29515e-052	5.60636e-055	6.76579e-058	6.83138e-061	1.05651e-063	1.76879e-066	
Panchlora_nivea	0	0	0	0	0	0	0	0	0	0	0	1	0	0	0	0	0	0	0	0	0	0	0	0	0	0	0	0	0	0	0	0	0	0	0	0	0	0	0	0	0	0	0	0	0	
Rhabdoblatta_sp	0	0	0	0	0	0	0	0	0	0	0	0	0	0	0	0	0	0	1	0	0	0	0	0	0	0	0	0	0	0	0	0	0	0	0	0	0	0	0	0	0	0	0	0	0	
Galiblatta_sp	0	0	0	0	0	0	0	1	0	0	0	0	0	0	0	0	0	0	0	0	0	0	0	0	0	0	0	0	0	0	0	0	0	0	0	0	0	0	0	0	0	0	0	0	0	
Panchlora_viridis	0	0	0	0	0	0	0	0	0	0	0	0	1	0	0	0	0	0	0	0	0	0	0	0	0	0	0	0	0	0	0	0	0	0	0	0	0	0	0	0	0	0	0	0	0	
N85	0.00186964	0.00349148	0.008419	0.0219069	0.0539829	0.111662	0.179601	0.216333	0.191842	0.124525	0.0591464	0.0206617	0.00534835	0.00103871	0.000153149	1.75354e-005	1.58163e-006	1.20432e-007	7.90606e-009	5.88636e-010	4.24603e-011	4.22494e-012	3.12161e-013	2.77476e-014	1.64105e-015	1.11918e-016	5.08547e-018	2.65449e-019	9.29329e-021	3.7824e-022	1.02972e-023	3.34212e-025	7.15935e-027	1.89953e-028	3.24522e-030	7.2204e-032	1.00048e-033	1.91955e-035	2.20755e-037	3.79982e-039	4.11698e-041	8.15183e-043	1.5997e-044	5.07455e-046	1.96797e-047	
Margattea_sp	0	0	0	0	0	0	0	0	0	1	0	0	0	0	0	0	0	0	0	0	0	0	0	0	0	0	0	0	0	0	0	0	0	0	0	0	0	0	0	0	0	0	0	0	0	
Supella_longipalpa	0	0	0	1	0	0	0	0	0	0	0	0	0	0	0	0	0	0	0	0	0	0	0	0	0	0	0	0	0	0	0	0	0	0	0	0	0	0	0	0	0	0	0	0	0	
Ectobius_pallidus	0	0	0	0	1	0	0	0	0	0	0	0	0	0	0	0	0	0	0	0	0	0	0	0	0	0	0	0	0	0	0	0	0	0	0	0	0	0	0	0	0	0	0	0	0	
N86	8.8767e-005	0.00022698	0.000846864	0.00340555	0.0133058	0.0453712	0.118075	0.213906	0.257527	0.202139	0.102712	0.0339116	0.00732132	0.00105372	0.000102343	7.17729e-006	3.717e-007	1.9803e-008	9.19576e-010	5.9277e-011	2.36042e-012	1.11571e-013	2.90612e-015	8.72437e-017	1.46196e-018	2.8507e-020	3.27423e-022	8.65971e-024	9.19403e-025	2.35735e-025	3.8254e-026	8.83821e-027	1.20893e-027	2.49406e-028	2.89289e-029	5.44888e-030	5.46877e-031	9.86092e-032	8.87258e-033	1.6426e-033	1.84419e-034	5.52717e-035	1.58526e-035	6.90897e-036	3.20538e-036	
N87	8.8331e-005	0.000226457	0.000847376	0.00340414	0.0132812	0.0452869	0.117937	0.213814	0.257574	0.202273	0.102817	0.0339544	0.0073312	0.00105525	0.000102421	7.22462e-006	3.70214e-007	2.31421e-008	8.99824e-010	1.54656e-010	2.33443e-012	1.24672e-012	3.4755e-015	6.21549e-015	4.28303e-018	1.5984e-017	5.83579e-021	2.10212e-020	5.47215e-024	1.46467e-023	2.90359e-027	5.60996e-027	8.74107e-031	1.23453e-030	1.54529e-034	1.61041e-034	1.66977e-038	1.3578e-038	1.18127e-042	7.56812e-043	6.06718e-047	4.32716e-047	2.89842e-051	1.67854e-051	7.99047e-053	
N88	0.00011584	0.000430704	0.00203578	0.00877695	0.0345065	0.106166	0.216966	0.275513	0.21451	0.103139	0.0310535	0.00597102	0.000748661	6.29572e-005	3.63228e-006	1.51356e-007	4.66539e-009	1.30409e-010	3.2306e-012	1.10909e-013	2.84195e-015	9.12947e-017	1.7669e-018	4.04343e-020	5.54589e-022	9.00577e-024	8.87643e-026	1.05216e-027	7.59305e-030	6.76514e-032	3.63667e-034	2.50523e-036	1.01992e-038	5.59053e-041	1.74989e-043	7.84276e-046	1.9249e-048	7.32491e-051	1.44737e-053	4.94882e-056	9.81439e-059	4.4606e-061	1.99211e-063	1.36792e-065	9.66461e-068	
N89	8.61593e-005	0.000388896	0.0026361	0.0156027	0.0661079	0.177724	0.282862	0.260595	0.139773	0.0444878	0.0086096	0.00104087	8.08338e-005	4.15368e-006	1.45245e-007	3.59179e-009	6.4459e-011	1.04762e-012	1.4348e-014	6.72843e-016	1.1565e-017	8.56994e-019	1.11103e-020	6.23741e-022	5.83973e-024	2.40051e-025	1.65132e-027	5.02211e-029	2.58826e-031	5.89879e-033	2.31962e-035	4.01643e-037	1.22599e-039	1.6405e-041	3.94305e-044	4.15145e-046	7.97791e-049	6.80309e-051	1.05711e-053	7.45759e-056	9.88031e-059	6.95134e-061	1.38301e-063	2.84395e-065	7.93125e-067	
N90	6.70514e-006	9.90731e-005	0.00210808	0.0269225	0.165791	0.400974	0.302676	0.0884714	0.0120452	0.000868034	3.6201e-005	9.36758e-007	1.5828e-008	1.86216e-010	1.58352e-012	1.23332e-014	8.73025e-017	1.03092e-018	8.29574e-021	9.64217e-023	5.84716e-025	4.84861e-027	2.09734e-029	1.24756e-031	3.90925e-034	1.7203e-036	3.97332e-039	1.33411e-041	2.30879e-044	6.10241e-047	8.03073e-050	1.72182e-052	1.7543e-055	3.17151e-058	2.54655e-061	4.03422e-064	2.77687e-067	4.54811e-070	2.9462e-073	5.18469e-076	4.94732e-079	1.28182e-081	2.19567e-084	6.67589e-087	1.90307e-089	
Blattella_bisignata	0	0	0	0	0	1	0	0	0	0	0	0	0	0	0	0	0	0	0	0	0	0	0	0	0	0	0	0	0	0	0	0	0	0	0	0	0	0	0	0	0	0	0	0	0	
Blattella_germanica	0	0	0	0	0	1	0	0	0	0	0	0	0	0	0	0	0	0	0	0	0	0	0	0	0	0	0	0	0	0	0	0	0	0	0	0	0	0	0	0	0	0	0	0	0	
Blattella_sauteri	0	0	0	0	0	1	0	0	0	0	0	0	0	0	0	0	0	0	0	0	0	0	0	0	0	0	0	0	0	0	0	0	0	0	0	0	0	0	0	0	0	0	0	0	0	
Loboptera_decipiens	0	0	0	0	0	0	0	0	0	0	1	0	0	0	0	0	0	0	0	0	0	0	0	0	0	0	0	0	0	0	0	0	0	0	0	0	0	0	0	0	0	0	0	0	0	
N91	8.08192e-005	0.000303743	0.00114481	0.00242548	0.00301835	0.0045125	0.0130285	0.0428159	0.114598	0.216198	0.265258	0.204464	0.0968936	0.0289025	0.00549616	0.000770676	8.0068e-005	8.65655e-006	7.03005e-007	6.20203e-008	3.44898e-009	1.98946e-010	7.08504e-012	2.65619e-013	6.24906e-015	1.59554e-016	2.57656e-018	4.69025e-020	5.37736e-022	7.27991e-024	6.09503e-026	6.3712e-028	4.00914e-030	3.37558e-032	1.64029e-034	1.15745e-036	4.61904e-039	2.99592e-041	1.07072e-043	6.93273e-046	3.10219e-048	2.6042e-050	1.85813e-052	1.72113e-054	1.61171e-056	
N92	8.3281e-006	4.29992e-005	0.000527859	0.00433536	0.0118827	0.0155312	0.0152833	0.0403635	0.133452	0.259008	0.282088	0.171236	0.0561351	0.00934142	0.000732036	3.05426e-005	7.56437e-007	1.23496e-008	1.41925e-010	1.50495e-012	1.43361e-014	2.36947e-016	2.48554e-018	3.98398e-020	3.11033e-022	3.50868e-024	1.94692e-026	1.55258e-028	6.22905e-031	3.61607e-033	1.06756e-035	4.64174e-038	1.02502e-040	3.43499e-043	5.76371e-046	1.53212e-048	1.98786e-051	4.32224e-054	4.41959e-057	8.09029e-060	6.80196e-063	1.16405e-065	1.37845e-068	4.50319e-071	1.73597e-073	
Hemithyrsocera_sp	0	0	0	0	0	0	1	0	0	0	0	0	0	0	0	0	0	0	0	0	0	0	0	0	0	0	0	0	0	0	0	0	0	0	0	0	0	0	0	0	0	0	0	0	0	
Symplocodes_sp	0	0	0	0	0	0	0	0	0	0	0	0	0	1	0	0	0	0	0	0	0	0	0	0	0	0	0	0	0	0	0	0	0	0	0	0	0	0	0	0	0	0	0	0	0	
N93	1.44952e-007	1.99206e-006	1.91749e-005	2.7973e-005	6.18252e-006	1.02856e-006	3.7644e-006	9.07059e-005	0.0016917	0.0191438	0.117789	0.342637	0.379391	0.122889	0.0152935	0.000976381	3.58302e-005	1.19313e-006	2.79764e-008	8.93698e-010	1.52673e-011	3.44654e-013	3.80525e-015	5.58432e-017	4.08871e-019	4.04785e-021	2.0365e-023	1.41524e-025	5.03625e-028	2.54997e-030	6.56934e-033	2.50646e-035	4.78519e-038	1.42813e-040	2.05821e-043	4.95463e-046	5.58818e-049	1.16181e-051	1.05458e-054	1.96802e-057	1.81521e-060	4.48015e-063	8.57013e-066	3.29724e-068	1.23864e-070	
Lobopterella_dimidiatipes	0	0	0	0	0	0	0	0	0	0	0	0	1	0	0	0	0	0	0	0	0	0	0	0	0	0	0	0	0	0	0	0	0	0	0	0	0	0	0	0	0	0	0	0	0	
Xestoblatta_sp	0	0	0	0	0	0	0	0	0	0	0	0	1	0	0	0	0	0	0	0	0	0	0	0	0	0	0	0	0	0	0	0	0	0	0	0	0	0	0	0	0	0	0	0	0	
Symploce_sp	0	0	0	0	0	0	0	1	0	0	0	0	0	0	0	0	0	0	0	0	0	0	0	0	0	0	0	0	0	0	0	0	0	0	0	0	0	0	0	0	0	0	0	0	0	
