NODE	9	10	11	12	13	14	15	16	17	18	19	20	21	22	23	24	25	26	27	28	29	30	31	32	33	34	35	36	37	38	39	40	41	42	
N1	0.120127	0.116421	0.109738	0.10095	0.0908431	0.0800912	0.0692583	0.0588116	0.0491192	0.0404348	0.0328882	0.0265023	0.0212391	0.0170259	0.0136485	0.0109378	0.00875988	0.00700808	0.00559759	0.004461	0.00354489	0.00280709	0.00221428	0.00173994	0.00136266	0.00106481	0.000831689	0.000650838	0.000511739	0.000405577	0.000325119	0.000264729	0.00022074	0.000193163	
N2	0.37089	0.136258	0.0678334	0.0480034	0.0417581	0.0393236	0.0383794	0.0384752	0.0393017	0.0402755	0.0253442	0.0207312	0.0140331	0.011591	0.00847195	0.00708408	0.00531593	0.00449495	0.00348943	0.00311682	0.0026466	0.00264008	0.00253076	0.00278339	0.00284572	0.00316345	0.00314566	0.0032604	0.00296776	0.00275623	0.00232819	0.00194875	0.00152837	0.00128349	
N3	0.373124	0.136185	0.0665746	0.0460845	0.0396379	0.0375453	0.0374697	0.0388081	0.0410832	0.0435575	0.0262688	0.0213585	0.0137298	0.0112637	0.00788012	0.00661307	0.00481647	0.00419561	0.00326356	0.00313393	0.00276582	0.00302029	0.00298143	0.00344926	0.00345144	0.00381557	0.00353763	0.00349899	0.00285249	0.00245604	0.00188119	0.00150747	0.00116038	0.00102776	
N4	0.272607	0.100305	0.0522271	0.0425777	0.04617	0.0537838	0.0608893	0.0656377	0.0662509	0.060857	0.0287837	0.0174693	0.00845121	0.00614951	0.00512846	0.00678942	0.00868148	0.0123844	0.0140041	0.0162073	0.0146693	0.0136812	0.00999202	0.00749567	0.00432734	0.00254359	0.00114088	0.000520963	0.000182755	6.52325e-005	1.94935e-005	5.58362e-006	1.38029e-006	3.52695e-007	
N5	0.261422	0.0994904	0.0566491	0.0515372	0.0611937	0.0736926	0.0781302	0.069579	0.0524337	0.03518	0.0148158	0.00847867	0.00481013	0.00449562	0.00547454	0.00910287	0.013372	0.0193214	0.0212299	0.0216517	0.0164243	0.0114489	0.00592039	0.00277628	0.000970942	0.00030608	7.31757e-005	1.58722e-005	2.6788e-006	4.16453e-007	5.35618e-008	6.3265e-009	6.53683e-010	7.36049e-011	
N6	0.263513	0.100279	0.0578773	0.0537435	0.0641507	0.0761732	0.0784859	0.067427	0.0490057	0.0315945	0.0130971	0.00729958	0.00431792	0.00430686	0.00571802	0.00966094	0.0144776	0.0204279	0.0222962	0.0217181	0.0159181	0.0103758	0.0050244	0.00217121	0.000689166	0.000199678	4.18334e-005	8.52854e-006	1.19108e-006	1.80556e-007	1.81668e-008	2.5924e-009	3.8325e-010	2.83581e-010	
N7	0.272983	0.107264	0.0672575	0.0671212	0.0781745	0.0817538	0.0698333	0.0493278	0.0305735	0.0179465	0.00662936	0.00408107	0.00334956	0.00536174	0.00917328	0.016704	0.0233795	0.0286559	0.0251768	0.0188323	0.00990665	0.00454953	0.0014362	0.00042578	8.26188e-005	1.78258e-005	2.24909e-006	4.27887e-007	3.44062e-008	6.44338e-009	7.94217e-010	2.08411e-010	4.04815e-011	8.67059e-012	
N8	0.299264	0.126455	0.0853925	0.0788317	0.0695867	0.0491075	0.0280527	0.0142009	0.00723617	0.00464202	0.00274247	0.00458226	0.00818641	0.0194649	0.0321304	0.0490129	0.0469096	0.0394578	0.0204463	0.0100514	0.00300092	0.000994854	0.000193434	4.92758e-005	6.8615e-006	1.36375e-006	1.347e-007	2.01183e-008	1.33693e-009	1.63357e-010	1.42287e-011	1.54576e-012	1.2239e-013	1.06023e-014	
N9	0.308778	0.13334	0.0859953	0.0671088	0.0468906	0.0261503	0.0124708	0.0062953	0.00466718	0.00645772	0.0058713	0.0137411	0.0223345	0.0454589	0.0572131	0.0656918	0.0462783	0.0288557	0.0109953	0.00416756	0.000924468	0.00026351	3.88499e-005	1.03671e-005	1.18401e-006	3.19741e-007	3.02392e-008	7.24202e-009	3.40183e-010	6.05505e-011	5.61549e-012	1.18175e-012	1.59612e-013	2.68508e-014	
N10	0.0883653	0.0368754	0.00885004	0.00157082	0.000271549	5.987e-005	8.43074e-005	0.00104341	0.0153138	0.119809	0.235234	0.284713	0.142388	0.0527036	0.0106734	0.00182412	0.000197175	2.12458e-005	1.54996e-006	1.28566e-007	7.04524e-009	4.47678e-010	1.82111e-011	8.52516e-013	2.56559e-014	8.94007e-016	2.03902e-017	5.46831e-019	9.76884e-021	2.07526e-022	3.46562e-024	6.06095e-026	8.68751e-028	1.35627e-029	
Acanthoxyla_geisovii	0	0	0	0	0	0	0	0	0	0	1	0	0	0	0	0	0	0	0	0	0	0	0	0	0	0	0	0	0	0	0	0	0	0	
N11	0.00308771	6.10193e-005	4.93119e-007	3.00571e-009	2.48015e-011	6.36621e-011	7.58828e-008	5.22612e-005	0.0139385	0.825658	0.150453	0.0066421	0.000106288	8.72524e-007	3.81234e-009	1.1136e-011	2.04414e-014	3.70043e-017	5.05692e-020	1.531e-022	2.45831e-025	7.83598e-028	9.8782e-031	2.15788e-033	1.9489e-036	2.86109e-039	1.81432e-042	1.8311e-045	8.03574e-049	5.90606e-052	2.19822e-055	1.32873e-058	4.96631e-062	2.53356e-065	
Acanthoxyla_inermis	0	0	0	0	0	0	0	0	0	1	0	0	0	0	0	0	0	0	0	0	0	0	0	0	0	0	0	0	0	0	0	0	0	0	
Clitarchus_hookeri	0	0	0	0	0	0	0	0	0	1	0	0	0	0	0	0	0	0	0	0	0	0	0	0	0	0	0	0	0	0	0	0	0	0	
N12	0.333067	0.135307	0.0709054	0.0403087	0.0208571	0.0100673	0.00578058	0.00532796	0.00836368	0.0184601	0.0227909	0.0439173	0.0590803	0.0758037	0.0660332	0.0474365	0.0233059	0.00958067	0.00271588	0.000724027	0.000131598	2.95753e-005	4.23418e-006	1.11355e-006	1.54327e-007	4.68591e-008	5.77881e-009	1.55087e-009	1.22426e-010	2.88871e-011	4.24678e-012	1.02697e-012	1.70621e-013	3.32917e-014	
Ctenomorpha_sp	0	0	0	0	0	0	0	1	0	0	0	0	0	0	0	0	0	0	0	0	0	0	0	0	0	0	0	0	0	0	0	0	0	0	
Extatosoma_tiaratum	0	0	0	0	0	0	0	0	0	1	0	0	0	0	0	0	0	0	0	0	0	0	0	0	0	0	0	0	0	0	0	0	0	0	
N13	0.345334	0.142189	0.0820416	0.0560485	0.0359611	0.0201967	0.0109847	0.00707048	0.00643414	0.00897152	0.00964919	0.0192437	0.0308366	0.049404	0.0558848	0.0531249	0.0352013	0.0197499	0.00775195	0.00287642	0.000742234	0.000233096	4.85823e-005	1.69182e-005	3.36184e-006	1.24087e-006	2.15649e-007	6.98434e-008	9.42221e-009	2.83964e-009	6.09667e-010	1.63225e-010	3.184e-011	7.03202e-012	
Acrophylla_titan	0	0	0	0	0	0	0	0	0	1	0	0	0	0	0	0	0	0	0	0	0	0	0	0	0	0	0	0	0	0	0	0	0	0	
Podacanthus_wilkinsoni	0	0	0	0	0	0	0	0	0	1	0	0	0	0	0	0	0	0	0	0	0	0	0	0	0	0	0	0	0	0	0	0	0	0	
N14	0.325116	0.142415	0.093763	0.074938	0.0556078	0.0357314	0.022246	0.0161369	0.0149715	0.0179253	0.0165542	0.0252742	0.0317426	0.0397119	0.0358806	0.0273252	0.014884	0.00674486	0.00222141	0.00064059	0.000136467	2.83388e-005	4.34738e-006	7.65441e-007	9.55888e-008	1.55846e-008	1.70674e-009	2.51964e-010	2.55269e-011	3.12497e-012	2.95414e-013	2.60706e-014	1.80046e-015	1.26674e-016	
N15	0.338541	0.148371	0.0939663	0.0685966	0.0463102	0.0283493	0.0183431	0.0152832	0.0171994	0.0247425	0.0237677	0.0333482	0.03772	0.0394374	0.0310448	0.0200241	0.00963429	0.00380647	0.00114266	0.000298532	5.96278e-005	1.1575e-005	1.63186e-006	2.89171e-007	3.03117e-008	6.6363e-009	5.30679e-010	1.77228e-010	8.8656e-012	3.31524e-012	2.30831e-013	1.22913e-013	3.59376e-014	1.79711e-014	
N16	0.0225162	0.00837244	0.0055331	0.00393998	0.00236292	0.00337966	0.0224929	0.104848	0.269065	0.353194	0.131206	0.0415687	0.00928534	0.00705794	0.00632019	0.00527078	0.00239861	0.000946847	0.000197591	3.91159e-005	4.25422e-006	4.91664e-007	3.21356e-008	2.37323e-009	9.99629e-011	4.93728e-012	1.38754e-013	4.8145e-015	9.4318e-017	2.46045e-018	4.70119e-020	9.85251e-022	1.58592e-023	2.80475e-025	
N17	0.00707341	0.00259013	0.000806105	0.000164937	3.19481e-005	0.000131738	0.00362491	0.0538285	0.284611	0.418601	0.172504	0.0417968	0.00998078	0.0034063	0.000729451	0.000108805	9.57379e-006	5.81495e-007	2.2048e-008	6.19263e-010	1.13e-011	1.68372e-013	1.64637e-015	1.47366e-017	8.26558e-020	5.22231e-022	1.75339e-024	1.01014e-026	2.02174e-029	1.33849e-031	8.2685e-034	1.62275e-035	2.50165e-037	2.9852e-039	
N18	0.00352824	0.000910643	0.000169696	2.24528e-005	6.10526e-006	6.04253e-005	0.00254058	0.0514609	0.316051	0.428221	0.160909	0.0305892	0.00470027	0.000750436	7.44996e-005	5.05101e-006	1.89471e-007	5.90414e-009	1.01825e-010	6.04348e-012	1.07213e-013	1.23527e-014	1.46542e-016	1.20869e-017	8.18105e-020	4.68181e-021	1.7727e-023	7.04345e-025	1.52136e-027	4.13433e-029	7.10867e-032	1.69435e-033	9.07687e-036	3.1695e-037	
Bacillus_atticus	0	0	0	0	0	0	0	0	1	0	0	0	0	0	0	0	0	0	0	0	0	0	0	0	0	0	0	0	0	0	0	0	0	0	
Bacillus_grandii_benazzii	0	0	0	0	0	0	0	0	1	0	0	0	0	0	0	0	0	0	0	0	0	0	0	0	0	0	0	0	0	0	0	0	0	0	
Bacillus_grandii_grandii	0	0	0	0	0	0	0	0	1	0	0	0	0	0	0	0	0	0	0	0	0	0	0	0	0	0	0	0	0	0	0	0	0	0	
Bacillus_lynceorum	0	0	0	0	0	0	0	0	0	0	0	0	0	0	0	0	0	1	0	0	0	0	0	0	0	0	0	0	0	0	0	0	0	0	
N19	0.38864	0.239276	0.14465	0.0637341	0.0207409	0.00741155	0.0130715	0.0313506	0.0455585	0.0345125	0.00936965	0.00153099	0.000144409	9.73863e-006	4.43307e-007	1.62264e-008	4.3717e-010	1.136e-011	2.31155e-013	5.54581e-015	9.90115e-017	2.13485e-018	3.19e-020	5.55571e-022	6.80936e-024	9.44702e-026	9.66057e-028	1.07349e-029	9.14686e-032	8.0742e-034	5.77894e-036	4.07458e-038	2.41888e-040	1.49012e-042	
N20	0.00101454	2.15282e-006	4.45604e-009	3.51495e-009	5.39202e-009	4.6423e-008	1.20376e-007	6.01297e-007	0.000903412	0.992735	0.00531884	2.50307e-005	2.85205e-008	4.71439e-011	3.83864e-012	1.11907e-011	9.12085e-012	9.10794e-012	1.69357e-012	4.15011e-015	1.85947e-018	1.11629e-021	1.78854e-025	6.7073e-029	5.06806e-030	2.76112e-030	3.66721e-031	6.47285e-032	1.31544e-035	5.50676e-039	7.06169e-043	1.3983e-046	9.60993e-051	4.23185e-055	
Clonopsis_felicitatis	0	0	0	0	0	0	0	0	0	1	0	0	0	0	0	0	0	0	0	0	0	0	0	0	0	0	0	0	0	0	0	0	0	0	
N21	1.62875e-005	7.48664e-009	1.39321e-017	1.93823e-011	8.51079e-010	4.31793e-008	5.67167e-009	9.69506e-009	5.77452e-005	0.12181	0.000120571	6.9314e-008	1.08266e-017	6.11106e-019	2.03516e-020	5.68157e-013	5.76678e-012	4.50389e-009	3.4468e-007	1.88631e-007	1.5989e-009	2.66673e-010	5.61497e-020	1.31954e-018	1.50362e-010	1.49965e-006	0.000331224	0.877242	0.00040689	1.26117e-005	1.89559e-009	1.69425e-018	9.0917e-020	1.37943e-018	
Clonopsis_gallica	0	0	0	0	0	0	0	0	0	0	0	0	0	0	0	0	0	0	1	0	0	0	0	0	0	0	0	0	0	0	0	0	0	0	
Clonopsis_soumiae	0	0	0	0	0	0	0	0	0	0	0	0	0	0	0	0	0	0	0	0	0	0	0	0	0	0	0	1	0	0	0	0	0	0	
Clonopsis_maroccana	0	0	1	0	0	0	0	0	0	0	0	0	0	0	0	0	0	0	0	0	0	0	0	0	0	0	0	0	0	0	0	0	0	0	
N22	0.0341998	0.0344762	0.0101682	0.00153146	0.000190003	2.50276e-005	1.24092e-005	0.000144527	0.00394041	0.0569883	0.19181	0.362576	0.207064	0.0799262	0.0144204	0.00229611	0.000209959	1.93994e-005	1.09548e-006	6.54283e-008	2.42887e-009	9.68077e-011	2.43936e-012	6.69363e-014	1.17744e-015	2.31099e-017	2.92254e-019	4.30107e-021	4.06514e-023	4.74542e-025	4.37073e-027	4.38066e-029	3.61802e-031	3.21988e-033	
Leptynia_attenuata	0	0	0	0	0	0	0	0	0	1	0	0	0	0	0	0	0	0	0	0	0	0	0	0	0	0	0	0	0	0	0	0	0	0	
N23	0.00526397	0.00729484	0.00128795	8.11401e-005	4.75192e-006	5.8647e-007	4.77848e-007	9.10962e-006	0.000677869	0.02433	0.218039	0.491101	0.210931	0.037979	0.00284358	0.000150862	4.04706e-006	1.3797e-007	2.33596e-009	1.5234e-010	3.23187e-012	2.44202e-013	4.07608e-015	2.03789e-016	2.26365e-018	7.34113e-020	5.13267e-022	1.0947e-023	3.94284e-026	5.68665e-028	1.60456e-030	1.8492e-032	5.45758e-035	6.47593e-037	
Leptynia_caprai	0	0	0	0	0	0	0	0	0	0	0	1	0	0	0	0	0	0	0	0	0	0	0	0	0	0	0	0	0	0	0	0	0	0	
Leptynia_montana	0	0	0	0	0	0	0	0	0	0	1	0	0	0	0	0	0	0	0	0	0	0	0	0	0	0	0	0	0	0	0	0	0	0	
Phalces_sp	0	0	0	0	0	0	0	0	0	1	0	0	0	0	0	0	0	0	0	0	0	0	0	0	0	0	0	0	0	0	0	0	0	0	
N24	0.165053	0.0697869	0.0431157	0.036063	0.0327325	0.0291924	0.0269347	0.0285455	0.0370643	0.0563616	0.0442453	0.0532053	0.045418	0.0567154	0.0530568	0.0596713	0.0483559	0.0431295	0.0277242	0.0199947	0.0104896	0.00662497	0.00304416	0.00184015	0.000789864	0.00047603	0.000187676	0.000108599	3.66081e-005	2.02114e-005	8.98692e-006	4.71159e-006	1.99061e-006	9.20893e-007	
Carausius_morosus	0	0	0	0	0	0	0	0	0	0	0	0	0	0	0	0	0	0	0	0	0	0	0	0	1	0	0	0	0	0	0	0	0	0	
N25	0.0787857	0.035138	0.0247231	0.0256447	0.0330026	0.0437156	0.0535868	0.0597535	0.0647189	0.076193	0.0671971	0.0832975	0.0867598	0.0904291	0.0715094	0.0518135	0.0288328	0.0149532	0.00616229	0.00251892	0.00084351	0.000297326	8.66016e-005	2.72332e-005	7.0781e-006	1.98953e-006	4.69016e-007	1.17517e-007	2.50096e-008	5.45354e-009	1.0552e-009	2.00245e-010	3.42214e-011	5.85415e-012	
N26	0.0750635	0.0333554	0.0263493	0.032958	0.046417	0.0585275	0.0619814	0.0585683	0.0594267	0.0739453	0.0867589	0.103934	0.101167	0.0830545	0.0529783	0.0279141	0.0116991	0.00420671	0.00125493	0.000339409	7.90131e-005	1.73688e-005	3.34079e-006	6.16215e-007	1.00182e-007	1.56387e-008	2.16542e-009	2.85136e-010	3.34764e-011	3.69701e-012	3.65423e-013	3.30321e-014	2.6175e-015	2.10803e-016	
Orxines_sp	0	0	0	0	0	0	0	0	0	0	1	0	0	0	0	0	0	0	0	0	0	0	0	0	0	0	0	0	0	0	0	0	0	0	
Pseudophasma_sp	0	0	0	1	0	0	0	0	0	0	0	0	0	0	0	0	0	0	0	0	0	0	0	0	0	0	0	0	0	0	0	0	0	0	
Sipyloidea_sipylus	0	0	0	0	0	0	0	0	0	0	0	0	0	0	0	0	0	0	0	0	0	0	0	0	0	0	0	0	0	0	0	1	0	0	
Phobaeticus_sp	0	0	0	0	0	0	0	0	0	0	0	0	0	0	0	0	0	1	0	0	0	0	0	0	0	0	0	0	0	0	0	0	0	0	
Phyllium_bioculatum	0	0	0	0	0	0	0	0	1	0	0	0	0	0	0	0	0	0	0	0	0	0	0	0	0	0	0	0	0	0	0	0	0	0	
N27	0.0899632	0.0259682	0.00504104	0.000898129	0.000158366	4.32156e-005	0.000129005	0.00214255	0.0304134	0.216032	0.300183	0.220632	0.0771642	0.0238428	0.00550173	0.00138289	0.000353548	0.000108059	3.05355e-005	8.79824e-006	2.18231e-006	5.46895e-007	1.30612e-007	4.58598e-008	2.50571e-008	1.64931e-008	8.13706e-009	2.93289e-009	6.34768e-010	9.80866e-011	1.0649e-011	9.11818e-013	6.10382e-014	3.88786e-015	
Bacillus_rossius	0	0	0	0	0	0	0	0	0	1	0	0	0	0	0	0	0	0	0	0	0	0	0	0	0	0	0	0	0	0	0	0	0	0	
Baculum_sp	0	0	0	0	0	0	0	0	0	0	0	0	0	0	0	0	0	0	0	0	0	0	0	0	0	0	0	1	0	0	0	0	0	0	
N28	0.00870009	0.0096585	0.0289346	0.0928844	0.202166	0.265834	0.216999	0.116811	0.0439159	0.0120908	0.00172698	0.000249468	2.64204e-005	2.70006e-006	2.1879e-007	1.64384e-008	1.00896e-009	5.71198e-011	2.6988e-012	1.18497e-013	4.41974e-015	1.54583e-016	4.66196e-018	1.32857e-019	3.30675e-021	7.82399e-023	1.63491e-024	3.26248e-026	5.8064e-028	9.90255e-030	1.53911e-031	2.27628e-033	3.09646e-035	4.31976e-037	
Timema_poppensis	0	0	0	1	0	0	0	0	0	0	0	0	0	0	0	0	0	0	0	0	0	0	0	0	0	0	0	0	0	0	0	0	0	0	
Timema_shepardi	0	0	0	1	0	0	0	0	0	0	0	0	0	0	0	0	0	0	0	0	0	0	0	0	0	0	0	0	0	0	0	0	0	0	
