NODE	13	14	15	16	17	18	19	20	21	22	23	24	25	26	27	28	29	30	31	32	33	34	35	36	37	38	39	40	41	42	43	44	45	46	47	48	49	50	51	
N1	2.18468e-017	1.52647e-012	5.1161e-010	1.06829e-007	1.15012e-005	0.000546139	0.0107319	0.102754	0.427852	0.354154	0.0971358	0.00673839	7.54161e-005	2.28816e-007	4.18786e-010	5.66912e-013	5.13231e-018	1.46707e-019	3.71279e-021	8.38257e-023	1.70304e-024	3.1383e-026	5.28172e-028	8.16596e-030	1.16562e-031	1.54267e-033	1.90005e-035	2.18513e-037	2.35541e-039	2.39932e-041	2.37667e-043	2.50774e-045	3.29119e-047	5.38676e-049	8.75867e-051	1.14774e-052	1.07568e-054	6.94171e-057	3.64763e-059	
N2	5.16591e-015	1.6425e-013	1.56579e-010	6.72862e-008	1.0718e-005	0.000609763	0.0130882	0.141421	0.543272	0.270161	0.0307014	0.000732956	3.29355e-006	4.59341e-009	2.7583e-012	8.63611e-016	1.5428e-019	3.02255e-023	2.24272e-026	5.13635e-028	4.29555e-031	6.36698e-033	2.90346e-036	2.79541e-038	7.18462e-042	4.75859e-044	7.81308e-048	3.75293e-050	4.34556e-054	1.5509e-056	1.11688e-060	2.88503e-063	1.29443e-067	2.36396e-070	5.51389e-075	5.74798e-078	7.38024e-083	2.91446e-086	1.12792e-090	
N3	1.52706e-017	7.84222e-016	1.46901e-012	1.71309e-009	8.19482e-007	0.000139314	0.0080538	0.168496	0.632622	0.181596	0.00900395	8.83155e-005	2.14606e-007	1.94783e-010	8.35055e-014	2.02759e-017	5.35997e-021	1.58052e-022	2.73855e-025	9.58332e-027	7.56992e-030	1.67128e-031	6.08485e-035	8.87536e-037	1.74469e-040	1.76325e-042	2.66617e-046	2.14185e-048	2.89619e-052	1.92799e-054	1.64369e-058	7.95187e-061	3.8221e-065	1.17126e-067	3.24283e-072	4.74627e-075	8.93227e-080	5.41419e-083	9.6981e-087	
N4	7.2361e-020	1.19651e-019	4.66914e-016	1.74223e-012	3.45475e-009	3.15347e-006	0.00106103	0.0893633	0.849093	0.0598551	0.000622447	1.82096e-006	2.08285e-009	1.13702e-012	3.3822e-016	6.27018e-020	1.1005e-023	4.52556e-026	4.5201e-029	2.70997e-031	1.84527e-034	6.48736e-037	3.06949e-040	6.53829e-043	2.10797e-046	2.79436e-049	5.74741e-053	4.7752e-056	5.27331e-060	2.70615e-063	1.52553e-067	4.34199e-071	1.46863e-075	2.37209e-079	5.17521e-084	5.5887e-088	9.85828e-093	2.02686e-096	7.49657e-100	
N5	1.06453e-022	4.46266e-023	3.85319e-019	4.35104e-015	2.71118e-011	8.12111e-008	9.42186e-005	0.0286876	0.940631	0.0304654	0.000121562	1.34278e-007	5.89071e-011	1.25895e-014	1.49446e-018	1.11568e-022	1.03964e-026	1.30373e-028	1.20772e-031	1.66154e-033	1.05525e-036	8.5362e-039	3.81249e-042	1.8588e-044	5.5498e-048	1.67132e-050	2.75563e-054	5.31327e-057	3.31107e-061	9.69015e-064	9.64684e-067	3.15687e-068	3.6115e-071	6.11197e-073	5.15427e-076	6.14808e-078	5.04473e-081	2.53087e-082	2.85911e-083	
N6	4.24708e-035	4.74559e-037	1.34194e-031	4.75858e-025	5.16184e-019	1.68677e-013	1.85169e-008	0.000476864	0.998852	0.000670909	3.84027e-008	5.18703e-013	2.3221e-018	3.26294e-024	1.50558e-030	9.06419e-037	1.88652e-040	5.96693e-040	6.11667e-040	1.19745e-038	1.23934e-038	2.0458e-037	2.12116e-037	2.86481e-036	2.9168e-036	3.104e-035	2.811e-035	2.27656e-034	1.2663e-034	7.80917e-034	1.00507e-034	1.74079e-034	1.67644e-035	1.8295e-035	1.34551e-036	1.3062e-036	1.31153e-037	9.0882e-037	9.79067e-036	
N7	2.53387e-035	4.13831e-037	2.6337e-031	8.22018e-025	8.39586e-019	2.55761e-013	2.51918e-008	0.000572772	0.998834	0.000593545	3.07475e-008	3.88978e-013	1.73883e-018	2.7003e-024	1.48667e-030	3.13963e-036	5.82496e-040	8.92338e-044	1.01552e-047	8.33217e-049	9.50305e-049	1.46773e-046	2.1476e-048	1.17797e-047	1.3542e-049	3.34597e-049	2.63628e-051	4.11837e-051	1.22275e-053	1.50225e-053	7.01903e-058	2.54061e-059	9.61503e-064	1.1101e-065	2.96529e-070	2.15696e-072	3.09883e-077	1.33808e-076	1.47838e-076	
N8	4.39768e-028	1.59212e-028	7.35094e-024	4.21395e-019	1.39542e-014	2.36433e-010	1.6926e-006	0.00361282	0.991491	0.00489159	3.10021e-006	5.85391e-010	4.6671e-014	1.90273e-018	4.47674e-023	6.66479e-028	9.8051e-033	5.86505e-035	2.06443e-038	2.1083e-040	5.105e-044	3.14474e-046	5.52117e-050	2.08573e-052	2.75868e-056	6.33918e-059	6.47387e-063	8.69561e-066	6.47206e-070	4.56098e-073	2.14321e-078	1.22058e-082	3.06294e-088	1.33392e-092	2.03795e-098	7.31931e-103	3.78548e-108	2.06649e-111	9.61687e-115	
N9	2.58633e-032	3.14475e-033	7.3756e-028	2.05341e-022	3.24878e-017	2.59037e-012	8.58904e-008	0.000832142	0.997972	0.00119522	1.75006e-007	7.42541e-012	1.30254e-016	1.1466e-021	5.71719e-027	1.76204e-032	4.76012e-038	6.86306e-041	5.7662e-045	1.72747e-047	9.45348e-052	1.592e-054	5.86038e-059	5.61613e-062	8.9824e-066	1.26904e-066	7.52309e-069	8.32915e-070	3.04482e-072	4.43143e-072	1.36049e-071	6.74319e-070	3.60419e-070	1.1716e-069	1.38578e-073	4.81267e-076	1.16137e-079	7.55432e-081	5.18525e-082	
N10	3.4233e-038	1.58281e-039	3.73667e-033	8.99662e-027	1.1247e-020	6.68354e-015	1.61159e-009	0.000114192	0.999723	0.000163094	3.24914e-009	1.8866e-014	4.41941e-020	4.9009e-026	2.81363e-032	8.74996e-039	1.98712e-045	6.72688e-049	5.05511e-054	1.52619e-057	1.61968e-063	1.11849e-040	1.12953e-040	6.70566e-039	6.75875e-039	3.1802e-037	3.08547e-037	1.09885e-035	7.88847e-036	2.10705e-034	6.01511e-036	9.21772e-036	2.02662e-037	2.12846e-037	3.56094e-039	3.53191e-039	2.30632e-040	1.03258e-038	4.3447e-037	
Amitermes_darwini	0	0	0	0	0	0	0	0	1	0	0	0	0	0	0	0	0	0	0	0	0	0	0	0	0	0	0	0	0	0	0	0	0	0	0	0	0	0	0	
Amitermes_germanus	0	0	0	0	0	0	0	0	1	0	0	0	0	0	0	0	0	0	0	0	0	0	0	0	0	0	0	0	0	0	0	0	0	0	0	0	0	0	0	
Amitermes_parvus	0	0	0	0	0	0	0	0	1	0	0	0	0	0	0	0	0	0	0	0	0	0	0	0	0	0	0	0	0	0	0	0	0	0	0	0	0	0	0	
Drepanotermes_septentrionalis	0	0	0	0	0	0	0	0	1	0	0	0	0	0	0	0	0	0	0	0	0	0	0	0	0	0	0	0	0	0	0	0	0	0	0	0	0	0	0	
N11	2.85975e-032	2.95231e-030	5.05955e-025	7.24496e-020	5.33057e-015	1.73975e-010	1.95261e-006	0.00455441	0.993805	0.0016384	3.4754e-007	2.17006e-011	5.60077e-016	7.1567e-021	5.05207e-026	2.11679e-031	7.23361e-037	1.32544e-038	4.69838e-042	1.89126e-043	4.54863e-047	1.03417e-048	1.77616e-052	2.34886e-054	2.98392e-058	2.30087e-060	2.19425e-064	9.62089e-067	6.00094e-071	1.45352e-073	1.69972e-079	1.14254e-083	7.79482e-090	3.16825e-094	1.27312e-100	4.01225e-105	8.91282e-111	1.55003e-113	2.01359e-116	
N12	5.83495e-029	2.19823e-029	1.41584e-024	1.10656e-019	4.94836e-015	1.11891e-010	1.05292e-006	0.0028953	0.99374	0.00336255	1.45373e-006	1.86838e-010	1.01245e-014	2.80241e-019	4.47252e-024	4.54025e-029	6.15013e-034	5.63957e-036	1.68425e-039	1.71839e-041	3.53004e-045	2.15587e-047	3.21e-051	1.19046e-053	1.32801e-057	2.96226e-060	2.42787e-064	3.1742e-067	1.42871e-071	1.11178e-074	3.34611e-080	1.81866e-084	3.0794e-090	1.15948e-094	1.19568e-100	3.6461e-105	1.25081e-110	7.46259e-114	3.79322e-117	
N13	3.97491e-037	1.10036e-036	4.18181e-033	6.92508e-027	1.64006e-020	1.35021e-014	3.19967e-009	0.000180184	0.999519	0.000300375	8.37629e-009	5.57587e-014	1.13173e-019	8.2829e-026	2.91266e-032	9.412e-037	2.74495e-040	6.57988e-041	8.3313e-043	4.70724e-043	4.92546e-045	1.97339e-045	1.74767e-047	4.92256e-048	3.7277e-050	7.20054e-051	4.47199e-053	5.73618e-054	2.18082e-056	1.86629e-057	4.50006e-061	3.26561e-063	5.30929e-067	2.32846e-069	2.55057e-073	9.27625e-076	2.39465e-079	1.91428e-080	1.52187e-081	
Ephelotermes_melachoma	0	0	0	0	0	0	0	0	1	0	0	0	0	0	0	0	0	0	0	0	0	0	0	0	0	0	0	0	0	0	0	0	0	0	0	0	0	0	0	
N14	1.05806e-035	4.225e-038	9.65484e-034	4.7264e-027	1.13326e-020	9.76124e-015	2.57295e-009	0.000164691	0.999558	0.000276937	6.81118e-009	4.04411e-014	7.74015e-020	5.55332e-026	2.13428e-032	1.22543e-036	2.74839e-040	4.8503e-044	6.8765e-048	1.04344e-051	9.70533e-056	2.45509e-057	1.32554e-061	7.59784e-063	2.5804e-067	6.92653e-069	1.24776e-073	1.65114e-075	8.77352e-081	7.31137e-083	3.94626e-090	5.74001e-094	2.05895e-101	8.27483e-106	1.63178e-113	3.37613e-118	3.4616e-126	4.5688e-131	2.30945e-130	
Ephelotermes_taylori	0	0	0	0	0	0	0	0	1	0	0	0	0	0	0	0	0	0	0	0	0	0	0	0	0	0	0	0	0	0	0	0	0	0	0	0	0	0	0	
Macrognathotermes_sunteri	0	0	0	0	0	0	0	0	1	0	0	0	0	0	0	0	0	0	0	0	0	0	0	0	0	0	0	0	0	0	0	0	0	0	0	0	0	0	0	
Lophotermes_septentrionalis	0	0	0	0	0	0	0	0	1	0	0	0	0	0	0	0	0	0	0	0	0	0	0	0	0	0	0	0	0	0	0	0	0	0	0	0	0	0	0	
N15	2.37782e-028	9.00648e-027	1.29995e-021	1.56722e-016	9.47659e-012	2.38505e-007	0.00167393	0.108762	0.889012	0.000551696	6.36187e-008	2.57174e-012	4.77641e-017	4.72353e-022	2.72455e-027	9.82363e-033	3.26807e-038	2.87942e-041	1.7455e-045	3.08252e-047	1.74361e-046	6.34972e-045	6.6043e-047	1.32946e-047	1.19159e-049	1.6738e-050	1.31326e-052	1.21698e-053	7.60905e-056	4.14421e-057	2.18162e-060	1.29154e-062	4.04313e-066	1.90839e-068	3.9476e-072	1.65319e-074	1.01493e-077	5.73257e-079	2.97314e-080	
Procubitermes_sp	0	0	0	0	0	0	1	0	0	0	0	0	0	0	0	0	0	0	0	0	0	0	0	0	0	0	0	0	0	0	0	0	0	0	0	0	0	0	0	
N16	3.24619e-030	1.30578e-030	3.74066e-025	1.1704e-019	1.88649e-014	1.2999e-009	2.5791e-005	0.0190325	0.980333	0.000608912	4.9084e-008	1.17721e-012	1.18049e-017	5.93686e-023	1.67811e-028	1.80219e-032	3.81579e-036	6.82535e-038	9.26537e-042	8.79506e-044	8.07635e-048	4.20905e-050	2.64277e-054	7.63246e-057	2.73164e-061	4.4422e-064	9.08985e-070	7.55896e-073	6.11876e-079	2.03208e-082	8.61099e-089	2.40242e-093	6.14102e-100	9.85079e-105	1.51877e-111	1.79296e-116	5.42616e-122	3.85053e-125	1.85385e-128	
Tuberculitermes_bycanistes	0	0	0	0	0	0	0	0	1	0	0	0	0	0	0	0	0	0	0	0	0	0	0	0	0	0	0	0	0	0	0	0	0	0	0	0	0	0	0	
Unguitermes_sp	0	0	0	0	0	0	0	0	1	0	0	0	0	0	0	0	0	0	0	0	0	0	0	0	0	0	0	0	0	0	0	0	0	0	0	0	0	0	0	
N17	1.81561e-033	3.25666e-034	1.4594e-028	6.98329e-023	1.60997e-017	1.65879e-012	6.64286e-008	0.000749588	0.998103	0.00114683	1.51218e-007	5.52308e-012	7.79903e-017	4.92818e-022	1.50953e-027	2.65188e-033	2.04301e-037	1.80179e-040	5.29415e-044	2.59412e-045	5.03653e-049	1.84044e-050	2.46802e-054	4.44937e-056	4.20631e-060	6.34718e-062	4.24692e-064	6.87386e-063	1.02561e-061	1.34347e-058	1.92734e-059	2.90159e-057	2.50723e-056	6.28144e-054	5.49744e-056	5.71331e-056	2.10743e-057	2.87459e-055	2.98036e-053	
N18	7.19606e-031	6.04249e-031	6.2247e-026	8.07841e-021	6.00245e-016	2.26482e-011	3.58561e-007	0.00167911	0.995908	0.002412	7.34349e-007	6.57328e-011	2.45704e-015	4.64648e-020	5.01397e-025	3.36105e-030	2.0398e-035	2.45743e-037	8.79964e-041	2.16769e-042	5.3249e-046	7.82937e-048	1.39115e-051	1.24375e-053	1.65799e-057	8.95843e-060	9.03357e-064	2.8834e-066	3.05902e-070	2.03402e-071	3.60245e-075	2.70684e-077	3.19459e-081	1.63256e-083	1.29054e-087	5.7092e-090	1.99606e-093	3.56655e-094	5.3815e-095	
N19	7.19696e-032	6.63206e-033	1.32893e-027	3.61223e-022	5.43455e-017	4.01978e-012	1.20347e-007	0.00101397	0.997398	0.00158762	2.84352e-007	1.40499e-011	2.77666e-016	2.67914e-021	1.42509e-026	4.55338e-032	1.27434e-037	1.943e-040	1.50925e-044	1.29532e-044	5.21378e-044	1.88108e-042	2.84155e-044	1.2136e-044	1.53337e-046	4.51404e-047	4.87931e-049	9.43594e-050	7.39784e-052	8.88109e-053	4.17409e-056	4.07048e-058	1.21539e-061	8.35312e-064	1.65852e-067	9.88649e-070	5.91363e-073	7.20789e-074	8.07705e-075	
N20	2.61737e-033	4.31605e-033	1.05697e-027	2.97542e-022	4.64613e-017	3.57375e-012	1.11419e-007	0.000977633	0.997514	0.00150839	2.54699e-007	1.18621e-011	2.21413e-016	2.02359e-021	1.02281e-026	3.10036e-032	7.4196e-038	1.09777e-039	3.29993e-043	1.33112e-044	2.72083e-048	6.2756e-050	9.10883e-054	1.22756e-055	1.26756e-059	1.0081e-061	6.62331e-066	3.1898e-068	8.43135e-073	2.65934e-075	1.71478e-081	2.08123e-085	9.04423e-092	4.08843e-096	1.1269e-102	3.16428e-107	1.62051e-113	2.6586e-116	4.27315e-119	
Crenetermes_albotarsalis	0	0	0	0	0	0	0	0	1	0	0	0	0	0	0	0	0	0	0	0	0	0	0	0	0	0	0	0	0	0	0	0	0	0	0	0	0	0	0	
Thoracotermes_macrothorax	0	0	0	0	0	0	0	0	1	0	0	0	0	0	0	0	0	0	0	0	0	0	0	0	0	0	0	0	0	0	0	0	0	0	0	0	0	0	0	
Cubitermes_sp	0	0	0	0	0	0	0	0	1	0	0	0	0	0	0	0	0	0	0	0	0	0	0	0	0	0	0	0	0	0	0	0	0	0	0	0	0	0	0	
N21	7.10895e-035	7.2777e-037	6.01485e-031	5.91264e-025	3.10758e-019	7.93014e-014	8.31409e-009	0.000257213	0.999371	0.000371618	1.72235e-008	2.34093e-013	1.30341e-018	3.52197e-024	5.09422e-030	4.21978e-036	2.91627e-042	4.03789e-046	3.64041e-051	5.33306e-051	8.52827e-045	2.12215e-038	2.20884e-038	4.41837e-037	4.56934e-037	7.30531e-036	7.52946e-036	9.03738e-035	8.30509e-035	6.66761e-034	6.38746e-035	6.87812e-035	4.45036e-036	4.25701e-036	2.06018e-037	1.97766e-037	2.98287e-038	4.03328e-037	5.45776e-036	
N22	4.61157e-038	1.86653e-038	2.6977e-032	4.32891e-026	3.81184e-020	1.65681e-014	2.97086e-009	0.000155521	0.999621	0.000223804	6.06497e-009	4.75296e-014	1.5287e-019	2.42134e-025	2.10339e-031	1.07349e-037	4.42587e-044	1.81488e-046	1.00255e-050	8.38206e-053	2.84633e-057	1.20398e-059	2.54021e-064	5.3252e-067	6.81341e-072	6.6409e-075	4.63922e-080	1.87599e-083	4.64523e-089	6.61586e-093	1.22359e-100	1.39185e-106	2.63456e-115	2.71137e-038	2.14814e-040	2.1581e-040	1.03643e-041	1.09328e-039	9.80353e-038	
Nasutitermes_graveolus	0	0	0	0	0	0	0	0	1	0	0	0	0	0	0	0	0	0	0	0	0	0	0	0	0	0	0	0	0	0	0	0	0	0	0	0	0	0	0	
Nasutitermes_triodiae	0	0	0	0	0	0	0	0	1	0	0	0	0	0	0	0	0	0	0	0	0	0	0	0	0	0	0	0	0	0	0	0	0	0	0	0	0	0	0	
N23	4.3323e-038	1.01547e-038	1.59571e-032	2.77204e-026	2.64102e-020	1.24397e-014	2.42898e-009	0.000139777	0.999664	0.000196329	4.75824e-009	3.38027e-014	9.92822e-020	1.44055e-025	1.14683e-031	5.35478e-038	2.05827e-044	5.24604e-047	2.11073e-051	1.01447e-053	2.50886e-058	6.08164e-061	9.34748e-066	1.12172e-068	1.04963e-073	5.84811e-077	3.07335e-082	7.01471e-086	1.46886e-091	1.12415e-095	2.0384e-103	1.39579e-109	2.45921e-118	4.80696e-038	4.80879e-040	4.78208e-040	3.26736e-041	2.60364e-039	1.73696e-037	
Nasutitermes_longipennis	0	0	0	0	0	0	0	0	1	0	0	0	0	0	0	0	0	0	0	0	0	0	0	0	0	0	0	0	0	0	0	0	0	0	0	0	0	0	0	
Tumulitermes_pastinator	0	0	0	0	0	0	0	0	1	0	0	0	0	0	0	0	0	0	0	0	0	0	0	0	0	0	0	0	0	0	0	0	0	0	0	0	0	0	0	
N24	7.72579e-035	5.78005e-035	1.5776e-031	2.39411e-025	2.78904e-019	9.12867e-014	9.43194e-009	0.000279929	0.9993	0.000419704	2.05897e-008	2.85305e-013	1.34004e-018	1.93368e-024	1.09423e-030	4.42531e-035	2.40421e-038	1.95836e-039	1.81635e-041	2.9867e-042	2.18515e-044	2.42225e-045	1.40414e-047	1.01869e-048	4.64148e-051	2.08065e-052	7.21605e-055	1.79869e-056	4.07651e-059	4.44337e-061	8.71001e-065	8.6795e-068	3.96927e-072	1.05424e-035	6.90656e-037	6.55205e-037	1.2473e-037	1.21582e-036	1.20768e-035	
N25	2.32176e-037	7.43571e-040	1.29716e-033	5.4282e-027	9.79069e-021	7.26748e-015	2.02241e-009	0.000145203	0.999616	0.000239072	5.18992e-009	2.83143e-014	5.76892e-020	5.03975e-026	1.99507e-032	1.75096e-038	1.53145e-042	1.33266e-046	8.70837e-051	9.85207e-054	3.74983e-058	5.87511e-060	1.29663e-064	8.67834e-067	9.88151e-072	2.83246e-074	1.22545e-079	1.62399e-082	1.315e-088	7.37017e-092	4.92983e-100	2.72702e-105	2.18749e-114	8.17858e-039	2.63266e-041	3.92927e-041	9.76262e-044	3.08545e-041	9.03649e-039	
Microcerotermes_boreus	0	0	0	0	0	0	0	0	1	0	0	0	0	0	0	0	0	0	0	0	0	0	0	0	0	0	0	0	0	0	0	0	0	0	0	0	0	0	0	
Microcerotermes_nervosus	0	0	0	0	0	0	0	0	1	0	0	0	0	0	0	0	0	0	0	0	0	0	0	0	0	0	0	0	0	0	0	0	0	0	0	0	0	0	0	
Pericapritermes_sp	0	0	0	0	0	0	0	0	1	0	0	0	0	0	0	0	0	0	0	0	0	0	0	0	0	0	0	0	0	0	0	0	0	0	0	0	0	0	0	
N26	6.33441e-027	1.94245e-028	9.54295e-024	8.42366e-019	3.70247e-014	7.18832e-010	4.91448e-006	0.00766237	0.978657	0.0136603	1.50346e-005	3.67586e-009	3.10593e-013	1.15136e-017	2.14487e-022	2.21299e-027	3.20445e-032	4.832e-033	2.21376e-034	1.73379e-034	6.67918e-036	3.73171e-036	1.23301e-037	4.88109e-038	1.38741e-039	3.80959e-040	8.64776e-042	1.60519e-042	2.0714e-044	2.61363e-045	6.79496e-048	2.07756e-049	3.65273e-052	6.71683e-054	8.22462e-057	1.26365e-058	2.09027e-061	2.24582e-062	3.40846e-063	
N27	4.67415e-029	5.09793e-029	4.42148e-024	4.51484e-019	2.33826e-014	5.32796e-010	4.19193e-006	0.0072863	0.979507	0.0131895	1.33741e-005	2.92549e-009	2.16686e-013	6.96462e-018	1.1294e-022	1.01863e-027	8.66963e-033	1.63804e-034	1.23427e-037	2.96483e-038	1.26248e-041	1.88668e-042	4.33957e-046	4.26895e-047	4.70086e-051	3.2708e-052	1.37523e-056	7.09819e-058	7.04179e-063	2.66768e-064	2.19773e-070	1.0738e-072	6.34283e-079	7.79939e-082	3.57446e-088	1.76045e-091	6.24837e-098	3.95229e-101	6.00609e-103	
N28	6.6318e-027	2.33119e-027	7.65493e-023	3.02928e-018	6.87535e-014	7.92048e-010	3.81959e-006	0.00543444	0.986438	0.00811535	8.29831e-006	2.46207e-009	3.02358e-013	1.86969e-017	6.58924e-022	1.45112e-026	2.73181e-031	1.05885e-033	4.24587e-037	3.92423e-039	1.07599e-042	5.90556e-045	1.16162e-048	3.83125e-051	5.58022e-055	1.09223e-057	1.18418e-061	3.69126e-064	1.79435e-066	1.45253e-067	1.17373e-070	1.46521e-072	7.77231e-076	5.75765e-078	2.01221e-081	1.25713e-083	7.50757e-087	5.1383e-088	4.02137e-089	
Macrotermes_bellicosus	0	0	0	0	0	0	0	0	1	0	0	0	0	0	0	0	0	0	0	0	0	0	0	0	0	0	0	0	0	0	0	0	0	0	0	0	0	0	0	
N29	1.16543e-035	1.61336e-037	1.9499e-031	2.4155e-025	1.5589e-019	4.78913e-014	5.9705e-009	0.000218836	0.999463	0.000317918	1.24043e-008	1.40778e-013	6.43425e-019	1.39199e-024	1.5621e-030	9.5728e-037	4.23178e-043	4.16777e-047	2.4425e-052	2.23109e-056	1.84681e-062	1.08186e-038	1.10802e-038	2.60157e-037	2.65706e-037	4.95429e-036	4.81498e-036	6.79969e-035	4.82718e-035	5.03714e-034	3.77552e-035	5.80713e-035	3.27986e-036	3.42607e-036	1.46986e-037	1.43286e-037	1.23833e-038	1.79029e-037	3.09875e-036	
Microtermes_sp	0	0	0	0	0	0	0	0	1	0	0	0	0	0	0	0	0	0	0	0	0	0	0	0	0	0	0	0	0	0	0	0	0	0	0	0	0	0	0	
Protermes_sp	0	0	0	0	0	0	0	0	1	0	0	0	0	0	0	0	0	0	0	0	0	0	0	0	0	0	0	0	0	0	0	0	0	0	0	0	0	0	0	
Pseudacanthotermes_militaris	0	0	0	0	0	0	0	0	1	0	0	0	0	0	0	0	0	0	0	0	0	0	0	0	0	0	0	0	0	0	0	0	0	0	0	0	0	0	0	
Odontotermes_sp	0	0	0	0	0	0	0	0	1	0	0	0	0	0	0	0	0	0	0	0	0	0	0	0	0	0	0	0	0	0	0	0	0	0	0	0	0	0	0	
N30	1.83387e-022	2.70969e-020	2.17127e-016	1.4231e-012	4.75145e-009	6.69774e-006	0.00285446	0.159307	0.806631	0.0310397	0.000160037	2.32183e-007	1.3392e-010	3.74727e-014	5.78562e-018	5.43347e-022	3.9605e-026	1.98968e-028	2.06932e-031	3.13168e-033	2.19061e-036	1.91416e-038	9.34145e-042	4.78341e-044	1.62546e-047	1.72095e-047	2.02638e-048	7.29673e-047	2.19075e-046	4.73784e-045	1.20644e-045	1.93828e-045	2.45365e-047	1.49933e-048	3.40619e-051	9.05217e-053	1.95749e-055	2.12211e-056	4.95418e-057	
Coptotermes_acinaciformis	0	0	0	0	0	0	0	0	1	0	0	0	0	0	0	0	0	0	0	0	0	0	0	0	0	0	0	0	0	0	0	0	0	0	0	0	0	0	0	
N31	1.31629e-021	1.67585e-019	1.18352e-015	6.81508e-012	1.97333e-008	2.35324e-005	0.00791901	0.22459	0.749672	0.0177327	6.24509e-005	6.73095e-008	3.06967e-011	7.12408e-015	9.47697e-019	7.86649e-023	4.83982e-027	6.91463e-029	1.50565e-031	1.13369e-032	1.73876e-035	7.98746e-037	8.69124e-040	2.50843e-041	1.81884e-044	3.41474e-046	1.36823e-049	1.75041e-051	2.53778e-055	2.25173e-057	5.50901e-062	1.25007e-064	2.03144e-069	1.65101e-072	1.95035e-077	8.63673e-081	8.15914e-086	1.07131e-088	6.67227e-091	
N32	1.52464e-025	7.61222e-027	2.6335e-022	1.07657e-017	2.38372e-013	2.47903e-009	9.63192e-006	0.00929299	0.986007	0.0046868	3.17293e-006	6.54943e-010	5.73143e-014	2.55635e-018	6.54591e-023	1.95692e-027	2.36183e-031	5.52714e-034	8.30652e-038	1.09153e-040	1.07565e-044	7.71944e-048	5.09594e-052	1.96853e-055	8.14584e-060	2.22477e-063	3.33684e-066	1.2071e-067	4.01235e-068	4.58425e-066	1.86683e-065	2.72306e-064	1.75873e-064	2.05966e-064	1.07041e-067	5.12635e-070	6.27484e-073	2.14424e-074	7.16838e-076	
Reticulitermes_flavipes	0	0	0	0	0	0	0	0	1	0	0	0	0	0	0	0	0	0	0	0	0	0	0	0	0	0	0	0	0	0	0	0	0	0	0	0	0	0	0	
N33	8.34607e-033	1.24343e-033	4.07515e-028	1.5024e-022	3.01707e-017	2.89985e-012	1.0793e-007	0.00104636	0.998006	0.000947644	1.03653e-007	3.17175e-012	3.91247e-017	2.36929e-022	7.95058e-028	1.62883e-033	5.35205e-039	2.06225e-041	1.49141e-045	4.76089e-048	2.10963e-052	3.45679e-055	9.29821e-060	7.61095e-063	1.1249e-067	4.39988e-071	2.65469e-076	4.69868e-080	5.81128e-086	3.99124e-090	2.51209e-097	5.4186e-103	3.63952e-111	8.44828e-037	1.91614e-038	2.02987e-038	7.77697e-040	2.05366e-038	7.54172e-037	
Reticulitermes_lucifugus	0	0	0	0	0	0	0	0	1	0	0	0	0	0	0	0	0	0	0	0	0	0	0	0	0	0	0	0	0	0	0	0	0	0	0	0	0	0	0	
Reticulitermes_urbis	0	0	0	0	0	0	0	0	1	0	0	0	0	0	0	0	0	0	0	0	0	0	0	0	0	0	0	0	0	0	0	0	0	0	0	0	0	0	0	
Schedorhinotermes_lamanianus	0	0	0	0	0	0	1	0	0	0	0	0	0	0	0	0	0	0	0	0	0	0	0	0	0	0	0	0	0	0	0	0	0	0	0	0	0	0	0	
N34	2.21058e-020	3.45629e-018	2.48795e-014	1.47241e-010	3.27639e-007	0.000148336	0.0167632	0.405549	0.552705	0.0246979	0.000135991	1.74226e-007	8.34695e-011	6.67639e-014	1.7097e-016	2.77958e-019	2.5579e-022	1.72184e-024	1.10293e-026	5.16681e-028	1.48288e-030	4.17172e-032	8.57524e-034	2.65084e-034	8.95992e-036	2.10022e-036	5.36928e-038	9.31196e-039	1.59215e-040	1.97977e-041	1.51234e-043	1.14144e-044	5.22721e-047	2.18223e-048	7.00819e-051	1.75082e-052	4.2779e-055	1.27375e-056	8.41487e-058	
N35	1.55567e-020	5.11338e-018	6.28512e-014	3.99387e-010	9.03765e-007	0.000283906	0.0232528	0.452511	0.50818	0.0157179	5.32803e-005	4.1473e-008	2.54336e-011	1.65136e-013	9.32449e-016	2.92758e-018	5.38509e-021	4.67402e-022	3.5744e-023	2.10239e-022	6.08982e-024	1.15595e-023	6.32666e-026	2.73255e-026	3.74839e-029	7.06311e-030	2.88563e-033	3.00674e-034	3.10188e-038	1.90505e-039	3.663e-044	8.3526e-046	7.80306e-051	5.13918e-053	3.18772e-058	7.19768e-061	3.20906e-066	3.45888e-069	8.62387e-072	
N36	1.01773e-020	1.52969e-017	1.1444e-013	3.89379e-010	4.09503e-007	0.000101958	0.00906153	0.455974	0.517996	0.0168006	6.52376e-005	5.70089e-008	1.57788e-011	1.76879e-015	1.10422e-019	2.25992e-023	1.45832e-026	2.36123e-028	1.4835e-031	1.0155e-033	7.68173e-037	1.73475e-039	4.78914e-043	5.58955e-046	3.52597e-050	2.78029e-053	5.97369e-058	3.76799e-061	3.17628e-066	1.30373e-069	4.7146e-075	5.4975e-079	1.27011e-084	7.4926e-089	4.03763e-094	2.78189e-097	4.19271e-101	9.91825e-103	2.18488e-104	
N37	5.96616e-014	2.56363e-012	1.07673e-009	2.74261e-007	2.67163e-005	0.000807594	0.0101174	0.320139	0.596705	0.0704585	0.00173236	1.30062e-005	3.44762e-008	3.25049e-011	9.80194e-015	6.91789e-018	2.87933e-020	4.04461e-021	1.01274e-023	6.5069e-025	9.57662e-028	3.11665e-029	2.89517e-032	5.01335e-034	2.68674e-037	4.64336e-035	3.54753e-036	5.00354e-036	2.25555e-038	5.60283e-039	1.11779e-041	6.10887e-043	8.57892e-046	3.26124e-047	3.48922e-050	1.19452e-051	9.60446e-054	8.40996e-054	5.97679e-054	
N38	1.33938e-010	2.12483e-008	1.58368e-006	5.61802e-005	0.000877528	0.00482379	0.0140094	0.280434	0.566898	0.124237	0.0084309	0.00022897	2.63493e-006	1.15243e-008	1.0989e-011	5.4483e-015	1.861e-017	1.14934e-017	1.03205e-019	3.25836e-020	1.8017e-022	3.07403e-023	1.10525e-025	1.08248e-026	2.34323e-029	1.39399e-030	1.30195e-033	5.03902e-035	5.92423e-039	1.00223e-040	5.28699e-045	1.78695e-047	6.56425e-052	9.79865e-055	2.5012e-059	2.44222e-062	1.00925e-066	1.95114e-068	4.68304e-070	
Bifiditermes_improbus	0	0	0	0	0	1	0	0	0	0	0	0	0	0	0	0	0	0	0	0	0	0	0	0	0	0	0	0	0	0	0	0	0	0	0	0	0	0	0	
Neotermes_insularis	0	0	0	0	0	0	0	0	0	0	0	0	0	1	0	0	0	0	0	0	0	0	0	0	0	0	0	0	0	0	0	0	0	0	0	0	0	0	0	
Incisitermes_sp	0	0	0	0	0	0	0	0	1	0	0	0	0	0	0	0	0	0	0	0	0	0	0	0	0	0	0	0	0	0	0	0	0	0	0	0	0	0	0	
N39	6.90134e-023	3.90065e-019	4.10211e-015	2.35097e-011	6.03523e-008	5.8549e-005	0.016352	0.63516	0.344004	0.00441875	6.73913e-006	2.74261e-009	4.33166e-013	3.2791e-017	1.36034e-021	3.85864e-026	4.38746e-030	6.33786e-032	3.14028e-035	2.73675e-037	8.21675e-041	4.7786e-043	2.13387e-046	6.22376e-048	7.36733e-051	1.98911e-049	3.51085e-050	1.96312e-049	1.73375e-049	5.16777e-048	1.22957e-048	4.40648e-048	5.18184e-050	2.78416e-051	3.13717e-054	7.98154e-056	8.15506e-059	1.14881e-059	4.54212e-060	
N40	1.02387e-015	1.77213e-013	4.04238e-009	1.78246e-006	0.000238958	0.011758	0.19661	0.759604	0.0317748	1.19957e-005	1.08901e-009	3.8654e-014	6.68349e-019	6.29672e-024	3.45289e-029	1.78782e-034	1.2195e-037	1.36526e-038	1.75043e-040	1.73742e-041	1.95441e-043	1.42085e-044	1.41082e-046	7.31224e-048	6.3061e-050	2.22095e-051	1.47588e-053	3.21344e-055	9.1904e-058	1.15591e-059	1.64788e-062	8.99835e-065	7.85047e-068	3.28599e-070	1.91177e-073	7.10481e-076	9.22157e-079	1.70579e-080	3.05323e-082	
N41	5.43161e-019	1.12996e-016	5.35688e-012	1.25971e-008	8.19636e-006	0.00166389	0.0915648	0.861883	0.0448655	1.43002e-005	9.3224e-010	2.16546e-014	1.82812e-016	3.28242e-017	1.57539e-020	1.30346e-021	2.16273e-025	9.70773e-027	5.77445e-032	1.18616e-033	2.93849e-039	2.91129e-041	4.03917e-047	1.95304e-049	1.7239e-055	3.92957e-058	2.3683e-064	2.29017e-067	9.842e-074	3.19791e-077	1.00312e-083	1.16099e-087	2.5805e-094	1.52301e-098	2.32761e-105	1.30009e-109	4.60753e-112	2.74187e-114	9.50831e-117	
Cryptotermes_austrinus	0	0	0	0	0	0	0	1	0	0	0	0	0	0	0	0	0	0	0	0	0	0	0	0	0	0	0	0	0	0	0	0	0	0	0	0	0	0	0	
Cryptotermes_queenslandis	0	0	0	0	0	0	0	0	1	0	0	0	0	0	0	0	0	0	0	0	0	0	0	0	0	0	0	0	0	0	0	0	0	0	0	0	0	0	0	
Cryptotermes_primus	0	0	1	0	0	0	0	0	0	0	0	0	0	0	0	0	0	0	0	0	0	0	0	0	0	0	0	0	0	0	0	0	0	0	0	0	0	0	0	
N42	9.73922e-021	4.20803e-018	2.37705e-015	1.03022e-011	2.4194e-008	4.81365e-005	0.0180715	0.669306	0.309026	0.00354551	2.57674e-006	3.76317e-010	1.76866e-014	3.45405e-019	3.27779e-024	6.05289e-029	1.48533e-030	7.37886e-030	5.89887e-031	2.00817e-030	1.16369e-031	2.8229e-031	1.09361e-032	1.9896e-032	4.53595e-034	6.43054e-034	6.63016e-036	7.40182e-036	1.92316e-038	1.2915e-038	1.39905e-041	1.9811e-042	1.6734e-045	9.4542e-047	6.22691e-050	2.24269e-051	1.79675e-054	1.10053e-054	1.27154e-054	
N43	7.34804e-021	4.27464e-018	1.18365e-014	3.89096e-011	5.32836e-008	7.41254e-005	0.0214383	0.684678	0.290831	0.00297573	1.96252e-006	2.70787e-010	1.25106e-014	2.49656e-019	2.5103e-024	1.54455e-029	3.7106e-034	3.68383e-036	1.52104e-039	4.26008e-040	1.61337e-043	3.21786e-044	6.23697e-048	8.4207e-049	7.11668e-053	6.97427e-054	1.89223e-058	1.40182e-059	5.5446e-065	2.85509e-066	1.99717e-072	2.83703e-074	1.22139e-080	2.55167e-083	8.63558e-090	5.65804e-093	1.5148e-099	6.7224e-103	8.81584e-105	
Cryptotermes_brevis	0	0	0	0	0	1	0	0	0	0	0	0	0	0	0	0	0	0	0	0	0	0	0	0	0	0	0	0	0	0	0	0	0	0	0	0	0	0	0	
N44	5.15461e-015	2.84766e-012	9.84553e-010	9.02016e-008	3.23752e-006	0.000225084	0.029901	0.736426	0.230071	0.00336437	9.39718e-006	6.94962e-009	1.45451e-012	1.21304e-016	4.97242e-021	2.24765e-025	1.16779e-028	3.78478e-030	2.2794e-033	3.8253e-035	1.48397e-038	1.34066e-040	3.48611e-044	1.72804e-046	2.54487e-050	7.41017e-053	4.13772e-057	7.65096e-060	8.7568e-065	7.86739e-068	3.43072e-073	5.16461e-077	1.42692e-082	9.17954e-087	1.51295e-092	7.21851e-097	2.96354e-102	2.90817e-105	2.58571e-108	
N45	3.75147e-007	9.31099e-006	9.04033e-005	9.48017e-005	0.000119341	0.004265	0.090948	0.642537	0.245707	0.015893	0.0003335	2.23253e-006	1.57101e-009	4.24052e-013	5.89306e-017	1.31962e-020	2.97483e-023	3.23203e-024	7.17685e-027	4.40909e-028	6.78434e-031	2.45095e-032	2.75153e-035	5.9237e-037	4.70654e-040	6.05301e-042	2.47872e-045	1.99217e-047	8.7083e-052	2.13958e-054	5.35834e-059	2.99548e-062	4.80342e-067	1.7414e-070	1.82937e-075	5.48561e-079	4.20653e-083	2.91975e-085	1.62625e-087	
Cryptotermes_domesticus	0	0	1	0	0	0	0	0	0	0	0	0	0	0	0	0	0	0	0	0	0	0	0	0	0	0	0	0	0	0	0	0	0	0	0	0	0	0	0	
Procryptotermes_australiensis	0	0	0	0	0	0	0	0	0	0	0	1	0	0	0	0	0	0	0	0	0	0	0	0	0	0	0	0	0	0	0	0	0	0	0	0	0	0	0	
N46	5.39573e-020	9.54439e-017	1.90707e-013	1.90441e-010	1.55982e-007	0.00010389	0.0248394	0.860846	0.11318	0.00102851	2.23242e-006	1.81076e-009	6.93891e-013	1.47049e-016	2.39315e-020	1.75156e-022	2.54412e-025	4.18672e-027	2.50064e-030	2.58875e-032	9.48831e-036	8.33614e-038	4.09449e-041	3.12603e-043	1.37309e-046	7.00301e-049	1.53836e-052	5.1251e-055	3.31208e-059	5.66308e-062	1.65777e-066	7.96273e-070	1.51809e-074	4.01863e-078	5.04728e-083	9.99993e-087	2.34165e-091	4.97883e-094	1.14233e-096	
Cryptotermes_dudleyi	0	0	0	0	0	0	0	1	0	0	0	0	0	0	0	0	0	0	0	0	0	0	0	0	0	0	0	0	0	0	0	0	0	0	0	0	0	0	0	
Cryptotermes_secundus	0	0	0	0	0	0	0	1	0	0	0	0	0	0	0	0	0	0	0	0	0	0	0	0	0	0	0	0	0	0	0	0	0	0	0	0	0	0	0	
Cryptotermes_cynocephalus	0	0	0	0	0	0	0	0	0	1	0	0	0	0	0	0	0	0	0	0	0	0	0	0	0	0	0	0	0	0	0	0	0	0	0	0	0	0	0	
Kalotermes_flavicollis	0	0	0	0	0	0	0	0	0	0	0	0	0	0	0	0	0	0	0	0	0	1	0	0	0	0	0	0	0	0	0	0	0	0	0	0	0	0	0	
N47	1.67813e-016	2.15331e-016	2.00466e-013	2.3188e-010	1.49784e-007	4.69892e-005	0.00579178	0.191594	0.722501	0.0785022	0.00155335	1.00836e-005	2.86952e-008	4.25178e-011	3.68932e-014	4.56529e-017	2.04535e-019	1.33333e-020	6.62185e-023	2.5453e-024	8.82088e-027	2.00534e-028	5.015e-031	6.84247e-033	1.18565e-035	9.74981e-038	9.79022e-041	4.832e-043	1.73105e-046	4.20756e-049	7.84433e-053	8.01156e-056	9.12973e-060	6.47198e-063	4.78517e-067	2.87473e-070	5.51142e-074	2.16332e-076	8.2306e-079	
Glyptotermes_brevicornis	0	0	0	0	0	0	0	0	1	0	0	0	0	0	0	0	0	0	0	0	0	0	0	0	0	0	0	0	0	0	0	0	0	0	0	0	0	0	0	
Glyptotermes_iridipennis	0	0	0	0	0	0	0	0	1	0	0	0	0	0	0	0	0	0	0	0	0	0	0	0	0	0	0	0	0	0	0	0	0	0	0	0	0	0	0	
N48	1.14791e-007	7.20305e-006	0.000323781	0.00546674	0.0304809	0.0644228	0.0623758	0.170584	0.409084	0.221843	0.0336556	0.00172289	3.26938e-005	2.30004e-007	5.55697e-010	6.10884e-013	3.76516e-016	9.62063e-019	3.17795e-021	7.3979e-023	1.70882e-025	2.1957e-027	3.42179e-030	2.53695e-032	2.78979e-035	1.21741e-037	9.18099e-041	2.34857e-043	1.02708e-046	1.54108e-049	2.93227e-053	2.32853e-056	2.52257e-060	1.12763e-063	7.6766e-068	2.22387e-071	1.11923e-075	4.62414e-079	3.31455e-082	
Porotermes_adamsoni	0	0	0	0	0	0	0	1	0	0	0	0	0	0	0	0	0	0	0	0	0	0	0	0	0	0	0	0	0	0	0	0	0	0	0	0	0	0	0	
N49	2.9517e-005	0.000917247	0.0121033	0.0573653	0.0644562	0.0260616	0.018318	0.14698	0.376144	0.24213	0.0511471	0.00420547	0.000140869	1.70682e-006	3.76812e-009	3.4474e-012	2.72916e-015	3.3247e-016	2.58193e-018	3.70892e-019	1.65348e-021	1.34648e-022	3.46737e-025	1.74212e-026	2.38376e-029	7.86312e-031	4.78536e-034	1.0615e-035	2.26782e-039	2.94428e-041	2.97991e-045	1.79171e-047	1.17966e-051	3.35053e-054	1.60451e-058	2.50757e-061	9.39548e-066	1.76876e-068	1.35021e-070	
Stolotermes_sp	0	0	0	1	0	0	0	0	0	0	0	0	0	0	0	0	0	0	0	0	0	0	0	0	0	0	0	0	0	0	0	0	0	0	0	0	0	0	0	
N50	0.0058208	0.000790683	3.7577e-005	7.99313e-007	8.14521e-009	4.04005e-011	1.15575e-012	4.34847e-010	1.33088e-007	1.79575e-005	0.00109339	0.0284922	0.266704	0.679453	0.0156158	0.00195287	2.06793e-005	7.16802e-007	2.66776e-009	3.34391e-011	5.63373e-014	3.2195e-016	2.61576e-019	7.79118e-022	3.1005e-025	5.12348e-028	1.01804e-031	9.20191e-035	9.70693e-039	4.50545e-042	2.81046e-046	7.79713e-050	3.00072e-054	6.05267e-058	1.527e-062	2.8208e-066	5.97672e-070	6.20703e-073	5.11061e-076	
Zootermopsis_angusticollis	0	0	0	0	0	0	0	0	0	0	0	0	0	1	0	0	0	0	0	0	0	0	0	0	0	0	0	0	0	0	0	0	0	0	0	0	0	0	0	
Zootermopsis_nevadensis	0	0	0	0	0	0	0	0	0	0	0	0	0	1	0	0	0	0	0	0	0	0	0	0	0	0	0	0	0	0	0	0	0	0	0	0	0	0	0	
Mastotermes_darwiniensis	0	0	0	0	0	0	0	0	0	0	0	0	0	0	0	0	0	0	0	0	0	0	0	0	0	0	0	0	0	0	0	0	0	0	0	0	1	0	0	
