NODE	13	14	15	16	17	18	19	20	21	22	23	24	25	26	27	28	29	30	31	32	33	34	35	36	37	38	39	40	41	42	43	44	45	46	47	48	49	50	51	
N1	1.58782e-008	2.7233e-007	1.12959e-005	0.000307406	0.00424436	0.0281071	0.0932074	0.182795	0.258234	0.257529	0.140516	0.0321884	0.00276188	9.66004e-005	1.6044e-006	1.43949e-008	7.6761e-011	2.60549e-013	6.37331e-018	2.52828e-019	8.46995e-021	2.42408e-022	5.98604e-024	1.2867e-025	2.4266e-027	4.04405e-029	5.99475e-031	7.95208e-033	9.49384e-035	1.02619e-036	1.01132e-038	9.17586e-041	7.77639e-043	6.27911e-045	4.93266e-047	3.81285e-049	2.87941e-051	2.08057e-053	1.59486e-055	
N2	8.70163e-008	2.07988e-006	5.07697e-005	0.000797046	0.00724405	0.0360839	0.100084	0.177298	0.241382	0.246721	0.146607	0.0392074	0.00429842	0.000218065	6.14751e-006	1.10927e-007	1.58438e-009	4.10666e-010	3.94243e-011	4.19926e-011	2.72854e-012	2.10835e-012	8.7306e-014	5.04379e-014	1.33892e-015	5.89385e-016	1.06323e-017	3.6305e-018	4.84154e-020	1.3507e-020	1.49098e-022	3.92836e-023	4.17729e-025	9.9264e-026	8.31333e-028	1.19673e-028	6.33594e-031	5.03922e-032	1.54358e-033	
N3	7.62926e-007	6.72593e-006	0.000159456	0.00229224	0.0181223	0.0769702	0.176005	0.236287	0.238661	0.173713	0.0658958	0.0110347	0.000821836	2.93617e-005	5.48982e-007	5.83663e-009	3.88643e-011	2.75648e-013	4.99305e-015	1.92027e-016	4.30939e-018	1.02612e-019	1.40465e-021	2.04032e-023	1.73264e-025	1.64051e-027	9.01608e-030	5.97582e-032	2.27229e-034	1.14724e-036	3.30784e-039	1.35103e-041	3.06831e-044	9.48634e-047	1.48873e-049	3.03944e-052	3.28123e-055	5.37445e-058	1.00315e-060	
N4	4.12625e-012	5.70396e-011	1.30924e-008	1.95095e-006	0.000146827	0.00509264	0.0733526	0.376416	0.452343	0.087127	0.00538954	0.000129021	1.35943e-006	7.33824e-009	2.21372e-011	8.83447e-014	2.73355e-016	2.93188e-018	7.03884e-021	4.99656e-023	7.17396e-026	3.1919e-028	2.89825e-031	8.57257e-034	5.29362e-037	1.12119e-039	5.22e-043	8.91649e-046	3.6418e-049	5.72752e-052	2.20082e-055	3.1228e-058	1.00435e-061	1.14022e-064	2.76076e-068	2.33383e-071	4.4256e-075	3.40914e-078	2.27718e-081	
N5	9.01101e-019	1.82978e-018	6.36409e-015	1.78719e-011	2.49512e-008	1.48717e-005	0.00301612	0.143663	0.812409	0.0405677	0.000328983	8.07129e-007	8.05206e-010	3.91219e-013	1.05705e-016	3.97198e-020	2.80363e-023	1.3292e-025	8.66031e-029	2.3153e-031	9.00917e-035	1.35964e-037	3.11961e-041	2.76745e-044	3.61913e-048	1.99281e-051	9.78664e-055	7.91032e-055	3.75523e-054	6.2936e-053	9.10395e-053	3.43608e-052	7.94213e-053	2.16849e-053	7.69774e-056	1.23549e-057	3.99902e-060	1.51601e-061	9.40234e-063	
N6	2.18448e-022	2.04497e-022	2.67925e-018	3.49672e-014	2.23638e-010	5.87498e-007	0.00048047	0.0755105	0.888949	0.034914	0.000144851	1.44759e-007	5.14962e-011	8.18166e-015	6.7292e-019	4.12649e-023	1.35041e-026	4.04223e-028	3.05025e-031	5.25552e-033	2.29098e-036	2.30057e-038	5.4593e-042	3.43284e-044	3.8838e-048	1.6125e-050	7.21209e-055	1.96418e-057	3.08002e-062	4.44005e-065	3.26687e-070	1.57672e-073	7.86201e-079	1.68526e-082	6.01838e-088	7.23946e-092	2.08536e-097	7.06237e-101	9.55149e-104	
N7	7.87017e-027	1.35545e-027	7.73696e-023	4.05662e-018	1.13402e-013	1.47806e-009	7.20358e-006	0.00868768	0.98252	0.00877667	8.17885e-006	1.97799e-009	1.83446e-013	8.05842e-018	1.90723e-022	2.71143e-027	3.88992e-032	6.04312e-035	8.41095e-039	2.14967e-038	1.65162e-037	3.23516e-036	1.02501e-037	3.38152e-038	8.66282e-040	1.94163e-040	3.58042e-042	5.40858e-043	4.25345e-045	4.31478e-046	1.10048e-048	3.27988e-050	5.70655e-053	9.7259e-055	1.17386e-057	1.64817e-059	2.22708e-062	1.74567e-063	2.33191e-064	
N8	2.83499e-025	1.10824e-025	2.61467e-021	5.90862e-017	7.57288e-013	4.8633e-009	1.28789e-005	0.00990552	0.976442	0.0136154	2.37993e-005	1.19362e-008	2.45006e-012	2.50735e-016	1.44965e-020	5.21044e-025	1.512e-029	2.6593e-032	9.65508e-036	4.57608e-038	1.10965e-041	3.04444e-044	5.13933e-048	8.24082e-051	9.97202e-055	3.25908e-057	5.58921e-059	3.01964e-058	5.9818e-057	4.35076e-055	6.90776e-055	3.71734e-054	9.10678e-055	4.5734e-055	6.14618e-058	8.26564e-060	1.67979e-062	1.45264e-063	1.5575e-064	
N9	1.04577e-028	2.52895e-028	1.67877e-023	9.9468e-019	3.26735e-014	5.20895e-010	3.26407e-006	0.00547721	0.986383	0.00812969	6.91395e-006	1.54376e-009	1.33795e-013	5.57848e-018	1.28059e-022	1.77727e-027	1.78178e-032	8.46256e-035	4.13521e-038	1.00921e-039	3.34462e-043	4.80616e-045	1.10138e-048	9.60729e-051	1.44606e-054	7.91303e-057	6.52324e-061	2.34638e-063	6.66793e-068	1.6386e-070	4.77359e-076	1.63432e-079	3.25036e-085	3.85834e-089	5.33079e-095	3.5252e-099	3.88302e-105	1.49842e-108	2.26374e-111	
N10	1.75256e-031	5.61968e-032	1.19155e-026	2.25291e-021	2.34131e-016	1.1911e-011	2.45278e-007	0.00143189	0.996438	0.00212977	5.20798e-007	3.52373e-011	9.50926e-016	1.24479e-020	8.90437e-026	3.77286e-031	1.1428e-036	8.60956e-040	7.46712e-044	4.99138e-045	2.3478e-044	9.41744e-043	1.29982e-044	4.67793e-045	5.4074e-047	1.32938e-047	1.24538e-049	2.02891e-050	1.09777e-052	1.20683e-053	5.6631e-057	7.39632e-059	2.3944e-062	1.65867e-064	3.62042e-068	2.00903e-070	5.73939e-074	4.12592e-075	4.22647e-076	
N11	1.74698e-033	4.05057e-033	1.27688e-027	3.44476e-022	5.15807e-017	3.81518e-012	1.15025e-007	0.000985495	0.997599	0.00141514	2.28136e-007	1.02447e-011	1.85469e-016	1.64896e-021	8.11394e-027	2.39149e-032	5.02599e-038	2.11464e-040	4.28337e-044	8.43857e-046	1.16329e-049	1.30853e-051	1.2852e-055	8.43218e-058	5.97133e-062	2.29723e-064	1.0746e-068	2.46066e-071	4.96688e-076	7.25676e-079	4.85057e-085	3.43812e-089	1.51162e-095	4.24408e-100	1.15787e-106	2.11366e-111	7.84619e-118	4.99173e-121	3.73919e-124	
Amitermes_darwini	0	0	0	0	0	0	0	0	1	0	0	0	0	0	0	0	0	0	0	0	0	0	0	0	0	0	0	0	0	0	0	0	0	0	0	0	0	0	0	
Amitermes_germanus	0	0	0	0	0	0	0	0	1	0	0	0	0	0	0	0	0	0	0	0	0	0	0	0	0	0	0	0	0	0	0	0	0	0	0	0	0	0	0	
Pericapritermes_sp	0	0	0	0	0	0	0	0	1	0	0	0	0	0	0	0	0	0	0	0	0	0	0	0	0	0	0	0	0	0	0	0	0	0	0	0	0	0	0	
Amitermes_parvus	0	0	0	0	0	0	0	0	1	0	0	0	0	0	0	0	0	0	0	0	0	0	0	0	0	0	0	0	0	0	0	0	0	0	0	0	0	0	0	
Drepanotermes_septentrionalis	0	0	0	0	0	0	0	0	1	0	0	0	0	0	0	0	0	0	0	0	0	0	0	0	0	0	0	0	0	0	0	0	0	0	0	0	0	0	0	
N12	6.91856e-032	1.5779e-031	4.68598e-026	1.2222e-020	1.57538e-015	8.55828e-011	1.50084e-006	0.00512579	0.989096	0.00577446	2.03991e-006	1.45128e-010	3.39734e-015	3.39755e-020	1.69817e-025	4.70063e-031	9.0782e-037	3.49619e-039	4.78895e-043	2.24495e-043	5.452e-043	2.82142e-041	4.77218e-043	7.43368e-043	7.27949e-045	8.72492e-045	4.0675e-047	3.92729e-047	4.95167e-050	3.77183e-050	6.80767e-054	8.24325e-055	1.17649e-058	4.48745e-060	5.32415e-064	1.0369e-065	1.05211e-069	7.06311e-071	5.18502e-071	
N13	7.34787e-031	1.59481e-030	2.48371e-025	3.94814e-020	3.24601e-015	1.197e-010	1.56116e-006	0.00458473	0.98877	0.00664064	3.33318e-006	3.72019e-010	1.44977e-014	2.50788e-019	2.22531e-024	1.11441e-029	4.26224e-035	6.90339e-037	2.49135e-040	9.51551e-042	2.21015e-045	4.5357e-047	7.12993e-051	8.0487e-053	8.48258e-057	1.90258e-058	1.49753e-060	3.12543e-059	2.28049e-059	2.21135e-057	4.77426e-059	1.17957e-058	5.19366e-061	5.88517e-062	6.72703e-066	5.57306e-068	6.82827e-072	2.15598e-072	1.06932e-072	
N14	1.83162e-024	4.04457e-024	5.62589e-020	7.5077e-016	5.70484e-012	2.17897e-008	3.4455e-005	0.015937	0.961817	0.0221457	6.52352e-005	5.55237e-008	1.94003e-011	3.38638e-015	3.3469e-019	2.05207e-023	9.94591e-028	8.39814e-030	9.41482e-033	2.56801e-034	1.96798e-037	3.20833e-039	1.77565e-042	1.76479e-044	7.34722e-048	4.42811e-050	1.40652e-053	4.96142e-056	1.03935e-059	2.02409e-062	3.68035e-067	7.77844e-071	8.07296e-076	1.14379e-079	7.29996e-085	8.47824e-089	9.19616e-094	1.15305e-096	1.59582e-099	
N15	9.25134e-025	2.65039e-024	4.13842e-020	5.81893e-016	4.66796e-012	1.88544e-008	3.15439e-005	0.0153943	0.963416	0.0211005	5.81066e-005	4.6139e-008	1.50607e-011	2.46217e-015	2.28609e-019	1.31967e-023	5.80442e-028	3.90774e-030	4.28253e-033	1.18464e-034	9.04312e-038	1.50674e-039	8.41007e-043	8.59092e-045	3.57243e-048	2.23901e-050	6.49079e-054	2.49865e-056	3.63276e-060	8.82515e-063	1.5272e-067	5.75554e-071	6.43912e-076	1.20812e-079	8.83888e-085	1.21274e-088	9.15302e-094	9.45766e-097	1.74732e-099	
Crenetermes_albotarsalis	0	0	0	0	0	0	0	0	1	0	0	0	0	0	0	0	0	0	0	0	0	0	0	0	0	0	0	0	0	0	0	0	0	0	0	0	0	0	0	
Cubitermes_sp	0	0	0	0	0	0	0	0	1	0	0	0	0	0	0	0	0	0	0	0	0	0	0	0	0	0	0	0	0	0	0	0	0	0	0	0	0	0	0	
Thoracotermes_macrothorax	0	0	0	0	0	0	0	0	1	0	0	0	0	0	0	0	0	0	0	0	0	0	0	0	0	0	0	0	0	0	0	0	0	0	0	0	0	0	0	
N16	8.55268e-026	9.73736e-025	1.68779e-020	2.69202e-016	2.45451e-012	1.13267e-008	2.18723e-005	0.0125588	0.97056	0.0168202	3.87632e-005	2.63648e-008	7.46696e-012	1.06669e-015	8.67853e-020	4.37839e-024	1.71815e-028	5.74682e-030	1.22744e-032	1.48965e-033	2.20941e-036	1.61241e-037	1.75454e-040	7.85175e-042	6.50209e-045	1.77657e-046	1.10213e-049	1.8048e-051	6.06323e-055	6.20845e-057	1.00062e-061	1.34618e-064	4.32359e-068	8.78213e-070	3.61103e-073	6.46445e-075	5.41997e-078	2.75808e-078	1.58169e-078	
N17	4.75933e-026	1.3017e-026	4.17153e-022	1.19984e-017	1.99444e-013	1.69948e-009	6.14557e-006	0.0067046	0.984675	0.00860463	1.01064e-005	3.57608e-009	5.36318e-013	4.11871e-017	1.82604e-021	5.13191e-026	1.15246e-030	9.42789e-034	2.23188e-037	5.59081e-040	9.16581e-044	1.37173e-046	1.6177e-050	1.46506e-053	1.28385e-057	6.96346e-061	4.53028e-065	1.41216e-068	5.937e-073	9.57269e-077	7.66295e-082	2.7616e-086	1.16281e-091	2.76801e-096	6.83619e-102	1.26274e-106	3.66732e-112	2.80485e-116	2.58836e-120	
Microcerotermes_boreus	0	0	0	0	0	0	0	0	1	0	0	0	0	0	0	0	0	0	0	0	0	0	0	0	0	0	0	0	0	0	0	0	0	0	0	0	0	0	0	
Microcerotermes_nervosus	0	0	0	0	0	0	0	0	1	0	0	0	0	0	0	0	0	0	0	0	0	0	0	0	0	0	0	0	0	0	0	0	0	0	0	0	0	0	0	
N18	6.0628e-033	4.88784e-035	2.34601e-029	2.06515e-023	7.50584e-018	1.07691e-012	5.66998e-008	0.000760719	0.998001	0.00123784	1.41155e-007	3.97297e-012	4.07387e-017	1.70636e-022	3.05522e-028	2.87764e-034	1.28036e-038	2.13998e-040	1.00547e-042	1.7763e-042	4.58488e-040	3.78033e-037	4.08594e-037	4.30772e-036	4.56862e-036	3.85017e-035	3.99323e-035	2.53457e-034	2.17658e-034	9.37015e-034	1.80924e-034	2.07547e-034	2.73864e-035	2.58866e-035	2.56051e-036	2.38322e-036	3.5281e-037	1.89515e-036	1.41172e-035	
N19	1.69921e-033	9.42131e-035	5.52761e-029	4.23302e-023	1.31011e-017	1.56223e-012	6.95628e-008	0.000822265	0.997895	0.00128247	1.58189e-007	5.02135e-012	5.98251e-017	2.91681e-022	6.03358e-028	1.37267e-033	4.55694e-037	2.10656e-040	7.54712e-044	6.64605e-046	1.5764e-049	1.58877e-050	2.58381e-054	1.17523e-055	1.25686e-059	2.76807e-061	1.58828e-065	2.13716e-067	3.74335e-072	3.55411e-074	1.15509e-080	3.23478e-084	7.55864e-091	6.0224e-095	9.25385e-102	3.79528e-106	3.21388e-113	1.8465e-115	8.7552e-118	
Nasutitermes_graveolus	0	0	0	0	0	0	0	0	1	0	0	0	0	0	0	0	0	0	0	0	0	0	0	0	0	0	0	0	0	0	0	0	0	0	0	0	0	0	0	
Nasutitermes_triodiae	0	0	0	0	0	0	0	0	1	0	0	0	0	0	0	0	0	0	0	0	0	0	0	0	0	0	0	0	0	0	0	0	0	0	0	0	0	0	0	
N20	1.47972e-033	4.83127e-033	1.45945e-027	3.76283e-022	5.38577e-017	3.82642e-012	1.12134e-007	0.000954817	0.997703	0.00134175	2.14933e-007	9.8319e-012	1.83787e-016	1.69713e-021	8.67995e-027	2.65006e-032	5.77879e-038	3.67444e-040	8.98845e-044	2.48201e-045	4.13339e-049	6.4907e-051	7.72669e-055	7.06286e-057	6.18577e-061	3.28928e-063	2.06115e-067	6.30693e-070	2.01794e-074	3.72737e-077	2.86382e-083	1.85518e-087	8.99618e-094	2.67374e-098	7.72319e-105	1.64341e-109	1.02252e-115	1.06094e-118	9.99907e-122	
Nasutitermes_longipennis	0	0	0	0	0	0	0	0	1	0	0	0	0	0	0	0	0	0	0	0	0	0	0	0	0	0	0	0	0	0	0	0	0	0	0	0	0	0	0	
Tumulitermes_pastinator	0	0	0	0	0	0	0	0	1	0	0	0	0	0	0	0	0	0	0	0	0	0	0	0	0	0	0	0	0	0	0	0	0	0	0	0	0	0	0	
N21	3.57265e-025	2.26332e-023	4.11224e-019	5.50459e-015	3.94938e-011	1.29661e-007	0.000149914	0.0373408	0.949892	0.0125942	2.31047e-005	1.27953e-008	2.9951e-012	3.57761e-016	2.45961e-020	1.06377e-024	3.65446e-029	1.51553e-031	1.02749e-034	1.4232e-036	6.65537e-040	5.55238e-042	1.8834e-045	9.6215e-048	2.46043e-051	7.63652e-054	1.49644e-057	2.7137e-060	3.62941e-064	3.52783e-067	4.72464e-072	5.73923e-076	4.26669e-081	3.55951e-085	1.61044e-090	1.09694e-094	8.02361e-100	4.81185e-103	3.19132e-106	
N22	5.71917e-027	3.21915e-027	1.45519e-022	5.93233e-018	1.34137e-013	1.47625e-009	6.42364e-006	0.00756887	0.98595	0.00646975	5.36136e-006	1.2892e-009	1.27779e-013	6.33741e-018	1.77756e-022	3.15059e-027	7.45739e-032	4.18655e-034	1.21504e-037	6.93961e-040	1.33223e-043	4.28059e-046	5.62265e-050	1.01606e-052	8.94899e-057	8.96525e-060	7.35645e-064	1.66496e-063	2.92278e-062	7.22318e-060	1.22311e-059	1.84631e-058	5.30083e-059	5.61161e-059	3.2963e-062	3.3716e-064	2.75866e-067	2.78466e-068	3.91864e-069	
N23	3.90605e-031	3.05354e-031	5.25102e-026	8.0459e-021	6.83052e-016	2.82593e-011	4.63495e-007	0.00206169	0.995498	0.00243949	6.75719e-007	5.15814e-011	1.57328e-015	2.34899e-020	1.94838e-025	9.81231e-031	4.10948e-036	1.32684e-038	2.22242e-042	1.6679e-044	1.82669e-048	7.63174e-051	5.62593e-055	1.31039e-057	6.33742e-062	8.28611e-065	1.38537e-068	1.19289e-067	1.34288e-066	5.68376e-064	2.83779e-064	4.60071e-063	4.19574e-064	3.54452e-064	5.97215e-068	3.72427e-070	7.17326e-074	6.9818e-075	1.15136e-075	
N24	9.96083e-033	1.12632e-032	2.88511e-027	6.50236e-022	8.31407e-017	5.335e-012	1.4125e-007	0.00107839	0.997516	0.00140567	2.38269e-007	1.15953e-011	2.3216e-016	2.32824e-021	1.32279e-026	4.63707e-032	1.26841e-037	3.68799e-040	5.91713e-044	5.88166e-046	6.42695e-050	3.75326e-052	2.93086e-056	1.01841e-058	5.82481e-063	1.19337e-065	4.77099e-070	5.68875e-073	1.10506e-077	8.02609e-081	6.68809e-087	2.69471e-091	1.39123e-097	2.69605e-102	8.35163e-109	1.15511e-113	5.85773e-120	2.11318e-123	7.99088e-127	
Ephelotermes_melachoma	0	0	0	0	0	0	0	0	1	0	0	0	0	0	0	0	0	0	0	0	0	0	0	0	0	0	0	0	0	0	0	0	0	0	0	0	0	0	0	
Ephelotermes_taylori	0	0	0	0	0	0	0	0	1	0	0	0	0	0	0	0	0	0	0	0	0	0	0	0	0	0	0	0	0	0	0	0	0	0	0	0	0	0	0	
Macrognathotermes_sunteri	0	0	0	0	0	0	0	0	1	0	0	0	0	0	0	0	0	0	0	0	0	0	0	0	0	0	0	0	0	0	0	0	0	0	0	0	0	0	0	
Lophotermes_septentrionalis	0	0	0	0	0	0	0	0	1	0	0	0	0	0	0	0	0	0	0	0	0	0	0	0	0	0	0	0	0	0	0	0	0	0	0	0	0	0	0	
N25	1.8292e-025	1.12438e-023	5.59336e-019	1.97584e-014	3.58854e-010	2.75562e-006	0.00595978	0.192628	0.799899	0.00150996	5.38435e-007	6.73692e-011	3.887e-015	1.20844e-019	2.23849e-024	2.66597e-029	2.52084e-034	1.9157e-037	3.00961e-041	7.90729e-044	8.40155e-048	1.28117e-050	9.4366e-055	8.29434e-058	4.27817e-062	2.10392e-065	1.27909e-069	1.86886e-069	4.41745e-068	5.60224e-066	8.90581e-066	7.44007e-065	1.8767e-065	1.18865e-065	4.90762e-069	2.52417e-071	1.35665e-074	4.79239e-076	2.27873e-077	
Procubitermes_sp	0	0	0	0	0	0	1	0	0	0	0	0	0	0	0	0	0	0	0	0	0	0	0	0	0	0	0	0	0	0	0	0	0	0	0	0	0	0	0	
N26	1.1925e-028	8.49015e-029	1.49733e-023	2.1952e-018	1.66924e-013	5.4354e-009	5.15623e-005	0.0258402	0.972967	0.00114144	1.80778e-007	8.59844e-012	1.7247e-016	1.76032e-021	1.03321e-026	9.65346e-031	2.22534e-034	2.47025e-036	3.73779e-040	2.25643e-042	2.30548e-046	7.76823e-049	5.37672e-053	1.01482e-055	3.93034e-060	4.19825e-063	1.45218e-068	7.42507e-072	1.10412e-077	2.17352e-081	1.81468e-087	5.65692e-092	2.87335e-098	5.13315e-103	1.59125e-109	2.07675e-114	5.45635e-120	2.44917e-123	7.92484e-127	
Tuberculitermes_bycanistes	0	0	0	0	0	0	0	0	1	0	0	0	0	0	0	0	0	0	0	0	0	0	0	0	0	0	0	0	0	0	0	0	0	0	0	0	0	0	0	
Unguitermes_sp	0	0	0	0	0	0	0	0	1	0	0	0	0	0	0	0	0	0	0	0	0	0	0	0	0	0	0	0	0	0	0	0	0	0	0	0	0	0	0	
N27	1.58946e-020	1.58753e-019	5.25759e-016	1.65721e-012	2.9107e-009	2.48603e-006	0.00083936	0.0775615	0.858188	0.0627287	0.000678274	2.1812e-006	2.89464e-009	1.91679e-012	7.16645e-016	1.68104e-019	4.99753e-023	5.89121e-024	2.97762e-026	3.95177e-027	1.37822e-029	1.0774e-030	2.7153e-033	1.27168e-034	2.27499e-037	6.45187e-039	6.73793e-042	1.20603e-043	4.06966e-047	4.71562e-049	3.19863e-053	5.82675e-056	2.61343e-060	2.30795e-063	6.83869e-068	4.43702e-071	1.49205e-075	9.60338e-078	1.02566e-079	
Macrotermes_bellicosus	0	0	0	0	0	0	0	0	1	0	0	0	0	0	0	0	0	0	0	0	0	0	0	0	0	0	0	0	0	0	0	0	0	0	0	0	0	0	0	
N28	1.68978e-020	2.61191e-020	1.04227e-016	3.79971e-013	7.92162e-010	8.34424e-007	0.000366946	0.0481621	0.894589	0.0563647	0.000514982	1.42615e-006	1.66521e-009	9.88925e-013	3.37109e-016	7.30261e-020	1.35653e-023	9.63067e-026	1.63958e-028	2.63524e-030	3.15664e-033	3.05755e-035	2.68615e-038	1.59517e-040	1.0448e-043	3.79411e-046	1.73727e-049	3.79704e-052	9.25981e-056	1.20345e-058	8.89367e-063	1.19264e-065	1.93956e-066	7.46384e-066	1.14771e-066	1.11669e-066	1.60288e-067	6.01908e-067	3.85073e-066	
N29	2.37234e-034	1.80159e-036	1.96326e-030	1.64459e-024	7.15321e-019	1.47622e-013	1.2343e-008	0.000305603	0.999293	0.000401138	2.11179e-008	3.27603e-013	2.05187e-018	6.08187e-024	9.34183e-030	7.85941e-036	4.28638e-042	5.67654e-047	1.70975e-052	2.99025e-057	1.28706e-063	9.44875e-037	9.99495e-037	8.85068e-036	9.20551e-036	6.4807e-035	6.10994e-035	3.28096e-034	2.16206e-034	8.496e-034	1.84371e-034	2.75244e-034	4.31907e-035	4.50527e-035	5.37914e-036	5.09116e-036	6.74242e-037	2.40717e-036	1.57092e-035	
Microtermes_sp	0	0	0	0	0	0	0	0	1	0	0	0	0	0	0	0	0	0	0	0	0	0	0	0	0	0	0	0	0	0	0	0	0	0	0	0	0	0	0	
Protermes_sp	0	0	0	0	0	0	0	0	1	0	0	0	0	0	0	0	0	0	0	0	0	0	0	0	0	0	0	0	0	0	0	0	0	0	0	0	0	0	0	
N30	3.10485e-028	4.14151e-029	3.33121e-024	2.31761e-019	9.04464e-015	1.75915e-010	1.41041e-006	0.00329654	0.992332	0.00436722	2.45212e-006	3.98932e-010	2.66427e-014	8.84105e-019	1.64179e-023	1.86423e-028	1.59383e-033	5.21583e-037	4.86349e-041	5.02111e-044	2.92558e-048	1.58199e-051	5.72362e-056	1.56995e-059	3.36382e-064	4.36906e-068	4.72877e-073	2.59252e-077	9.29859e-083	1.74304e-087	7.55526e-094	1.43925e-099	5.93334e-107	4.38295e-035	4.58378e-036	4.46298e-036	4.90564e-037	1.79412e-036	1.35564e-035	
Odontotermes_sp	0	0	0	0	0	0	0	0	1	0	0	0	0	0	0	0	0	0	0	0	0	0	0	0	0	0	0	0	0	0	0	0	0	0	0	0	0	0	0	
Pseudacanthotermes_militaris	0	0	0	0	0	0	0	0	1	0	0	0	0	0	0	0	0	0	0	0	0	0	0	0	0	0	0	0	0	0	0	0	0	0	0	0	0	0	0	
N31	1.13463e-019	7.37259e-019	4.55003e-015	2.15757e-011	4.82809e-008	4.1472e-005	0.00950986	0.255031	0.708372	0.026904	0.00014154	2.07317e-007	1.18444e-010	3.21851e-014	4.73856e-018	4.22693e-022	3.34508e-026	1.49634e-028	1.09186e-031	9.25451e-034	8.4518e-035	2.68407e-034	1.82333e-035	8.32693e-036	3.77532e-037	1.19415e-037	4.18598e-039	9.25456e-040	1.88779e-041	2.85193e-042	1.77162e-044	8.49417e-046	3.55468e-048	1.10723e-049	3.28192e-052	8.65894e-054	2.82746e-056	3.21063e-057	6.29884e-058	
N32	2.49883e-020	5.24457e-019	2.96135e-015	1.38309e-011	3.15052e-008	2.85758e-005	0.0072578	0.234448	0.726671	0.0314024	0.00019127	3.28348e-007	2.22209e-010	7.22017e-014	1.28191e-017	6.06902e-021	2.99368e-023	1.45404e-023	5.00236e-026	1.45335e-026	2.64835e-029	4.9847e-030	4.34515e-033	5.6441e-034	1.89251e-037	1.75697e-038	1.43516e-042	8.51319e-044	2.70365e-048	8.18209e-050	1.30187e-054	8.67198e-057	1.04e-061	2.81068e-064	2.63764e-069	3.84162e-072	3.18044e-077	2.67898e-079	1.19463e-080	
Coptotermes_acinaciformis	0	0	0	0	0	0	0	0	1	0	0	0	0	0	0	0	0	0	0	0	0	0	0	0	0	0	0	0	0	0	0	0	0	0	0	0	0	0	0	
N33	1.09781e-025	9.28339e-027	3.5488e-022	1.18327e-017	2.19478e-013	1.9948e-009	7.27347e-006	0.00746377	0.98724	0.00528504	4.236e-006	1.05622e-009	1.12848e-013	6.18467e-018	1.95118e-022	4.50856e-027	1.85853e-031	1.88878e-034	2.29988e-038	1.71767e-041	1.37344e-045	5.67545e-049	3.04967e-053	6.913e-057	3.50899e-061	3.69109e-063	2.22314e-065	4.81731e-067	1.54311e-069	2.30576e-069	2.84137e-068	7.27923e-067	1.37867e-066	2.91057e-066	1.91624e-069	7.2234e-072	6.74093e-075	1.02031e-076	1.84378e-078	
Reticulitermes_flavipes	0	0	0	0	0	0	0	0	1	0	0	0	0	0	0	0	0	0	0	0	0	0	0	0	0	0	0	0	0	0	0	0	0	0	0	0	0	0	0	
N34	1.04425e-035	1.28872e-036	1.68217e-030	1.65571e-024	8.24937e-019	1.884e-013	1.65529e-008	0.000393317	0.999195	0.00041122	1.94315e-008	2.57052e-013	1.33465e-018	3.21757e-024	3.96141e-030	2.62294e-036	1.32742e-042	4.85725e-046	5.14667e-051	1.43457e-054	2.14683e-060	1.70686e-039	1.68211e-039	6.38047e-038	5.73693e-038	1.75475e-036	1.18026e-036	2.96943e-035	9.17857e-036	1.95846e-034	7.28477e-036	1.86062e-035	5.75008e-037	7.76619e-037	1.95273e-038	2.1019e-038	6.66585e-040	1.19917e-038	4.21749e-037	
Reticulitermes_lucifugus	0	0	0	0	0	0	0	0	1	0	0	0	0	0	0	0	0	0	0	0	0	0	0	0	0	0	0	0	0	0	0	0	0	0	0	0	0	0	0	
Reticulitermes_urbis	0	0	0	0	0	0	0	0	1	0	0	0	0	0	0	0	0	0	0	0	0	0	0	0	0	0	0	0	0	0	0	0	0	0	0	0	0	0	0	
Schedorhinotermes_lamanianus	0	0	0	0	0	0	1	0	0	0	0	0	0	0	0	0	0	0	0	0	0	0	0	0	0	0	0	0	0	0	0	0	0	0	0	0	0	0	0	
N35	2.23643e-016	4.24125e-014	9.52868e-011	1.22066e-007	5.08565e-005	0.00378993	0.086521	0.563521	0.331243	0.0147519	0.00012181	2.98849e-007	4.70234e-010	3.66196e-012	3.03539e-014	1.39412e-016	4.79684e-019	2.2408e-020	2.58535e-022	1.30462e-023	5.75997e-026	9.36714e-028	1.56884e-030	8.87441e-032	3.012e-033	6.25119e-034	1.63717e-035	2.5881e-036	4.64548e-038	5.39317e-039	5.77714e-041	4.22076e-042	3.20975e-044	1.60357e-045	9.21294e-048	3.36262e-049	1.58829e-051	6.7916e-053	5.049e-054	
N36	9.72918e-017	5.6681e-014	1.51496e-010	1.90421e-007	7.43817e-005	0.00472379	0.0956814	0.579903	0.30799	0.0115516	7.57595e-005	1.45228e-007	3.75707e-010	6.24201e-012	6.95296e-014	4.28176e-016	1.67819e-018	8.08505e-019	4.57483e-020	3.90936e-019	7.54396e-021	2.34529e-020	9.0094e-023	7.92445e-023	7.44132e-026	2.99997e-026	8.40876e-030	1.87231e-030	1.55442e-034	1.91359e-035	4.7778e-040	2.19602e-041	3.0061e-046	4.99173e-048	4.60753e-053	3.13886e-055	2.10816e-060	6.89893e-063	1.0161e-065	
N37	3.75618e-015	4.50982e-012	3.77464e-009	1.20512e-006	0.000126934	0.00359022	0.0465558	0.59087	0.341884	0.016797	0.000174692	5.53156e-007	6.30856e-010	2.85047e-013	6.23148e-017	7.94922e-020	1.13893e-022	2.02812e-024	2.19312e-027	1.52983e-029	1.52269e-032	3.69578e-035	1.2816e-038	1.63039e-041	1.44351e-045	1.15304e-048	3.96429e-053	2.17905e-056	3.41906e-061	1.09921e-064	9.0819e-070	1.12605e-073	5.78662e-079	3.82772e-083	1.23654e-088	5.72103e-093	5.86598e-098	2.95497e-101	1.5543e-104	
N38	1.15403e-008	9.13761e-007	3.51517e-005	0.000643968	0.00520509	0.0154423	0.044498	0.442369	0.401956	0.0831677	0.00645729	0.000221328	3.44281e-006	2.19612e-008	3.93714e-011	1.69578e-013	3.18897e-015	1.5063e-015	1.81684e-017	4.17477e-018	3.13545e-020	3.8451e-021	1.8999e-023	1.3028e-024	3.77994e-027	1.52813e-028	1.66625e-031	4.22016e-033	8.8131e-037	6.245e-039	7.83818e-043	1.72506e-045	1.38047e-049	1.95397e-052	1.0174e-056	1.16851e-059	3.01887e-063	6.38679e-065	1.15865e-066	
Bifiditermes_improbus	0	0	0	0	0	1	0	0	0	0	0	0	0	0	0	0	0	0	0	0	0	0	0	0	0	0	0	0	0	0	0	0	0	0	0	0	0	0	0	
Neotermes_insularis	0	0	0	0	0	0	0	0	0	0	0	0	0	1	0	0	0	0	0	0	0	0	0	0	0	0	0	0	0	0	0	0	0	0	0	0	0	0	0	
N39	6.84714e-020	4.02609e-016	2.29825e-012	5.42613e-009	3.96222e-006	0.000698373	0.040062	0.675351	0.279021	0.00485266	1.06749e-005	5.74565e-009	1.08435e-012	9.0017e-017	4.10652e-021	5.15792e-024	2.0604e-027	1.5152e-029	2.54404e-033	1.03145e-035	6.66152e-040	1.57739e-042	3.86271e-047	5.22588e-050	8.0388e-055	2.24475e-051	8.82881e-053	5.21498e-052	1.01106e-052	7.79844e-052	3.27583e-053	4.44844e-053	2.17903e-055	1.06852e-056	7.31888e-060	1.50164e-061	8.33111e-065	2.48221e-066	3.51081e-067	
N40	1.1281e-015	1.07521e-013	1.54477e-010	1.13227e-007	3.25303e-005	0.00335657	0.103618	0.641524	0.246971	0.00448144	1.7244e-005	2.32513e-008	1.42168e-011	4.6129e-015	8.83891e-019	1.88312e-022	2.10088e-025	6.6039e-027	1.06917e-029	2.00932e-031	2.25915e-034	2.53454e-036	2.00805e-039	1.38661e-041	7.47985e-045	3.23299e-047	1.04038e-050	2.73964e-053	2.19649e-057	2.5186e-060	1.04266e-064	3.99976e-068	1.03455e-072	2.52876e-076	4.20377e-081	8.41715e-085	2.87786e-089	5.11081e-092	9.41402e-095	
N41	3.98645e-013	2.3297e-010	4.69132e-007	6.58566e-005	0.00307066	0.0549579	0.346215	0.54169	0.0538063	0.000193512	1.66663e-007	5.63547e-011	9.46283e-015	9.06052e-019	5.42051e-023	2.26488e-027	1.50777e-031	1.42799e-033	8.76745e-037	8.46607e-039	3.83171e-042	2.31156e-044	7.85636e-048	2.9759e-050	7.27232e-054	1.73198e-056	2.50298e-060	3.78903e-063	1.74198e-067	1.53963e-070	2.63613e-075	6.68229e-079	7.46985e-084	1.00478e-087	7.52509e-093	7.36085e-097	5.65934e-102	3.00514e-105	2.82449e-108	
N42	2.74598e-022	1.51264e-020	3.48439e-016	3.8388e-012	1.60539e-008	2.35401e-005	0.0100298	0.79599	0.193791	0.000165839	3.28182e-008	2.44452e-012	1.19421e-016	2.64117e-019	8.85993e-023	2.81338e-025	5.32432e-029	7.76612e-032	5.34597e-036	4.29935e-039	1.26947e-043	5.99185e-047	8.76399e-052	2.43858e-055	1.9467e-060	3.06453e-064	1.42793e-069	1.155e-073	3.29362e-079	1.18329e-083	2.10746e-089	4.13858e-094	4.43244e-100	6.35269e-105	4.30976e-111	7.05978e-116	4.9931e-120	7.56454e-124	7.8777e-128	
Cryptotermes_austrinus	0	0	0	0	0	0	0	1	0	0	0	0	0	0	0	0	0	0	0	0	0	0	0	0	0	0	0	0	0	0	0	0	0	0	0	0	0	0	0	
Incisitermes_sp	0	0	0	0	0	0	0	0	1	0	0	0	0	0	0	0	0	0	0	0	0	0	0	0	0	0	0	0	0	0	0	0	0	0	0	0	0	0	0	
Cryptotermes_primus	0	0	1	0	0	0	0	0	0	0	0	0	0	0	0	0	0	0	0	0	0	0	0	0	0	0	0	0	0	0	0	0	0	0	0	0	0	0	0	
Cryptotermes_queenslandis	0	0	0	0	0	0	0	0	1	0	0	0	0	0	0	0	0	0	0	0	0	0	0	0	0	0	0	0	0	0	0	0	0	0	0	0	0	0	0	
N43	4.36821e-018	1.43322e-015	1.29983e-012	2.46546e-009	1.70767e-006	0.000452871	0.0406512	0.694978	0.259694	0.00421536	7.1915e-006	3.00511e-009	4.58282e-013	3.19795e-017	1.18608e-021	6.29317e-025	7.00451e-028	2.72912e-029	1.63936e-032	3.36217e-034	9.14823e-038	1.10401e-039	1.10656e-043	8.63814e-046	4.09596e-050	5.65797e-044	3.49791e-046	2.92648e-046	1.53708e-048	2.45299e-048	8.72698e-051	3.46219e-051	4.88852e-054	2.55258e-055	1.17103e-058	2.43827e-060	1.06602e-063	2.78486e-064	1.73096e-064	
N44	4.05169e-013	9.65141e-012	4.71886e-010	1.36079e-007	1.6639e-005	0.00140649	0.064324	0.652689	0.271912	0.0096148	3.76991e-005	4.06927e-008	1.735e-011	3.56739e-015	4.02184e-019	9.89096e-023	2.47417e-025	2.85619e-026	5.9534e-029	3.6577e-030	4.92548e-033	1.69595e-034	1.42163e-037	2.91659e-039	1.32612e-042	1.73108e-044	3.276e-048	2.8046e-050	7.62047e-055	2.1014e-057	3.11692e-062	1.79794e-065	1.76202e-070	5.12046e-074	3.23862e-079	6.81223e-083	1.21007e-087	6.43453e-090	3.12944e-092	
N45	1.98834e-009	3.96316e-007	3.22129e-005	0.000685088	0.00513048	0.0472803	0.310281	0.51714	0.116289	0.00314393	1.81841e-005	3.08738e-008	1.65605e-011	3.78721e-015	4.46796e-019	3.10685e-023	1.9482e-027	2.43167e-029	2.56982e-032	5.64012e-034	4.04525e-037	5.1591e-039	2.6476e-042	1.99585e-044	7.30707e-048	3.25023e-050	7.16821e-054	1.88541e-056	9.58009e-061	1.41189e-063	2.64956e-068	1.28846e-071	1.51037e-076	2.70294e-080	2.03042e-085	2.39929e-089	1.52594e-094	8.41238e-098	1.0922e-100	
Cryptotermes_brevis	0	0	0	0	0	1	0	0	0	0	0	0	0	0	0	0	0	0	0	0	0	0	0	0	0	0	0	0	0	0	0	0	0	0	0	0	0	0	0	
N46	0.000111524	0.00175647	0.0100794	0.00410998	0.00300397	0.0521722	0.306575	0.473428	0.138375	0.0101335	0.000252223	1.98687e-006	1.15994e-009	2.54942e-013	3.00517e-017	1.4775e-019	3.25872e-022	1.49521e-023	2.07473e-026	5.08839e-028	4.6596e-031	6.37658e-033	3.47923e-036	2.75638e-038	4.83038e-042	2.44303e-044	1.61966e-048	4.80268e-051	1.35582e-055	1.49402e-058	2.6492e-063	9.97705e-067	1.17814e-071	2.66133e-075	2.08472e-080	3.67289e-084	1.53006e-088	5.2616e-091	1.48603e-093	
Cryptotermes_domesticus	0	0	1	0	0	0	0	0	0	0	0	0	0	0	0	0	0	0	0	0	0	0	0	0	0	0	0	0	0	0	0	0	0	0	0	0	0	0	0	
Procryptotermes_australiensis	0	0	0	0	0	0	0	0	0	0	0	1	0	0	0	0	0	0	0	0	0	0	0	0	0	0	0	0	0	0	0	0	0	0	0	0	0	0	0	
Cryptotermes_cynocephalus	0	0	0	0	0	0	0	0	0	1	0	0	0	0	0	0	0	0	0	0	0	0	0	0	0	0	0	0	0	0	0	0	0	0	0	0	0	0	0	
N47	2.06659e-020	7.17436e-017	2.60101e-013	5.44686e-010	5.84776e-007	0.000268387	0.0383743	0.855459	0.104541	0.00135237	4.63777e-006	6.25099e-009	4.10787e-012	1.50713e-015	3.39357e-019	8.33451e-023	8.09757e-026	1.68022e-027	2.55521e-030	3.32782e-032	3.61366e-035	2.85395e-037	2.26493e-040	1.09604e-042	6.10706e-046	1.80764e-048	5.91516e-052	1.05969e-054	1.21662e-058	1.07682e-061	6.23417e-066	2.09348e-069	7.32527e-074	1.67937e-077	3.75494e-082	7.2086e-086	3.06876e-090	3.7376e-093	4.79073e-096	
Cryptotermes_dudleyi	0	0	0	0	0	0	0	1	0	0	0	0	0	0	0	0	0	0	0	0	0	0	0	0	0	0	0	0	0	0	0	0	0	0	0	0	0	0	0	
Cryptotermes_secundus	0	0	0	0	0	0	0	1	0	0	0	0	0	0	0	0	0	0	0	0	0	0	0	0	0	0	0	0	0	0	0	0	0	0	0	0	0	0	0	
Kalotermes_flavicollis	0	0	0	0	0	0	0	0	0	0	0	0	0	0	0	0	0	0	0	0	0	1	0	0	0	0	0	0	0	0	0	0	0	0	0	0	0	0	0	
N48	1.12774e-015	1.7941e-015	1.58369e-012	1.2421e-009	5.34398e-007	0.000110484	0.0090154	0.208282	0.710243	0.0709236	0.00141462	9.73475e-006	3.02564e-008	5.01881e-011	5.15419e-014	2.04833e-016	1.07841e-018	3.29569e-020	1.29685e-022	2.25047e-024	6.0544e-027	6.14665e-029	1.12286e-031	6.88701e-034	8.05966e-037	3.05749e-039	2.07515e-042	4.77784e-045	1.56736e-048	1.83368e-051	3.56318e-055	2.45437e-058	2.99639e-062	1.56808e-065	1.28457e-069	5.91861e-073	1.32948e-076	2.97646e-079	6.3537e-082	
Glyptotermes_brevicornis	0	0	0	0	0	0	0	0	1	0	0	0	0	0	0	0	0	0	0	0	0	0	0	0	0	0	0	0	0	0	0	0	0	0	0	0	0	0	0	
Glyptotermes_iridipennis	0	0	0	0	0	0	0	0	1	0	0	0	0	0	0	0	0	0	0	0	0	0	0	0	0	0	0	0	0	0	0	0	0	0	0	0	0	0	0	
N49	0.0117586	0.0567325	0.159086	0.197863	0.0977395	0.0240881	0.0167877	0.0581352	0.125322	0.141265	0.0825249	0.0247619	0.00368318	0.00024615	5.97853e-006	7.0336e-008	4.87675e-010	5.16351e-012	7.47963e-014	4.0734e-015	5.48293e-017	1.86262e-018	1.71472e-020	3.59746e-022	2.31991e-024	3.11298e-026	1.39644e-028	1.22466e-030	3.71508e-033	2.16409e-035	4.34113e-038	1.70853e-040	2.30514e-043	6.35111e-046	5.92918e-049	1.2155e-051	8.93628e-055	2.00905e-057	5.3027e-060	
Stolotermes_sp	0	0	0	1	0	0	0	0	0	0	0	0	0	0	0	0	0	0	0	0	0	0	0	0	0	0	0	0	0	0	0	0	0	0	0	0	0	0	0	
N50	0.00687155	0.000406838	9.30343e-006	9.77039e-008	5.10877e-010	1.42595e-012	7.54624e-014	2.94223e-011	9.38579e-009	1.6371e-006	0.00014734	0.00617679	0.102755	0.837045	0.0435473	0.0030084	3.04171e-005	5.11165e-007	1.72629e-009	1.0791e-011	1.59703e-014	4.69052e-017	3.49345e-020	5.50937e-023	2.27426e-026	2.10023e-029	5.16755e-033	2.98133e-036	4.61518e-040	1.76262e-043	1.78584e-047	4.78961e-051	3.27226e-055	6.54559e-059	3.18166e-063	5.91891e-067	1.13138e-070	7.0647e-074	3.79107e-077	
Zootermopsis_angusticollis	0	0	0	0	0	0	0	0	0	0	0	0	0	1	0	0	0	0	0	0	0	0	0	0	0	0	0	0	0	0	0	0	0	0	0	0	0	0	0	
Zootermopsis_nevadensis	0	0	0	0	0	0	0	0	0	0	0	0	0	1	0	0	0	0	0	0	0	0	0	0	0	0	0	0	0	0	0	0	0	0	0	0	0	0	0	
Mastotermes_darwiniensis	0	0	0	0	0	0	0	0	0	0	0	0	0	0	0	0	0	0	0	0	0	0	0	0	0	0	0	0	0	0	0	0	0	0	0	0	1	0	0	
Porotermes_adamsoni	0	0	0	0	0	0	0	1	0	0	0	0	0	0	0	0	0	0	0	0	0	0	0	0	0	0	0	0	0	0	0	0	0	0	0	0	0	0	0	
