NODE	7	8	9	10	11	12	13	14	15	16	17	18	19	20	21	22	23	24	25	26	27	28	29	30	31	32	33	34	35	36	37	38	39	40	41	42	43	44	45	46	47	48	49	50	51	
N1	3.47862e-005	9.20362e-005	0.000391719	0.00231787	0.0129837	0.0544375	0.154289	0.274388	0.284384	0.161079	0.0477497	0.0072622	0.00056662	2.30084e-005	4.98024e-007	5.91878e-009	3.98893e-011	1.57558e-013	5.07565e-018	1.96104e-019	6.07413e-021	1.52876e-022	3.16558e-024	5.45493e-026	7.90493e-028	9.72629e-030	1.02507e-031	9.32849e-034	7.38468e-036	5.1199e-038	3.12832e-040	1.69427e-042	8.17673e-045	3.53379e-047	1.37387e-049	4.82534e-052	1.53709e-054	4.45713e-057	1.18054e-059	2.86525e-062	6.39159e-065	1.31413e-067	2.4969e-070	4.3966e-073	7.88897e-076	
N2	0.00025526	0.00101114	0.00466617	0.0170085	0.0453597	0.0925313	0.156436	0.216146	0.220269	0.15237	0.0690636	0.0203848	0.00394085	0.000508534	4.46445e-005	3.19246e-006	2.08828e-007	2.98704e-008	2.59911e-009	3.61315e-010	2.01229e-011	1.64854e-012	5.52191e-014	2.70542e-015	5.54625e-017	1.68945e-018	2.1702e-020	4.30352e-022	3.55394e-024	4.83748e-026	2.63704e-028	2.60337e-030	9.63417e-033	7.28526e-035	1.88319e-037	1.14563e-039	2.23167e-042	1.29584e-044	2.20531e-047	1.39318e-049	4.13203e-052	4.33763e-054	2.58958e-056	2.96379e-058	3.17218e-060	
N3	0.000508013	0.00206386	0.00896151	0.0274012	0.0546092	0.0802097	0.115338	0.168566	0.201552	0.174262	0.105413	0.0445185	0.0131512	0.00284958	0.000454638	0.000106703	1.95748e-005	1.20749e-005	1.9181e-006	8.89891e-007	9.29877e-008	2.8535e-008	2.01088e-009	4.21255e-010	2.07764e-011	3.07519e-012	1.0947e-013	1.18062e-014	3.10004e-016	2.5084e-017	4.92067e-019	3.06856e-020	4.56872e-022	2.32252e-023	2.63813e-025	1.12773e-026	1.21826e-028	7.95257e-030	7.14798e-032	3.87607e-033	7.15839e-035	7.48306e-036	1.06051e-037	1.05818e-038	1.41591e-039	
N4	2.40929e-005	0.00010795	0.000518953	0.00152422	0.00238633	0.00327095	0.00807921	0.0227325	0.0520243	0.0954316	0.142185	0.173601	0.166841	0.132487	0.0814639	0.0571998	0.029482	0.0197817	0.00693829	0.00301673	0.000671356	0.000195044	3.00502e-005	6.33408e-006	7.16057e-007	1.15845e-007	9.94591e-009	1.28804e-009	8.67157e-011	9.47171e-012	5.22262e-013	5.16979e-014	2.57327e-015	2.65424e-016	1.27974e-017	1.39987e-018	7.515e-020	1.00402e-020	5.03879e-022	5.7629e-023	3.31709e-024	4.29575e-025	3.0181e-026	4.31915e-027	6.00117e-028	
N5	1.09949e-007	1.30843e-006	1.37734e-005	5.53227e-005	6.73639e-005	5.45392e-005	0.000206041	0.00143197	0.00733536	0.0276409	0.0805062	0.175057	0.256632	0.238423	0.139486	0.0549659	0.0148856	0.00284053	0.000363345	3.22151e-005	1.94354e-006	8.49965e-008	2.66549e-009	6.40391e-011	1.15335e-012	1.66565e-014	1.85849e-016	1.73072e-018	1.27159e-020	8.15145e-023	4.19467e-025	2.00068e-027	7.83815e-030	3.08311e-032	1.02406e-034	3.67109e-037	1.14774e-039	3.88935e-042	1.15074e-044	3.68264e-047	1.12568e-049	3.69312e-052	1.12601e-054	3.11917e-057	7.7e-060	
N6	5.50819e-009	7.99823e-008	9.00212e-007	3.10923e-006	2.99814e-006	2.53504e-006	9.84964e-006	0.000116851	0.00133457	0.0103631	0.0522985	0.162957	0.291085	0.282486	0.147666	0.0432692	0.00751518	0.000825495	5.9977e-005	3.07847e-006	1.10934e-007	3.30383e-009	6.60172e-011	2.43926e-012	3.91275e-014	2.42838e-015	2.96005e-017	1.44744e-018	1.24301e-020	4.32987e-022	2.65077e-024	6.63439e-026	2.94576e-028	5.38836e-030	1.77707e-032	2.43714e-034	6.16722e-037	6.55624e-039	1.30147e-041	1.08994e-043	1.72169e-046	1.14825e-048	1.50579e-051	9.06169e-054	3.67589e-056	
N7	2.14269e-012	1.06385e-010	4.46802e-009	6.48208e-008	9.62822e-008	2.43696e-008	6.96917e-009	6.51608e-008	3.69102e-006	0.000139506	0.00299218	0.033511	0.176984	0.388338	0.30655	0.0822325	0.00879944	0.000437972	1.14137e-005	1.73107e-007	1.66175e-009	1.44151e-011	1.2037e-013	2.13141e-015	1.90712e-017	2.64126e-019	1.53128e-021	1.31786e-023	4.98688e-026	2.77492e-028	7.05389e-031	2.6381e-033	4.60896e-036	1.20039e-038	1.47208e-041	2.76868e-044	2.43417e-047	3.43254e-050	2.20885e-053	2.42251e-056	1.16751e-059	1.0462e-062	4.54794e-066	5.27812e-069	7.85349e-072	
N8	1.24292e-014	1.0774e-012	6.61356e-011	1.21608e-009	1.43499e-009	3.78652e-010	1.12275e-010	4.83574e-010	6.28637e-008	6.32125e-006	0.000344379	0.00908085	0.101031	0.392219	0.399951	0.0906313	0.00654279	0.000190954	2.64836e-006	1.96342e-008	8.51654e-011	2.7107e-013	9.41701e-016	3.1177e-017	2.24789e-019	7.50276e-021	3.30644e-023	6.80725e-025	1.85437e-027	2.44733e-029	4.20086e-032	3.63039e-034	4.01988e-037	2.28936e-039	1.69009e-042	6.35797e-045	3.25149e-048	8.20207e-051	3.00492e-054	5.29892e-057	1.52683e-060	3.23889e-063	2.74661e-066	2.04286e-068	2.11875e-070	
N9	6.23736e-019	2.81148e-016	8.12567e-014	6.55964e-012	6.77004e-012	7.72424e-013	7.65468e-014	1.44261e-013	9.5231e-011	4.56598e-008	1.09982e-005	0.00114042	0.0413461	0.379472	0.50338	0.0724381	0.00219178	2.11138e-005	8.3129e-008	1.57852e-010	1.62518e-013	1.02473e-016	5.16085e-020	3.13413e-022	6.34009e-025	7.67419e-027	9.28184e-030	6.64402e-032	1.56293e-033	1.11901e-033	6.43156e-035	2.63866e-035	1.04263e-036	3.13613e-037	1.02938e-038	2.14891e-038	1.36362e-038	3.34084e-038	3.52023e-039	7.93183e-040	1.11651e-041	8.83252e-043	8.93038e-045	6.6104e-046	6.16565e-047	
N10	3.05239e-021	2.76295e-018	1.31751e-015	1.24224e-013	1.19911e-013	9.38508e-015	7.54082e-016	3.19537e-015	4.92754e-012	5.4855e-009	2.78769e-006	0.000540686	0.0313106	0.375491	0.525975	0.0652961	0.00137606	7.7216e-006	1.54402e-008	1.3406e-011	5.81422e-015	1.41989e-018	2.48011e-022	3.3996e-024	3.83212e-027	1.79461e-028	1.02801e-031	3.04064e-033	8.74379e-037	1.70843e-038	2.44043e-042	3.18572e-044	2.28257e-048	1.91755e-050	7.35844e-055	3.6243e-057	8.45113e-062	2.19722e-064	3.55057e-069	4.80169e-072	5.80592e-077	4.33687e-080	4.06806e-085	1.88034e-088	3.95578e-092	
N11	2.74774e-022	2.41523e-019	1.9649e-016	5.51453e-014	5.2299e-013	2.15424e-013	3.68973e-014	1.50058e-013	8.13877e-011	3.4064e-008	7.52451e-006	0.000756407	0.0283546	0.293729	0.541548	0.12911	0.00639617	9.81814e-005	6.07169e-007	1.80271e-009	2.90512e-012	2.79651e-015	1.80239e-018	5.05307e-021	1.67101e-023	3.34838e-025	8.30603e-028	9.45734e-030	1.62564e-032	1.06794e-034	1.26694e-037	4.82219e-040	3.57075e-043	7.81937e-046	2.96356e-049	3.50624e-052	7.2097e-056	4.243e-059	5.27911e-063	2.04193e-066	1.62501e-070	4.89033e-074	2.86116e-078	1.14306e-081	8.1934e-085	
N12	1.89035e-022	1.17595e-019	4.56846e-017	4.9181e-015	3.09737e-014	1.59418e-014	7.26707e-015	7.31421e-014	4.26469e-011	2.10864e-008	5.39872e-006	0.00061447	0.0254193	0.283223	0.551084	0.133121	0.00643912	9.30461e-005	5.24056e-007	1.37662e-009	1.91383e-012	1.54978e-015	8.23111e-019	1.14484e-020	6.32455e-023	9.24595e-024	2.92558e-026	2.6889e-027	4.66392e-030	2.84016e-031	2.56308e-034	1.06231e-035	4.64938e-039	1.28117e-040	2.63967e-044	4.22621e-046	4.8007e-050	3.65484e-052	2.84368e-056	1.06886e-058	6.2139e-063	1.30624e-065	5.85477e-070	8.189e-073	1.01393e-075	
N13	5.69693e-022	1.43891e-019	3.90431e-017	5.39795e-015	8.91939e-014	1.74195e-013	1.54745e-013	7.05525e-013	1.70861e-010	4.94086e-008	8.18064e-006	0.000674671	0.0232127	0.252944	0.561675	0.152033	0.00925906	0.000191623	1.73163e-006	8.03394e-009	2.13929e-011	3.5522e-014	4.00968e-017	2.28857e-019	2.06673e-021	1.83236e-022	1.30031e-024	6.91212e-026	3.42279e-028	1.11438e-029	3.64457e-032	7.45237e-034	1.4139e-036	1.83482e-038	1.75426e-041	1.33192e-043	6.94077e-047	2.59323e-049	8.84017e-053	1.84544e-055	4.3075e-059	6.18351e-062	1.03155e-065	1.50663e-068	4.30877e-071	
Amitermes_darwini	0	0	0	0	0	0	0	0	0	0	0	0	0	0	1	0	0	0	0	0	0	0	0	0	0	0	0	0	0	0	0	0	0	0	0	0	0	0	0	0	0	0	0	0	0	
Amitermes_germanus	0	0	0	0	0	0	0	0	0	0	0	0	0	0	1	0	0	0	0	0	0	0	0	0	0	0	0	0	0	0	0	0	0	0	0	0	0	0	0	0	0	0	0	0	0	
Amitermes_parvus	0	0	0	0	0	0	0	0	0	0	0	0	0	0	1	0	0	0	0	0	0	0	0	0	0	0	0	0	0	0	0	0	0	0	0	0	0	0	0	0	0	0	0	0	0	
Drepanotermes_septentrionalis	0	0	0	0	0	0	0	0	0	0	0	0	0	0	1	0	0	0	0	0	0	0	0	0	0	0	0	0	0	0	0	0	0	0	0	0	0	0	0	0	0	0	0	0	0	
N14	1.95944e-023	2.0269e-020	1.11074e-017	1.27025e-015	1.10039e-015	2.77384e-016	9.59935e-017	7.9973e-016	1.48929e-012	1.9322e-009	1.22456e-006	0.00031389	0.0246027	0.371319	0.544268	0.0585015	0.000989249	4.57333e-006	7.9837e-009	6.44474e-012	2.7576e-015	6.92671e-019	1.21467e-022	8.90132e-025	2.08762e-027	7.36894e-029	1.09874e-031	2.20072e-033	1.98817e-036	2.39148e-038	1.16249e-041	8.82454e-044	1.97079e-047	9.41993e-050	9.15554e-054	2.37693e-056	1.21601e-060	1.3485e-063	4.516e-068	2.29076e-071	5.28052e-076	1.55981e-079	2.58916e-084	8.86072e-088	1.78045e-090	
N15	8.52233e-027	1.73656e-023	2.20443e-020	4.21935e-018	7.47886e-018	2.11216e-018	5.16379e-019	4.05221e-017	1.80184e-013	4.78358e-010	5.45167e-007	0.000216689	0.022276	0.373621	0.550279	0.0529342	0.000671007	1.93653e-006	1.79792e-009	6.7364e-013	1.19163e-016	1.11826e-020	6.57078e-025	2.53215e-027	2.27332e-030	5.09134e-032	2.42587e-035	2.97539e-037	7.35038e-041	1.48599e-042	9.5275e-045	3.90876e-045	1.77725e-047	5.99174e-048	3.22954e-050	5.18872e-050	4.95082e-052	2.28151e-052	6.53167e-055	4.99223e-056	4.35919e-059	1.03127e-060	5.78451e-064	1.03832e-065	5.39569e-067	
N16	2.87971e-026	3.98297e-023	4.23159e-020	8.70052e-018	7.96409e-017	1.28123e-016	4.47887e-016	1.71771e-014	1.85052e-011	1.63751e-008	6.5824e-006	0.000997302	0.0445447	0.413352	0.491152	0.0490786	0.00086463	4.27501e-006	7.85809e-009	6.45382e-012	2.69269e-015	6.2826e-019	9.08413e-023	1.2469e-025	1.7765e-028	3.54889e-030	3.47557e-032	2.48928e-032	1.43304e-033	7.63982e-034	3.4922e-035	1.26488e-035	3.71947e-037	9.24461e-038	1.22791e-039	1.86935e-040	1.27494e-042	7.99543e-044	3.81402e-046	1.32591e-047	4.48293e-050	1.2144e-051	3.12628e-054	1.26081e-055	1.58407e-056	
N17	1.30973e-023	3.15226e-020	5.94179e-017	4.02637e-014	3.76811e-013	6.22967e-014	3.99661e-015	2.08172e-015	1.70079e-012	1.55207e-009	7.40887e-007	0.000158275	0.0121777	0.238248	0.6519	0.0952157	0.00228388	1.5816e-005	4.30911e-008	5.59293e-011	3.93333e-014	1.66586e-017	5.01561e-021	1.08052e-023	1.65164e-026	1.32362e-028	1.41306e-031	6.34596e-034	1.18016e-036	3.32229e-037	1.86419e-038	3.35458e-039	1.29532e-040	1.56901e-041	4.23444e-043	1.79802e-043	5.03857e-044	2.88001e-044	1.98589e-045	1.89627e-046	1.71664e-048	5.1289e-050	3.16513e-052	1.47376e-053	1.28005e-054	
Crenetermes_albotarsalis	0	0	0	0	0	0	0	0	0	0	0	0	0	0	1	0	0	0	0	0	0	0	0	0	0	0	0	0	0	0	0	0	0	0	0	0	0	0	0	0	0	0	0	0	0	
N18	3.83075e-023	3.50041e-020	1.95287e-017	3.1059e-015	1.93272e-014	4.39235e-015	5.66714e-016	1.44258e-015	9.53764e-013	9.49558e-010	5.02282e-007	0.000119632	0.0102951	0.224116	0.665388	0.0977582	0.0023072	1.55729e-005	4.12108e-008	5.19213e-011	3.54695e-014	1.44675e-017	4.12035e-021	1.10767e-022	5.07098e-025	8.886e-026	2.33947e-028	2.64842e-029	3.82751e-032	2.95413e-033	2.16396e-036	1.17315e-037	3.89472e-041	1.45065e-042	2.02256e-046	4.36869e-048	3.02552e-052	2.52323e-054	1.22613e-058	4.48505e-061	1.66701e-065	3.26377e-068	9.48445e-073	1.2719e-075	3.46497e-078	
Cubitermes_sp	0	0	0	0	0	0	0	0	0	0	0	0	0	0	1	0	0	0	0	0	0	0	0	0	0	0	0	0	0	0	0	0	0	0	0	0	0	0	0	0	0	0	0	0	0	
Thoracotermes_macrothorax	0	0	0	0	0	0	0	0	0	0	0	0	0	0	1	0	0	0	0	0	0	0	0	0	0	0	0	0	0	0	0	0	0	0	0	0	0	0	0	0	0	0	0	0	0	
N19	9.67757e-022	6.82583e-021	9.22813e-020	6.7269e-018	6.57154e-017	1.25465e-016	4.75286e-016	2.9454e-014	2.9882e-011	2.25681e-008	7.98729e-006	0.00110123	0.0462142	0.414713	0.48782	0.0492386	0.000900916	4.78768e-006	9.81149e-009	9.32045e-012	4.66143e-015	1.34715e-018	2.47806e-022	3.24716e-023	1.45305e-025	6.2372e-025	1.41043e-027	4.3167e-027	4.64196e-030	1.05577e-029	4.86152e-033	8.3962e-033	1.39379e-036	1.7825e-036	8.767e-041	6.62409e-041	1.32879e-045	2.95186e-046	4.26426e-051	3.03492e-052	3.56208e-057	1.05708e-058	1.03937e-063	1.57108e-065	1.17302e-067	
Procubitermes_sp	0	0	0	0	0	0	0	0	0	0	0	0	1	0	0	0	0	0	0	0	0	0	0	0	0	0	0	0	0	0	0	0	0	0	0	0	0	0	0	0	0	0	0	0	0	
N20	3.63543e-024	2.04065e-020	7.93021e-017	1.45756e-013	8.06909e-013	1.62139e-014	1.51838e-016	9.65553e-019	4.1357e-017	1.53355e-013	3.3428e-010	3.77719e-007	0.000187709	0.0311536	0.949461	0.019124	7.34719e-005	9.85382e-008	6.04186e-011	1.98196e-014	3.85868e-018	4.84458e-022	4.27423e-026	6.19106e-030	1.31896e-033	1.03689e-036	2.26098e-040	1.14636e-043	1.78314e-047	5.50315e-051	6.04494e-055	1.13122e-058	8.28989e-063	9.23237e-067	4.12339e-071	2.70333e-075	7.18887e-080	2.86732e-084	4.63275e-089	1.27295e-093	1.31014e-098	2.71609e-103	2.04845e-108	4.72958e-113	1.2641e-117	
Tuberculitermes_bycanistes	0	0	0	0	0	0	0	0	0	0	0	0	0	0	1	0	0	0	0	0	0	0	0	0	0	0	0	0	0	0	0	0	0	0	0	0	0	0	0	0	0	0	0	0	0	
Unguitermes_sp	0	0	0	0	0	0	0	0	0	0	0	0	0	0	1	0	0	0	0	0	0	0	0	0	0	0	0	0	0	0	0	0	0	0	0	0	0	0	0	0	0	0	0	0	0	
N21	1.64817e-025	6.45729e-023	1.46027e-020	7.45164e-019	2.01574e-018	1.06535e-017	9.87692e-017	7.18531e-015	6.56997e-012	5.10741e-009	2.11333e-006	0.000391838	0.0253207	0.362151	0.545427	0.0652397	0.00145718	1.02338e-005	3.00008e-008	4.37492e-011	3.57179e-014	1.79214e-017	9.88099e-021	6.25637e-021	1.02856e-022	8.62945e-023	9.02423e-025	4.48433e-025	2.72235e-027	8.57289e-028	2.4154e-030	5.168e-031	4.73419e-034	6.91805e-035	1.71691e-038	1.21005e-039	1.45461e-043	2.53099e-045	2.20361e-049	1.27753e-051	8.21389e-056	2.51113e-058	1.18725e-062	6.54837e-065	4.6797e-066	
N22	3.4309e-021	2.46745e-018	1.33749e-015	2.96256e-013	2.42893e-012	9.31593e-013	1.55275e-013	6.52223e-014	1.22361e-011	5.6212e-009	1.4862e-006	0.00019776	0.0111038	0.198456	0.680672	0.105989	0.00353867	4.10043e-005	2.12867e-007	5.79995e-010	9.2346e-013	9.33508e-016	6.55537e-019	1.18282e-021	3.3672e-024	5.27433e-026	1.35049e-028	1.30233e-030	2.43662e-033	1.43197e-035	1.95705e-038	6.98371e-041	6.45249e-044	1.36654e-046	7.1496e-050	8.6343e-053	2.59687e-056	1.73823e-059	3.24508e-063	1.52326e-066	1.88309e-070	7.1166e-074	6.70598e-078	3.24255e-081	2.3962e-084	
N23	4.08459e-027	3.71347e-023	1.89049e-019	3.30509e-016	1.39495e-015	4.0065e-017	7.32912e-019	1.70226e-020	1.18371e-017	1.02328e-013	4.53107e-010	8.71148e-007	0.000565965	0.0793578	0.878921	0.0409811	0.000172856	1.72109e-007	6.13677e-011	9.88105e-015	8.29662e-019	4.00557e-023	1.21814e-027	1.65931e-031	3.82727e-035	3.13535e-034	5.39258e-034	1.54905e-033	6.78571e-035	2.16123e-035	6.22344e-037	1.4513e-037	2.71662e-039	4.60373e-040	5.01605e-042	5.65411e-043	3.69915e-045	2.2704e-046	1.07528e-048	4.0316e-050	1.45475e-052	3.92762e-054	1.11109e-056	2.90016e-058	1.18235e-059	
N24	1.7625e-030	1.06337e-026	8.71546e-023	1.60378e-019	6.30513e-019	8.62464e-021	5.50068e-023	8.21388e-024	7.33316e-020	2.64884e-015	4.1768e-011	2.29945e-007	0.000326813	0.0718996	0.890758	0.0369205	9.43682e-005	4.00172e-008	4.59378e-012	1.90311e-016	3.43107e-021	3.06954e-026	1.55134e-031	2.70975e-034	5.4276e-036	2.56875e-035	6.40592e-037	2.36415e-036	3.54746e-038	1.05469e-037	8.44474e-040	2.06557e-039	7.4242e-042	1.47041e-041	1.94982e-044	2.66211e-044	1.39249e-047	5.86627e-048	2.36426e-051	3.69817e-052	1.27113e-055	9.72855e-057	2.89139e-060	1.39622e-061	1.70358e-062	
N25	5.98024e-026	3.1843e-024	2.18251e-022	1.22547e-019	4.77378e-019	8.393e-021	5.51093e-023	9.72023e-024	8.95277e-020	2.98274e-015	4.43704e-011	2.35539e-007	0.000328715	0.0719096	0.890687	0.0369785	9.55412e-005	4.16689e-008	5.03415e-012	2.25353e-016	4.5145e-021	4.9687e-026	1.93799e-029	1.08671e-031	2.88557e-034	1.15447e-034	2.27477e-038	1.4622e-037	1.09361e-041	5.59855e-041	1.47864e-045	5.76404e-045	4.12506e-050	1.23658e-049	1.59989e-055	3.19601e-055	8.82638e-062	2.45897e-062	5.09442e-069	2.67731e-070	4.59045e-077	7.51027e-079	1.08279e-085	7.42681e-088	5.23145e-090	
Ephelotermes_melachoma	0	0	0	0	0	0	0	0	0	0	0	0	0	0	1	0	0	0	0	0	0	0	0	0	0	0	0	0	0	0	0	0	0	0	0	0	0	0	0	0	0	0	0	0	0	
Macrognathotermes_sunteri	0	0	0	0	0	0	0	0	0	0	0	0	0	0	1	0	0	0	0	0	0	0	0	0	0	0	0	0	0	0	0	0	0	0	0	0	0	0	0	0	0	0	0	0	0	
Odontotermes_sp	0	0	0	0	0	0	0	0	0	0	0	0	0	0	1	0	0	0	0	0	0	0	0	0	0	0	0	0	0	0	0	0	0	0	0	0	0	0	0	0	0	0	0	0	0	
Ephelotermes_taylori	0	0	0	0	0	0	0	0	0	0	0	0	0	0	1	0	0	0	0	0	0	0	0	0	0	0	0	0	0	0	0	0	0	0	0	0	0	0	0	0	0	0	0	0	0	
Lophotermes_septentrionalis	0	0	0	0	0	0	0	0	0	0	0	0	0	0	1	0	0	0	0	0	0	0	0	0	0	0	0	0	0	0	0	0	0	0	0	0	0	0	0	0	0	0	0	0	0	
Pericapritermes_sp	0	0	0	0	0	0	0	0	0	0	0	0	0	0	1	0	0	0	0	0	0	0	0	0	0	0	0	0	0	0	0	0	0	0	0	0	0	0	0	0	0	0	0	0	0	
N26	4.93571e-020	3.85169e-017	2.28465e-014	5.86575e-012	3.13934e-011	4.01541e-012	2.23491e-013	1.69653e-014	1.90795e-012	1.05986e-009	3.51242e-007	6.14093e-005	0.00484544	0.133706	0.767134	0.0918827	0.00234788	2.16412e-005	9.25435e-008	2.13561e-010	2.94408e-013	2.62323e-016	1.62259e-019	1.19051e-022	1.32322e-025	6.18875e-028	9.20636e-031	3.12639e-033	3.44937e-036	7.43775e-039	6.09929e-042	8.3859e-045	4.90117e-048	4.23185e-051	1.62149e-054	8.77679e-058	2.13776e-061	7.5149e-065	1.19617e-068	3.11105e-072	3.4368e-076	7.34358e-080	6.49882e-084	1.64035e-087	4.92457e-091	
Microcerotermes_boreus	0	0	0	0	0	0	0	0	0	0	0	0	0	0	1	0	0	0	0	0	0	0	0	0	0	0	0	0	0	0	0	0	0	0	0	0	0	0	0	0	0	0	0	0	0	
Microcerotermes_nervosus	0	0	0	0	0	0	0	0	0	0	0	0	0	0	1	0	0	0	0	0	0	0	0	0	0	0	0	0	0	0	0	0	0	0	0	0	0	0	0	0	0	0	0	0	0	
N27	1.11165e-021	2.88481e-018	5.04086e-015	3.4763e-012	1.5004e-011	5.77278e-013	8.90118e-015	1.58306e-016	3.54306e-014	4.74425e-011	3.57394e-008	1.33681e-005	0.00208387	0.101223	0.832749	0.063082	0.00084466	3.66518e-006	6.8523e-009	6.53719e-012	3.56286e-015	1.21059e-018	2.77095e-022	7.08519e-026	2.54161e-029	3.37816e-032	1.56305e-035	1.48016e-038	4.86526e-042	2.83563e-045	6.61728e-049	2.39701e-052	3.83737e-056	8.59893e-060	8.88417e-064	1.23773e-067	8.06661e-072	7.26437e-076	3.05114e-080	1.96971e-084	5.59379e-089	2.84125e-093	6.24531e-098	3.53221e-102	2.24267e-106	
N28	5.66783e-023	1.02065e-019	1.0057e-016	2.76872e-014	7.38323e-014	1.16923e-015	8.41989e-018	1.6284e-018	1.03378e-015	2.87361e-012	4.46085e-009	3.3337e-006	0.000980539	0.0801925	0.864187	0.0541677	0.000467456	1.16191e-006	1.16748e-009	5.7638e-013	1.58703e-016	2.66599e-020	2.98295e-024	5.06645e-027	9.3027e-030	3.52568e-031	4.40679e-034	1.0222e-035	8.25253e-039	1.2316e-040	6.03521e-044	6.04489e-046	1.59686e-049	1.09539e-051	1.29417e-055	5.68291e-058	2.26795e-062	2.77816e-065	7.59468e-070	4.39559e-073	8.73248e-078	3.11107e-081	4.58354e-086	1.53601e-089	1.83832e-092	
Nasutitermes_graveolus	0	0	0	0	0	0	0	0	0	0	0	0	0	0	1	0	0	0	0	0	0	0	0	0	0	0	0	0	0	0	0	0	0	0	0	0	0	0	0	0	0	0	0	0	0	
Nasutitermes_triodiae	0	0	0	0	0	0	0	0	0	0	0	0	0	0	1	0	0	0	0	0	0	0	0	0	0	0	0	0	0	0	0	0	0	0	0	0	0	0	0	0	0	0	0	0	0	
N29	1.12368e-023	2.20541e-020	2.37434e-017	7.63858e-015	1.58125e-014	1.37894e-016	2.53726e-018	3.74216e-019	1.56982e-016	5.70529e-013	1.17982e-009	1.20141e-006	0.000494123	0.0579849	0.900028	0.04123	0.000261006	4.85941e-007	3.73297e-010	1.43449e-013	3.12196e-017	4.19997e-021	3.78372e-025	2.24242e-028	2.40541e-031	3.84975e-033	3.13721e-036	3.00956e-038	1.71817e-041	1.01488e-043	3.90868e-047	1.45972e-049	3.36365e-053	8.09891e-056	8.8725e-060	1.31194e-062	5.01192e-067	2.19454e-070	5.41807e-075	1.22697e-078	2.04868e-083	3.17568e-087	3.75887e-092	6.78044e-096	3.74593e-099	
Nasutitermes_longipennis	0	0	0	0	0	0	0	0	0	0	0	0	0	0	1	0	0	0	0	0	0	0	0	0	0	0	0	0	0	0	0	0	0	0	0	0	0	0	0	0	0	0	0	0	0	
Tumulitermes_pastinator	0	0	0	0	0	0	0	0	0	0	0	0	0	0	1	0	0	0	0	0	0	0	0	0	0	0	0	0	0	0	0	0	0	0	0	0	0	0	0	0	0	0	0	0	0	
N30	4.63883e-017	9.56639e-015	1.89277e-012	1.54906e-010	6.72314e-010	1.80414e-010	2.02641e-011	1.02163e-011	1.28967e-009	2.22612e-007	2.2498e-005	0.00118883	0.0284974	0.250113	0.557899	0.151253	0.0107338	0.00028861	3.63647e-006	2.46483e-008	9.90026e-011	2.56046e-013	4.63558e-016	1.14018e-018	3.8338e-021	3.96537e-023	1.46169e-025	1.03352e-027	2.70242e-030	1.20215e-032	2.22035e-035	6.32307e-038	8.06168e-041	1.48592e-043	1.26889e-046	1.53833e-049	8.75222e-053	7.27845e-056	2.8145e-059	1.73735e-062	4.73419e-066	2.35056e-069	5.12751e-073	2.89595e-076	1.94292e-079	
N31	2.41764e-019	8.97088e-017	2.16419e-014	1.66105e-012	3.99006e-012	4.37226e-013	5.15506e-014	2.72495e-014	6.55643e-012	3.49757e-009	1.05323e-006	0.000156174	0.0095885	0.185223	0.679654	0.12112	0.00420894	4.74576e-005	2.27801e-007	5.5105e-010	7.53307e-013	6.34295e-016	3.59575e-019	7.3464e-022	2.24316e-024	5.94413e-026	1.38885e-028	2.31089e-030	3.46178e-033	3.72326e-035	3.49194e-038	2.49325e-040	1.40994e-043	6.67424e-046	2.21194e-049	6.59774e-052	1.31078e-055	2.2159e-058	2.98267e-062	3.04304e-065	2.93935e-069	2.00515e-072	1.43789e-076	7.94563e-080	3.98477e-083	
Macrotermes_bellicosus	0	0	0	0	0	0	0	0	0	0	0	0	0	0	1	0	0	0	0	0	0	0	0	0	0	0	0	0	0	0	0	0	0	0	0	0	0	0	0	0	0	0	0	0	0	
N32	4.97997e-027	2.38314e-023	7.13827e-020	1.18094e-016	8.38701e-016	2.52236e-017	3.81476e-019	3.74151e-021	2.67266e-019	2.67083e-015	1.52982e-011	4.3756e-008	5.18087e-005	0.0183801	0.967885	0.0136534	2.94151e-005	1.94528e-008	5.42271e-012	7.65179e-016	6.15547e-020	3.07257e-024	1.02452e-028	6.70922e-033	1.03155e-036	1.39124e-039	2.12422e-043	1.73846e-046	1.85381e-050	9.04746e-054	6.58023e-058	1.92823e-061	8.77359e-066	1.53776e-069	3.79107e-074	3.78266e-078	4.63212e-083	2.16e-087	1.56424e-092	4.12815e-097	1.84111e-102	3.26898e-107	9.48234e-113	1.57987e-117	3.57376e-122	
Microtermes_sp	0	0	0	0	0	0	0	0	0	0	0	0	0	0	1	0	0	0	0	0	0	0	0	0	0	0	0	0	0	0	0	0	0	0	0	0	0	0	0	0	0	0	0	0	0	
Protermes_sp	0	0	0	0	0	0	0	0	0	0	0	0	0	0	1	0	0	0	0	0	0	0	0	0	0	0	0	0	0	0	0	0	0	0	0	0	0	0	0	0	0	0	0	0	0	
Pseudacanthotermes_militaris	0	0	0	0	0	0	0	0	0	0	0	0	0	0	1	0	0	0	0	0	0	0	0	0	0	0	0	0	0	0	0	0	0	0	0	0	0	0	0	0	0	0	0	0	0	
N33	1.09511e-012	2.34359e-011	3.95024e-010	2.14421e-009	2.48083e-009	1.61002e-009	2.94507e-009	7.49357e-008	3.79189e-006	0.000135153	0.00281019	0.0309625	0.162925	0.365076	0.316765	0.105407	0.0148749	0.00100408	3.60461e-005	7.50402e-007	9.71134e-009	8.5198e-011	5.96143e-013	1.80071e-014	4.2853e-016	3.4295e-017	6.09773e-019	3.04706e-020	3.69698e-022	1.17598e-023	9.64487e-026	1.99407e-027	1.08502e-029	1.46909e-031	5.24764e-034	4.6424e-036	1.10742e-038	6.52911e-041	1.07176e-043	4.52587e-046	5.25129e-049	1.71853e-051	1.52956e-054	5.44904e-057	2.75653e-059	
Coptotermes_acinaciformis	0	0	0	0	0	0	0	0	0	0	0	0	0	0	1	0	0	0	0	0	0	0	0	0	0	0	0	0	0	0	0	0	0	0	0	0	0	0	0	0	0	0	0	0	0	
N34	7.81035e-016	7.11163e-014	5.84525e-012	1.51536e-010	3.01115e-010	1.22685e-010	1.50104e-010	6.98409e-010	8.812e-008	9.54873e-006	0.00054659	0.0144349	0.1457	0.438433	0.346697	0.0516795	0.00245043	4.88713e-005	4.85336e-007	2.69091e-009	9.05176e-012	1.98818e-014	3.08668e-017	7.45007e-020	2.53705e-022	3.16685e-024	1.10566e-026	9.33747e-029	2.24945e-031	1.21899e-033	2.02273e-036	7.2148e-039	8.19614e-042	1.95942e-044	1.52203e-047	2.47608e-050	1.33041e-053	1.50888e-056	5.71579e-060	4.71359e-063	1.28355e-066	8.12047e-070	1.6885e-073	1.03664e-076	6.61333e-080	
N35	3.21832e-019	1.03137e-016	2.35733e-014	2.35097e-012	1.50755e-011	6.30298e-012	1.10654e-012	6.99256e-013	1.97834e-010	7.72528e-008	1.54274e-005	0.00134473	0.0416386	0.346203	0.541217	0.0677166	0.00184766	1.71277e-005	6.89967e-008	1.41374e-010	1.64985e-013	1.99731e-016	4.9135e-019	1.5592e-020	4.61452e-023	9.24267e-025	1.58744e-027	1.91428e-029	1.88663e-032	1.4217e-034	7.85105e-038	3.68901e-040	1.15077e-043	3.20649e-046	6.27723e-050	1.03578e-052	1.38126e-056	1.41185e-059	1.34176e-063	9.12403e-067	6.31687e-071	3.08726e-074	1.6753e-078	1.05246e-081	1.64603e-084	
Reticulitermes_flavipes	0	0	0	0	0	0	0	0	0	0	0	0	0	0	1	0	0	0	0	0	0	0	0	0	0	0	0	0	0	0	0	0	0	0	0	0	0	0	0	0	0	0	0	0	0	
N36	3.08647e-021	1.40953e-018	4.29017e-016	4.55362e-014	2.00861e-013	7.00813e-014	1.9736e-014	1.51058e-014	4.83296e-012	3.33748e-009	1.24883e-006	0.000215795	0.0139385	0.242217	0.665209	0.0767585	0.00164792	1.13837e-005	3.36286e-008	5.05075e-011	4.33079e-014	2.39314e-017	1.36112e-020	3.46907e-022	1.31185e-024	4.6068e-026	1.12585e-028	2.36397e-030	3.59179e-033	4.72728e-035	4.10354e-038	3.4854e-040	1.5811e-043	8.44846e-046	2.03534e-049	6.10321e-052	8.7243e-056	1.24802e-058	1.21553e-062	1.00283e-065	6.86949e-070	3.92397e-073	1.99228e-077	1.39378e-080	2.87634e-083	
Reticulitermes_lucifugus	0	0	0	0	0	0	0	0	0	0	0	0	0	0	1	0	0	0	0	0	0	0	0	0	0	0	0	0	0	0	0	0	0	0	0	0	0	0	0	0	0	0	0	0	0	
Reticulitermes_urbis	0	0	0	0	0	0	0	0	0	0	0	0	0	0	1	0	0	0	0	0	0	0	0	0	0	0	0	0	0	0	0	0	0	0	0	0	0	0	0	0	0	0	0	0	0	
Schedorhinotermes_lamanianus	0	0	0	0	0	0	0	0	0	0	0	0	1	0	0	0	0	0	0	0	0	0	0	0	0	0	0	0	0	0	0	0	0	0	0	0	0	0	0	0	0	0	0	0	0	
N37	1.35834e-011	3.84351e-010	5.49965e-009	1.46419e-008	1.6483e-008	2.08363e-008	1.26429e-007	4.9462e-006	0.000189044	0.00407215	0.0421878	0.191102	0.362205	0.285107	0.0962833	0.0161841	0.00221254	0.000390049	5.68456e-005	5.08925e-006	2.72988e-007	9.56359e-009	2.41373e-010	1.1858e-011	4.1856e-013	3.0831e-014	6.68872e-016	2.60262e-017	3.00243e-019	6.12271e-021	3.87431e-023	4.34853e-025	1.57666e-027	1.02815e-029	2.23645e-032	8.93602e-035	1.21857e-037	3.14147e-040	2.792e-043	4.87657e-046	2.92073e-049	3.63052e-052	1.59133e-055	1.80366e-058	2.06827e-061	
N38	3.25143e-015	6.1079e-013	8.93168e-011	1.74588e-009	1.48806e-009	2.95464e-010	7.30257e-010	3.82211e-008	2.68222e-006	0.000142279	0.00465231	0.0696083	0.341445	0.430806	0.13892	0.0138794	0.000533661	9.67292e-006	9.88253e-008	6.40335e-010	2.72481e-012	8.25772e-015	1.83789e-017	7.64037e-020	2.13734e-022	1.33808e-024	2.66439e-027	1.01448e-029	1.24744e-032	2.85938e-035	2.20789e-038	3.17579e-041	1.58501e-044	1.49344e-047	4.97722e-051	3.23222e-054	7.46304e-058	3.58269e-061	6.15074e-065	2.52763e-068	4.16898e-072	2.24165e-075	6.53303e-079	7.53321e-082	1.12258e-084	
N39	4.14009e-015	1.14924e-013	4.41856e-012	1.1205e-010	2.15667e-009	3.39305e-008	2.73988e-007	2.63981e-006	3.97288e-005	0.000347297	0.00200052	0.0189401	0.139693	0.373429	0.339127	0.111132	0.0144568	0.00081189	2.08665e-005	2.56274e-007	1.60926e-009	1.69045e-011	2.44282e-013	1.61196e-014	1.57043e-016	4.89069e-018	2.60532e-020	4.07132e-022	1.20454e-024	1.00398e-026	1.58926e-029	7.26206e-032	6.80881e-035	1.26302e-036	3.84406e-038	4.01977e-039	1.21922e-040	2.72517e-041	2.19788e-042	5.25201e-043	1.764e-044	1.81105e-045	3.91172e-047	7.96561e-048	2.24267e-048	
Bifiditermes_improbus	0	0	0	0	0	0	0	0	0	0	0	1	0	0	0	0	0	0	0	0	0	0	0	0	0	0	0	0	0	0	0	0	0	0	0	0	0	0	0	0	0	0	0	0	0	
N40	3.8004e-015	8.80928e-014	3.79248e-012	1.17899e-010	3.00169e-009	5.01129e-008	4.46558e-007	4.62823e-006	5.86115e-005	0.000412812	0.0016676	0.0113471	0.0958957	0.320894	0.375785	0.162616	0.0289204	0.00230834	8.72259e-005	1.73815e-006	2.92681e-008	5.29061e-008	1.91594e-009	3.15085e-009	4.56216e-011	4.05587e-011	2.5271e-013	1.32027e-013	3.69566e-016	1.14626e-016	1.54992e-019	2.66706e-020	2.01648e-023	1.75381e-024	8.66156e-028	3.76457e-029	1.33831e-032	3.12904e-034	8.40309e-038	1.16185e-039	2.41317e-043	2.15544e-045	3.89832e-049	1.02681e-050	1.32842e-051	
Incisitermes_sp	0	0	0	0	0	0	0	0	0	0	0	0	0	0	1	0	0	0	0	0	0	0	0	0	0	0	0	0	0	0	0	0	0	0	0	0	0	0	0	0	0	0	0	0	0	
Neotermes_insularis	0	0	0	0	0	0	0	0	0	0	0	0	0	0	0	0	0	0	0	1	0	0	0	0	0	0	0	0	0	0	0	0	0	0	0	0	0	0	0	0	0	0	0	0	0	
N41	1.31963e-018	3.28984e-016	6.63407e-014	1.6448e-012	7.36557e-012	1.83247e-011	9.83789e-011	7.00266e-009	8.61e-007	6.66253e-005	0.00353045	0.0744478	0.393934	0.431689	0.0921801	0.00410582	4.45928e-005	1.43469e-007	1.64397e-010	7.81762e-014	1.73581e-017	2.04031e-021	1.6597e-025	2.18524e-027	9.06784e-029	5.12173e-029	1.63876e-030	6.82479e-031	1.4742e-032	4.53895e-033	6.35694e-035	1.43583e-035	1.30134e-037	2.09361e-038	1.27919e-040	1.40349e-041	6.17011e-044	4.48105e-045	1.50825e-047	7.36454e-049	1.97853e-051	6.89412e-053	1.52523e-055	4.37278e-057	8.4667e-059	
N42	1.29881e-018	2.92097e-016	5.64575e-014	1.57027e-012	7.32888e-012	1.82286e-011	9.94632e-011	7.28465e-009	8.87114e-007	6.78155e-005	0.00356363	0.0747639	0.394361	0.431226	0.09189	0.00408256	4.42075e-005	1.41757e-007	1.61846e-010	7.66567e-014	1.69499e-017	1.98156e-021	1.4547e-025	5.38135e-027	3.77762e-031	2.28259e-030	6.79267e-035	2.91067e-034	3.5879e-039	1.06941e-038	5.2237e-044	1.07318e-043	2.10659e-049	2.75816e-049	2.48628e-055	1.74551e-055	9.10084e-062	2.85195e-062	1.03782e-068	1.35686e-069	3.8138e-076	2.19496e-077	4.99623e-084	1.39636e-085	6.05787e-090	
N43	2.49009e-014	2.34684e-012	1.0092e-010	9.62123e-009	9.72501e-008	2.15701e-007	2.37404e-007	2.54652e-006	0.000200843	0.00548321	0.0586864	0.256019	0.426406	0.226538	0.0259675	0.00068875	6.75084e-006	3.11153e-008	7.80256e-011	1.17533e-013	1.1438e-016	8.25894e-020	5.82904e-023	2.19112e-025	4.42572e-028	2.35906e-030	3.59898e-033	1.19626e-035	1.32249e-038	2.75299e-041	2.12303e-044	2.76745e-047	1.39443e-050	1.14213e-053	3.67133e-057	1.92996e-060	4.05701e-064	1.50353e-067	2.14259e-071	6.20267e-075	6.2633e-079	1.53769e-082	1.4109e-086	5.49325e-090	2.98097e-093	
N44	6.60977e-016	2.08028e-013	6.92454e-011	8.3665e-009	3.84065e-008	2.24686e-008	6.41878e-009	1.98401e-008	2.40704e-006	0.000204313	0.00684433	0.0869195	0.377674	0.445643	0.0803633	0.0023275	2.10766e-005	9.51503e-008	4.5721e-010	6.24028e-011	5.18782e-013	5.04547e-014	1.77581e-016	9.1721e-018	1.32406e-020	3.71099e-022	2.70788e-025	4.21588e-027	1.81371e-030	1.59917e-032	4.48071e-036	2.27715e-038	4.42834e-042	1.33453e-044	1.86995e-048	3.53582e-051	3.63368e-055	4.68005e-058	3.55583e-062	3.38839e-065	1.93801e-069	1.78469e-072	1.72814e-075	2.16152e-077	2.14126e-079	
Cryptotermes_austrinus	0	0	0	0	0	0	0	0	0	0	0	0	0	1	0	0	0	0	0	0	0	0	0	0	0	0	0	0	0	0	0	0	0	0	0	0	0	0	0	0	0	0	0	0	0	
Cryptotermes_queenslandis	0	0	0	0	0	0	0	0	0	0	0	0	0	0	1	0	0	0	0	0	0	0	0	0	0	0	0	0	0	0	0	0	0	0	0	0	0	0	0	0	0	0	0	0	0	
Cryptotermes_primus	0	0	0	0	0	0	0	0	1	0	0	0	0	0	0	0	0	0	0	0	0	0	0	0	0	0	0	0	0	0	0	0	0	0	0	0	0	0	0	0	0	0	0	0	0	
N45	4.27726e-017	1.40253e-015	6.42773e-014	1.09089e-012	8.08517e-012	4.4585e-010	3.96093e-008	1.75102e-006	3.82658e-005	0.000608511	0.0108078	0.114241	0.409042	0.378719	0.0816721	0.00477208	9.73959e-005	8.40243e-007	3.4988e-009	7.80064e-012	1.01302e-014	1.15959e-017	6.56859e-020	2.04838e-020	2.26645e-022	4.12283e-023	2.76414e-025	2.92178e-026	1.05468e-028	6.92702e-030	1.12582e-032	4.73625e-034	3.1854e-037	7.80056e-039	2.54952e-042	2.87399e-044	5.88159e-048	2.75072e-050	3.93118e-054	9.17717e-057	9.13915e-061	1.39496e-063	1.05291e-067	4.25393e-070	8.00139e-072	
Cryptotermes_brevis	0	0	0	0	0	0	0	0	0	0	0	1	0	0	0	0	0	0	0	0	0	0	0	0	0	0	0	0	0	0	0	0	0	0	0	0	0	0	0	0	0	0	0	0	0	
N46	9.46342e-016	4.83833e-014	3.46511e-012	4.13295e-010	4.04987e-008	1.91319e-006	3.25205e-005	0.00023357	0.000850251	0.00304955	0.0245685	0.144058	0.365627	0.336639	0.109414	0.0146004	0.000897988	2.69786e-005	4.11534e-007	3.46597e-009	1.77117e-011	2.02465e-013	5.85314e-015	1.80038e-015	4.45467e-017	7.90261e-018	1.24549e-019	1.31868e-020	1.24492e-022	8.19091e-024	4.15543e-026	1.70041e-027	4.39594e-030	1.00876e-031	1.50487e-034	1.71183e-036	1.68618e-039	1.07989e-041	7.24843e-045	3.23221e-047	1.50582e-050	5.36813e-053	2.49754e-056	3.51505e-058	1.0287e-059	
Cryptotermes_domesticus	0	0	0	0	0	0	0	0	1	0	0	0	0	0	0	0	0	0	0	0	0	0	0	0	0	0	0	0	0	0	0	0	0	0	0	0	0	0	0	0	0	0	0	0	0	
Procryptotermes_australiensis	0	0	0	0	0	0	0	0	0	0	0	0	0	0	0	0	0	1	0	0	0	0	0	0	0	0	0	0	0	0	0	0	0	0	0	0	0	0	0	0	0	0	0	0	0	
N47	1.69001e-017	1.54476e-015	1.45128e-013	6.36216e-012	6.98063e-011	2.44315e-010	1.05695e-009	1.92349e-008	1.01074e-006	6.89476e-005	0.00274347	0.0479241	0.282348	0.448326	0.190926	0.0262496	0.00137916	3.23576e-005	3.86015e-007	2.62067e-009	1.24575e-011	1.04471e-012	3.70336e-014	1.0933e-014	2.41451e-016	4.1535e-017	5.75961e-019	5.94304e-020	4.66285e-022	2.94299e-023	1.11437e-025	4.1359e-027	7.84548e-030	1.47585e-031	1.68436e-034	1.52074e-036	1.14576e-039	5.96771e-042	2.99519e-045	1.12798e-047	3.84509e-051	1.19596e-053	6.64275e-057	1.57392e-058	4.87183e-060	
Cryptotermes_cynocephalus	0	0	0	0	0	0	0	0	0	0	0	0	0	0	0	1	0	0	0	0	0	0	0	0	0	0	0	0	0	0	0	0	0	0	0	0	0	0	0	0	0	0	0	0	0	
N48	7.20878e-016	1.0513e-013	1.19027e-011	4.03791e-010	4.55903e-010	1.56691e-010	4.36327e-011	6.68204e-010	1.13378e-007	1.28403e-005	0.000772997	0.0213912	0.218985	0.571444	0.173344	0.0136394	0.000405266	5.63233e-006	4.20616e-008	1.86112e-010	5.24863e-013	1.05772e-015	1.89713e-018	1.60998e-020	8.6878e-023	1.30359e-024	5.32501e-027	4.9779e-029	1.44007e-031	8.46455e-034	1.68081e-036	6.28646e-039	8.21661e-042	1.97807e-044	1.69939e-047	2.70426e-050	1.56936e-053	1.76283e-056	7.11167e-060	6.09471e-063	1.76021e-066	1.23819e-069	2.99473e-073	2.83966e-076	3.88061e-079	
Cryptotermes_dudleyi	0	0	0	0	0	0	0	0	0	0	0	0	0	1	0	0	0	0	0	0	0	0	0	0	0	0	0	0	0	0	0	0	0	0	0	0	0	0	0	0	0	0	0	0	0	
Cryptotermes_secundus	0	0	0	0	0	0	0	0	0	0	0	0	0	1	0	0	0	0	0	0	0	0	0	0	0	0	0	0	0	0	0	0	0	0	0	0	0	0	0	0	0	0	0	0	0	
N49	1.31089e-011	1.95743e-010	1.88722e-009	7.48114e-009	1.43678e-008	2.35827e-008	1.93775e-007	6.93272e-006	0.000243566	0.00491241	0.0476753	0.201855	0.360764	0.273774	0.0917465	0.0158566	0.00247945	0.000564268	0.000107626	1.29265e-005	9.67416e-007	6.5373e-008	5.58169e-009	3.47279e-008	3.87785e-009	1.96238e-008	1.07976e-009	3.18187e-009	8.39905e-011	1.42419e-010	1.82509e-012	1.77041e-012	1.1668e-014	6.36349e-015	2.37424e-017	7.11658e-018	1.67302e-020	2.76818e-021	4.46222e-024	4.2153e-025	4.93397e-028	2.7972e-029	2.47441e-032	9.35726e-034	2.27576e-035	
N50	6.02707e-012	1.711e-010	4.98722e-009	6.63588e-008	2.35109e-007	2.36053e-007	1.79374e-007	9.54362e-007	2.31413e-005	0.000479295	0.00614988	0.0450332	0.175385	0.337071	0.296956	0.115378	0.0213147	0.00208396	0.000119404	4.44539e-006	1.18456e-007	3.39218e-009	1.18301e-010	8.45556e-012	3.68249e-013	1.87878e-014	5.47343e-016	1.63418e-017	2.97396e-019	5.35833e-021	6.03818e-023	6.90426e-025	4.94323e-027	3.87861e-029	1.84597e-031	1.09971e-033	3.68755e-036	1.82284e-038	4.53831e-041	1.95508e-043	3.87816e-046	1.64596e-048	5.41422e-051	4.48482e-053	4.19026e-055	
Glyptotermes_brevicornis	0	0	0	0	0	0	0	0	0	0	0	0	0	0	1	0	0	0	0	0	0	0	0	0	0	0	0	0	0	0	0	0	0	0	0	0	0	0	0	0	0	0	0	0	0	
Glyptotermes_iridipennis	0	0	0	0	0	0	0	0	0	0	0	0	0	0	1	0	0	0	0	0	0	0	0	0	0	0	0	0	0	0	0	0	0	0	0	0	0	0	0	0	0	0	0	0	0	
Kalotermes_flavicollis	0	0	0	0	0	0	0	0	0	0	0	0	0	0	0	0	0	0	0	0	0	0	0	0	0	0	0	1	0	0	0	0	0	0	0	0	0	0	0	0	0	0	0	0	0	
N51	1.60161e-007	6.8631e-007	3.95297e-006	1.56208e-005	4.49301e-005	0.000168509	0.000885052	0.00404213	0.01264	0.0281467	0.0573278	0.122018	0.213862	0.251646	0.187496	0.0885761	0.0269561	0.00538344	0.000716572	6.51891e-005	4.13876e-006	2.48615e-007	1.43684e-008	2.64919e-009	1.86493e-010	3.11769e-011	1.44426e-012	1.5414e-013	4.68034e-015	3.27827e-016	6.69931e-018	3.17891e-019	4.49576e-021	1.49261e-022	1.50369e-024	3.61998e-026	2.67892e-028	4.86627e-030	2.71797e-032	3.84423e-034	1.65593e-036	1.87751e-038	6.83335e-041	8.47731e-043	1.46229e-044	
Porotermes_adamsoni	0	0	0	0	0	0	0	0	0	0	0	0	0	1	0	0	0	0	0	0	0	0	0	0	0	0	0	0	0	0	0	0	0	0	0	0	0	0	0	0	0	0	0	0	0	
N52	2.00791e-008	6.9661e-008	6.47778e-007	9.0687e-006	0.000138514	0.00152326	0.00869496	0.0219878	0.0268637	0.0198492	0.020396	0.0557532	0.139244	0.226997	0.235626	0.15588	0.0658408	0.0177679	0.00306212	0.000340129	2.47258e-005	1.45721e-006	7.77769e-008	1.06123e-008	7.29914e-010	9.61976e-011	4.32959e-012	3.5488e-013	1.03493e-014	5.48142e-016	1.07355e-017	3.83591e-019	5.20087e-021	1.30108e-022	1.25371e-024	2.27224e-026	1.59249e-028	2.16101e-030	1.12402e-032	1.17866e-034	4.63539e-037	3.89406e-039	1.28749e-041	1.20835e-043	1.5365e-045	
Stolotermes_sp	0	0	0	0	0	0	0	0	0	1	0	0	0	0	0	0	0	0	0	0	0	0	0	0	0	0	0	0	0	0	0	0	0	0	0	0	0	0	0	0	0	0	0	0	0	
N53	1.21787e-010	8.70088e-010	3.08139e-008	1.04441e-006	2.31226e-005	0.000270421	0.00108358	0.000922371	0.000275641	4.38834e-005	6.29954e-006	9.60806e-006	0.000126956	0.00151933	0.011939	0.0587996	0.173767	0.293377	0.263008	0.135324	0.0396552	0.0161237	0.00296364	0.000696764	5.75417e-005	6.20728e-006	2.59041e-007	1.47709e-008	3.49752e-010	1.17349e-011	1.70441e-013	3.63774e-015	3.42667e-017	4.94856e-019	3.15368e-021	3.24661e-023	1.44759e-025	1.1122e-027	3.56672e-030	2.13073e-032	5.08587e-035	2.57106e-037	7.41045e-040	7.21239e-042	9.27134e-044	
Zootermopsis_angusticollis	0	0	0	0	0	0	0	0	0	0	0	0	0	0	0	0	0	0	0	1	0	0	0	0	0	0	0	0	0	0	0	0	0	0	0	0	0	0	0	0	0	0	0	0	0	
Zootermopsis_nevadensis	0	0	0	0	0	0	0	0	0	0	0	0	0	0	0	0	0	0	0	1	0	0	0	0	0	0	0	0	0	0	0	0	0	0	0	0	0	0	0	0	0	0	0	0	0	
Mastotermes_darwiniensis	0	0	0	0	0	0	0	0	0	0	0	0	0	0	0	0	0	0	0	0	0	0	0	0	0	0	0	0	0	0	0	0	0	0	0	0	0	0	0	0	0	0	1	0	0	
N54	0.00839147	0.0245946	0.0833318	0.206363	0.306669	0.242242	0.0982361	0.0231932	0.004521	0.00141614	0.00066171	0.000272656	8.48716e-005	1.95717e-005	3.31488e-006	4.13442e-007	3.7603e-008	2.54354e-009	1.27369e-010	5.09552e-012	1.61043e-013	4.65828e-015	1.10742e-016	2.59427e-018	4.76811e-020	8.61917e-022	1.17789e-023	1.58521e-025	1.60426e-027	1.61966e-029	1.23384e-031	9.55575e-034	5.59621e-036	3.4107e-038	1.56768e-040	7.70987e-043	2.84263e-045	1.16026e-047	3.5385e-050	1.25663e-052	3.50846e-055	1.26353e-057	4.30085e-060	1.89584e-062	9.43535e-065	
N55	0.0180057	0.0597681	0.187335	0.324905	0.271864	0.110916	0.023722	0.00310324	0.000335945	3.96173e-005	4.50477e-006	4.01072e-007	2.59813e-008	1.21256e-009	4.093e-011	1.00677e-012	1.81871e-014	2.44192e-016	2.46997e-018	1.92336e-020	1.1771e-022	5.83534e-025	2.38791e-027	8.36988e-030	2.50432e-032	7.4717e-035	2.01641e-037	1.29459e-039	5.06889e-042	6.08431e-044	2.22484e-046	2.3065e-048	6.89083e-051	5.7516e-053	1.39475e-055	9.38991e-058	1.85325e-060	1.01164e-062	1.62941e-065	7.25038e-068	9.6032e-071	3.53575e-073	4.17983e-076	1.53183e-078	4.47834e-081	
Cryptocercus_primarius	0	0	0	1	0	0	0	0	0	0	0	0	0	0	0	0	0	0	0	0	0	0	0	0	0	0	0	0	0	0	0	0	0	0	0	0	0	0	0	0	0	0	0	0	0	
Cryptocercus_relictus	0	0	1	0	0	0	0	0	0	0	0	0	0	0	0	0	0	0	0	0	0	0	0	0	0	0	0	0	0	0	0	0	0	0	0	0	0	0	0	0	0	0	0	0	0	
Cryptocercus_punctulatus	0	0	0	0	0	0	0	0	0	0	0	0	0	0	0	0	0	1	0	0	0	0	0	0	0	0	0	0	0	0	0	0	0	0	0	0	0	0	0	0	0	0	0	0	0	
N56	0.000771508	0.00239588	0.0081981	0.0239573	0.0570689	0.110338	0.172392	0.211575	0.195085	0.130181	0.0616144	0.0205916	0.00488215	0.000834006	0.00010398	1.05353e-005	8.7199e-007	1.76443e-007	2.11596e-008	1.03288e-008	1.07033e-009	4.30388e-010	3.31173e-011	9.85375e-012	5.54328e-013	1.20073e-013	4.95392e-015	7.80991e-016	2.39244e-017	2.77441e-018	6.39953e-020	5.56214e-021	9.79242e-023	6.56282e-024	8.9078e-026	4.74036e-027	5.10658e-029	2.40674e-030	2.09314e-032	8.87858e-034	9.5432e-036	8.66732e-037	1.66442e-038	2.66401e-039	5.66562e-040	
N57	0.00010746	0.000271264	0.00101474	0.00411818	0.0153471	0.0452895	0.0967077	0.148369	0.174456	0.174536	0.15181	0.106646	0.0548424	0.020151	0.00515838	0.00100593	0.0001461	1.99144e-005	2.1093e-006	2.33459e-007	1.79422e-008	1.40539e-009	7.2521e-011	3.83505e-012	1.33893e-013	4.91123e-015	1.19584e-016	3.15791e-018	5.53065e-020	1.09126e-021	1.41123e-023	2.1501e-025	2.11065e-027	2.57911e-029	1.97066e-031	1.99559e-033	1.24391e-035	1.11459e-037	6.01635e-040	5.07367e-042	3.00422e-044	3.04032e-046	2.72393e-048	3.25084e-050	4.2145e-052	
N58	7.13661e-006	2.83006e-005	0.000208458	0.00152699	0.00975984	0.0432063	0.109175	0.151293	0.133021	0.113919	0.132167	0.142395	0.102722	0.0457583	0.0123913	0.00215519	0.000239948	2.38713e-005	1.64547e-006	1.87027e-007	9.5898e-009	8.5308e-010	2.67193e-011	1.46851e-012	2.84541e-014	9.93381e-016	1.25154e-017	2.91842e-019	2.49832e-021	4.07118e-023	2.45224e-025	2.89939e-027	1.26698e-029	1.12775e-031	3.66166e-034	2.52493e-036	6.28699e-039	3.54118e-041	6.87959e-044	3.22083e-046	5.50466e-049	2.83455e-051	7.5296e-054	7.5134e-056	8.71956e-058	
N59	7.69212e-007	4.19656e-006	6.73449e-005	0.00112494	0.0123779	0.0676849	0.154281	0.148973	0.0829875	0.0574414	0.0838427	0.132346	0.137307	0.0840509	0.0300779	0.00647494	0.000847935	9.89592e-005	8.10669e-006	2.35168e-006	1.49008e-007	3.35678e-008	1.10376e-009	1.33762e-010	2.4119e-012	1.6621e-013	1.76929e-015	7.36517e-017	4.92508e-019	1.30298e-020	5.75423e-023	1.01058e-024	3.07055e-027	3.73202e-029	8.05582e-032	7.03365e-034	1.11174e-036	7.33938e-039	8.67933e-042	4.46606e-044	4.3689e-047	2.48981e-049	4.04022e-052	6.60917e-054	1.31523e-055	
N60	5.53515e-007	3.26582e-006	3.96875e-005	0.000877021	0.0122546	0.0739436	0.164777	0.145688	0.0756652	0.0621354	0.100255	0.144085	0.129189	0.0671179	0.0200795	0.00349935	0.000363504	2.48519e-005	1.2811e-006	7.02656e-008	2.8814e-009	1.09731e-010	2.37007e-012	4.49587e-014	5.00825e-016	6.02683e-018	4.14498e-020	7.55828e-022	4.58443e-024	1.24951e-025	5.8404e-028	1.2425e-029	4.1396e-032	6.29498e-034	1.51515e-036	1.66049e-038	2.96247e-041	2.38913e-043	3.23601e-046	1.97883e-048	2.16969e-051	1.13389e-053	1.24374e-056	8.62363e-059	6.22467e-061	
Blatta_orientalis	0	0	0	0	0	0	0	0	0	0	0	0	0	0	0	0	0	1	0	0	0	0	0	0	0	0	0	0	0	0	0	0	0	0	0	0	0	0	0	0	0	0	0	0	0	
N61	2.32158e-007	4.1063e-007	1.32648e-006	2.75734e-005	0.000915966	0.0152005	0.100405	0.247919	0.282316	0.224932	0.10335	0.0224564	0.00234664	0.000125363	3.62085e-006	5.94003e-008	5.81366e-010	3.5939e-012	1.4998e-014	4.55766e-017	1.05914e-019	1.92738e-022	2.71284e-025	2.95802e-028	2.47362e-031	1.98972e-034	1.58413e-037	4.61473e-040	6.33182e-043	2.38651e-045	2.61606e-048	7.21736e-051	5.89959e-054	1.1817e-056	7.16093e-060	1.05145e-062	4.73973e-066	5.16365e-069	1.75017e-072	1.44228e-075	3.75737e-079	2.43792e-082	5.36985e-086	3.41926e-089	1.74653e-092	
N62	6.58679e-008	3.47097e-007	1.40143e-006	6.80867e-006	5.55692e-005	0.00165568	0.0295015	0.195578	0.383827	0.293396	0.0875568	0.00811204	0.000303521	5.45075e-006	5.28432e-008	3.42495e-010	1.68847e-012	2.67701e-014	1.7197e-016	3.39837e-018	1.29547e-020	1.52253e-022	3.63642e-025	2.80714e-027	4.80516e-030	2.7694e-032	3.53843e-035	1.51435e-037	1.41475e-040	4.33724e-043	2.93805e-046	6.48527e-049	3.20773e-052	5.27472e-055	1.92347e-058	2.46428e-061	6.83374e-065	7.89194e-068	1.71885e-071	2.02353e-074	7.71092e-078	2.32784e-080	1.17312e-083	4.2442e-086	1.50249e-088	
Periplaneta_americana	0	0	0	0	0	0	0	0	0	0	1	0	0	0	0	0	0	0	0	0	0	0	0	0	0	0	0	0	0	0	0	0	0	0	0	0	0	0	0	0	0	0	0	0	0	
Periplaneta_brunnea	0	0	0	0	0	0	0	1	0	0	0	0	0	0	0	0	0	0	0	0	0	0	0	0	0	0	0	0	0	0	0	0	0	0	0	0	0	0	0	0	0	0	0	0	0	
N63	3.66531e-008	3.82093e-008	2.31927e-007	1.27234e-005	0.000597477	0.0136692	0.126965	0.398055	0.335345	0.108918	0.0154165	0.000989588	3.06863e-005	4.96628e-007	4.51992e-009	2.47536e-011	8.64353e-014	2.2284e-016	4.81158e-019	4.89995e-021	1.91269e-023	3.5121e-025	1.01927e-027	1.39632e-029	3.15785e-032	3.33712e-034	5.58521e-037	4.30476e-039	5.0183e-042	2.67927e-044	2.19133e-047	8.03779e-050	4.74388e-053	1.22063e-055	5.32066e-059	9.97723e-062	3.25958e-065	4.67628e-068	1.15559e-071	1.33435e-074	2.56333e-078	2.81426e-081	1.21501e-084	6.59637e-087	3.8877e-089	
Periplaneta_australasiae	0	0	0	0	0	0	0	1	0	0	0	0	0	0	0	0	0	0	0	0	0	0	0	0	0	0	0	0	0	0	0	0	0	0	0	0	0	0	0	0	0	0	0	0	0	
Periplaneta_fuliginosa	0	0	0	0	0	0	0	1	0	0	0	0	0	0	0	0	0	0	0	0	0	0	0	0	0	0	0	0	0	0	0	0	0	0	0	0	0	0	0	0	0	0	0	0	0	
Deropeltis_erythrocephala	0	0	0	0	0	0	0	0	0	0	0	0	0	0	0	0	0	0	1	0	0	0	0	0	0	0	0	0	0	0	0	0	0	0	0	0	0	0	0	0	0	0	0	0	0	
Periplaneta_japonica	0	0	0	0	0	0	0	0	0	0	1	0	0	0	0	0	0	0	0	0	0	0	0	0	0	0	0	0	0	0	0	0	0	0	0	0	0	0	0	0	0	0	0	0	0	
N64	1.49798e-005	3.85145e-005	0.000176655	0.000783417	0.00139754	0.00202842	0.0105606	0.0644955	0.196299	0.308298	0.262345	0.121264	0.0288283	0.00326262	0.000199671	7.49488e-006	1.84385e-007	3.31168e-009	4.40313e-011	5.25789e-013	5.10301e-015	5.43959e-017	4.42205e-019	4.02058e-021	2.53367e-023	1.77105e-025	8.42458e-028	4.49353e-030	1.63824e-032	6.79164e-035	1.9299e-037	6.32939e-040	1.42067e-042	3.75093e-045	6.71836e-048	1.45211e-050	2.10182e-053	3.80449e-056	4.51565e-059	7.0545e-062	7.40201e-065	1.16485e-067	1.61516e-070	3.63906e-073	8.99376e-076	
Eurycotis_floridana	0	0	0	0	0	0	0	1	0	0	0	0	0	0	0	0	0	0	0	0	0	0	0	0	0	0	0	0	0	0	0	0	0	0	0	0	0	0	0	0	0	0	0	0	0	
Pelmatosilpha_sp	0	0	0	0	0	0	0	0	0	0	0	0	1	0	0	0	0	0	0	0	0	0	0	0	0	0	0	0	0	0	0	0	0	0	0	0	0	0	0	0	0	0	0	0	0	
Lamproblatta_albipalpus	0	0	1	0	0	0	0	0	0	0	0	0	0	0	0	0	0	0	0	0	0	0	0	0	0	0	0	0	0	0	0	0	0	0	0	0	0	0	0	0	0	0	0	0	0	
N65	2.60947e-005	8.35734e-005	0.000403347	0.00219845	0.0113372	0.0466433	0.134627	0.250013	0.28158	0.185316	0.0701862	0.0154089	0.00200038	0.000166344	9.31578e-006	1.30956e-006	1.04719e-007	3.96377e-008	2.15493e-009	5.10793e-010	1.66521e-011	2.41077e-012	4.83988e-014	4.34261e-015	5.52671e-017	3.10619e-018	2.58272e-020	9.25312e-022	5.16489e-024	1.22163e-025	4.66772e-028	7.67281e-030	2.0504e-032	2.59736e-034	4.92761e-037	5.19566e-039	1.15305e-041	3.14887e-043	5.02415e-046	7.79137e-048	3.49926e-050	1.1672e-051	2.53277e-054	6.69761e-056	2.14391e-057	
N66	6.82775e-005	0.000256266	0.00101942	0.00328242	0.00998181	0.0322408	0.0922536	0.191074	0.261632	0.228543	0.125493	0.0432615	0.00941682	0.00133746	0.000127295	1.16932e-005	9.75334e-007	1.84789e-007	1.49847e-008	2.1596e-009	1.06354e-010	9.13222e-012	2.73281e-013	1.44134e-014	2.70173e-016	9.11118e-018	1.10139e-019	2.47791e-021	1.98457e-023	3.11846e-025	1.69583e-027	1.94938e-029	7.39471e-032	6.58064e-034	1.78968e-036	1.3009e-038	2.92074e-041	2.38413e-043	4.88612e-046	4.01559e-048	1.34874e-050	1.69255e-052	7.6998e-055	1.07201e-056	1.50305e-058	
N67	7.03616e-005	0.000349007	0.00158406	0.00419406	0.00770324	0.019122	0.0587577	0.141421	0.232628	0.251916	0.176107	0.0788128	0.0224967	0.00423247	0.00052608	6.99879e-005	6.92144e-006	2.25305e-006	1.87662e-007	4.83107e-008	2.40691e-009	3.76769e-010	1.15205e-011	1.1262e-012	2.20738e-014	1.39861e-015	1.82678e-017	7.78025e-019	7.00255e-021	2.08097e-022	1.32585e-024	2.84945e-026	1.32102e-028	2.16854e-030	7.43496e-033	9.62303e-035	2.79443e-037	4.32722e-039	1.00381e-041	1.33552e-043	5.73758e-046	1.62463e-047	5.66096e-050	1.57095e-051	5.22258e-053	
N68	2.47766e-006	1.42176e-005	8.78744e-005	0.000340074	0.000987687	0.00330231	0.0125583	0.0415174	0.106046	0.198218	0.254542	0.213953	0.11387	0.0409104	0.00975207	0.0030271	0.000595058	0.000241341	2.85416e-005	6.25041e-006	3.63607e-007	3.96729e-008	1.185e-009	6.87667e-011	1.13717e-012	3.83698e-014	3.82766e-016	8.23124e-018	5.31805e-020	7.77962e-022	3.33974e-024	3.401e-026	9.84527e-029	7.44637e-031	1.45806e-033	8.38061e-036	1.45509e-038	1.08717e-040	1.39803e-043	7.3562e-046	1.3761e-048	1.0356e-050	1.5974e-053	1.09225e-055	7.78313e-058	
N69	6.53904e-008	4.6972e-007	2.59718e-006	7.79447e-006	2.09571e-005	9.85201e-005	0.000760958	0.00561074	0.0294358	0.0986696	0.202295	0.254199	0.208171	0.123312	0.0549937	0.0177607	0.00390469	0.000657299	8.26807e-005	1.34315e-005	1.74898e-006	5.04648e-007	1.09526e-007	3.74259e-008	5.93938e-009	1.21955e-009	1.1194e-010	1.32816e-011	7.10416e-013	5.00663e-014	1.59097e-015	6.88126e-017	1.32817e-018	3.66567e-020	4.41322e-022	8.11977e-024	6.34722e-026	8.25221e-028	4.4023e-030	4.24825e-032	1.74348e-034	1.56025e-036	1.01329e-038	1.54201e-040	2.57186e-042	
N70	3.47294e-009	2.31805e-008	9.29325e-008	3.83666e-007	2.9861e-006	3.37239e-005	0.000398316	0.00373306	0.0250666	0.099215	0.206087	0.227077	0.158242	0.105924	0.0828164	0.0560666	0.0260394	0.00766829	0.00141145	0.000190767	2.08159e-005	5.22051e-006	6.32087e-007	1.43324e-007	9.25624e-009	1.0658e-009	3.60152e-011	2.20433e-012	4.14484e-014	1.44151e-015	1.59638e-017	3.34654e-019	2.29133e-021	3.05429e-023	1.34712e-025	1.20208e-027	3.53903e-030	2.22615e-032	4.51457e-035	2.1017e-037	3.03663e-040	1.1199e-042	1.65496e-045	1.12265e-047	1.10578e-049	
N71	1.41567e-010	1.69351e-009	1.74883e-008	1.40737e-007	1.25001e-006	1.41227e-005	0.000230267	0.00393675	0.0359943	0.142845	0.240391	0.184597	0.0873875	0.0565589	0.0548834	0.05933	0.0606956	0.0439143	0.0201088	0.00613245	0.00137309	0.000874845	0.000314965	0.00032424	6.00731e-005	2.84929e-005	2.4259e-006	5.36923e-007	2.20469e-008	2.42564e-009	5.14008e-011	3.0027e-012	3.52046e-014	1.16223e-015	8.02801e-018	1.59041e-019	6.82095e-022	8.60551e-024	2.39003e-026	2.03573e-028	3.79009e-031	2.3165e-033	3.50355e-036	3.12434e-038	5.16339e-040	
N72	3.08349e-011	9.05937e-010	2.54019e-008	4.90434e-007	4.2936e-006	1.72193e-005	9.38406e-005	0.00160317	0.0192202	0.102631	0.227649	0.224992	0.1265	0.0659375	0.0444115	0.0480146	0.057422	0.0463791	0.0235856	0.00805417	0.00217396	0.000796515	0.000330233	0.000144734	3.14196e-005	6.03541e-006	5.36723e-007	4.2405e-008	1.65219e-009	5.68338e-011	1.0581e-012	1.88009e-014	1.8406e-016	3.5187e-018	2.57694e-020	1.2633e-021	7.56535e-024	3.40994e-025	1.41349e-027	4.41716e-029	1.28132e-031	2.78427e-033	6.89019e-036	1.5704e-037	3.62168e-039	
N73	1.1392e-011	6.88954e-010	3.16402e-008	5.54442e-007	3.22807e-006	8.89847e-006	1.70949e-005	9.88022e-005	0.00138274	0.0144465	0.0791645	0.206112	0.260685	0.183573	0.106318	0.0729285	0.0440525	0.0200961	0.00781163	0.00249131	0.000637226	0.000143513	2.59783e-005	3.21249e-006	2.42382e-007	1.148e-008	3.25082e-010	5.90409e-012	6.80805e-014	5.21935e-016	2.70589e-018	9.94955e-021	2.60815e-023	5.57768e-026	9.1327e-029	2.60632e-031	5.77116e-034	5.57763e-036	1.52969e-038	1.522e-040	3.81851e-043	3.75573e-045	2.78243e-047	3.25055e-049	3.08911e-051	
N74	8.85765e-012	3.70959e-010	1.49627e-008	2.72215e-007	1.55274e-006	3.38514e-006	9.17614e-006	6.52533e-005	0.00037684	0.00262778	0.0217528	0.105377	0.243511	0.275138	0.18355	0.0991115	0.0465257	0.016595	0.00437809	0.000844649	0.00011889	1.25753e-005	9.32959e-007	4.53295e-008	1.33493e-009	2.52795e-011	2.86202e-013	2.60375e-015	1.29045e-017	1.40931e-019	4.29992e-022	8.20654e-024	1.85079e-026	2.96699e-028	5.35375e-031	7.62136e-033	1.34035e-035	2.1227e-037	3.91162e-040	6.46024e-042	1.15985e-044	1.86159e-046	6.25793e-049	1.74219e-050	4.17711e-052	
N75	3.63672e-012	2.90818e-010	1.47821e-008	8.88827e-008	1.02603e-007	6.81809e-008	3.25287e-007	1.54477e-006	9.05784e-006	0.00020596	0.00504777	0.0598741	0.253826	0.362682	0.227476	0.0752479	0.0140793	0.00146013	8.66327e-005	3.08507e-006	6.94282e-008	1.11292e-009	2.3444e-011	1.14235e-012	5.32977e-014	1.7187e-015	3.69315e-017	1.0278e-018	2.0954e-020	1.08412e-021	1.54101e-023	4.76299e-025	3.66678e-027	6.35101e-029	2.91306e-031	3.21324e-033	1.00428e-035	8.04681e-038	1.89014e-040	1.1638e-042	2.11865e-045	1.02119e-047	1.77769e-050	8.87871e-053	3.58874e-055	
Archimandrita_tessellata	0	0	0	0	0	0	0	0	0	0	0	0	0	0	0	0	1	0	0	0	0	0	0	0	0	0	0	0	0	0	0	0	0	0	0	0	0	0	0	0	0	0	0	0	0	
N76	4.61974e-013	3.12236e-011	1.13951e-009	1.96912e-009	4.63765e-010	1.27755e-010	1.28828e-009	4.39593e-008	2.99119e-006	0.000217901	0.00904328	0.148586	0.489594	0.287167	0.0593311	0.00575756	0.000291856	8.05626e-006	1.2972e-007	3.68146e-009	1.17867e-009	3.58767e-010	7.32012e-011	1.01102e-011	9.54872e-013	7.46793e-014	6.74167e-015	5.94412e-015	8.94055e-016	5.6915e-016	3.21482e-017	6.01896e-018	9.78994e-020	6.99891e-021	5.08923e-023	1.88042e-024	7.57687e-027	1.6678e-028	4.13456e-031	5.79336e-033	9.31262e-036	8.50987e-038	9.57192e-041	6.36994e-043	1.82911e-045	
Blaberus_discoidalis	0	0	0	0	0	0	0	0	0	0	0	0	1	0	0	0	0	0	0	0	0	0	0	0	0	0	0	0	0	0	0	0	0	0	0	0	0	0	0	0	0	0	0	0	0	
Blaberus_giganteus	0	0	0	0	0	0	0	0	0	0	0	0	0	0	0	0	0	0	0	0	0	0	0	0	0	0	0	0	0	0	1	0	0	0	0	0	0	0	0	0	0	0	0	0	0	
Byrsotria_fumigata	0	0	0	0	0	0	0	0	0	0	0	0	0	0	0	0	0	1	0	0	0	0	0	0	0	0	0	0	0	0	0	0	0	0	0	0	0	0	0	0	0	0	0	0	0	
N77	3.81521e-010	1.24316e-008	6.16592e-008	1.2528e-007	7.95577e-007	7.04129e-006	3.35682e-005	9.98098e-005	0.000545303	0.0142261	0.125384	0.278117	0.297833	0.179893	0.0613302	0.0108712	0.00198072	0.00407946	0.00757964	0.00850827	0.00593804	0.00264388	0.000759212	0.000147232	1.94386e-005	2.67952e-006	2.42345e-007	1.95918e-008	5.72115e-010	1.76419e-011	2.2861e-013	3.50891e-015	2.52238e-017	2.33918e-019	1.08483e-021	6.95477e-024	2.31955e-026	1.09992e-028	2.75474e-031	9.71804e-034	1.82586e-036	4.85372e-039	7.47508e-042	1.84967e-044	4.47187e-047	
Eublaberus_distanti	0	0	0	0	0	0	0	0	0	0	0	0	0	0	0	0	0	0	0	0	0	0	0	0	0	0	1	0	0	0	0	0	0	0	0	0	0	0	0	0	0	0	0	0	0	
Eublaberus_posticus	0	0	0	0	0	0	0	0	0	0	0	0	0	0	0	1	0	0	0	0	0	0	0	0	0	0	0	0	0	0	0	0	0	0	0	0	0	0	0	0	0	0	0	0	0	
Gromphadorhina_portentosa	0	0	0	0	0	0	0	0	0	0	0	0	0	0	0	0	0	0	0	0	0	0	0	0	0	1	0	0	0	0	0	0	0	0	0	0	0	0	0	0	0	0	0	0	0	
N78	4.04493e-010	1.72617e-009	8.8177e-009	4.6087e-008	8.89728e-007	2.88284e-005	0.000537759	0.00366352	0.00865885	0.00840491	0.00281829	0.000557734	0.000433564	0.000465436	0.000346494	0.000188279	0.000261088	0.00182947	0.0107172	0.0402355	0.0902731	0.139608	0.153875	0.216908	0.160922	0.117274	0.0333728	0.00780268	0.000747774	6.59563e-005	2.77967e-006	1.18913e-007	2.63993e-009	6.42928e-011	8.43681e-013	1.31007e-014	1.10537e-016	1.19248e-018	6.91048e-021	5.52299e-023	2.33937e-025	1.50826e-027	6.24736e-030	5.20971e-032	5.49069e-034	
Lanxoblatta_emarginata	0	0	0	0	0	0	0	0	0	0	0	0	0	0	0	0	0	0	0	0	0	0	0	0	0	0	1	0	0	0	0	0	0	0	0	0	0	0	0	0	0	0	0	0	0	
Phoetalia_sp	0	0	0	0	0	0	0	0	0	0	0	0	0	0	0	0	0	0	0	0	1	0	0	0	0	0	0	0	0	0	0	0	0	0	0	0	0	0	0	0	0	0	0	0	0	
N79	9.37418e-009	6.5291e-008	4.91254e-007	2.74095e-006	1.30729e-005	6.21126e-005	0.000348909	0.00237932	0.0139577	0.0558165	0.141051	0.223508	0.231782	0.171612	0.0983042	0.0435427	0.0139953	0.00310287	0.000468334	4.94829e-005	3.85394e-006	2.57012e-007	1.52646e-008	1.06652e-009	5.58516e-011	4.24038e-012	1.70468e-013	1.21269e-014	3.58057e-016	1.98659e-017	4.28753e-019	1.83234e-020	3.10278e-022	1.11675e-023	1.63397e-025	5.21729e-027	6.73192e-029	1.82984e-030	1.97617e-032	4.34322e-034	3.77013e-036	6.65251e-038	5.02225e-040	9.01403e-042	1.79535e-043	
Epilampra_sp	0	0	0	0	0	0	0	0	0	0	0	0	0	0	1	0	0	0	0	0	0	0	0	0	0	0	0	0	0	0	0	0	0	0	0	0	0	0	0	0	0	0	0	0	0	
Pycnoscelus_surinamensis	0	0	0	0	0	0	0	0	0	0	0	1	0	0	0	0	0	0	0	0	0	0	0	0	0	0	0	0	0	0	0	0	0	0	0	0	0	0	0	0	0	0	0	0	0	
N80	6.48983e-008	2.61236e-007	1.19396e-006	4.70679e-006	1.84784e-005	9.53328e-005	0.000654562	0.00437042	0.0221913	0.0769738	0.173994	0.251644	0.235203	0.147139	0.0636159	0.0192509	0.00409986	0.00064678	8.04154e-005	1.05611e-005	1.85488e-006	1.0533e-006	4.49765e-007	9.08833e-007	3.23456e-007	7.10923e-007	1.72148e-007	2.64697e-007	4.31883e-008	4.4513e-008	5.01585e-009	3.54061e-009	2.85024e-010	1.43833e-010	8.4741e-012	3.13328e-012	1.35895e-013	3.66576e-014	1.16668e-015	2.27062e-016	5.423e-018	7.97114e-019	1.54948e-020	2.30683e-021	4.47074e-022	
Macropanesthia_rhinoceros	0	0	0	0	0	0	0	0	0	0	0	0	0	0	0	0	0	0	0	0	0	0	0	0	0	0	0	0	0	0	0	0	0	1	0	0	0	0	0	0	0	0	0	0	0	
Nauphoeta_cinerea	0	0	0	0	0	0	0	0	0	0	0	0	1	0	0	0	0	0	0	0	0	0	0	0	0	0	0	0	0	0	0	0	0	0	0	0	0	0	0	0	0	0	0	0	0	
N81	2.44017e-006	1.24641e-005	7.41278e-005	0.000313604	0.00104234	0.00359358	0.0127139	0.0390822	0.0962775	0.181735	0.245298	0.221981	0.129706	0.0504194	0.0133317	0.00344694	0.000719887	0.000212627	3.00908e-005	6.50352e-006	4.36146e-007	1.67862e-007	5.16558e-009	3.67111e-009	6.39922e-011	3.32303e-011	3.56515e-013	1.14955e-013	7.97641e-016	1.60647e-016	7.5214e-019	9.62883e-020	3.20252e-022	2.76804e-023	6.74741e-026	4.05443e-027	8.37802e-030	5.06406e-031	8.37423e-034	3.8217e-035	6.59432e-038	3.88104e-039	4.56643e-042	1.64516e-043	5.39737e-045	
N82	8.14852e-006	2.4812e-005	0.000100324	0.000394026	0.00137844	0.00398745	0.00916017	0.0181197	0.036395	0.0753285	0.137441	0.196015	0.208196	0.162652	0.0933733	0.0399815	0.0128959	0.00344196	0.000778115	0.000234795	6.15209e-005	2.43882e-005	5.49691e-006	1.65219e-006	2.64845e-007	5.56459e-008	6.31663e-009	9.43779e-010	7.68675e-011	8.3737e-012	4.96169e-013	4.05032e-014	1.77271e-015	1.11791e-016	3.67478e-018	1.84767e-019	4.65698e-021	1.93386e-022	3.82789e-024	1.35934e-025	2.31251e-027	8.7172e-029	2.86848e-030	2.15445e-031	2.17844e-032	
Diploptera_punctata	0	0	0	0	0	0	0	0	0	0	0	0	0	0	0	0	0	1	0	0	0	0	0	0	0	0	0	0	0	0	0	0	0	0	0	0	0	0	0	0	0	0	0	0	0	
Panchlora_nivea	0	0	0	0	0	0	0	0	0	0	0	1	0	0	0	0	0	0	0	0	0	0	0	0	0	0	0	0	0	0	0	0	0	0	0	0	0	0	0	0	0	0	0	0	0	
N83	5.59768e-006	2.18952e-005	0.000108191	0.000499618	0.00206823	0.00736408	0.0210303	0.0477571	0.0919899	0.154741	0.21046	0.210291	0.147263	0.072222	0.0254068	0.00687114	0.00152124	0.000309356	5.48424e-005	1.18696e-005	1.97918e-006	1.19416e-006	2.02865e-007	1.45249e-007	1.78035e-008	9.33603e-009	7.9794e-010	2.94578e-010	1.77942e-011	4.6322e-012	2.01985e-013	3.75468e-014	1.21341e-015	1.65864e-016	4.07102e-018	4.249e-019	8.31218e-021	7.28801e-022	1.19276e-023	8.97364e-025	1.31911e-026	9.60071e-028	1.54037e-029	1.8634e-030	4.71028e-031	
Galiblatta_sp	0	0	0	0	0	0	0	1	0	0	0	0	0	0	0	0	0	0	0	0	0	0	0	0	0	0	0	0	0	0	0	0	0	0	0	0	0	0	0	0	0	0	0	0	0	
Rhabdoblatta_sp	0	0	0	0	0	0	0	0	0	0	0	0	0	0	0	0	0	0	1	0	0	0	0	0	0	0	0	0	0	0	0	0	0	0	0	0	0	0	0	0	0	0	0	0	0	
N84	0.0022764	0.00452709	0.0114131	0.0296637	0.0691845	0.131207	0.191861	0.211218	0.173322	0.105769	0.048061	0.0163484	0.00419121	0.000818558	0.000122947	1.44523e-005	1.34307e-006	1.03094e-007	6.6294e-009	4.22749e-010	2.57995e-011	2.02544e-012	1.34866e-013	1.05459e-014	5.94416e-016	3.70147e-017	1.6316e-018	7.89707e-020	2.71709e-021	1.03676e-022	2.80933e-024	8.61513e-026	1.85875e-027	4.67778e-029	8.12817e-031	1.71474e-032	2.43052e-034	4.39916e-036	5.1753e-038	8.32555e-040	8.94605e-042	1.55475e-043	2.57196e-045	6.88661e-047	2.35327e-048	
Margattea_sp	0	0	0	0	0	0	0	0	0	1	0	0	0	0	0	0	0	0	0	0	0	0	0	0	0	0	0	0	0	0	0	0	0	0	0	0	0	0	0	0	0	0	0	0	0	
Supella_longipalpa	0	0	0	1	0	0	0	0	0	0	0	0	0	0	0	0	0	0	0	0	0	0	0	0	0	0	0	0	0	0	0	0	0	0	0	0	0	0	0	0	0	0	0	0	0	
N85	0.000536352	0.00129553	0.00378799	0.010785	0.0281503	0.0643468	0.122066	0.183015	0.209656	0.180124	0.115185	0.0548691	0.0195789	0.00529494	0.00109745	0.000181745	2.47301e-005	4.02551e-006	7.00442e-007	2.54779e-007	5.29627e-008	1.77005e-008	2.85337e-009	7.05818e-010	8.51204e-011	1.56332e-011	1.41089e-012	1.95834e-013	1.32959e-014	1.42676e-015	7.34337e-017	6.25529e-018	2.46481e-019	1.71698e-020	5.23745e-022	3.07227e-023	7.39342e-025	3.81945e-026	7.45347e-028	3.57754e-029	7.34032e-031	5.49025e-032	3.7546e-033	5.16325e-034	9.0362e-035	
Ectobius_pallidus	0	0	0	0	1	0	0	0	0	0	0	0	0	0	0	0	0	0	0	0	0	0	0	0	0	0	0	0	0	0	0	0	0	0	0	0	0	0	0	0	0	0	0	0	0	
Panchlora_viridis	0	0	0	0	0	0	0	0	0	0	0	0	1	0	0	0	0	0	0	0	0	0	0	0	0	0	0	0	0	0	0	0	0	0	0	0	0	0	0	0	0	0	0	0	0	
N86	0.000108699	0.000315705	0.00127514	0.00523845	0.0189195	0.0550677	0.122121	0.19882	0.232055	0.191768	0.111641	0.0459201	0.0134157	0.00283423	0.000438082	5.42033e-005	5.57636e-006	7.34383e-007	8.72014e-008	1.43985e-008	1.43695e-009	1.7177e-010	1.17433e-011	9.46383e-013	4.40735e-014	2.45082e-015	7.88749e-017	3.12537e-018	7.07508e-020	2.06976e-021	3.35885e-023	7.52181e-025	8.93506e-027	1.5911e-028	1.4128e-030	2.07272e-032	1.43546e-034	1.87526e-036	1.09385e-038	1.40667e-040	1.06588e-042	2.06768e-044	3.35349e-046	7.81753e-048	1.95918e-049	
N87	0.000148774	0.000425734	0.00162792	0.00608024	0.0199752	0.0545839	0.117575	0.190667	0.225911	0.192702	0.117737	0.0516549	0.0163618	0.00379803	0.000651486	8.91741e-005	9.58923e-006	1.4801e-006	1.65021e-007	5.32687e-008	5.28165e-009	1.55844e-009	1.12499e-010	2.46631e-011	1.29739e-012	2.09012e-013	8.13682e-015	9.74696e-016	2.85386e-017	2.5854e-018	5.778e-020	4.0298e-021	6.97799e-023	3.83175e-024	5.20152e-026	2.29159e-027	2.50331e-029	9.43884e-031	8.36409e-033	2.71467e-034	2.37502e-036	1.05904e-037	1.36429e-039	1.18893e-040	1.46729e-041	
N88	0.000303635	0.000884533	0.00335539	0.0125223	0.041469	0.107009	0.196178	0.245943	0.208746	0.120312	0.0474486	0.0129645	0.00248651	0.000340938	3.39222e-005	2.51948e-006	1.41588e-007	6.4925e-009	2.44609e-010	9.773e-012	3.49396e-013	1.61405e-014	5.39239e-016	2.15688e-017	5.5804e-019	1.69118e-020	3.2906e-022	7.55359e-024	1.11704e-025	1.98103e-027	2.25803e-029	3.16007e-031	2.81483e-033	3.17587e-035	2.23862e-037	2.0781e-039	1.17547e-041	9.19403e-044	4.239e-046	2.87916e-048	1.17556e-050	8.33804e-053	5.261e-055	6.0644e-057	8.32517e-059	
N89	0.00019542	0.000953914	0.00635311	0.0329166	0.111778	0.231988	0.285326	0.208158	0.0919564	0.0253239	0.00448191	0.000525152	4.18663e-005	2.33184e-006	9.28457e-008	2.7184e-009	5.95795e-011	1.06e-012	1.54214e-014	3.02212e-016	5.11983e-018	1.75669e-019	2.90822e-021	8.65244e-023	1.09821e-024	2.46637e-026	2.37956e-028	4.07538e-030	3.02486e-032	4.02493e-034	2.32524e-036	2.44823e-038	1.11287e-040	9.44458e-043	3.4106e-045	2.3751e-047	6.88321e-050	4.01606e-052	9.41882e-055	4.6903e-057	9.18919e-060	4.32359e-062	1.17703e-064	1.17287e-066	1.52925e-068	
N90	2.32881e-006	5.03598e-005	0.00147249	0.0245939	0.186054	0.478118	0.258616	0.0471285	0.00380172	0.00015956	3.86417e-006	5.83624e-008	5.79848e-010	4.07237e-012	2.09124e-014	1.00484e-016	4.27427e-019	2.81331e-021	1.25415e-023	7.8322e-026	2.6258e-028	1.18485e-030	2.8486e-033	9.33374e-036	1.6381e-038	4.02131e-041	5.25265e-044	9.95782e-047	9.85444e-050	1.4864e-052	1.13145e-055	1.39543e-058	8.3323e-062	8.74185e-065	4.17156e-068	3.85745e-071	1.61254e-074	1.55342e-077	6.11378e-081	6.04394e-084	3.18572e-087	4.34367e-090	3.75406e-093	6.2418e-096	9.88725e-099	
Blattella_bisignata	0	0	0	0	0	1	0	0	0	0	0	0	0	0	0	0	0	0	0	0	0	0	0	0	0	0	0	0	0	0	0	0	0	0	0	0	0	0	0	0	0	0	0	0	0	
Blattella_germanica	0	0	0	0	0	1	0	0	0	0	0	0	0	0	0	0	0	0	0	0	0	0	0	0	0	0	0	0	0	0	0	0	0	0	0	0	0	0	0	0	0	0	0	0	0	
Blattella_sauteri	0	0	0	0	0	1	0	0	0	0	0	0	0	0	0	0	0	0	0	0	0	0	0	0	0	0	0	0	0	0	0	0	0	0	0	0	0	0	0	0	0	0	0	0	0	
Loboptera_decipiens	0	0	0	0	0	0	0	0	0	0	1	0	0	0	0	0	0	0	0	0	0	0	0	0	0	0	0	0	0	0	0	0	0	0	0	0	0	0	0	0	0	0	0	0	0	
Xestoblatta_sp	0	0	0	0	0	0	0	0	0	0	0	0	1	0	0	0	0	0	0	0	0	0	0	0	0	0	0	0	0	0	0	0	0	0	0	0	0	0	0	0	0	0	0	0	0	
N91	0.000183259	0.000408716	0.00105284	0.00310366	0.00994001	0.0282666	0.0674103	0.133817	0.208026	0.233948	0.17997	0.0929089	0.0320591	0.00753074	0.00121948	0.000142468	1.21699e-005	8.45505e-007	4.72115e-008	2.60592e-009	1.19151e-010	5.71455e-012	2.0477e-013	7.42815e-015	1.9283e-016	5.06473e-018	9.52112e-020	1.84379e-021	2.5661e-023	3.77196e-025	3.97596e-027	4.5616e-029	3.72066e-031	3.42432e-033	2.20232e-035	1.66712e-037	8.6471e-040	5.56722e-042	2.41409e-044	1.40646e-046	6.08918e-049	4.11202e-051	2.68498e-053	2.31717e-055	2.18259e-057	
N92	7.86692e-006	5.61236e-005	0.00123243	0.0158767	0.0428558	0.0452087	0.0306033	0.0646207	0.174098	0.264467	0.224324	0.106209	0.0269458	0.00332377	0.00016636	4.27177e-006	6.4835e-008	7.0657e-010	5.83537e-012	6.0151e-014	4.83729e-016	5.43086e-018	3.39787e-020	2.73516e-022	1.18544e-024	6.62776e-027	2.03262e-029	8.18038e-032	1.82491e-034	5.47366e-037	9.08639e-040	2.09434e-042	2.6377e-045	4.80711e-048	4.66927e-051	6.90433e-054	5.26074e-057	6.501e-060	3.94813e-063	4.2062e-066	2.22651e-069	2.57005e-072	2.58247e-075	5.73863e-078	1.32258e-080	
Hemithyrsocera_sp	0	0	0	0	0	0	1	0	0	0	0	0	0	0	0	0	0	0	0	0	0	0	0	0	0	0	0	0	0	0	0	0	0	0	0	0	0	0	0	0	0	0	0	0	0	
Symplocodes_sp	0	0	0	0	0	0	0	0	0	0	0	0	0	1	0	0	0	0	0	0	0	0	0	0	0	0	0	0	0	0	0	0	0	0	0	0	0	0	0	0	0	0	0	0	0	
N93	1.22666e-005	3.08915e-005	0.000133776	0.000659337	0.00117447	0.00149584	0.00807002	0.0617095	0.205832	0.32732	0.263991	0.107541	0.0204127	0.00155796	5.8801e-005	1.31025e-006	1.85741e-008	2.12045e-010	1.84681e-012	2.05511e-014	1.59181e-016	1.68693e-018	9.91111e-021	7.69281e-023	3.22982e-025	1.79945e-027	5.4853e-030	2.2483e-032	5.07813e-035	1.57345e-037	2.67812e-040	6.43241e-043	8.38941e-046	1.60477e-048	1.6254e-051	2.5336e-054	2.03318e-057	2.68286e-060	1.73157e-063	1.9874e-066	1.15054e-069	1.46742e-072	1.4941e-075	3.39488e-078	8.0384e-081	
Lobopterella_dimidiatipes	0	0	0	0	0	0	0	0	0	0	0	0	1	0	0	0	0	0	0	0	0	0	0	0	0	0	0	0	0	0	0	0	0	0	0	0	0	0	0	0	0	0	0	0	0	
Symploce_sp	0	0	0	0	0	0	0	1	0	0	0	0	0	0	0	0	0	0	0	0	0	0	0	0	0	0	0	0	0	0	0	0	0	0	0	0	0	0	0	0	0	0	0	0	0	
