NODE	9	10	11	12	13	14	15	16	17	18	19	20	21	22	23	24	25	26	27	28	29	30	31	32	33	34	35	36	37	38	39	40	41	42	
N1	0.130648	0.126151	0.11792	0.107014	0.0945574	0.0816181	0.0690597	0.0574571	0.0471109	0.0381209	0.0304647	0.0240552	0.0187853	0.0145595	0.0111748	0.00847873	0.00635217	0.00469685	0.00342836	0.00247258	0.00176451	0.00124824	0.000877056	0.000613262	0.000427442	0.000297368	0.000206692	0.000143652	9.99088e-005	6.9612e-005	4.86753e-005	3.42642e-005	2.44892e-005	1.84962e-005	
N2	0.450585	0.11895	0.0586446	0.0483221	0.0466575	0.0458607	0.0443531	0.0418905	0.0386873	0.0351452	0.0163249	0.0121925	0.00766046	0.00641299	0.00473443	0.00421684	0.00326124	0.00297073	0.0023053	0.00209553	0.00160234	0.0014317	0.00107381	0.000939395	0.000696142	0.000601341	0.000448664	0.000391561	0.000303463	0.000276782	0.000246858	0.000241632	0.000232894	0.000242247	
N3	0.461642	0.121209	0.0590084	0.0480292	0.0456693	0.0439892	0.0416815	0.0389832	0.0365882	0.034951	0.0153053	0.0118133	0.007191	0.00628466	0.00458	0.0042525	0.0032246	0.00303264	0.0022744	0.00211196	0.00154042	0.0013963	0.00099147	0.000880064	0.000618062	0.000547341	0.00039098	0.000355588	0.000263701	0.000249573	0.000224608	0.000231166	0.000231316	0.000258571	
N4	0.472984	0.121355	0.0552764	0.0426237	0.039559	0.0383303	0.0378848	0.0381178	0.0387942	0.0395004	0.0172025	0.0135638	0.00810471	0.00725456	0.00528405	0.00491576	0.0036435	0.00331363	0.00236823	0.0020899	0.00144094	0.00125022	0.000847377	0.000743492	0.000515778	0.000483568	0.000360841	0.000372283	0.000291826	0.000313848	0.000302315	0.000318314	0.000297303	0.00029505	
N5	0.487685	0.123204	0.0549695	0.0424005	0.0394005	0.0376938	0.0363318	0.0356076	0.0357277	0.0365051	0.017076	0.0137497	0.00853667	0.00739798	0.00521968	0.00442382	0.00300871	0.002392	0.00153351	0.00118123	0.000767334	0.000645911	0.000496177	0.00051654	0.000472517	0.000535475	0.000480034	0.000499777	0.000394405	0.000358128	0.000282046	0.000225743	0.000160295	0.000120057	
N6	0.460775	0.112248	0.0467425	0.0341119	0.0322596	0.0349069	0.0411895	0.0495172	0.0567328	0.0596261	0.0245062	0.0165476	0.00780337	0.0051386	0.00265447	0.00176943	0.00103375	0.000892722	0.000786667	0.00104826	0.00120264	0.00166693	0.00165283	0.00179692	0.00131021	0.00103477	0.000535724	0.000309775	0.000117466	5.24801e-005	1.9031e-005	6.87358e-006	2.08103e-006	6.77955e-007	
N7	0.42376	0.100849	0.0422664	0.0339355	0.0380248	0.0481501	0.0601916	0.0679944	0.066978	0.0575618	0.0183434	0.00971748	0.00357142	0.00213547	0.00115244	0.00109444	0.00105117	0.00161286	0.00201379	0.00317843	0.00337295	0.00413538	0.00312546	0.00280025	0.00145208	0.000969846	0.000336571	0.000169061	3.43537e-005	1.40771e-005	4.20354e-006	1.79317e-006	5.84703e-007	2.18684e-007	
N8	0.334435	0.0943434	0.0563496	0.059858	0.0672346	0.0644022	0.0505244	0.0334992	0.0207712	0.014505	0.00582858	0.00712788	0.00845962	0.0166136	0.0224005	0.0331281	0.03147	0.0315844	0.0209198	0.0148672	0.00683943	0.00336689	0.00103526	0.000347013	7.04449e-005	1.63878e-005	2.23208e-006	3.81571e-007	3.69943e-008	5.05045e-009	5.40768e-010	5.99938e-011	5.35648e-012	5.05987e-013	
N9	0.20275	0.0583167	0.0271028	0.0284385	0.0388147	0.0376747	0.0266011	0.0181134	0.0212691	0.0560717	0.0654639	0.10339	0.0790237	0.0615543	0.0370975	0.0399363	0.0379319	0.0338716	0.0162941	0.00765456	0.00194219	0.000576318	9.06193e-005	1.79892e-005	1.81144e-006	2.37729e-007	1.50019e-008	1.35016e-009	5.34545e-011	3.73484e-012	1.85781e-013	1.03015e-014	4.21564e-016	1.8613e-017	
Acanthoxyla_geisovii	0	0	0	0	0	0	0	0	0	0	1	0	0	0	0	0	0	0	0	0	0	0	0	0	0	0	0	0	0	0	0	0	0	0	
N10	0.118773	0.0223651	0.0147645	0.0282727	0.0444017	0.0364088	0.0208978	0.0251948	0.0730137	0.173039	0.128224	0.0947346	0.0394138	0.0181987	0.0221993	0.0413023	0.0452473	0.0347275	0.0132423	0.00460088	0.000756727	0.000196476	1.95356e-005	5.42926e-006	4.55623e-007	1.19964e-007	7.88417e-009	1.47022e-009	4.61646e-011	6.09517e-012	2.61836e-013	3.09713e-014	1.8516e-015	1.66363e-016	
N11	0.00548864	0.00011497	1.83269e-006	1.82807e-008	1.11459e-010	7.60499e-012	1.02611e-008	1.23958e-005	0.00639543	0.89037	0.0935159	0.00401967	8.04013e-005	1.02639e-006	7.14219e-009	3.38571e-011	9.73764e-014	2.11548e-016	3.00482e-019	3.74125e-022	3.20933e-025	2.89621e-028	1.76816e-031	1.27059e-034	5.72069e-038	3.25565e-041	1.15993e-044	6.14909e-048	2.57586e-051	1.53595e-054	7.63878e-058	3.58916e-061	1.3339e-064	4.35541e-068	
Acanthoxyla_inermis	0	0	0	0	0	0	0	0	0	1	0	0	0	0	0	0	0	0	0	0	0	0	0	0	0	0	0	0	0	0	0	0	0	0	
Clitarchus_hookeri	0	0	0	0	0	0	0	0	0	1	0	0	0	0	0	0	0	0	0	0	0	0	0	0	0	0	0	0	0	0	0	0	0	0	
Phobaeticus_sp	0	0	0	0	0	0	0	0	0	0	0	0	0	0	0	0	0	1	0	0	0	0	0	0	0	0	0	0	0	0	0	0	0	0	
N12	0.354716	0.107208	0.0690662	0.0677397	0.0617241	0.0453111	0.0277679	0.0163887	0.011583	0.0114922	0.00776181	0.0122175	0.0173968	0.0299265	0.0368898	0.0420503	0.0336667	0.0247895	0.0128885	0.00634371	0.0021429	0.000724745	0.000158032	3.97577e-005	5.71777e-006	1.28738e-006	1.30751e-007	3.1442e-008	1.79539e-009	4.24452e-010	5.31939e-011	1.89002e-011	4.77511e-012	1.34757e-012	
Ctenomorpha_sp	0	0	0	0	0	0	0	1	0	0	0	0	0	0	0	0	0	0	0	0	0	0	0	0	0	0	0	0	0	0	0	0	0	0	
Extatosoma_tiaratum	0	0	0	0	0	0	0	0	0	1	0	0	0	0	0	0	0	0	0	0	0	0	0	0	0	0	0	0	0	0	0	0	0	0	
N13	0.416736	0.100497	0.0439038	0.0378288	0.0440256	0.054637	0.0642357	0.0670307	0.0609026	0.049226	0.0154461	0.00821373	0.00296205	0.00207252	0.00124142	0.00147591	0.00152553	0.0024524	0.00294272	0.00433459	0.00423795	0.00480282	0.00332263	0.00291089	0.00137301	0.00102583	0.000322999	0.000236145	3.71547e-005	2.37116e-005	5.06088e-006	4.69382e-006	3.15763e-006	3.77716e-006	
Acrophylla_titan	0	0	0	0	0	0	0	0	0	1	0	0	0	0	0	0	0	0	0	0	0	0	0	0	0	0	0	0	0	0	0	0	0	0	
Podacanthus_wilkinsoni	0	0	0	0	0	0	0	0	0	1	0	0	0	0	0	0	0	0	0	0	0	0	0	0	0	0	0	0	0	0	0	0	0	0	
N14	0.347164	0.0856903	0.0401948	0.0381012	0.048178	0.0612647	0.0702036	0.0712664	0.0656514	0.0571309	0.0196532	0.0130292	0.00654838	0.00630746	0.00546762	0.00759388	0.00812848	0.0108809	0.00979939	0.0101386	0.00686851	0.0053481	0.00271409	0.00162974	0.000623856	0.000295769	8.45073e-005	3.26794e-005	7.01394e-006	2.41155e-006	6.72379e-007	2.13502e-007	5.63322e-008	1.67639e-008	
N15	0.337833	0.103296	0.064957	0.0601171	0.0565092	0.0514095	0.0457286	0.0406021	0.0391586	0.0442784	0.0252932	0.0260673	0.0208416	0.0231254	0.0191032	0.016788	0.0106885	0.00705718	0.00363582	0.00204673	0.000885157	0.000399503	0.000125779	4.14744e-005	9.00021e-006	2.22484e-006	3.44193e-007	7.05914e-008	9.1465e-009	1.85945e-009	3.1905e-010	5.60726e-011	7.95529e-012	1.1474e-012	
N16	0.17207	0.041228	0.0169041	0.0172182	0.0265912	0.0300387	0.0246485	0.0342352	0.0909413	0.198398	0.123823	0.0990416	0.0420107	0.0213786	0.00882185	0.00967429	0.0106526	0.0135314	0.00890846	0.00632277	0.00229966	0.000975105	0.00021617	5.95191e-005	8.58563e-006	1.62287e-006	1.53192e-007	2.08546e-008	1.2511e-009	1.39521e-010	1.13179e-011	1.12492e-012	8.44942e-014	7.06954e-015	
N17	0.0594617	0.0161419	0.00435396	0.000842461	0.000107989	2.19814e-005	0.000272512	0.00901049	0.113411	0.363048	0.261341	0.12518	0.0343004	0.0103904	0.00182333	0.000268034	2.28226e-005	1.55712e-006	6.65836e-008	2.3412e-009	5.42697e-011	1.08751e-012	1.46637e-014	1.84382e-016	1.54126e-018	1.35053e-020	7.53292e-023	5.45171e-025	2.8181e-027	2.71276e-029	2.53989e-031	2.44526e-033	1.88637e-035	1.26573e-037	
N18	0.042277	0.00847781	0.0014952	0.000178861	1.65641e-005	8.19579e-006	0.00023716	0.0104331	0.146364	0.407392	0.263236	0.096422	0.0195328	0.00354117	0.000357859	2.93956e-005	1.24922e-006	5.15456e-008	9.76315e-010	4.91794e-011	8.45296e-013	1.37058e-013	2.21756e-015	2.99507e-016	2.8644e-018	2.76801e-019	1.46229e-021	1.03028e-022	2.63351e-025	1.33217e-026	3.03714e-029	1.34261e-030	5.94691e-033	2.9051e-034	
Bacillus_atticus	0	0	0	0	0	0	0	0	1	0	0	0	0	0	0	0	0	0	0	0	0	0	0	0	0	0	0	0	0	0	0	0	0	0	
Bacillus_grandii_grandii	0	0	0	0	0	0	0	0	1	0	0	0	0	0	0	0	0	0	0	0	0	0	0	0	0	0	0	0	0	0	0	0	0	0	
Bacillus_grandii_benazzii	0	0	0	0	0	0	0	0	1	0	0	0	0	0	0	0	0	0	0	0	0	0	0	0	0	0	0	0	0	0	0	0	0	0	
Bacillus_lynceorum	0	0	0	0	0	0	0	0	0	0	0	0	0	0	0	0	0	1	0	0	0	0	0	0	0	0	0	0	0	0	0	0	0	0	
N19	0.331761	0.115207	0.0874367	0.0909381	0.0810714	0.0551749	0.0315794	0.0261739	0.0427819	0.0652775	0.0387114	0.0226482	0.00807871	0.00251159	0.000533068	9.98974e-005	1.34142e-005	1.71203e-006	1.58271e-007	1.53601e-008	1.06379e-009	8.58017e-011	4.76036e-012	3.27731e-013	1.49646e-014	8.71691e-016	3.38338e-017	1.68521e-018	5.80666e-020	2.44124e-021	8.17989e-023	2.77574e-024	7.76165e-026	2.3014e-027	
N20	3.57851e-005	3.57233e-008	5.86864e-009	6.04444e-010	3.07582e-011	9.62337e-011	1.10762e-007	5.89459e-005	0.0136347	0.985993	0.000277257	4.15718e-008	4.00758e-012	6.60806e-013	5.14126e-014	6.84516e-015	6.27561e-015	8.69944e-015	3.56075e-015	4.72316e-018	1.85995e-021	6.44704e-025	1.11442e-027	3.4234e-029	4.3886e-031	4.86994e-033	1.67421e-035	3.7632e-038	4.0616e-043	4.17086e-048	9.71627e-054	1.27431e-059	1.23091e-063	1.10535e-066	
Clonopsis_felicitatis	0	0	0	0	0	0	0	0	0	1	0	0	0	0	0	0	0	0	0	0	0	0	0	0	0	0	0	0	0	0	0	0	0	0	
N21	8.21852e-007	3.52292e-008	6.03498e-009	6.23385e-010	3.16599e-011	1.67217e-010	1.72763e-007	8.13945e-005	0.0163158	0.983555	4.54421e-005	1.21585e-009	3.2812e-012	6.80047e-013	5.35834e-014	9.60259e-015	6.30497e-015	3.81907e-013	3.63035e-014	1.57544e-012	2.04383e-014	4.32761e-013	3.08112e-014	7.41898e-011	3.60305e-011	3.64921e-008	3.95423e-009	9.10803e-007	5.65953e-013	2.56227e-014	4.17988e-021	7.78043e-023	5.31578e-030	1.07415e-031	
Clonopsis_gallica	0	0	0	0	0	0	0	0	0	0	0	0	0	0	0	0	0	0	1	0	0	0	0	0	0	0	0	0	0	0	0	0	0	0	
Clonopsis_soumiae	0	0	0	0	0	0	0	0	0	0	0	0	0	0	0	0	0	0	0	0	0	0	0	0	0	0	0	1	0	0	0	0	0	0	
Clonopsis_maroccana	0	0	1	0	0	0	0	0	0	0	0	0	0	0	0	0	0	0	0	0	0	0	0	0	0	0	0	0	0	0	0	0	0	0	
N22	0.00863626	0.0129496	0.003496	0.000446787	3.65236e-005	2.01432e-006	1.4805e-007	8.7188e-007	0.000122871	0.0111123	0.123067	0.451998	0.28264	0.0920348	0.01225	0.00114744	5.69731e-005	2.29791e-006	5.52685e-008	1.1837e-009	1.61545e-011	2.09283e-013	1.80358e-015	1.5494e-017	9.13789e-020	5.57667e-022	2.39769e-024	1.09315e-026	3.59722e-029	1.26937e-031	3.72128e-034	1.04878e-036	2.50959e-039	5.8204e-042	
N23	0.0080861	0.00944578	0.00237705	0.000232964	1.27842e-005	4.98449e-007	1.2166e-007	1.25371e-006	0.000126452	0.0115593	0.141233	0.484167	0.269375	0.0664409	0.00652218	0.000406625	1.29546e-005	3.22008e-007	4.30998e-009	6.43685e-011	3.86616e-013	1.17817e-014	8.78602e-017	1.90344e-017	1.8587e-019	3.18681e-020	1.84318e-022	2.19929e-023	4.19969e-026	3.65413e-027	4.74414e-030	3.22926e-031	3.93242e-034	2.40261e-035	
Leptynia_attenuata	0	0	0	0	0	0	0	0	0	1	0	0	0	0	0	0	0	0	0	0	0	0	0	0	0	0	0	0	0	0	0	0	0	0	
Leptynia_caprai	0	0	0	0	0	0	0	0	0	0	0	1	0	0	0	0	0	0	0	0	0	0	0	0	0	0	0	0	0	0	0	0	0	0	
Leptynia_montana	0	0	0	0	0	0	0	0	0	0	1	0	0	0	0	0	0	0	0	0	0	0	0	0	0	0	0	0	0	0	0	0	0	0	
Phalces_sp	0	0	0	0	0	0	0	0	0	1	0	0	0	0	0	0	0	0	0	0	0	0	0	0	0	0	0	0	0	0	0	0	0	0	
N24	0.220908	0.0570186	0.0279468	0.0259406	0.030797	0.0381671	0.045873	0.0519126	0.0553193	0.0568049	0.0253171	0.0210304	0.0142143	0.0151033	0.0138837	0.016846	0.0172014	0.0217258	0.022295	0.027326	0.02623	0.0295228	0.0253959	0.0257432	0.0197259	0.0182227	0.0127026	0.0109712	0.00719398	0.00594138	0.00443519	0.0035568	0.00262952	0.00209771	
Carausius_morosus	0	0	0	0	0	0	0	0	0	0	0	0	0	0	0	0	0	0	0	0	0	0	0	0	1	0	0	0	0	0	0	0	0	0	
N25	0.0495981	0.019576	0.0203384	0.0325289	0.0532481	0.0726543	0.0777267	0.0677924	0.0537216	0.0502836	0.0410333	0.0644287	0.0829479	0.10212	0.0877963	0.0646806	0.0345816	0.0163651	0.00591553	0.00197342	0.000523815	0.000131905	2.71667e-005	5.37232e-006	8.84886e-007	1.40502e-007	1.88595e-008	2.44717e-009	2.72431e-010	2.94481e-011	2.8551e-012	2.6548e-013	2.28627e-014	2.14072e-015	
N26	0.0359309	0.0150227	0.0181025	0.0332175	0.0504717	0.0563019	0.048244	0.0346185	0.0266995	0.0332521	0.0437288	0.0753417	0.105942	0.125985	0.097804	0.0788839	0.0395381	0.0357683	0.0146561	0.0161053	0.00549993	0.00553023	0.00152773	0.00128394	0.000285963	0.000199192	3.50041e-005	2.00761e-005	2.36192e-006	1.16536e-006	1.62189e-007	9.31093e-008	2.71554e-008	1.8541e-008	
Orxines_sp	0	0	0	0	0	0	0	0	0	0	1	0	0	0	0	0	0	0	0	0	0	0	0	0	0	0	0	0	0	0	0	0	0	0	
Sipyloidea_sipylus	0	0	0	0	0	0	0	0	0	0	0	0	0	0	0	0	0	0	0	0	0	0	0	0	0	0	0	0	0	0	0	1	0	0	
Pseudophasma_sp	0	0	0	1	0	0	0	0	0	0	0	0	0	0	0	0	0	0	0	0	0	0	0	0	0	0	0	0	0	0	0	0	0	0	
Phyllium_bioculatum	0	0	0	0	0	0	0	0	1	0	0	0	0	0	0	0	0	0	0	0	0	0	0	0	0	0	0	0	0	0	0	0	0	0	
N27	0.0244412	0.000902508	2.44176e-005	6.87423e-007	1.61315e-008	8.5221e-010	9.94251e-008	4.33907e-005	0.00986458	0.748681	0.193711	0.0212418	0.00104897	3.97618e-005	1.02747e-006	3.51213e-008	2.45872e-009	2.67003e-010	2.58593e-011	2.45899e-012	1.98174e-013	1.58492e-014	1.27388e-015	4.4944e-016	5.242e-016	5.42928e-016	3.39549e-016	1.11527e-016	4.27476e-018	8.60697e-020	1.08792e-021	1.01681e-023	7.15093e-026	4.27987e-028	
Bacillus_rossius	0	0	0	0	0	0	0	0	0	1	0	0	0	0	0	0	0	0	0	0	0	0	0	0	0	0	0	0	0	0	0	0	0	0	
Baculum_sp	0	0	0	0	0	0	0	0	0	0	0	0	0	0	0	0	0	0	0	0	0	0	0	0	0	0	0	1	0	0	0	0	0	0	
N28	0.000973072	0.00126921	0.00985491	0.0725068	0.221411	0.309158	0.233854	0.108683	0.0338802	0.00754283	0.000769979	8.94688e-005	7.63846e-006	6.2616e-007	4.01619e-008	2.35882e-009	1.11718e-010	4.87416e-012	1.75628e-013	5.90224e-015	1.67037e-016	4.45455e-018	1.01677e-019	2.2037e-021	4.1451e-023	7.44442e-025	1.17439e-026	1.77598e-028	2.38424e-030	3.07714e-032	3.61586e-034	4.03792e-036	4.14151e-038	4.24256e-040	
Timema_poppensis	0	0	0	1	0	0	0	0	0	0	0	0	0	0	0	0	0	0	0	0	0	0	0	0	0	0	0	0	0	0	0	0	0	0	
Timema_shepardi	0	0	0	1	0	0	0	0	0	0	0	0	0	0	0	0	0	0	0	0	0	0	0	0	0	0	0	0	0	0	0	0	0	0	
