NODE	7	8	9	10	11	12	13	14	15	16	17	18	19	20	21	22	23	24	25	26	27	28	29	30	31	32	33	34	35	36	37	38	39	40	41	42	43	44	45	46	47	48	49	50	51	
N1	0.00711462	0.0131042	0.0339443	0.0885958	0.202733	0.327871	0.253127	0.0679377	0.00544571	0.000125609	8.59342e-007	1.86669e-009	1.40164e-012	5.0899e-018	5.49379e-020	3.95237e-022	1.96351e-024	6.95341e-027	1.80588e-029	3.52759e-032	5.30043e-035	6.24909e-038	5.88346e-041	4.49282e-044	2.82137e-047	7.02175e-043	5.75004e-044	3.25083e-045	1.47609e-046	5.75041e-048	1.98613e-049	6.13625e-051	1.71371e-052	4.41306e-054	1.06831e-055	2.45948e-057	5.41316e-059	1.14178e-060	2.31181e-062	4.4996e-064	8.42979e-066	1.52199e-067	2.65125e-069	4.46077e-071	7.41988e-073	
N2	0.00711828	0.013717	0.0358592	0.092213	0.204424	0.321306	0.248062	0.0703753	0.00669164	0.000230594	3.30768e-006	1.18356e-007	1.25341e-009	2.28574e-009	1.50173e-011	1.63584e-011	5.38477e-014	3.172e-014	4.93228e-017	1.41076e-017	1.10384e-020	1.30105e-021	5.88839e-025	2.54314e-026	7.39807e-030	1.21098e-031	2.34234e-035	1.73411e-037	2.43076e-041	5.53238e-043	4.82996e-047	3.62462e-049	5.94716e-052	7.25498e-053	4.12237e-057	2.159e-059	2.4436e-062	1.99457e-063	7.66277e-068	2.33718e-070	1.65032e-073	9.37618e-075	2.58041e-079	7.17651e-082	1.53271e-083	
N3	0.00773947	0.0197562	0.0493927	0.0941558	0.155118	0.234966	0.242894	0.14062	0.0452778	0.00874645	0.00107386	0.000196964	3.19423e-005	2.59895e-005	3.58999e-006	1.92815e-006	1.52476e-007	4.60654e-008	2.05229e-009	3.37958e-010	8.94062e-012	8.16029e-013	1.34222e-014	7.54256e-016	7.83099e-018	3.1325e-019	2.09528e-021	6.5258e-023	3.70969e-025	2.1797e-026	1.09055e-028	4.57327e-030	5.63385e-032	5.13818e-033	1.98697e-035	5.73475e-037	4.89999e-039	3.02291e-040	8.1406e-043	1.43943e-044	7.81885e-047	3.34374e-048	7.07364e-051	1.14542e-052	3.22143e-054	
N4	0.000370216	0.0015114	0.00464324	0.00921309	0.0126637	0.0210505	0.0527976	0.121638	0.19281	0.205917	0.147754	0.0959417	0.0515127	0.0441251	0.0212608	0.0129082	0.00301938	0.000778602	7.57705e-005	8.65341e-006	3.99571e-007	2.41117e-008	6.04345e-010	2.20502e-011	3.30578e-013	8.20187e-015	7.8688e-017	1.43381e-018	1.01427e-020	1.74493e-022	1.00942e-024	1.50405e-026	9.7214e-029	1.69407e-030	8.10741e-033	9.14724e-035	4.55237e-037	5.63895e-039	1.94676e-041	1.54017e-043	5.57482e-046	5.2458e-048	1.72497e-050	1.57215e-052	1.86455e-054	
N5	9.25705e-005	0.00052515	0.00259826	0.00739726	0.0107598	0.0150173	0.0387277	0.100141	0.178105	0.210574	0.169671	0.112061	0.0654122	0.0463378	0.0254388	0.0130055	0.00335551	0.000703927	6.64837e-005	8.43321e-006	3.60762e-007	6.88074e-008	1.69557e-009	4.31926e-010	7.44902e-012	1.5194e-012	1.93932e-014	2.89339e-015	2.99004e-017	3.74648e-018	3.24815e-020	3.50362e-021	3.14391e-023	4.09212e-024	3.45982e-026	3.99714e-027	3.70128e-029	4.70479e-030	3.24631e-032	2.50479e-033	1.4252e-035	1.02473e-036	4.09882e-039	2.01131e-040	8.24868e-042	
N6	3.72195e-005	0.000326332	0.00274244	0.00931679	0.0100655	0.00754745	0.0201328	0.0714629	0.1628	0.228312	0.203995	0.131876	0.0736809	0.0436899	0.0227918	0.00894414	0.00198195	0.000275011	2.11564e-005	1.25036e-006	4.60984e-008	2.05456e-009	5.2188e-011	1.97117e-012	3.39512e-014	8.69444e-016	9.77752e-018	1.65433e-019	1.30265e-021	1.66005e-023	9.70792e-026	1.01822e-027	5.23805e-030	5.70625e-032	2.50015e-034	2.34765e-036	9.74876e-039	8.22284e-041	2.4547e-043	1.3285e-045	3.11212e-048	1.34547e-050	2.44011e-053	9.90171e-056	5.80856e-058	
N7	6.17749e-007	1.48474e-005	0.000208399	0.000508739	0.000175286	4.45569e-005	9.18792e-005	0.000845579	0.00897645	0.0560946	0.187146	0.320167	0.268318	0.122078	0.0296845	0.00522859	0.000389034	2.76103e-005	6.95743e-007	2.78049e-008	3.30632e-010	8.12099e-012	5.35042e-014	7.85495e-016	3.13872e-018	2.92265e-020	7.6452e-023	4.88248e-025	8.94329e-028	4.2555e-030	5.86191e-033	2.26255e-035	2.64428e-038	9.53469e-041	1.00784e-043	3.25362e-046	3.28009e-049	1.01264e-051	7.66032e-055	1.6883e-057	1.173e-060	2.82821e-063	1.65704e-066	4.62491e-069	1.69925e-071	
N8	9.00797e-013	2.35456e-010	3.50419e-008	1.22175e-006	2.70131e-007	5.1333e-009	7.11167e-011	7.02486e-011	1.51779e-008	2.68183e-006	0.000236353	0.00918004	0.131085	0.512143	0.331842	0.0153274	0.000180347	8.55008e-007	2.07271e-009	5.20408e-012	1.04079e-014	3.99193e-017	5.66533e-020	1.24279e-022	9.88485e-026	1.20023e-028	5.65645e-032	4.08499e-035	1.19931e-038	5.47184e-042	1.04151e-045	3.1751e-049	4.06588e-053	8.78579e-057	7.83827e-061	1.26365e-064	8.1136e-069	1.02238e-072	4.8618e-077	4.92978e-081	1.82169e-085	1.7743e-089	1.57032e-093	4.47544e-097	1.25189e-100	
N9	3.69096e-017	5.82831e-014	4.28624e-011	5.43192e-009	9.4476e-010	2.47909e-012	6.68653e-015	2.86535e-015	3.6448e-012	4.67516e-009	2.68782e-006	0.000576532	0.0355285	0.42322	0.523501	0.0170842	8.73281e-005	1.27353e-007	7.27852e-011	1.99916e-014	3.12686e-018	3.19727e-021	2.6433e-024	2.63922e-026	1.21332e-029	6.67028e-032	1.60744e-035	5.22046e-038	6.60725e-042	1.31375e-044	8.7293e-049	1.04515e-051	3.74398e-056	2.46828e-059	5.20154e-064	1.65551e-067	2.29023e-072	3.58433e-076	3.39535e-081	3.18445e-085	2.08693e-090	1.37263e-094	7.96099e-100	2.08357e-103	1.3558e-106	
N10	3.96585e-022	2.72906e-018	8.17799e-015	4.94603e-012	4.71422e-013	3.12551e-016	8.22445e-019	3.9899e-020	1.62062e-016	1.28064e-012	4.83278e-009	7.18557e-006	0.00308393	0.216658	0.769997	0.010237	1.62401e-005	6.87971e-009	1.12273e-012	8.69745e-017	3.65718e-021	9.87054e-026	3.73311e-030	8.82746e-033	1.64421e-036	3.26133e-039	3.82245e-043	6.32919e-046	1.5267e-046	2.13154e-047	1.59532e-049	1.10594e-050	4.38097e-053	1.97655e-054	3.94798e-057	1.27123e-058	3.94622e-060	1.33069e-060	1.68917e-062	3.88706e-064	2.6437e-067	1.36196e-069	7.80962e-073	1.60876e-074	7.94391e-076	
N11	6.84782e-024	3.0124e-020	6.07053e-017	2.43483e-014	1.71414e-015	1.88907e-018	3.58468e-020	2.24279e-020	1.09523e-016	7.57117e-013	2.67019e-009	4.02106e-006	0.0019492	0.177573	0.809096	0.0113567	2.10731e-005	1.1176e-008	2.39565e-012	2.52745e-016	1.48966e-020	5.38007e-025	1.44073e-029	4.10128e-032	2.02785e-035	2.42215e-037	8.15219e-041	5.56041e-043	1.31859e-046	5.22021e-049	8.30302e-053	1.93762e-055	1.5846e-059	2.26487e-062	5.38389e-067	3.89628e-070	3.64888e-075	4.28059e-079	2.48908e-084	1.63571e-088	5.96581e-094	3.00924e-098	8.96446e-104	2.38288e-107	1.78518e-110	
N12	5.09828e-027	1.51338e-023	2.78646e-020	3.50012e-017	2.99341e-016	2.34429e-017	8.20205e-019	2.44625e-020	9.79777e-018	6.32185e-014	2.26407e-010	3.89677e-007	0.000260576	0.0463453	0.937341	0.0160145	3.84003e-005	2.75457e-008	8.25598e-012	1.24923e-015	1.07784e-019	5.78618e-024	2.11732e-028	5.0205e-032	1.49555e-035	4.96419e-038	1.11677e-041	2.17411e-044	3.53882e-048	4.06961e-051	4.89869e-055	3.28112e-058	2.69894e-062	1.01106e-065	3.72592e-070	7.32104e-074	1.11561e-078	5.95524e-083	4.98984e-088	1.83927e-092	9.56167e-098	2.84205e-102	1.20144e-107	9.07332e-112	1.46883e-115	
N13	7.95502e-030	4.32561e-026	1.26261e-022	1.31484e-019	7.12118e-019	8.50038e-020	7.3253e-021	5.04385e-022	2.11837e-019	2.36461e-015	1.51132e-011	4.79349e-008	6.16097e-005	0.0222818	0.966044	0.0115945	1.82533e-005	8.51095e-009	1.66118e-012	1.6453e-016	9.34869e-021	3.31966e-025	7.94685e-030	1.96603e-033	7.53892e-037	6.61226e-039	1.8836e-042	9.87844e-045	2.05647e-048	6.53926e-051	1.00024e-054	1.93231e-057	1.9557e-061	2.31227e-064	1.06268e-068	7.66139e-072	8.48694e-077	9.04313e-081	6.19601e-086	3.87023e-090	1.70007e-095	8.30701e-100	2.84964e-105	4.74201e-109	2.61191e-112	
Amitermes_darwini	0	0	0	0	0	0	0	0	0	0	0	0	0	0	1	0	0	0	0	0	0	0	0	0	0	0	0	0	0	0	0	0	0	0	0	0	0	0	0	0	0	0	0	0	0	
Amitermes_germanus	0	0	0	0	0	0	0	0	0	0	0	0	0	0	1	0	0	0	0	0	0	0	0	0	0	0	0	0	0	0	0	0	0	0	0	0	0	0	0	0	0	0	0	0	0	
N14	6.63621e-030	4.74619e-026	1.7595e-022	2.06085e-019	6.70244e-019	1.82128e-020	1.70396e-021	1.76314e-022	1.1376e-019	1.54231e-015	1.17162e-011	4.30424e-008	6.18439e-005	0.0236353	0.965975	0.0103143	1.38295e-005	5.33322e-009	8.42492e-013	6.63729e-017	2.95548e-021	8.1152e-026	1.49487e-030	7.57638e-034	3.11099e-037	3.78541e-039	1.08527e-042	7.72247e-045	1.5571e-048	6.62151e-051	9.03656e-055	2.34588e-057	1.82041e-061	2.97949e-064	8.57858e-069	8.60533e-072	5.99962e-077	8.09643e-081	3.66594e-086	2.38625e-090	6.99783e-096	3.20928e-100	6.90855e-106	1.08057e-109	7.56942e-113	
Amitermes_parvus	0	0	0	0	0	0	0	0	0	0	0	0	0	0	1	0	0	0	0	0	0	0	0	0	0	0	0	0	0	0	0	0	0	0	0	0	0	0	0	0	0	0	0	0	0	
N15	1.2799e-034	2.54149e-030	2.72231e-026	1.64327e-022	3.33694e-021	2.5508e-022	9.53787e-024	2.25257e-025	5.20645e-023	2.35156e-018	6.06678e-014	7.76165e-010	4.02279e-006	0.00584751	0.990877	0.00327045	1.35527e-006	1.64051e-010	8.24939e-015	2.09214e-019	3.02489e-024	2.71305e-029	1.62052e-034	1.1782e-038	1.42187e-042	5.08884e-045	4.43376e-049	9.28619e-052	5.7839e-056	7.14893e-059	3.20755e-063	2.32388e-066	6.80169e-071	2.88455e-074	3.63789e-079	9.1635e-083	2.05039e-088	5.64107e-093	7.44566e-099	1.08994e-103	8.56646e-110	9.08743e-115	5.19397e-121	2.19724e-125	2.95059e-129	
Drepanotermes_septentrionalis	0	0	0	0	0	0	0	0	0	0	0	0	0	0	1	0	0	0	0	0	0	0	0	0	0	0	0	0	0	0	0	0	0	0	0	0	0	0	0	0	0	0	0	0	0	
Pericapritermes_sp	0	0	0	0	0	0	0	0	0	0	0	0	0	0	1	0	0	0	0	0	0	0	0	0	0	0	0	0	0	0	0	0	0	0	0	0	0	0	0	0	0	0	0	0	0	
N16	1.47856e-025	6.58248e-022	1.22995e-018	3.53034e-016	2.26925e-017	3.8011e-020	4.85314e-021	2.87834e-020	1.45489e-016	1.05695e-012	3.78717e-009	5.54705e-006	0.00244346	0.183	0.804128	0.0104054	1.7592e-005	8.34493e-009	1.57635e-012	1.44936e-016	7.38392e-021	2.28462e-025	4.89376e-030	1.40437e-032	8.68141e-036	2.04553e-037	8.50879e-041	1.15591e-042	3.27325e-046	2.64592e-048	4.71511e-052	2.35366e-054	2.04611e-058	6.59133e-061	1.54282e-065	2.83088e-068	2.02421e-073	4.70889e-077	2.26687e-082	2.33085e-086	7.41162e-092	5.15699e-096	1.21862e-101	3.87119e-105	5.99148e-108	
N17	1.01788e-026	1.84655e-023	1.63229e-020	3.28106e-018	3.56715e-018	2.21017e-018	6.80155e-019	3.43011e-019	3.59193e-016	1.48454e-012	3.3459e-009	3.50652e-006	0.00134755	0.122019	0.856595	0.0199669	6.77698e-005	6.94104e-008	2.98002e-011	6.46969e-015	8.01734e-019	6.21126e-023	3.887e-027	4.10307e-029	4.86157e-032	1.48729e-033	1.21719e-036	2.16304e-038	1.26066e-041	1.32402e-043	5.15914e-047	3.26906e-049	6.35769e-053	2.53837e-055	1.40508e-059	2.82347e-062	6.453e-067	1.98889e-070	2.8775e-075	5.2368e-079	4.89575e-084	7.04694e-088	5.75106e-093	5.37121e-096	1.34379e-098	
N18	1.76423e-031	1.70916e-027	1.46415e-023	8.94182e-020	1.63078e-018	1.79354e-019	8.3732e-021	4.2207e-022	7.06075e-019	9.17579e-015	6.31238e-011	1.9556e-007	0.000213221	0.0518707	0.934591	0.0133041	2.08431e-005	8.5991e-009	1.3679e-012	1.03851e-016	4.30969e-021	1.07539e-025	1.80594e-030	8.50053e-034	2.15369e-037	1.07885e-039	1.85117e-043	5.45509e-044	6.7037e-044	4.34058e-044	9.61385e-046	2.77901e-046	4.00457e-048	8.06303e-049	4.52699e-051	6.14093e-052	1.31506e-053	1.65093e-053	6.47542e-055	7.50338e-056	9.5794e-059	1.31838e-060	1.32583e-063	6.40335e-065	1.12358e-065	
Ephelotermes_melachoma	0	0	0	0	0	0	0	0	0	0	0	0	0	0	1	0	0	0	0	0	0	0	0	0	0	0	0	0	0	0	0	0	0	0	0	0	0	0	0	0	0	0	0	0	0	
N19	9.92714e-032	8.62899e-028	3.98473e-024	5.57655e-021	4.91318e-020	3.07322e-021	3.72189e-022	2.32621e-022	4.38836e-019	5.69514e-015	4.03022e-011	1.32147e-007	0.000158133	0.0442222	0.942136	0.0134621	2.13439e-005	9.08625e-009	1.51865e-012	1.23037e-016	5.52127e-021	1.50482e-025	2.8115e-030	1.78755e-032	1.67759e-035	1.08652e-036	6.73377e-040	2.60895e-041	1.03987e-044	2.53959e-046	5.77975e-050	9.40513e-052	9.36509e-056	1.06434e-057	2.69004e-062	1.96391e-064	4.00694e-069	5.49457e-070	9.80049e-073	7.30993e-074	2.70217e-077	4.23066e-079	1.07128e-082	6.57829e-084	4.20506e-084	
N20	1.87666e-040	2.60683e-034	1.88902e-028	6.33656e-023	1.04787e-021	1.79266e-024	1.38309e-027	5.18227e-031	3.00815e-030	2.81715e-024	1.25099e-018	2.43874e-013	1.81135e-008	0.00038431	0.999405	0.000211017	5.80525e-009	4.75059e-014	1.50484e-019	2.10816e-025	1.37826e-031	1.11053e-035	3.36593e-039	4.75177e-042	1.81536e-044	1.35049e-045	4.82722e-048	2.39896e-049	6.81434e-052	2.17097e-053	4.81379e-056	9.24522e-058	1.45035e-060	1.52286e-062	1.12483e-065	5.70507e-068	8.40321e-072	4.88266e-075	1.78958e-079	2.71211e-035	3.03638e-036	2.8923e-036	3.0718e-037	9.93541e-037	9.02823e-036	
N21	2.02302e-036	2.12069e-032	1.3549e-028	4.96326e-025	6.34313e-025	6.69135e-029	3.8833e-033	3.58873e-037	6.41099e-035	3.89956e-028	1.14817e-021	1.48782e-015	7.1516e-010	8.7658e-005	0.999868	4.43146e-005	2.05299e-010	2.55498e-016	1.21039e-022	2.53596e-029	2.52008e-036	1.65354e-043	5.79245e-049	4.68328e-054	2.06223e-059	1.1735e-063	7.08011e-070	1.43953e-043	1.30261e-043	3.9159e-041	2.93978e-041	7.29439e-039	3.5182e-039	7.61463e-037	1.31719e-037	2.62485e-035	1.77819e-037	6.77564e-037	4.1491e-039	6.66058e-039	3.4128e-041	3.97625e-041	2.03594e-043	2.02122e-041	6.24094e-039	
Ephelotermes_taylori	0	0	0	0	0	0	0	0	0	0	0	0	0	0	1	0	0	0	0	0	0	0	0	0	0	0	0	0	0	0	0	0	0	0	0	0	0	0	0	0	0	0	0	0	0	
Microtermes_sp	0	0	0	0	0	0	0	0	0	0	0	0	0	0	1	0	0	0	0	0	0	0	0	0	0	0	0	0	0	0	0	0	0	0	0	0	0	0	0	0	0	0	0	0	0	
Protermes_sp	0	0	0	0	0	0	0	0	0	0	0	0	0	0	1	0	0	0	0	0	0	0	0	0	0	0	0	0	0	0	0	0	0	0	0	0	0	0	0	0	0	0	0	0	0	
Macrognathotermes_sunteri	0	0	0	0	0	0	0	0	0	0	0	0	0	0	1	0	0	0	0	0	0	0	0	0	0	0	0	0	0	0	0	0	0	0	0	0	0	0	0	0	0	0	0	0	0	
Lophotermes_septentrionalis	0	0	0	0	0	0	0	0	0	0	0	0	0	0	1	0	0	0	0	0	0	0	0	0	0	0	0	0	0	0	0	0	0	0	0	0	0	0	0	0	0	0	0	0	0	
N22	3.39984e-026	7.26236e-023	1.29296e-019	3.25568e-017	7.82638e-017	1.06991e-017	6.0947e-018	4.88251e-017	5.378e-014	1.66587e-010	2.6116e-007	0.00016922	0.0308036	0.379968	0.583289	0.00575831	1.10991e-005	7.51245e-009	2.33989e-012	3.92679e-016	3.93907e-020	2.54417e-024	1.13046e-028	2.18878e-032	9.4923e-036	6.57348e-038	2.37142e-041	1.0008e-043	2.67862e-047	6.89613e-050	1.40464e-053	2.17607e-056	3.20892e-060	2.88986e-063	2.19873e-067	1.12896e-070	2.56495e-075	2.63933e-079	3.38112e-084	2.33916e-088	1.87248e-093	1.04925e-097	6.68495e-103	1.00364e-106	3.76284e-110	
Procubitermes_sp	0	0	0	0	0	0	0	0	0	0	0	0	1	0	0	0	0	0	0	0	0	0	0	0	0	0	0	0	0	0	0	0	0	0	0	0	0	0	0	0	0	0	0	0	0	
N23	5.73176e-029	2.43805e-025	7.85754e-022	1.91422e-018	5.21356e-017	1.79463e-017	2.73988e-018	3.75398e-019	2.09001e-016	1.38748e-012	4.82593e-009	7.19603e-006	0.00325719	0.171626	0.816317	0.00877842	1.42501e-005	7.16658e-009	1.54012e-012	1.69835e-016	1.0819e-020	7.07103e-025	2.91821e-028	7.37663e-030	4.76231e-033	6.92146e-035	2.96861e-038	2.49224e-040	6.78345e-044	3.41149e-046	4.73243e-050	1.469e-052	5.06214e-057	7.57777e-060	1.31065e-064	7.76824e-068	8.51015e-073	1.44378e-076	1.03777e-081	1.08171e-085	5.16978e-091	4.16627e-095	2.41325e-100	2.44875e-103	3.85513e-106	
Tuberculitermes_bycanistes	0	0	0	0	0	0	0	0	0	0	0	0	0	0	1	0	0	0	0	0	0	0	0	0	0	0	0	0	0	0	0	0	0	0	0	0	0	0	0	0	0	0	0	0	0	
Unguitermes_sp	0	0	0	0	0	0	0	0	0	0	0	0	0	0	1	0	0	0	0	0	0	0	0	0	0	0	0	0	0	0	0	0	0	0	0	0	0	0	0	0	0	0	0	0	0	
N24	5.92699e-024	3.2583e-020	9.23761e-017	5.30221e-014	6.43113e-015	4.29027e-018	9.35803e-021	1.13898e-020	7.95407e-017	6.54671e-013	2.63877e-009	4.32078e-006	0.00214556	0.186939	0.794828	0.0160472	3.55642e-005	1.97381e-008	4.02989e-012	3.77268e-016	1.86536e-020	5.44053e-025	1.74413e-029	3.91146e-031	2.52764e-034	6.57254e-036	2.67581e-039	2.03377e-040	9.3153e-041	1.95015e-040	4.91286e-042	5.05032e-042	5.63089e-044	4.34845e-044	1.41322e-046	1.04647e-046	2.15336e-048	2.09407e-048	1.98863e-050	1.90093e-051	1.80504e-054	4.27604e-056	3.19761e-059	6.92155e-060	5.58104e-060	
N25	1.71357e-023	2.83011e-020	2.29861e-017	3.82698e-015	6.08779e-016	1.59372e-018	1.1126e-019	5.05586e-019	1.08395e-015	4.05313e-012	8.15214e-009	7.47202e-006	0.00243353	0.175515	0.798115	0.0238295	9.9323e-005	1.2014e-007	5.92036e-011	1.44387e-014	1.97534e-018	1.66001e-022	1.18324e-026	8.08743e-028	2.20815e-030	3.54449e-031	6.45355e-034	6.09358e-035	7.21043e-038	4.2053e-039	2.80061e-042	1.06964e-043	2.85172e-047	7.48787e-049	4.27459e-053	5.90696e-055	1.2486e-059	1.93208e-062	2.94523e-067	1.84728e-070	1.97762e-075	8.02189e-079	6.6891e-084	1.93014e-086	3.15421e-088	
N26	1.07179e-028	8.07679e-025	7.13334e-021	3.91422e-017	3.48379e-016	1.20363e-017	1.87992e-019	4.23411e-021	7.53938e-018	6.41268e-014	2.86232e-010	5.71003e-007	0.000400313	0.0642549	0.912913	0.0223728	5.81982e-005	3.86234e-008	9.65366e-012	1.13096e-015	7.1346e-020	2.66889e-024	6.45342e-029	5.81951e-033	1.14011e-036	3.62064e-036	2.2511e-036	3.79087e-036	1.24182e-037	2.63979e-038	6.87794e-040	9.95354e-041	2.05881e-042	1.9375e-043	2.20708e-045	1.26645e-046	6.89714e-049	1.35456e-050	4.70265e-053	6.91347e-055	1.6845e-057	2.21162e-059	4.71716e-062	1.46549e-063	1.07674e-064	
Crenetermes_albotarsalis	0	0	0	0	0	0	0	0	0	0	0	0	0	0	1	0	0	0	0	0	0	0	0	0	0	0	0	0	0	0	0	0	0	0	0	0	0	0	0	0	0	0	0	0	0	
N27	2.39076e-026	2.51006e-024	2.9142e-021	3.63928e-018	2.57169e-017	9.59077e-019	1.22868e-020	1.48997e-021	3.03086e-018	3.10736e-014	1.67268e-010	3.98206e-007	0.000327808	0.0600812	0.917931	0.0216082	5.08583e-005	2.95658e-008	6.34211e-012	6.2885e-016	3.32575e-020	1.03573e-024	2.16227e-029	2.56046e-031	2.43088e-034	2.89046e-035	1.56198e-038	1.20318e-039	3.52221e-043	1.86948e-044	2.66678e-048	1.02032e-049	5.85506e-054	1.63578e-055	2.76096e-060	4.90593e-062	2.33056e-067	6.27294e-070	2.23201e-075	1.90335e-078	5.32658e-084	2.17481e-087	4.80109e-093	1.87438e-096	1.33627e-098	
Cubitermes_sp	0	0	0	0	0	0	0	0	0	0	0	0	0	0	1	0	0	0	0	0	0	0	0	0	0	0	0	0	0	0	0	0	0	0	0	0	0	0	0	0	0	0	0	0	0	
Thoracotermes_macrothorax	0	0	0	0	0	0	0	0	0	0	0	0	0	0	1	0	0	0	0	0	0	0	0	0	0	0	0	0	0	0	0	0	0	0	0	0	0	0	0	0	0	0	0	0	0	
N28	2.78263e-028	3.64245e-024	3.38687e-020	1.49695e-016	1.21888e-015	3.6722e-017	5.17612e-019	4.95901e-021	5.98085e-019	5.3582e-015	2.74335e-011	7.00702e-008	7.35887e-005	0.0226471	0.966359	0.0109021	1.85167e-005	9.78081e-009	2.21427e-012	2.57707e-016	1.73334e-020	7.32167e-025	2.08943e-029	1.29219e-033	1.71246e-037	2.14695e-040	2.73778e-044	2.08122e-047	1.91904e-051	8.65966e-055	5.89362e-059	1.55723e-062	7.39852e-067	1.09235e-070	2.78701e-075	2.17574e-079	2.4501e-084	6.75035e-089	4.1108e-094	7.47926e-099	2.7607e-104	3.86951e-109	1.06831e-114	2.5611e-119	1.15597e-123	
N29	7.3274e-032	1.913e-027	2.45948e-023	1.02007e-019	2.88687e-019	4.49964e-022	5.00813e-024	1.27867e-025	3.26776e-023	1.62995e-018	4.61877e-014	6.4436e-010	3.60689e-006	0.00558986	0.991375	0.00303013	1.14057e-006	1.23939e-010	5.55118e-015	1.2473e-019	1.59195e-024	1.25741e-029	6.62074e-035	6.49853e-039	7.95752e-043	3.16068e-045	2.72827e-049	6.32853e-052	3.8444e-056	5.28619e-059	2.20903e-063	1.81943e-066	4.54702e-071	2.29124e-074	2.34475e-079	7.21737e-083	1.31221e-088	4.34549e-093	4.87111e-099	7.8008e-104	5.36129e-110	5.85841e-115	2.83005e-121	1.1357e-125	1.81623e-129	
Nasutitermes_graveolus	0	0	0	0	0	0	0	0	0	0	0	0	0	0	1	0	0	0	0	0	0	0	0	0	0	0	0	0	0	0	0	0	0	0	0	0	0	0	0	0	0	0	0	0	0	
Nasutitermes_triodiae	0	0	0	0	0	0	0	0	0	0	0	0	0	0	1	0	0	0	0	0	0	0	0	0	0	0	0	0	0	0	0	0	0	0	0	0	0	0	0	0	0	0	0	0	0	
N30	6.64121e-032	1.75763e-027	2.29092e-023	9.64731e-020	2.7123e-019	4.18794e-022	4.76142e-024	1.1784e-025	2.93169e-023	1.48657e-018	4.28386e-014	6.08065e-010	3.46554e-006	0.00547434	0.991546	0.00297505	1.10038e-006	1.17574e-010	5.18055e-015	1.14552e-019	1.4392e-024	1.11923e-029	5.8026e-035	5.48147e-039	6.55363e-043	2.5245e-045	2.1299e-049	4.79219e-052	2.84731e-056	3.79721e-059	1.5548e-063	1.2412e-066	3.04962e-071	1.48755e-074	1.50318e-079	4.47457e-083	8.03142e-089	2.57619e-093	2.84591e-099	4.43486e-104	3.00071e-110	3.19854e-115	1.52281e-121	5.96664e-126	9.22998e-130	
Nasutitermes_longipennis	0	0	0	0	0	0	0	0	0	0	0	0	0	0	1	0	0	0	0	0	0	0	0	0	0	0	0	0	0	0	0	0	0	0	0	0	0	0	0	0	0	0	0	0	0	
Tumulitermes_pastinator	0	0	0	0	0	0	0	0	0	0	0	0	0	0	1	0	0	0	0	0	0	0	0	0	0	0	0	0	0	0	0	0	0	0	0	0	0	0	0	0	0	0	0	0	0	
N31	1.32252e-024	1.78149e-021	2.61604e-018	2.2382e-015	2.11566e-014	3.17956e-015	2.15469e-016	1.5511e-017	3.60207e-015	7.11348e-012	8.14354e-009	4.70809e-006	0.00113612	0.0821864	0.874951	0.0414074	0.000313159	7.52182e-007	7.84292e-010	4.24636e-013	1.34064e-016	2.6817e-020	3.66174e-024	1.19983e-027	8.21895e-031	5.34272e-033	3.47231e-036	1.39345e-038	6.71999e-042	1.64392e-044	6.04902e-048	8.92775e-051	2.38908e-054	2.02954e-057	2.9995e-061	1.39693e-064	9.40683e-069	1.57235e-072	5.9535e-077	7.05899e-081	1.71805e-085	1.68876e-089	3.34374e-094	6.3759e-098	2.40571e-101	
Microcerotermes_boreus	0	0	0	0	0	0	0	0	0	0	0	0	0	0	1	0	0	0	0	0	0	0	0	0	0	0	0	0	0	0	0	0	0	0	0	0	0	0	0	0	0	0	0	0	0	
Microcerotermes_nervosus	0	0	0	0	0	0	0	0	0	0	0	0	0	0	1	0	0	0	0	0	0	0	0	0	0	0	0	0	0	0	0	0	0	0	0	0	0	0	0	0	0	0	0	0	0	
N32	3.6746e-017	1.95795e-014	5.2987e-012	2.64164e-010	6.40087e-011	4.83133e-013	2.1351e-015	1.22963e-014	1.14177e-011	8.73513e-009	3.39966e-006	0.000567079	0.0315916	0.389095	0.539743	0.0384863	0.000511561	2.13053e-006	3.69239e-009	3.17644e-012	1.5281e-015	4.98495e-019	4.482e-022	6.35307e-023	2.76689e-025	2.60793e-026	7.12283e-029	3.86043e-030	6.26629e-033	2.07646e-034	1.73028e-037	3.68687e-039	1.29161e-042	1.72619e-044	2.37089e-048	1.48281e-050	1.04643e-054	1.35396e-057	6.34395e-062	4.43198e-065	1.38372e-069	7.12896e-073	1.89115e-077	6.09053e-080	6.06407e-082	
Macrotermes_bellicosus	0	0	0	0	0	0	0	0	0	0	0	0	0	0	1	0	0	0	0	0	0	0	0	0	0	0	0	0	0	0	0	0	0	0	0	0	0	0	0	0	0	0	0	0	0	
N33	2.8332e-017	4.47512e-015	4.10559e-013	8.53082e-012	3.42082e-012	1.40463e-013	5.87075e-014	2.48712e-013	7.88913e-011	3.0215e-008	6.50285e-006	0.000677738	0.0279282	0.323935	0.567286	0.0778699	0.00227377	2.27338e-005	1.01052e-007	2.34789e-010	3.18094e-013	2.75215e-016	1.92488e-019	5.54715e-021	3.82704e-023	3.18968e-024	1.53568e-026	7.54368e-028	2.52665e-030	7.51034e-032	1.62005e-034	2.98645e-036	3.42314e-039	3.91252e-041	1.94065e-044	1.11136e-046	2.96014e-050	5.83482e-053	1.01153e-056	1.19595e-059	1.38774e-063	1.25509e-066	1.15809e-070	2.73309e-073	2.05922e-075	
Odontotermes_sp	0	0	0	0	0	0	0	0	0	0	0	0	0	0	1	0	0	0	0	0	0	0	0	0	0	0	0	0	0	0	0	0	0	0	0	0	0	0	0	0	0	0	0	0	0	
Pseudacanthotermes_militaris	0	0	0	0	0	0	0	0	0	0	0	0	0	0	1	0	0	0	0	0	0	0	0	0	0	0	0	0	0	0	0	0	0	0	0	0	0	0	0	0	0	0	0	0	0	
N34	1.17294e-013	2.41067e-011	2.55912e-009	4.14962e-008	7.81986e-009	1.24728e-010	1.55073e-012	1.386e-011	4.60042e-009	1.12773e-006	0.000138284	0.0071777	0.124842	0.510551	0.332266	0.0245834	0.000437658	2.79668e-006	8.10328e-009	1.23929e-011	1.11106e-014	8.27853e-018	1.49878e-020	8.92475e-022	3.69264e-024	1.50068e-025	3.83674e-028	9.46426e-030	1.47035e-032	2.30682e-034	2.08978e-037	2.12618e-039	1.06384e-042	6.77315e-045	1.78855e-048	5.96969e-051	9.00817e-055	1.08215e-057	1.06825e-061	7.86224e-065	5.24924e-069	2.9199e-072	1.60479e-076	2.66132e-079	1.32885e-081	
Coptotermes_acinaciformis	0	0	0	0	0	0	0	0	0	0	0	0	0	0	1	0	0	0	0	0	0	0	0	0	0	0	0	0	0	0	0	0	0	0	0	0	0	0	0	0	0	0	0	0	0	
N35	1.50277e-014	2.13126e-012	1.4332e-010	1.12689e-009	2.04331e-010	4.01617e-012	9.75997e-013	1.27615e-011	3.71677e-009	1.01759e-006	0.000139826	0.00803243	0.145387	0.518149	0.310209	0.0178189	0.000261043	1.45929e-006	3.88388e-009	5.65829e-012	4.9666e-015	2.88527e-018	1.49491e-021	2.47543e-023	9.44078e-026	3.29874e-027	8.63629e-030	1.83953e-031	3.20437e-034	4.30741e-036	4.6529e-039	4.03427e-041	2.43585e-044	1.3305e-046	4.21344e-050	1.24713e-052	2.33439e-056	3.10466e-059	3.91681e-063	3.09193e-066	2.69388e-070	1.55134e-073	1.03548e-077	1.04398e-080	3.38842e-083	
N36	6.18655e-022	1.25008e-018	1.30018e-015	3.78909e-013	4.97295e-013	1.46341e-014	2.15483e-016	3.58771e-018	2.05328e-015	7.26624e-012	1.30329e-008	9.95483e-006	0.00250567	0.137302	0.842904	0.0172268	5.18623e-005	4.65984e-008	1.72555e-011	3.17586e-015	3.29008e-019	2.80372e-023	4.33533e-027	9.75424e-030	2.77582e-033	4.06886e-036	7.41404e-040	4.78822e-041	4.75214e-041	8.36119e-042	1.49251e-043	1.14696e-044	1.23791e-046	5.9237e-048	4.19045e-050	1.33023e-051	6.53781e-053	4.98385e-053	3.74322e-054	3.47811e-055	1.01587e-057	1.3323e-059	3.97894e-062	1.8392e-063	1.48644e-064	
N37	1.3529e-023	3.43009e-020	4.18561e-017	1.19206e-014	1.52407e-014	2.56592e-016	1.76851e-018	1.06977e-019	1.11889e-016	6.96432e-013	2.2065e-009	2.94913e-006	0.00126769	0.110481	0.871532	0.0166762	3.93268e-005	2.53921e-008	6.43128e-012	7.84344e-016	5.25687e-020	2.23223e-024	1.8497e-028	1.1328e-029	9.48441e-033	4.95273e-034	2.3117e-037	7.71682e-039	1.87225e-042	4.24513e-044	4.72022e-048	7.51912e-050	3.26602e-054	3.52022e-056	5.88966e-061	3.42529e-063	2.59435e-068	2.78697e-071	1.57159e-076	6.79265e-080	2.91943e-085	7.04619e-089	2.35086e-094	1.05297e-097	5.84351e-100	
Reticulitermes_flavipes	0	0	0	0	0	0	0	0	0	0	0	0	0	0	1	0	0	0	0	0	0	0	0	0	0	0	0	0	0	0	0	0	0	0	0	0	0	0	0	0	0	0	0	0	0	
Reticulitermes_lucifugus	0	0	0	0	0	0	0	0	0	0	0	0	0	0	1	0	0	0	0	0	0	0	0	0	0	0	0	0	0	0	0	0	0	0	0	0	0	0	0	0	0	0	0	0	0	
Reticulitermes_urbis	0	0	0	0	0	0	0	0	0	0	0	0	0	0	1	0	0	0	0	0	0	0	0	0	0	0	0	0	0	0	0	0	0	0	0	0	0	0	0	0	0	0	0	0	0	
Schedorhinotermes_lamanianus	0	0	0	0	0	0	0	0	0	0	0	0	1	0	0	0	0	0	0	0	0	0	0	0	0	0	0	0	0	0	0	0	0	0	0	0	0	0	0	0	0	0	0	0	0	
N38	1.43585e-008	6.33436e-007	8.27191e-006	8.65853e-006	1.18384e-006	9.40809e-007	3.35178e-006	5.21062e-005	0.00129377	0.0177162	0.112102	0.327126	0.372965	0.146145	0.0212043	0.00133253	3.94167e-005	7.47082e-007	1.29788e-008	2.56248e-010	3.61779e-012	1.15749e-013	1.54618e-015	7.70538e-017	5.94518e-019	1.61366e-020	6.58678e-023	9.68798e-025	2.24798e-027	1.91167e-029	2.7097e-032	1.42413e-034	1.33435e-037	4.72131e-040	3.07356e-043	7.61959e-046	3.65272e-049	6.81684e-052	2.37606e-055	3.05569e-058	7.9315e-062	8.11884e-065	1.74135e-068	2.03952e-071	4.19836e-074	
N39	5.78035e-010	2.38239e-008	2.74249e-007	4.93727e-007	1.42137e-007	1.02423e-007	1.0113e-006	3.88415e-005	0.00132178	0.0190148	0.115914	0.346047	0.384704	0.12122	0.0113472	0.000381488	8.03647e-006	4.16961e-007	2.27162e-008	7.24702e-010	1.3593e-011	5.0583e-013	1.47588e-014	6.96896e-015	1.29506e-016	3.30825e-017	2.57656e-019	2.91315e-020	8.9016e-023	4.30656e-024	5.6219e-027	1.27437e-028	8.32123e-032	9.67309e-034	3.56411e-037	2.23793e-039	5.11324e-043	1.82352e-045	2.73798e-049	5.63984e-052	5.83158e-056	7.47044e-059	5.5881e-063	5.96846e-066	1.4178e-068	
N40	2.06128e-010	5.28277e-009	7.00787e-008	1.17033e-007	6.15613e-008	5.07402e-008	9.36368e-007	5.41714e-005	0.00164403	0.0189237	0.0932872	0.302069	0.415238	0.152236	0.0159554	0.00058079	9.82434e-006	1.82422e-007	4.38223e-009	6.49026e-011	5.12879e-013	6.87754e-015	1.09546e-016	4.66951e-018	3.75013e-020	7.66894e-022	1.90559e-024	1.73005e-026	1.43102e-029	5.03209e-032	1.82452e-035	2.43806e-038	4.78076e-042	3.11629e-045	3.3929e-049	2.00361e-052	1.13078e-056	9.38703e-060	3.3595e-064	3.27154e-067	1.07956e-071	2.06125e-074	7.43511e-078	6.90961e-080	4.53919e-082	
N41	5.18928e-010	4.10146e-009	3.49801e-008	6.95371e-008	1.81366e-007	4.94448e-006	0.000179404	0.00251815	0.0147792	0.0398716	0.0583581	0.140574	0.32304	0.28928	0.109456	0.0199373	0.00189833	9.87139e-005	2.84814e-006	6.87214e-008	3.25106e-009	2.22973e-009	1.20194e-010	3.92101e-011	1.08958e-012	1.72637e-013	2.41488e-015	2.03305e-016	1.30422e-018	5.83889e-020	1.85232e-022	3.99021e-024	7.43867e-027	7.76532e-029	9.24391e-032	5.7162e-034	4.45122e-037	1.9741e-039	1.03658e-042	3.68382e-045	1.36139e-048	4.4179e-051	1.73002e-053	5.78034e-055	1.7358e-056	
Bifiditermes_improbus	0	0	0	0	0	0	0	0	0	0	0	1	0	0	0	0	0	0	0	0	0	0	0	0	0	0	0	0	0	0	0	0	0	0	0	0	0	0	0	0	0	0	0	0	0	
Neotermes_insularis	0	0	0	0	0	0	0	0	0	0	0	0	0	0	0	0	0	0	0	1	0	0	0	0	0	0	0	0	0	0	0	0	0	0	0	0	0	0	0	0	0	0	0	0	0	
N42	6.32603e-013	5.75823e-011	2.22499e-009	1.02628e-008	6.66852e-009	3.88181e-009	1.30138e-008	9.58515e-007	8.34263e-005	0.00327588	0.0517139	0.303287	0.483246	0.149638	0.00861544	0.000137941	8.23585e-007	2.26314e-009	3.37908e-012	3.87676e-015	4.89382e-018	4.59225e-020	8.6781e-023	6.82166e-025	6.91373e-028	3.08094e-030	1.83216e-033	5.10836e-036	2.0988e-039	4.06799e-042	1.12527e-045	1.4363e-048	2.55032e-052	1.96535e-055	2.31016e-059	1.09316e-062	8.76714e-067	2.77908e-070	1.55023e-074	3.66077e-078	1.46443e-082	2.87344e-086	1.59361e-090	1.34979e-093	1.5568e-096	
N43	1.47286e-012	4.05659e-011	3.8628e-010	9.63221e-009	9.93241e-008	3.95132e-007	8.06384e-007	4.81863e-006	0.000365881	0.00973316	0.0942862	0.339932	0.410021	0.135933	0.00959879	0.000123148	5.66109e-007	1.22792e-009	1.4663e-012	1.08169e-015	5.79604e-019	1.96091e-021	5.02303e-024	6.67419e-026	1.23481e-028	9.72464e-031	1.20256e-033	5.76842e-036	4.57858e-039	1.35324e-041	6.35385e-045	1.12064e-047	3.04192e-051	2.90707e-054	4.97486e-058	2.74098e-061	3.06322e-065	1.19192e-068	9.02149e-073	2.81032e-076	1.50092e-080	4.07503e-084	4.57924e-088	7.04728e-091	1.17941e-093	
N44	2.43315e-016	1.23869e-013	8.46693e-011	2.27677e-008	5.17831e-008	8.58489e-009	5.76327e-010	2.32979e-010	5.06953e-008	1.05351e-005	0.00085483	0.0251866	0.239587	0.575716	0.155993	0.00264106	1.11531e-005	2.51937e-008	8.01261e-011	3.82073e-012	1.44119e-014	3.53454e-016	5.92015e-019	7.12351e-021	5.05373e-024	3.13449e-026	1.10755e-029	3.61318e-032	7.32062e-036	1.2667e-038	1.61493e-042	1.51142e-045	1.27527e-049	6.98593e-053	3.9628e-057	1.46632e-060	5.66192e-065	1.59198e-068	4.27869e-073	9.82334e-077	2.00834e-081	8.23217e-085	1.0077e-087	2.60994e-090	5.17537e-093	
N45	2.91705e-019	7.0221e-016	8.84266e-013	3.21596e-010	9.3469e-011	8.5074e-013	5.90425e-015	5.48676e-016	3.06569e-013	6.5549e-010	6.58826e-007	0.000258078	0.0305578	0.701281	0.2662	0.00169977	2.43235e-006	1.27848e-009	3.1591e-013	4.38593e-017	4.22454e-021	4.91201e-024	2.90967e-027	1.4746e-029	5.65423e-033	1.62377e-035	3.57415e-039	6.13164e-042	7.41093e-046	7.83883e-049	5.19649e-053	3.32282e-056	1.27619e-060	4.62055e-064	1.10715e-068	2.07669e-072	3.25408e-077	3.00389e-081	3.02887e-086	1.98006e-090	1.33241e-095	7.11701e-100	7.01687e-105	2.78148e-108	1.39699e-111	
Cryptotermes_austrinus	0	0	0	0	0	0	0	0	0	0	0	0	0	1	0	0	0	0	0	0	0	0	0	0	0	0	0	0	0	0	0	0	0	0	0	0	0	0	0	0	0	0	0	0	0	
Incisitermes_sp	0	0	0	0	0	0	0	0	0	0	0	0	0	0	1	0	0	0	0	0	0	0	0	0	0	0	0	0	0	0	0	0	0	0	0	0	0	0	0	0	0	0	0	0	0	
Cryptotermes_queenslandis	0	0	0	0	0	0	0	0	0	0	0	0	0	0	1	0	0	0	0	0	0	0	0	0	0	0	0	0	0	0	0	0	0	0	0	0	0	0	0	0	0	0	0	0	0	
Cryptotermes_primus	0	0	0	0	0	0	0	0	1	0	0	0	0	0	0	0	0	0	0	0	0	0	0	0	0	0	0	0	0	0	0	0	0	0	0	0	0	0	0	0	0	0	0	0	0	
N46	8.13031e-015	1.43926e-012	1.15086e-010	1.23789e-009	2.53814e-009	6.72544e-009	2.63972e-008	1.36989e-007	5.41949e-006	0.000523041	0.0207431	0.234933	0.532619	0.200873	0.0101929	0.00010892	3.61487e-007	4.97615e-010	3.4256e-013	2.88944e-016	4.7927e-019	1.21653e-020	1.79732e-023	2.64811e-025	1.99623e-028	1.71712e-030	6.84693e-034	3.57785e-036	8.05575e-040	2.57355e-042	3.36277e-046	6.16077e-049	4.95065e-053	4.74007e-056	2.53647e-060	1.30191e-063	4.98089e-068	1.86604e-071	9.22691e-076	7.32746e-079	6.56623e-083	6.16953e-086	1.8202e-089	2.14894e-091	2.56048e-093	
Cryptotermes_brevis	0	0	0	0	0	0	0	0	0	0	0	1	0	0	0	0	0	0	0	0	0	0	0	0	0	0	0	0	0	0	0	0	0	0	0	0	0	0	0	0	0	0	0	0	0	
N47	2.051e-016	3.78495e-014	4.24143e-012	3.84526e-010	1.2611e-008	6.90773e-008	5.73455e-008	2.71474e-007	1.62259e-006	6.8058e-005	0.00597577	0.132606	0.517225	0.319395	0.0243903	0.000336869	8.78162e-007	5.48906e-010	1.00809e-013	6.42673e-017	4.07546e-020	4.3395e-022	1.07196e-025	1.10253e-027	1.63503e-029	1.22009e-029	1.75952e-031	9.43102e-032	7.35626e-034	2.58502e-034	1.16937e-036	2.17336e-037	6.92061e-040	6.29617e-041	1.55599e-043	7.82558e-045	1.5249e-047	5.09116e-049	7.76698e-052	1.99694e-053	2.37793e-056	5.29953e-058	9.03361e-060	5.52126e-060	2.70824e-060	
N48	1.78961e-016	4.12606e-014	3.39135e-012	2.99228e-010	1.27255e-008	7.16628e-008	8.24672e-008	4.25087e-007	1.94872e-006	7.16344e-005	0.00596361	0.130303	0.511627	0.324157	0.0274153	0.000458344	1.55099e-006	1.30118e-009	3.00713e-013	6.91734e-017	3.51101e-020	1.73264e-020	1.27837e-023	5.47007e-024	1.41931e-027	3.59038e-028	3.10573e-032	5.00067e-033	1.35183e-037	1.3651e-038	1.20042e-043	6.17466e-045	2.52547e-050	4.57512e-052	1.19416e-057	5.04517e-060	9.98519e-066	1.46506e-068	2.26437e-074	1.52754e-077	1.84743e-083	6.92601e-087	1.37913e-092	4.6896e-094	1.90447e-095	
N49	1.10774e-016	1.62683e-014	2.22908e-012	2.3191e-010	1.49999e-008	2.61529e-007	8.10394e-007	9.94895e-007	1.83293e-006	1.69562e-005	0.000769109	0.0281321	0.225143	0.437278	0.258584	0.0477721	0.00226754	3.27897e-005	1.57171e-007	6.56589e-008	2.74687e-009	2.5855e-009	4.28483e-011	1.699e-011	9.95827e-014	2.04156e-014	3.82777e-017	4.34678e-018	2.76507e-021	1.50674e-022	4.33727e-026	7.77725e-028	1.39603e-031	7.60191e-034	9.11979e-038	2.2198e-040	1.69088e-044	2.904e-047	1.44297e-051	2.01641e-054	6.91266e-059	1.19289e-061	2.43907e-063	1.18229e-064	4.42505e-066	
Cryptotermes_cynocephalus	0	0	0	0	0	0	0	0	0	0	0	0	0	0	0	1	0	0	0	0	0	0	0	0	0	0	0	0	0	0	0	0	0	0	0	0	0	0	0	0	0	0	0	0	0	
Procryptotermes_australiensis	0	0	0	0	0	0	0	0	0	0	0	0	0	0	0	0	0	1	0	0	0	0	0	0	0	0	0	0	0	0	0	0	0	0	0	0	0	0	0	0	0	0	0	0	0	
Cryptotermes_domesticus	0	0	0	0	0	0	0	0	1	0	0	0	0	0	0	0	0	0	0	0	0	0	0	0	0	0	0	0	0	0	0	0	0	0	0	0	0	0	0	0	0	0	0	0	0	
N50	7.06158e-016	2.74212e-013	6.38069e-011	3.8585e-009	9.57742e-010	6.43994e-011	2.45248e-012	6.7078e-012	3.14268e-009	1.13907e-006	0.00019951	0.013275	0.238983	0.698032	0.0488258	0.000681194	3.27458e-006	7.0866e-009	8.11248e-012	5.80548e-015	3.2401e-018	1.14096e-020	1.99625e-023	2.09069e-025	3.25692e-028	2.29594e-030	2.54133e-033	1.0479e-035	7.26956e-039	1.74358e-041	6.55906e-045	8.82685e-048	1.88532e-051	1.34073e-054	1.80181e-058	7.60853e-062	6.66064e-066	2.00251e-069	1.17958e-073	2.85873e-077	1.18407e-081	2.53276e-085	2.58147e-089	3.25523e-092	4.20038e-095	
Cryptotermes_dudleyi	0	0	0	0	0	0	0	0	0	0	0	0	0	1	0	0	0	0	0	0	0	0	0	0	0	0	0	0	0	0	0	0	0	0	0	0	0	0	0	0	0	0	0	0	0	
Cryptotermes_secundus	0	0	0	0	0	0	0	0	0	0	0	0	0	1	0	0	0	0	0	0	0	0	0	0	0	0	0	0	0	0	0	0	0	0	0	0	0	0	0	0	0	0	0	0	0	
Kalotermes_flavicollis	0	0	0	0	0	0	0	0	0	0	0	0	0	0	0	0	0	0	0	0	0	0	0	0	0	0	0	1	0	0	0	0	0	0	0	0	0	0	0	0	0	0	0	0	0	
N51	5.78247e-012	2.53092e-010	9.60725e-009	1.98124e-007	3.90212e-007	7.59117e-008	6.78805e-009	2.43011e-009	1.26384e-007	9.37917e-006	0.000402884	0.0090383	0.0942949	0.384179	0.441738	0.0672737	0.0030066	5.66026e-005	5.48065e-007	3.58618e-009	2.03762e-011	3.0857e-013	2.61313e-015	3.79695e-017	2.08264e-019	1.75457e-021	6.10403e-024	3.12025e-026	7.03688e-029	2.27861e-031	3.37847e-034	7.19732e-037	7.13323e-040	1.05123e-042	7.12683e-046	7.75383e-049	3.70475e-052	3.16861e-055	1.09988e-058	7.77555e-062	2.06161e-065	1.4023e-068	8.2316e-072	1.6167e-074	3.36932e-077	
Glyptotermes_brevicornis	0	0	0	0	0	0	0	0	0	0	0	0	0	0	1	0	0	0	0	0	0	0	0	0	0	0	0	0	0	0	0	0	0	0	0	0	0	0	0	0	0	0	0	0	0	
Glyptotermes_iridipennis	0	0	0	0	0	0	0	0	0	0	0	0	0	0	1	0	0	0	0	0	0	0	0	0	0	0	0	0	0	0	0	0	0	0	0	0	0	0	0	0	0	0	0	0	0	
N52	3.95238e-006	2.59556e-006	1.06322e-005	7.44367e-005	0.00146643	0.0303604	0.262276	0.356912	0.18244	0.0441216	0.00598323	0.00512165	0.0146707	0.0274326	0.0320655	0.0233983	0.0104605	0.00276545	0.000403435	2.94518e-005	9.23227e-007	1.77552e-008	2.41744e-010	4.21484e-012	4.97854e-014	7.19783e-016	5.59919e-018	5.11285e-020	2.58605e-022	1.55874e-024	5.4138e-027	2.27919e-029	5.66959e-032	1.73562e-034	3.17482e-037	7.26469e-040	9.92869e-043	1.73914e-045	1.79714e-048	2.47226e-051	1.97382e-054	2.27857e-057	1.80704e-060	2.90666e-063	6.10974e-066	
Stolotermes_sp	0	0	0	0	0	0	0	0	0	1	0	0	0	0	0	0	0	0	0	0	0	0	0	0	0	0	0	0	0	0	0	0	0	0	0	0	0	0	0	0	0	0	0	0	0	
N53	9.54679e-010	1.7197e-010	4.41572e-009	4.60604e-007	4.32452e-005	0.00216181	0.0279049	0.00819575	0.0006412	2.18106e-005	3.74275e-007	2.63123e-008	5.37978e-007	1.51801e-005	0.000259349	0.00259085	0.0143899	0.0526189	0.119747	0.598185	0.131482	0.0403466	0.00129762	9.64105e-005	1.00072e-006	2.83243e-008	1.27487e-010	1.67043e-012	3.89365e-015	2.70845e-017	3.67099e-020	1.51275e-022	1.2879e-025	3.43492e-028	1.93753e-031	3.59227e-034	1.39611e-037	1.91272e-040	5.27725e-044	5.6283e-047	1.20103e-050	1.506e-053	1.86889e-056	1.03463e-058	5.02708e-061	
Zootermopsis_angusticollis	0	0	0	0	0	0	0	0	0	0	0	0	0	0	0	0	0	0	0	1	0	0	0	0	0	0	0	0	0	0	0	0	0	0	0	0	0	0	0	0	0	0	0	0	0	
Zootermopsis_nevadensis	0	0	0	0	0	0	0	0	0	0	0	0	0	0	0	0	0	0	0	1	0	0	0	0	0	0	0	0	0	0	0	0	0	0	0	0	0	0	0	0	0	0	0	0	0	
Mastotermes_darwiniensis	0	0	0	0	0	0	0	0	0	0	0	0	0	0	0	0	0	0	0	0	0	0	0	0	0	0	0	0	0	0	0	0	0	0	0	0	0	0	0	0	0	0	1	0	0	
Porotermes_adamsoni	0	0	0	0	0	0	0	0	0	0	0	0	0	1	0	0	0	0	0	0	0	0	0	0	0	0	0	0	0	0	0	0	0	0	0	0	0	0	0	0	0	0	0	0	0	
N54	0.00980545	0.0332439	0.114891	0.260628	0.323879	0.194053	0.0540015	0.00821679	0.000980841	0.000203618	7.0148e-005	2.12242e-005	4.77048e-006	8.20794e-007	1.06571e-007	1.19039e-008	1.02872e-009	8.39964e-011	4.73036e-012	2.4838e-013	8.32614e-015	2.66423e-016	5.44256e-018	1.10722e-019	1.45728e-021	2.00177e-023	1.78742e-025	1.75516e-027	1.11516e-029	8.27923e-032	3.91193e-034	2.30772e-036	8.55943e-039	4.25772e-041	1.31046e-043	5.6917e-046	1.56379e-048	6.26946e-051	1.56958e-053	5.7421e-056	1.49351e-058	6.13242e-061	2.28122e-063	1.18833e-065	6.87635e-068	
N55	0.0157893	0.0798127	0.289385	0.39433	0.183417	0.0341656	0.0029588	0.000137766	4.19231e-006	1.12846e-007	3.19034e-009	8.24174e-011	1.65169e-012	2.48561e-014	2.80889e-016	2.46027e-018	1.68131e-020	9.19615e-023	3.9612e-025	1.37089e-027	3.71846e-030	8.20493e-033	1.42226e-035	2.12493e-038	2.51628e-041	3.41684e-044	3.91406e-047	1.07039e-049	1.62828e-052	5.6885e-055	7.8207e-058	2.28938e-060	2.60895e-063	6.23493e-066	5.86981e-069	1.15826e-071	9.17679e-075	1.52937e-077	1.02537e-080	1.44972e-083	8.38834e-087	1.03716e-089	5.80308e-093	7.95677e-096	1.08582e-098	
Cryptocercus_primarius	0	0	0	1	0	0	0	0	0	0	0	0	0	0	0	0	0	0	0	0	0	0	0	0	0	0	0	0	0	0	0	0	0	0	0	0	0	0	0	0	0	0	0	0	0	
Cryptocercus_relictus	0	0	1	0	0	0	0	0	0	0	0	0	0	0	0	0	0	0	0	0	0	0	0	0	0	0	0	0	0	0	0	0	0	0	0	0	0	0	0	0	0	0	0	0	0	
Cryptocercus_punctulatus	0	0	0	0	0	0	0	0	0	0	0	0	0	0	0	0	0	1	0	0	0	0	0	0	0	0	0	0	0	0	0	0	0	0	0	0	0	0	0	0	0	0	0	0	0	
N56	0.00822045	0.0176562	0.0466354	0.115323	0.22363	0.289646	0.209293	0.0746772	0.0134693	0.00136026	8.38289e-005	4.85042e-006	2.74902e-007	1.712e-007	1.43189e-008	9.39683e-009	5.40527e-010	2.43211e-010	8.79344e-012	2.46859e-012	5.57455e-014	8.73326e-015	1.31369e-016	1.15482e-017	1.19438e-019	6.87259e-021	4.91316e-023	2.14888e-024	1.14698e-026	6.45997e-028	2.95323e-030	1.67357e-031	2.71987e-033	6.31471e-034	2.78975e-036	1.6696e-037	2.66709e-039	4.90849e-040	1.66927e-042	7.01006e-044	8.19631e-046	1.15092e-046	3.39867e-049	1.55952e-050	1.64528e-051	
N57	0.000279672	0.000789061	0.00226938	0.00689519	0.0354069	0.140177	0.294489	0.306161	0.16028	0.0450524	0.00721117	0.000853813	0.000111697	2.04587e-005	3.2301e-006	4.80569e-007	4.50565e-008	3.74447e-009	1.79005e-010	7.64162e-012	1.90008e-013	4.44523e-015	6.21332e-017	8.72081e-019	7.41658e-021	6.81753e-023	3.76638e-025	2.43486e-027	9.33443e-030	4.60258e-032	1.30098e-034	5.17536e-037	1.19637e-039	4.27781e-042	8.57161e-045	2.66537e-047	4.99055e-050	1.43016e-052	2.29748e-055	5.39845e-058	8.25791e-061	1.93501e-063	3.54129e-066	9.74282e-069	2.88524e-071	
N58	5.24888e-006	8.05496e-006	0.000102006	0.00218888	0.0342317	0.239975	0.457936	0.22348	0.0369727	0.0034668	0.000800879	0.000445978	0.000246046	0.000104674	2.89414e-005	5.7122e-006	7.63477e-007	1.89858e-007	1.86713e-008	3.30627e-009	1.27781e-010	9.10555e-012	1.54616e-013	5.19333e-015	4.54304e-017	8.21439e-019	4.10605e-021	4.38025e-023	1.34801e-025	9.19756e-028	1.84126e-030	8.5731e-033	1.17054e-035	3.9951e-038	3.87963e-041	1.01526e-043	7.48336e-047	1.76491e-049	1.02871e-052	2.20306e-055	1.68608e-058	7.12508e-061	1.03957e-063	6.32969e-066	3.84017e-068	
N59	3.62194e-007	1.18694e-006	2.18936e-006	9.33168e-005	0.00711827	0.163522	0.491251	0.304216	0.0316406	0.00136609	0.000355666	0.000252512	0.000134074	3.97477e-005	6.36233e-006	5.80431e-007	3.14453e-008	1.09975e-009	1.69112e-011	1.50639e-013	6.29028e-016	1.6703e-018	2.49458e-021	2.7049e-024	1.78081e-027	1.17004e-030	4.47891e-034	4.87632e-037	2.27806e-040	4.89867e-043	2.10083e-046	3.55769e-049	1.1048e-052	1.3281e-055	2.9807e-059	2.59092e-062	4.42502e-066	2.97366e-069	4.04215e-073	2.2746e-076	2.95875e-080	1.65698e-083	2.0349e-087	1.16839e-090	5.3013e-094	
Blatta_orientalis	0	0	0	0	0	0	0	0	0	0	0	0	0	0	0	0	0	1	0	0	0	0	0	0	0	0	0	0	0	0	0	0	0	0	0	0	0	0	0	0	0	0	0	0	0	
N60	9.00362e-008	2.9257e-007	2.10423e-007	3.13776e-006	0.000424725	0.0285173	0.308347	0.561466	0.0970509	0.00386471	0.000280658	4.16122e-005	2.92606e-006	9.28906e-008	1.41231e-009	1.10159e-011	4.65376e-014	1.11035e-016	1.23469e-019	7.4473e-023	2.38341e-026	4.56542e-030	5.50529e-034	4.57006e-038	2.58879e-042	1.59971e-046	7.15274e-051	1.04854e-053	1.87544e-057	6.69482e-060	1.0096e-063	2.80427e-066	2.92325e-070	6.11949e-073	4.28514e-077	6.72799e-080	3.25059e-084	3.8239e-087	1.31711e-091	1.15512e-094	2.96772e-099	1.93543e-102	3.44198e-107	1.43093e-110	1.02791e-114	
N61	2.6722e-008	1.81592e-007	7.26954e-007	6.0188e-006	7.04268e-005	0.00470948	0.121769	0.564496	0.276011	0.0317528	0.00116504	1.98803e-005	3.42606e-007	4.28885e-009	2.5271e-011	1.41533e-012	4.87894e-015	2.53848e-016	2.61864e-019	6.04082e-021	2.66232e-024	2.32013e-026	5.67201e-030	1.64484e-032	2.47588e-036	4.00224e-039	3.99548e-043	6.0273e-046	6.06194e-050	1.78601e-052	2.08496e-056	5.96438e-059	5.63569e-063	1.22593e-065	8.21005e-070	1.24946e-072	2.06382e-076	1.30396e-078	4.695e-083	8.25752e-086	2.44937e-089	1.37516e-091	3.88959e-096	4.54784e-099	1.26722e-101	
Periplaneta_americana	0	0	0	0	0	0	0	0	0	0	1	0	0	0	0	0	0	0	0	0	0	0	0	0	0	0	0	0	0	0	0	0	0	0	0	0	0	0	0	0	0	0	0	0	0	
Periplaneta_brunnea	0	0	0	0	0	0	0	1	0	0	0	0	0	0	0	0	0	0	0	0	0	0	0	0	0	0	0	0	0	0	0	0	0	0	0	0	0	0	0	0	0	0	0	0	0	
N62	1.19196e-008	8.65735e-010	3.95785e-011	2.16464e-009	1.78208e-006	0.000607534	0.0601345	0.912022	0.0270949	0.00013886	2.52761e-007	2.7081e-010	2.26378e-013	1.35005e-016	5.0541e-020	2.26398e-023	8.43079e-027	1.27484e-029	3.74822e-033	3.52075e-036	5.26547e-040	2.55436e-043	2.09418e-047	5.15611e-051	2.56143e-055	3.87885e-059	1.28469e-063	1.59665e-067	4.55058e-072	5.96177e-076	1.6909e-080	1.89857e-084	4.42059e-089	3.57756e-093	6.14459e-098	3.66467e-102	4.98545e-107	3.69193e-111	3.92795e-116	3.57015e-120	9.79499e-125	1.73838e-128	2.86666e-133	4.25646e-137	6.06094e-141	
Periplaneta_australasiae	0	0	0	0	0	0	0	1	0	0	0	0	0	0	0	0	0	0	0	0	0	0	0	0	0	0	0	0	0	0	0	0	0	0	0	0	0	0	0	0	0	0	0	0	0	
Periplaneta_fuliginosa	0	0	0	0	0	0	0	1	0	0	0	0	0	0	0	0	0	0	0	0	0	0	0	0	0	0	0	0	0	0	0	0	0	0	0	0	0	0	0	0	0	0	0	0	0	
Deropeltis_erythrocephala	0	0	0	0	0	0	0	0	0	0	0	0	0	0	0	0	0	0	1	0	0	0	0	0	0	0	0	0	0	0	0	0	0	0	0	0	0	0	0	0	0	0	0	0	0	
N63	3.0346e-005	0.00012184	0.000160621	0.000128719	0.000422657	0.00451008	0.0374603	0.164145	0.339203	0.31186	0.120259	0.0199549	0.00160163	0.000134956	6.77331e-006	5.55281e-007	1.47536e-008	6.01845e-010	7.96709e-012	1.68048e-013	1.22077e-015	1.47328e-017	6.34708e-020	4.80337e-022	1.30504e-024	6.73479e-027	1.21254e-029	4.57217e-032	5.77036e-035	1.76701e-037	1.65695e-040	4.43473e-043	4.24741e-046	1.6427e-048	1.38981e-051	4.15427e-054	4.81606e-057	1.91094e-059	1.29227e-062	2.77211e-065	2.34794e-068	6.80737e-071	4.54513e-074	1.14723e-076	3.38434e-079	
N64	5.62114e-006	1.38073e-005	2.89068e-005	0.000159614	0.000370119	0.000508831	0.0030378	0.0712146	0.285932	0.385895	0.205556	0.0439439	0.00329271	4.15052e-005	2.13401e-007	7.22426e-010	1.8878e-012	1.34654e-014	3.91949e-017	2.73173e-019	4.81611e-022	1.96335e-024	2.09202e-027	5.16167e-030	3.47455e-033	5.40358e-036	2.37998e-039	2.42322e-042	7.19781e-046	5.07436e-049	1.04489e-052	5.46137e-056	8.10778e-060	3.42382e-063	3.86994e-067	1.36834e-070	1.28061e-074	4.62116e-078	3.83693e-082	1.39384e-085	1.89947e-089	1.53388e-092	4.42962e-096	4.8476e-099	4.77997e-102	
Eurycotis_floridana	0	0	0	0	0	0	0	1	0	0	0	0	0	0	0	0	0	0	0	0	0	0	0	0	0	0	0	0	0	0	0	0	0	0	0	0	0	0	0	0	0	0	0	0	0	
Pelmatosilpha_sp	0	0	0	0	0	0	0	0	0	0	0	0	1	0	0	0	0	0	0	0	0	0	0	0	0	0	0	0	0	0	0	0	0	0	0	0	0	0	0	0	0	0	0	0	0	
Periplaneta_japonica	0	0	0	0	0	0	0	0	0	0	1	0	0	0	0	0	0	0	0	0	0	0	0	0	0	0	0	0	0	0	0	0	0	0	0	0	0	0	0	0	0	0	0	0	0	
Lamproblatta_albipalpus	0	0	1	0	0	0	0	0	0	0	0	0	0	0	0	0	0	0	0	0	0	0	0	0	0	0	0	0	0	0	0	0	0	0	0	0	0	0	0	0	0	0	0	0	0	
N65	0.00558206	0.0110728	0.0261341	0.0633035	0.148283	0.273677	0.289577	0.145341	0.0329324	0.00383232	0.00022919	3.30413e-005	1.58735e-006	3.23924e-007	7.38322e-009	6.95861e-010	7.34192e-012	3.26523e-013	1.6607e-015	3.46394e-017	8.98803e-020	8.88758e-022	1.24601e-024	6.49296e-027	5.19386e-030	1.84761e-032	8.87655e-036	2.3346e-038	1.30052e-041	9.85515e-044	3.31924e-047	8.89938e-050	6.795e-053	4.64846e-055	1.02814e-058	1.72559e-061	8.40059e-065	3.77525e-067	5.61596e-071	5.94592e-074	1.83995e-077	5.65045e-080	6.33044e-084	6.0938e-087	9.23583e-090	
N66	0.00648601	0.0146382	0.0321272	0.0595171	0.113906	0.212996	0.271835	0.195243	0.0752405	0.0159251	0.00188392	0.000184506	1.30278e-005	4.09752e-006	2.44789e-007	6.45299e-008	1.9711e-009	2.70569e-010	4.30114e-012	3.0551e-013	2.69007e-015	1.01278e-016	5.26693e-019	1.12048e-020	3.63028e-023	4.89953e-025	1.0293e-027	9.59563e-030	1.47049e-032	1.50631e-034	1.81594e-037	1.49329e-039	3.33295e-042	7.81977e-044	6.96872e-047	5.24556e-049	1.1358e-051	2.14486e-053	1.33045e-056	6.45029e-059	9.27031e-062	1.24261e-063	6.26421e-067	3.17493e-069	2.8383e-071	
N67	0.00616635	0.0165031	0.0361472	0.0511825	0.0774166	0.156842	0.247538	0.234746	0.126303	0.0391064	0.00687374	0.00103667	9.33899e-005	4.1267e-005	2.65068e-006	1.01013e-006	3.2993e-008	6.80899e-009	1.20335e-010	1.35669e-011	1.39821e-013	8.90553e-015	5.70559e-017	2.1547e-018	9.06087e-021	2.19102e-022	6.25499e-025	1.01958e-026	2.17734e-029	3.6263e-031	5.60882e-034	6.85871e-036	1.94443e-038	7.89214e-040	8.48745e-043	9.02211e-045	2.56579e-047	8.87116e-049	6.60518e-052	4.61719e-054	9.0243e-057	2.31582e-058	1.38485e-061	1.08062e-063	1.7277e-065	
N68	0.000165477	0.00164328	0.0073219	0.00719279	0.00378288	0.00907511	0.0289074	0.0709685	0.155414	0.261138	0.249507	0.142933	0.0438837	0.0152452	0.00234971	0.000441063	2.78001e-005	2.14578e-006	5.78558e-008	2.02327e-009	2.62035e-011	4.87541e-013	3.91144e-015	6.54402e-017	6.14163e-019	1.1831e-020	8.55965e-023	1.12814e-024	5.08133e-027	5.10428e-029	1.52815e-031	1.15844e-033	3.36556e-036	2.94882e-038	5.80102e-041	2.92671e-043	5.79009e-046	3.10667e-048	3.57828e-051	1.00904e-053	1.15086e-056	3.69181e-059	3.3206e-062	9.03433e-065	2.77761e-067	
N69	1.67359e-005	0.000174748	0.000531869	0.000335596	0.000234643	0.000800084	0.00430133	0.0230676	0.0920201	0.237156	0.323722	0.222118	0.0738124	0.0187428	0.00249057	0.000445992	2.52139e-005	3.92358e-006	1.05022e-007	1.33706e-008	3.47685e-010	1.53018e-010	1.3691e-011	7.20377e-012	4.49811e-013	1.55602e-013	6.10021e-015	1.27891e-015	3.15074e-017	4.12177e-018	6.23159e-020	4.88841e-021	5.09841e-023	3.19701e-024	1.97862e-026	6.5879e-028	3.13771e-030	1.09281e-031	2.64242e-034	3.6387e-036	9.25117e-039	2.48215e-040	3.02818e-043	3.96499e-045	1.15933e-046	
N70	2.19384e-006	2.3551e-005	5.04856e-005	2.74967e-005	2.08695e-005	9.23367e-005	0.00100375	0.0102929	0.0687362	0.238757	0.362609	0.230586	0.0691617	0.0154463	0.00275256	0.000398051	3.6711e-005	3.14172e-006	1.45896e-007	1.20069e-008	3.1209e-010	4.08054e-011	7.84859e-013	6.21047e-014	9.71494e-016	3.76169e-017	4.28149e-019	8.32817e-021	5.97497e-023	6.20779e-025	2.60999e-027	1.47284e-029	3.99025e-032	1.46533e-034	2.43424e-037	4.78581e-040	5.25633e-043	8.59754e-046	6.22365e-049	6.23458e-052	2.81139e-055	4.60966e-058	3.82376e-061	3.36612e-063	3.35679e-065	
N71	8.98378e-008	1.11894e-006	2.50368e-006	3.1181e-006	3.2163e-006	1.07e-005	0.000178344	0.00408853	0.0496666	0.234596	0.390653	0.234073	0.0636718	0.0172577	0.00476032	0.000887065	0.00012696	1.73073e-005	1.49414e-006	7.36852e-007	4.98054e-008	2.6223e-008	7.12583e-010	1.48944e-010	1.55526e-012	1.31795e-013	5.72467e-016	2.13097e-017	4.32426e-020	7.6664e-022	8.11045e-025	7.30419e-027	4.48928e-030	2.2644e-032	8.63115e-036	2.5187e-038	6.33485e-042	1.20937e-044	2.08965e-048	2.6204e-051	3.27745e-055	3.66573e-058	6.18118e-062	2.89861e-064	1.87205e-066	
N72	3.21562e-008	3.01032e-007	1.48322e-006	2.65504e-006	2.42143e-006	6.83517e-006	0.000154683	0.00429303	0.0548761	0.252088	0.393136	0.215701	0.0549863	0.0172927	0.0058547	0.00130402	0.000246259	4.26184e-005	5.18809e-006	2.34932e-006	3.45981e-007	2.05827e-006	1.53147e-007	5.69015e-007	1.60465e-008	2.61716e-008	2.85396e-010	2.08271e-010	9.65259e-013	3.24079e-013	7.22252e-016	1.13185e-016	1.38489e-019	1.04764e-020	7.77873e-024	2.91126e-025	1.42147e-028	2.84583e-030	9.6157e-034	1.09361e-035	2.66904e-039	2.08626e-041	4.67576e-045	1.39888e-046	1.35454e-047	
N73	7.85715e-010	1.71092e-008	1.72703e-007	1.08778e-006	3.35796e-006	6.24873e-006	1.77757e-005	0.000519437	0.0138032	0.130916	0.365313	0.337279	0.124379	0.0234779	0.00313633	0.000705917	0.00031365	9.78352e-005	2.04868e-005	5.1991e-006	1.83587e-006	1.28152e-006	3.23873e-007	9.67091e-008	7.79232e-009	7.74356e-010	1.93752e-011	6.32951e-013	5.69443e-015	8.09759e-017	3.1246e-019	2.91812e-021	6.39543e-024	5.64981e-026	9.68034e-029	7.77697e-031	1.00322e-033	5.58395e-036	4.95415e-039	1.78701e-041	1.09898e-044	2.80049e-047	2.70087e-050	1.97124e-052	1.65489e-054	
N74	1.70509e-011	6.712e-010	2.3302e-008	4.64623e-007	2.41731e-006	5.11478e-006	8.75634e-006	3.45702e-005	0.00104552	0.0222489	0.16119	0.381505	0.31907	0.100399	0.0131279	0.00114355	0.000171168	3.54921e-005	8.54995e-006	2.63994e-006	7.71219e-007	1.78927e-007	2.02204e-008	1.43752e-009	4.11674e-011	8.19018e-013	6.36187e-015	3.44422e-017	9.01737e-020	1.70074e-022	1.81258e-025	1.79919e-028	9.33473e-032	9.69357e-035	2.93082e-038	4.86948e-041	1.14269e-044	3.18861e-047	1.00559e-050	4.59166e-053	1.66353e-056	9.92799e-059	5.71411e-061	4.79089e-063	2.87448e-065	
N75	7.36816e-013	6.43856e-011	6.57431e-009	2.67275e-007	1.66714e-006	2.73755e-006	4.77715e-006	2.20756e-005	0.000140202	0.001088	0.0168905	0.139052	0.385067	0.33873	0.105375	0.0128516	0.000729491	4.02182e-005	3.39453e-006	5.22681e-007	2.81278e-008	1.78406e-009	2.80019e-011	6.92529e-013	2.78875e-015	5.11923e-017	7.35258e-020	9.87762e-022	7.2746e-025	4.93815e-027	2.18745e-030	7.74345e-033	2.21849e-036	4.69267e-039	9.07625e-043	1.30955e-045	1.7925e-049	2.0417e-052	2.22925e-056	2.6509e-059	3.44399e-063	8.04473e-066	1.57879e-068	1.54996e-070	1.28623e-072	
N76	1.13046e-012	1.95797e-010	2.04143e-008	2.84323e-007	8.0073e-007	8.71974e-007	3.2285e-006	8.57177e-006	1.8363e-005	0.000244455	0.00687606	0.0931842	0.369024	0.381987	0.130987	0.0167823	0.000860359	2.17921e-005	5.16723e-007	1.78763e-008	3.21475e-010	4.80364e-012	2.64925e-014	1.75315e-016	3.81761e-019	6.27411e-021	2.96946e-023	4.19336e-024	3.39459e-026	3.74092e-027	1.51612e-029	8.28227e-031	1.74354e-033	4.7699e-035	5.7716e-038	8.32232e-040	6.29271e-043	5.11817e-045	2.58851e-048	1.32872e-050	4.99698e-054	2.25599e-056	9.02895e-060	7.5646e-062	6.74852e-064	
Archimandrita_tessellata	0	0	0	0	0	0	0	0	0	0	0	0	0	0	0	0	1	0	0	0	0	0	0	0	0	0	0	0	0	0	0	0	0	0	0	0	0	0	0	0	0	0	0	0	0	
N77	4.92299e-013	8.71063e-011	7.49424e-009	6.10575e-009	4.33875e-010	1.92503e-011	9.83889e-011	6.02843e-009	6.51127e-007	9.42223e-005	0.00783987	0.233039	0.647674	0.1065	0.00476796	8.26538e-005	6.52894e-007	2.68111e-009	6.53694e-012	3.15592e-014	5.85955e-015	1.26475e-015	2.06836e-016	3.28941e-017	5.44736e-018	6.37379e-018	1.7149e-018	1.64484e-018	2.26064e-019	8.42758e-020	3.4822e-021	1.74691e-022	9.74429e-025	1.40599e-026	3.03274e-029	1.94199e-031	2.11394e-034	6.98689e-037	4.3813e-040	8.30449e-043	3.25239e-046	4.01723e-049	1.09328e-052	1.25964e-055	1.8367e-058	
Blaberus_discoidalis	0	0	0	0	0	0	0	0	0	0	0	0	1	0	0	0	0	0	0	0	0	0	0	0	0	0	0	0	0	0	0	0	0	0	0	0	0	0	0	0	0	0	0	0	0	
Blaberus_giganteus	0	0	0	0	0	0	0	0	0	0	0	0	0	0	0	0	0	0	0	0	0	0	0	0	0	0	0	0	0	0	1	0	0	0	0	0	0	0	0	0	0	0	0	0	0	
Byrsotria_fumigata	0	0	0	0	0	0	0	0	0	0	0	0	0	0	0	0	0	1	0	0	0	0	0	0	0	0	0	0	0	0	0	0	0	0	0	0	0	0	0	0	0	0	0	0	0	
N78	3.75569e-010	2.21024e-008	1.04177e-007	1.60832e-007	6.23597e-007	4.55551e-006	2.45436e-005	8.98634e-005	0.000544071	0.0202516	0.196557	0.371941	0.288774	0.103543	0.0168653	0.00115101	8.16089e-005	7.33301e-005	5.41917e-005	2.68394e-005	9.36917e-006	3.67164e-006	1.30591e-006	1.34201e-006	3.73982e-007	1.78892e-007	1.57848e-008	1.26203e-009	1.97333e-011	4.54692e-013	2.74935e-015	2.76314e-017	8.27293e-020	4.36332e-022	7.3525e-025	2.33863e-027	2.42511e-030	5.29226e-033	3.69974e-036	6.19819e-039	3.25006e-042	4.53511e-045	2.86694e-048	8.41642e-051	3.45041e-053	
Eublaberus_distanti	0	0	0	0	0	0	0	0	0	0	0	0	0	0	0	0	0	0	0	0	0	0	0	0	0	0	1	0	0	0	0	0	0	0	0	0	0	0	0	0	0	0	0	0	0	
Eublaberus_posticus	0	0	0	0	0	0	0	0	0	0	0	0	0	0	0	1	0	0	0	0	0	0	0	0	0	0	0	0	0	0	0	0	0	0	0	0	0	0	0	0	0	0	0	0	0	
Gromphadorhina_portentosa	0	0	0	0	0	0	0	0	0	0	0	0	0	0	0	0	0	0	0	0	0	0	0	0	0	1	0	0	0	0	0	0	0	0	0	0	0	0	0	0	0	0	0	0	0	
N79	6.7307e-010	1.5344e-009	1.22224e-009	4.07634e-009	5.04316e-008	7.78768e-006	0.000733942	0.0100977	0.022404	0.0192862	0.00223181	4.61111e-005	6.62703e-006	5.81148e-006	3.35046e-006	1.22466e-006	6.83505e-007	1.38376e-005	0.000286331	0.00355821	0.0233778	0.0892261	0.162325	0.321486	0.207972	0.11778	0.0181587	0.000974921	1.55478e-005	2.11411e-007	1.21984e-009	7.13564e-012	1.983e-014	6.23314e-017	9.62589e-020	1.87543e-022	1.7681e-025	2.3692e-028	1.4603e-031	1.45443e-034	6.38462e-038	5.71939e-041	4.46365e-044	8.69465e-047	1.78331e-049	
Lanxoblatta_emarginata	0	0	0	0	0	0	0	0	0	0	0	0	0	0	0	0	0	0	0	0	0	0	0	0	0	0	1	0	0	0	0	0	0	0	0	0	0	0	0	0	0	0	0	0	0	
Phoetalia_sp	0	0	0	0	0	0	0	0	0	0	0	0	0	0	0	0	0	0	0	0	1	0	0	0	0	0	0	0	0	0	0	0	0	0	0	0	0	0	0	0	0	0	0	0	0	
N80	3.92017e-010	1.54842e-008	4.92162e-007	3.3444e-006	2.60404e-006	6.4193e-007	6.49962e-007	3.62255e-006	0.000109861	0.00255055	0.0312374	0.179981	0.414661	0.294344	0.071297	0.00560821	0.000194963	3.93239e-006	5.48361e-008	1.11731e-009	1.7484e-011	4.3762e-013	4.81198e-015	7.12455e-017	4.77291e-019	4.14097e-021	1.72145e-023	9.22964e-026	2.45295e-028	8.66682e-031	1.5289e-033	3.83475e-036	4.6974e-039	8.98981e-042	8.02491e-045	1.23859e-047	8.42238e-051	1.08543e-053	5.83532e-057	6.45469e-060	3.1337e-063	4.35391e-066	7.63562e-069	2.44413e-071	7.59395e-074	
Epilampra_sp	0	0	0	0	0	0	0	0	0	0	0	0	0	0	1	0	0	0	0	0	0	0	0	0	0	0	0	0	0	0	0	0	0	0	0	0	0	0	0	0	0	0	0	0	0	
Nauphoeta_cinerea	0	0	0	0	0	0	0	0	0	0	0	0	1	0	0	0	0	0	0	0	0	0	0	0	0	0	0	0	0	0	0	0	0	0	0	0	0	0	0	0	0	0	0	0	0	
Pycnoscelus_surinamensis	0	0	0	0	0	0	0	0	0	0	0	1	0	0	0	0	0	0	0	0	0	0	0	0	0	0	0	0	0	0	0	0	0	0	0	0	0	0	0	0	0	0	0	0	0	
Macropanesthia_rhinoceros	0	0	0	0	0	0	0	0	0	0	0	0	0	0	0	0	0	0	0	0	0	0	0	0	0	0	0	0	0	0	0	0	0	1	0	0	0	0	0	0	0	0	0	0	0	
N81	4.75258e-005	0.000277452	0.00177462	0.0069577	0.0167609	0.0296357	0.0369246	0.0415823	0.0701096	0.154714	0.243538	0.226456	0.122164	0.0399099	0.00802425	0.00103338	8.38689e-005	5.98353e-006	3.22849e-007	4.70657e-008	2.20386e-009	2.33991e-010	5.8988e-012	3.32251e-013	4.65714e-015	1.47296e-016	1.21767e-018	2.29284e-020	1.19319e-022	1.4487e-024	4.99017e-027	4.15937e-029	1.01369e-031	6.49971e-034	1.18719e-036	5.79656e-039	8.08334e-042	3.22909e-044	3.52515e-047	1.12131e-049	1.01939e-052	3.79769e-055	1.04099e-057	1.23595e-059	1.50981e-061	
N82	1.60454e-005	9.04759e-005	0.000613324	0.00295193	0.00942307	0.0198099	0.026569	0.0245439	0.0221557	0.0390178	0.102913	0.201493	0.240997	0.174491	0.0755221	0.0312214	0.009216	0.0130962	0.00293182	0.00256465	0.000255157	0.000102145	4.82551e-006	9.50101e-007	2.36086e-008	2.46047e-009	3.51785e-011	2.0783e-012	1.83676e-014	6.62044e-016	3.81306e-018	8.99879e-020	3.52671e-022	5.91857e-024	1.62716e-026	2.03503e-028	4.38838e-031	6.60764e-033	1.1137e-035	1.46987e-037	5.91303e-040	2.3002e-041	7.71622e-044	2.98236e-045	1.3426e-046	
Diploptera_punctata	0	0	0	0	0	0	0	0	0	0	0	0	0	0	0	0	0	1	0	0	0	0	0	0	0	0	0	0	0	0	0	0	0	0	0	0	0	0	0	0	0	0	0	0	0	
N83	1.39666e-006	1.08129e-005	0.000326626	0.0013105	0.00222439	0.00403342	0.0173535	0.0236731	0.0167925	0.00738231	0.00485165	0.0410567	0.160007	0.281397	0.256382	0.133554	0.0408457	0.00796695	0.000802022	2.84866e-005	4.63976e-007	5.12034e-009	3.16059e-011	1.72846e-013	5.67458e-016	2.25884e-018	5.33663e-021	1.81741e-023	3.32713e-026	8.62271e-029	1.15414e-031	2.14466e-034	2.06727e-037	2.80442e-040	1.97277e-043	2.03235e-046	1.08343e-049	9.06586e-053	3.8868e-056	2.84636e-059	1.13519e-062	8.53367e-066	4.54596e-069	4.72131e-072	5.16753e-075	
Panchlora_nivea	0	0	0	0	0	0	0	0	0	0	0	1	0	0	0	0	0	0	0	0	0	0	0	0	0	0	0	0	0	0	0	0	0	0	0	0	0	0	0	0	0	0	0	0	0	
Rhabdoblatta_sp	0	0	0	0	0	0	0	0	0	0	0	0	0	0	0	0	0	0	1	0	0	0	0	0	0	0	0	0	0	0	0	0	0	0	0	0	0	0	0	0	0	0	0	0	0	
Galiblatta_sp	0	0	0	0	0	0	0	1	0	0	0	0	0	0	0	0	0	0	0	0	0	0	0	0	0	0	0	0	0	0	0	0	0	0	0	0	0	0	0	0	0	0	0	0	0	
N84	0.010889	0.0180547	0.0328705	0.0666465	0.131291	0.207054	0.232673	0.176324	0.0879743	0.0288905	0.00629202	0.000935196	9.71554e-005	7.64776e-006	4.67794e-007	2.94601e-008	1.60803e-009	1.31331e-010	6.95885e-012	5.31905e-013	2.15121e-014	1.19818e-015	3.46187e-017	1.37192e-018	2.83787e-020	8.22583e-022	1.23705e-023	2.72226e-025	3.0473e-027	5.33259e-029	4.57215e-031	6.63051e-033	4.57558e-035	5.88483e-037	3.45402e-039	3.9886e-041	2.18154e-043	2.60305e-045	1.31304e-047	1.46268e-049	8.62142e-052	1.31814e-053	1.33718e-055	2.87239e-057	7.21561e-059	
Margattea_sp	0	0	0	0	0	0	0	0	0	1	0	0	0	0	0	0	0	0	0	0	0	0	0	0	0	0	0	0	0	0	0	0	0	0	0	0	0	0	0	0	0	0	0	0	0	
Supella_longipalpa	0	0	0	1	0	0	0	0	0	0	0	0	0	0	0	0	0	0	0	0	0	0	0	0	0	0	0	0	0	0	0	0	0	0	0	0	0	0	0	0	0	0	0	0	0	
N85	0.00712947	0.0268088	0.0841359	0.129098	0.103219	0.0923585	0.135559	0.169969	0.141599	0.0766059	0.0266116	0.00597109	0.000848983	8.10328e-005	5.26552e-006	2.95328e-007	1.3056e-008	6.22746e-010	2.12611e-011	7.51493e-013	1.75301e-014	4.18547e-016	6.60838e-018	1.09304e-019	1.20522e-021	1.44532e-023	1.14966e-025	1.04402e-027	6.18403e-030	4.44508e-032	2.0164e-034	1.19118e-036	4.30122e-039	2.21188e-041	6.6502e-044	3.10313e-046	8.64331e-049	4.07684e-051	1.11332e-053	5.10937e-056	1.63529e-058	8.83471e-061	4.13094e-063	2.63836e-065	1.83232e-067	
Ectobius_pallidus	0	0	0	0	1	0	0	0	0	0	0	0	0	0	0	0	0	0	0	0	0	0	0	0	0	0	0	0	0	0	0	0	0	0	0	0	0	0	0	0	0	0	0	0	0	
Panchlora_viridis	0	0	0	0	0	0	0	0	0	0	0	0	1	0	0	0	0	0	0	0	0	0	0	0	0	0	0	0	0	0	0	0	0	0	0	0	0	0	0	0	0	0	0	0	0	
N86	0.00453866	0.0090926	0.0210151	0.0521831	0.126018	0.237174	0.280636	0.18602	0.0671856	0.0141154	0.00175233	0.000237443	2.09296e-005	9.48869e-006	7.19516e-007	2.94804e-007	1.38928e-008	3.52912e-009	9.8956e-011	1.46063e-011	2.4597e-013	2.05548e-014	2.1598e-016	1.05217e-017	7.20546e-020	2.29554e-021	1.05047e-023	2.33083e-025	8.31202e-028	2.47131e-029	6.77508e-032	1.34179e-033	7.07447e-036	4.43574e-037	8.86809e-040	1.52477e-041	7.56934e-044	3.86148e-045	5.57985e-048	6.78213e-050	2.41495e-052	9.0836e-054	1.09633e-056	1.48722e-058	3.84031e-060	
N87	0.00278081	0.00697965	0.0191912	0.0508646	0.121627	0.219453	0.261428	0.195293	0.0904346	0.0263649	0.00491229	0.000614067	5.25929e-005	3.74128e-006	2.16292e-007	1.74052e-008	9.82212e-010	7.67914e-011	3.14009e-012	1.67518e-013	4.55449e-015	1.62035e-016	2.9611e-018	7.27121e-020	9.15341e-022	1.62521e-023	1.44667e-025	1.94384e-027	1.26388e-029	1.35991e-031	6.68316e-034	6.01128e-036	2.42895e-038	2.10069e-040	7.53646e-043	6.17886e-045	2.44613e-047	2.39146e-049	8.25521e-052	6.40334e-054	2.4881e-056	2.27343e-058	1.0931e-060	1.18601e-062	1.50029e-064	
N88	0.000732659	0.00349027	0.019729	0.0823804	0.213528	0.310936	0.241723	0.100761	0.0233114	0.00313737	0.000256921	1.34273e-005	4.65077e-007	1.13552e-008	2.00859e-010	3.21693e-012	4.324e-014	9.78575e-016	1.3866e-017	3.51175e-019	3.86284e-021	7.29588e-023	5.77672e-025	7.83583e-027	4.50844e-029	4.48574e-031	1.9064e-033	1.42903e-035	4.56459e-038	2.65734e-040	6.48149e-043	3.01392e-045	5.73903e-048	2.22627e-050	3.38322e-053	1.12478e-055	1.46803e-058	4.87539e-061	5.62858e-064	1.76485e-066	2.44851e-069	1.16929e-071	2.86069e-074	2.08163e-076	1.63917e-078	
N89	5.59668e-005	0.000623936	0.00841761	0.0673346	0.259526	0.402496	0.212495	0.0444997	0.00432375	0.000220662	6.4534e-006	1.19495e-007	1.46767e-009	1.70415e-011	1.63053e-013	3.14878e-015	2.97193e-017	5.04672e-019	3.26975e-021	3.70943e-023	1.62766e-025	1.26239e-027	3.85368e-030	2.12453e-032	4.62785e-035	1.88851e-037	2.99688e-040	9.3954e-043	1.11242e-045	2.82604e-048	2.54116e-051	5.4235e-054	4.12641e-057	9.76043e-060	6.58719e-063	1.49694e-065	1.39438e-068	4.83535e-071	3.16816e-074	6.65149e-077	5.6728e-080	1.65021e-082	1.29685e-085	3.77126e-088	1.24992e-090	
Blattella_bisignata	0	0	0	0	0	1	0	0	0	0	0	0	0	0	0	0	0	0	0	0	0	0	0	0	0	0	0	0	0	0	0	0	0	0	0	0	0	0	0	0	0	0	0	0	0	
Blattella_germanica	0	0	0	0	0	1	0	0	0	0	0	0	0	0	0	0	0	0	0	0	0	0	0	0	0	0	0	0	0	0	0	0	0	0	0	0	0	0	0	0	0	0	0	0	0	
Blattella_sauteri	0	0	0	0	0	1	0	0	0	0	0	0	0	0	0	0	0	0	0	0	0	0	0	0	0	0	0	0	0	0	0	0	0	0	0	0	0	0	0	0	0	0	0	0	0	
Loboptera_decipiens	0	0	0	0	0	0	0	0	0	0	1	0	0	0	0	0	0	0	0	0	0	0	0	0	0	0	0	0	0	0	0	0	0	0	0	0	0	0	0	0	0	0	0	0	0	
N90	0.00111206	0.00271012	0.00589025	0.00951357	0.0145254	0.0313364	0.0814503	0.173154	0.249263	0.231552	0.133633	0.0505656	0.0122992	0.0025476	0.000378089	6.28582e-005	6.17148e-006	6.4368e-007	3.61654e-008	2.17018e-009	7.12622e-011	2.60317e-012	5.26684e-014	1.2529e-015	1.64496e-017	2.72856e-019	2.42873e-021	2.97393e-023	1.89359e-025	1.85923e-027	8.93483e-030	7.40773e-032	3.10062e-034	2.59048e-036	9.88394e-039	7.3146e-041	2.86157e-043	2.1342e-045	6.8708e-048	3.91818e-050	1.23999e-052	7.33962e-055	2.67655e-057	1.84845e-059	1.48567e-061	
N91	0.00032008	0.00124378	0.00464206	0.00956007	0.0125812	0.0223082	0.0627515	0.153049	0.251851	0.258317	0.156262	0.0546541	0.0110112	0.00133968	0.000102827	5.61529e-006	2.14248e-007	7.25327e-009	1.65753e-010	5.59478e-012	9.62352e-014	3.62266e-015	4.54333e-017	1.28597e-018	1.10436e-020	2.14589e-022	1.28082e-024	1.74447e-026	7.47873e-029	7.44106e-031	2.35784e-033	1.77514e-035	4.33802e-038	2.63207e-040	5.14549e-043	2.56625e-045	4.22134e-048	1.8609e-050	2.5884e-053	9.49279e-056	1.16108e-058	4.18692e-061	6.06443e-064	3.9946e-066	3.73131e-068	
N92	4.64104e-005	0.000132996	0.000611156	0.00512567	0.0277267	0.0890309	0.161705	0.221793	0.263168	0.171969	0.0511424	0.00705851	0.00047266	1.61152e-005	2.95773e-007	3.13622e-009	2.04837e-011	9.02417e-014	2.83969e-016	1.10581e-018	4.01965e-021	3.63553e-023	1.28791e-025	8.98779e-028	2.1842e-030	1.01445e-032	1.70042e-035	5.39714e-038	6.37355e-041	1.42402e-043	1.20776e-046	1.95688e-049	1.21479e-052	1.47711e-055	6.83415e-059	6.45736e-062	2.26863e-065	1.72817e-068	4.6949e-072	2.96789e-075	6.43883e-079	3.77674e-082	1.4908e-085	2.64866e-088	5.4277e-091	
N93	2.91709e-006	9.79928e-006	0.000445267	0.0216346	0.0990834	0.154294	0.0911138	0.096263	0.218427	0.210794	0.0891293	0.0172557	0.00149671	5.0788e-005	3.83798e-007	2.16128e-009	1.06866e-011	2.73031e-013	1.08415e-015	1.64071e-017	3.35371e-020	2.72537e-022	3.00388e-025	1.34575e-027	8.82868e-031	2.3049e-033	9.73056e-037	1.58763e-039	4.5359e-043	4.97317e-046	9.92867e-050	7.83261e-053	1.11844e-056	6.78152e-060	7.05973e-064	3.488e-067	3.00079e-071	2.16447e-074	1.72331e-078	1.46351e-081	3.69469e-085	7.44377e-088	1.73102e-091	3.57976e-094	6.84186e-097	
Hemithyrsocera_sp	0	0	0	0	0	0	1	0	0	0	0	0	0	0	0	0	0	0	0	0	0	0	0	0	0	0	0	0	0	0	0	0	0	0	0	0	0	0	0	0	0	0	0	0	0	
Symplocodes_sp	0	0	0	0	0	0	0	0	0	0	0	0	0	1	0	0	0	0	0	0	0	0	0	0	0	0	0	0	0	0	0	0	0	0	0	0	0	0	0	0	0	0	0	0	0	
Symploce_sp	0	0	0	0	0	0	0	1	0	0	0	0	0	0	0	0	0	0	0	0	0	0	0	0	0	0	0	0	0	0	0	0	0	0	0	0	0	0	0	0	0	0	0	0	0	
Lobopterella_dimidiatipes	0	0	0	0	0	0	0	0	0	0	0	0	1	0	0	0	0	0	0	0	0	0	0	0	0	0	0	0	0	0	0	0	0	0	0	0	0	0	0	0	0	0	0	0	0	
Xestoblatta_sp	0	0	0	0	0	0	0	0	0	0	0	0	1	0	0	0	0	0	0	0	0	0	0	0	0	0	0	0	0	0	0	0	0	0	0	0	0	0	0	0	0	0	0	0	0	
