NODE	13	14	15	16	17	18	19	20	21	22	23	24	25	26	27	28	29	30	31	32	33	34	35	36	37	38	39	40	41	42	43	44	45	46	47	48	49	50	51	
N1	9.78041e-012	9.27467e-011	2.82571e-008	8.85474e-006	0.000981959	0.0311977	0.245369	0.451011	0.223025	0.0443572	0.00392952	0.000118646	8.95258e-007	1.95365e-009	1.63613e-012	5.46948e-018	8.17363e-020	9.55834e-022	8.99746e-024	6.94162e-026	4.44987e-028	2.39875e-030	1.09948e-032	4.32921e-035	1.47812e-037	4.41328e-040	1.16111e-042	2.71025e-045	5.64753e-048	1.05663e-050	1.78576e-053	2.74947e-056	3.92363e-059	5.39042e-062	7.59127e-065	1.14615e-067	1.78782e-070	2.6346e-073	3.70661e-076	
N2	1.35226e-010	6.98004e-009	1.21016e-006	0.000105567	0.0040627	0.0615248	0.313211	0.443578	0.156166	0.0197312	0.0015682	5.12363e-005	5.99051e-007	2.88405e-009	6.5751e-012	8.0484e-015	7.42504e-018	3.57401e-019	3.21661e-021	2.98704e-022	1.58226e-024	7.93069e-026	2.32364e-028	6.82329e-030	9.79654e-033	1.80837e-034	1.21073e-037	1.43305e-039	5.1042e-043	3.87827e-045	8.758e-049	4.44694e-051	6.5446e-055	2.09218e-057	2.01397e-061	3.43834e-064	2.3092e-068	2.44818e-071	3.73957e-074	
N3	4.58503e-014	2.60902e-012	2.15892e-009	1.10356e-006	0.000216613	0.012585	0.170248	0.53173	0.268982	0.0159415	0.000293992	2.11217e-006	6.28108e-009	9.50678e-012	1.13538e-014	2.08538e-016	6.35186e-019	1.25624e-020	1.99945e-023	2.21505e-025	1.83048e-028	1.22195e-030	5.24707e-034	2.1847e-036	5.00579e-040	1.2865e-042	1.70975e-046	2.62926e-049	2.33245e-053	2.30202e-056	1.57763e-060	1.25676e-063	7.30106e-068	5.11723e-071	2.38722e-075	1.23184e-078	7.34446e-083	1.22307e-085	3.55299e-088	
N4	8.05435e-021	3.87086e-021	3.67206e-017	3.20646e-013	1.35491e-009	2.29965e-006	0.0011735	0.111187	0.876061	0.0115519	2.45753e-005	1.62794e-008	4.5548e-012	6.75108e-016	7.6562e-020	9.79929e-023	4.19762e-026	7.7033e-029	2.04532e-032	1.98281e-035	3.35429e-039	1.7908e-042	1.87218e-046	5.65071e-050	3.26589e-054	5.73418e-058	1.72121e-062	1.72631e-066	2.79184e-071	1.52857e-075	1.47335e-080	6.60031e-085	4.11521e-089	2.10201e-092	1.26046e-096	3.2201e-100	5.64566e-104	4.8456e-107	3.22845e-110	
N5	6.5635e-025	2.07666e-025	4.90059e-021	1.59946e-016	2.72925e-012	2.06779e-008	5.32746e-005	0.0280756	0.96354	0.00832177	8.94459e-006	2.69871e-009	3.26217e-013	1.93053e-017	6.36354e-022	2.72434e-026	1.18069e-029	2.56068e-031	1.27862e-034	1.52788e-036	5.01848e-040	3.41069e-042	7.16973e-046	2.88867e-048	3.28679e-052	8.32128e-055	3.59596e-059	1.56141e-061	1.73571e-064	2.47731e-065	2.06234e-068	1.22125e-069	6.52403e-072	9.63614e-073	4.93187e-076	6.42196e-078	5.12353e-081	1.09926e-081	2.84407e-082	
N6	4.22845e-032	1.20643e-033	3.72831e-028	1.74986e-022	4.26983e-017	4.70221e-012	1.8428e-007	0.00162637	0.996975	0.00139869	1.84855e-007	6.03719e-012	7.31651e-017	4.09835e-022	1.21284e-027	2.1594e-033	8.30653e-039	1.33687e-041	4.94617e-046	1.30631e-046	1.6601e-046	1.2975e-045	7.92134e-048	1.0399e-048	4.6466e-051	6.41073e-052	1.77675e-052	1.93287e-050	7.08153e-048	1.09638e-043	4.73415e-042	4.22659e-039	3.5391e-038	2.03667e-036	7.17467e-038	7.21918e-038	4.35833e-039	7.75369e-038	1.79438e-036	
N7	8.34262e-033	2.14733e-032	5.24642e-027	1.33621e-021	1.82136e-016	1.1682e-011	2.84311e-007	0.00174329	0.996489	0.00176743	3.41761e-007	1.77754e-011	3.62555e-016	3.54747e-021	1.88077e-026	5.86072e-032	1.76576e-037	5.14919e-039	1.63148e-042	6.84314e-044	1.42227e-047	3.25639e-049	4.62766e-053	5.85616e-055	5.70444e-059	3.96977e-061	4.04559e-065	1.92805e-063	2.47615e-062	2.86171e-059	4.24174e-060	4.82652e-059	7.62874e-061	1.76595e-061	1.68859e-065	1.72374e-067	4.67209e-071	3.78239e-071	2.89646e-071	
N8	1.41467e-030	5.23805e-030	8.54199e-025	1.1968e-019	8.69303e-015	2.79031e-010	3.02754e-006	0.00662811	0.989739	0.00362808	1.31279e-006	1.20994e-010	4.22906e-015	6.96497e-020	6.18078e-025	3.24475e-030	1.51922e-035	8.53001e-038	1.64407e-041	7.13561e-042	2.83134e-042	1.41134e-041	3.01565e-043	2.44921e-043	4.18288e-045	2.36238e-045	3.50173e-047	1.32307e-047	1.40642e-049	3.63125e-050	9.09551e-053	1.88573e-052	3.22895e-053	1.77699e-052	4.66921e-054	4.71562e-054	4.04733e-055	1.33847e-053	4.13004e-052	
N9	2.36989e-029	1.51901e-030	1.31517e-025	1.55503e-020	1.03898e-015	3.48236e-011	4.83775e-007	0.00196216	0.995274	0.00276283	9.55427e-007	9.62078e-011	4.00906e-015	8.37468e-020	9.88373e-025	7.2744e-030	5.82132e-035	9.72981e-038	1.09431e-041	2.29456e-044	1.62742e-048	1.8563e-051	8.53129e-056	5.22704e-059	1.56393e-063	4.93386e-067	1.59515e-071	1.14656e-069	9.10652e-063	3.61247e-055	8.58784e-050	6.76135e-044	6.8782e-040	6.06929e-036	3.34066e-037	3.19264e-037	4.73054e-038	5.61661e-037	6.89307e-036	
N10	1.73709e-031	5.91409e-032	8.94577e-027	1.62657e-021	1.68765e-016	8.85766e-012	1.94015e-007	0.00124644	0.996946	0.00180702	4.03484e-007	2.62322e-011	7.08109e-016	9.63419e-021	7.45902e-026	3.58288e-031	1.54362e-036	6.75845e-039	1.2516e-042	1.12691e-044	1.42157e-048	7.55064e-051	6.81228e-055	2.16452e-057	1.43785e-061	2.70727e-064	1.2981e-068	1.4129e-071	3.77277e-076	2.38465e-079	2.81809e-085	1.1344e-089	8.02062e-096	1.72348e-100	7.25788e-107	1.14572e-111	1.08812e-117	3.97826e-121	1.31905e-124	
Amitermes_darwini	0	0	0	0	0	0	0	0	1	0	0	0	0	0	0	0	0	0	0	0	0	0	0	0	0	0	0	0	0	0	0	0	0	0	0	0	0	0	0	
Amitermes_germanus	0	0	0	0	0	0	0	0	1	0	0	0	0	0	0	0	0	0	0	0	0	0	0	0	0	0	0	0	0	0	0	0	0	0	0	0	0	0	0	
N11	2.00355e-031	7.86636e-032	1.14548e-026	2.00554e-021	2.00204e-016	1.0098e-011	2.12219e-007	0.00130527	0.996794	0.0019	4.44337e-007	3.01695e-011	8.48812e-016	1.20197e-020	9.67606e-026	4.82801e-031	2.15122e-036	1.07424e-038	2.17555e-042	2.26006e-044	3.11757e-048	1.90954e-050	1.88352e-054	6.89646e-057	5.00226e-061	1.08488e-063	5.64125e-068	7.08976e-071	2.00342e-075	1.47758e-078	1.79212e-084	8.21187e-089	6.01984e-095	1.43364e-099	6.28135e-106	1.08875e-110	1.05317e-116	4.44809e-120	1.71755e-123	
Amitermes_parvus	0	0	0	0	0	0	0	0	1	0	0	0	0	0	0	0	0	0	0	0	0	0	0	0	0	0	0	0	0	0	0	0	0	0	0	0	0	0	0	
Drepanotermes_septentrionalis	0	0	0	0	0	0	0	0	1	0	0	0	0	0	0	0	0	0	0	0	0	0	0	0	0	0	0	0	0	0	0	0	0	0	0	0	0	0	0	
N12	1.34181e-028	5.03216e-026	2.19211e-021	7.76313e-017	1.42295e-012	1.15527e-008	3.1821e-005	0.0176761	0.975963	0.00632369	5.43207e-006	1.36048e-009	1.40168e-013	7.1735e-018	2.04846e-022	3.5305e-027	4.90808e-032	3.19946e-033	4.77407e-036	8.04715e-037	8.32964e-040	8.19929e-041	6.20123e-044	3.66332e-045	2.06702e-048	7.40709e-050	2.90522e-053	6.43338e-055	1.18106e-058	1.88113e-060	5.97156e-065	7.82274e-066	2.42091e-067	1.26429e-066	1.75068e-068	1.8776e-068	5.51394e-070	3.68871e-068	2.58816e-066	
N13	6.90753e-037	5.7538e-038	2.09511e-033	1.24015e-026	2.12537e-020	1.24428e-014	2.357e-009	0.00013445	0.999697	0.000168735	3.74114e-009	2.51458e-014	5.4999e-020	4.12932e-026	9.01457e-033	4.43489e-039	3.41e-040	2.69851e-039	2.80192e-039	4.01147e-038	4.19702e-038	5.12236e-037	5.39315e-037	5.45766e-036	5.76386e-036	4.65061e-035	4.7483e-035	2.87808e-034	2.32351e-034	9.71892e-034	1.7296e-034	1.79067e-034	2.10639e-035	1.94432e-035	1.71259e-036	1.59811e-036	3.1919e-037	2.2076e-036	1.68341e-035	
Microtermes_sp	0	0	0	0	0	0	0	0	1	0	0	0	0	0	0	0	0	0	0	0	0	0	0	0	0	0	0	0	0	0	0	0	0	0	0	0	0	0	0	
Protermes_sp	0	0	0	0	0	0	0	0	1	0	0	0	0	0	0	0	0	0	0	0	0	0	0	0	0	0	0	0	0	0	0	0	0	0	0	0	0	0	0	
N14	3.44213e-027	1.83375e-025	2.03935e-020	1.84691e-015	8.63554e-011	1.71812e-006	0.00964937	0.236994	0.752805	0.000549353	7.72772e-008	3.86909e-012	9.00153e-017	1.13007e-021	8.41685e-027	4.02587e-032	1.80571e-037	8.96822e-041	5.18549e-045	4.38263e-048	1.58473e-052	7.13526e-056	1.609e-060	3.80796e-064	5.21576e-068	1.71392e-069	4.96251e-072	9.15708e-074	1.41308e-076	9.82254e-078	1.14654e-077	5.24478e-039	1.79986e-036	1.54078e-033	1.09477e-034	1.03292e-034	1.65825e-035	1.41415e-034	1.34122e-033	
Procubitermes_sp	0	0	0	0	0	0	1	0	0	0	0	0	0	0	0	0	0	0	0	0	0	0	0	0	0	0	0	0	0	0	0	0	0	0	0	0	0	0	0	
N15	5.16991e-034	1.54131e-035	3.11393e-029	6.14102e-023	5.71264e-017	2.12998e-011	2.20181e-006	0.00540166	0.994488	0.000107913	1.61202e-009	7.31686e-015	1.36892e-020	1.22891e-026	5.89107e-033	3.53189e-037	6.79609e-042	6.04217e-045	4.01157e-050	7.84458e-054	7.31928e-060	1.55128e-036	1.51561e-036	5.76733e-035	4.52941e-035	1.26312e-033	6.16284e-035	8.39419e-034	2.66794e-035	1.56475e-034	3.99982e-036	5.27864e-036	1.03193e-037	1.06917e-037	1.61619e-039	1.62414e-039	1.51025e-039	8.58747e-038	3.73834e-036	
Tuberculitermes_bycanistes	0	0	0	0	0	0	0	0	1	0	0	0	0	0	0	0	0	0	0	0	0	0	0	0	0	0	0	0	0	0	0	0	0	0	0	0	0	0	0	
Unguitermes_sp	0	0	0	0	0	0	0	0	1	0	0	0	0	0	0	0	0	0	0	0	0	0	0	0	0	0	0	0	0	0	0	0	0	0	0	0	0	0	0	
N16	3.18685e-028	2.89202e-029	1.5822e-024	1.2697e-019	5.67482e-015	1.25868e-010	1.14778e-006	0.00302799	0.992156	0.00481241	2.77789e-006	4.53384e-010	3.00446e-014	9.81677e-019	1.78023e-023	1.96303e-028	2.06406e-033	4.28805e-036	6.66183e-040	4.74454e-041	3.66191e-040	1.37136e-038	3.47635e-040	1.38512e-040	2.98678e-042	8.3657e-043	1.59448e-044	2.98718e-045	4.57289e-047	5.11512e-048	8.03416e-051	1.1769e-052	1.11485e-055	1.37128e-057	8.89729e-061	1.0157e-062	1.85867e-065	2.47321e-066	3.20691e-067	
N17	5.59685e-032	3.09694e-032	5.48946e-027	1.3367e-021	1.75831e-016	1.09622e-011	2.61665e-007	0.0016112	0.995378	0.00300946	8.38836e-007	5.78704e-011	1.49121e-015	1.79321e-020	1.15333e-025	4.34667e-031	1.23747e-036	7.87714e-039	1.78334e-042	3.39033e-044	5.02995e-048	5.3247e-050	5.30614e-054	3.21142e-056	2.05474e-060	1.96778e-061	1.95417e-063	1.77802e-062	8.40913e-062	4.23645e-059	5.74842e-060	9.92017e-059	2.70865e-060	2.05133e-060	3.16451e-064	4.02848e-066	6.56971e-070	1.80802e-070	1.08814e-070	
N18	2.21243e-030	3.27487e-030	2.81382e-025	2.93065e-020	1.73411e-015	5.15705e-011	6.34356e-007	0.0022618	0.99413	0.00360625	1.54195e-006	1.86519e-010	9.19535e-015	2.25654e-019	3.12385e-024	2.66054e-029	1.87263e-034	2.80582e-036	1.43134e-039	5.67565e-041	1.97212e-044	4.59912e-046	1.14252e-049	1.58708e-051	2.89248e-055	2.37071e-057	3.03839e-061	1.44888e-063	9.08285e-068	2.64627e-070	5.23645e-076	7.91646e-080	1.00182e-085	6.47141e-090	4.94865e-096	2.21297e-100	3.47168e-106	5.54789e-109	8.36422e-112	
Ephelotermes_melachoma	0	0	0	0	0	0	0	0	1	0	0	0	0	0	0	0	0	0	0	0	0	0	0	0	0	0	0	0	0	0	0	0	0	0	0	0	0	0	0	
Ephelotermes_taylori	0	0	0	0	0	0	0	0	1	0	0	0	0	0	0	0	0	0	0	0	0	0	0	0	0	0	0	0	0	0	0	0	0	0	0	0	0	0	0	
Macrognathotermes_sunteri	0	0	0	0	0	0	0	0	1	0	0	0	0	0	0	0	0	0	0	0	0	0	0	0	0	0	0	0	0	0	0	0	0	0	0	0	0	0	0	
Lophotermes_septentrionalis	0	0	0	0	0	0	0	0	1	0	0	0	0	0	0	0	0	0	0	0	0	0	0	0	0	0	0	0	0	0	0	0	0	0	0	0	0	0	0	
N19	2.40105e-030	1.36602e-030	1.11544e-025	1.40138e-020	9.87851e-016	3.45255e-011	4.91837e-007	0.00199949	0.994947	0.00305197	1.11614e-006	1.14909e-010	4.78297e-015	9.81948e-020	1.12588e-024	7.87979e-030	5.80613e-035	9.61412e-037	3.43881e-040	7.90167e-042	1.86062e-045	2.42774e-047	3.93827e-051	2.94113e-053	3.36892e-057	2.47787e-059	2.49426e-061	1.11201e-060	3.61576e-059	3.44257e-056	2.25057e-056	3.49654e-055	3.46225e-056	3.47103e-056	9.6181e-060	1.46892e-061	1.65447e-064	1.03811e-064	5.74378e-065	
N20	3.91904e-031	1.31835e-031	1.54879e-026	2.96841e-021	3.1299e-016	1.5935e-011	3.1819e-007	0.00170615	0.995141	0.00315104	1.01318e-006	8.42171e-011	2.67889e-015	4.04464e-020	3.31669e-025	1.62266e-030	6.75546e-036	4.9252e-038	1.15729e-041	1.76279e-043	2.69784e-047	2.31236e-049	2.41911e-053	1.18134e-055	8.601e-060	6.21815e-062	3.60067e-064	1.3818e-063	3.57902e-063	3.23592e-061	1.76476e-062	3.70611e-062	3.73472e-064	5.03409e-065	5.90282e-069	3.4713e-071	8.17225e-075	1.674e-075	3.54283e-076	
N21	7.92431e-030	5.98594e-031	6.06495e-026	1.0113e-020	8.8984e-016	3.68757e-011	5.88285e-007	0.002432	0.993228	0.00433728	1.75974e-006	1.79363e-010	6.90742e-015	1.24383e-019	1.18322e-024	6.46354e-030	3.2524e-035	1.39417e-036	4.22755e-038	4.33702e-038	1.13483e-039	8.39712e-040	1.88494e-041	1.0014e-041	1.96765e-043	7.33599e-044	1.26654e-045	3.15758e-046	4.23087e-048	6.51262e-049	6.32559e-052	9.79363e-054	6.091e-057	7.11899e-059	3.03518e-062	3.23024e-064	3.91968e-067	6.95496e-068	1.20035e-068	
N22	5.13458e-031	1.47687e-030	1.79934e-025	2.43811e-020	1.73584e-015	5.83937e-011	7.68076e-007	0.00269425	0.992655	0.00464787	2.13943e-006	2.54723e-010	1.16723e-014	2.52214e-019	2.88041e-024	1.88622e-029	3.41519e-034	3.34787e-036	2.69972e-039	3.60544e-040	1.98933e-043	1.57386e-044	6.08773e-048	2.80123e-049	7.23223e-053	2.06272e-054	2.93191e-058	5.61764e-060	2.58608e-064	3.62525e-066	5.53784e-072	4.42317e-075	5.05972e-081	1.26343e-084	1.0553e-090	1.44809e-094	1.23036e-100	6.34574e-103	6.36991e-105	
Crenetermes_albotarsalis	0	0	0	0	0	0	0	0	1	0	0	0	0	0	0	0	0	0	0	0	0	0	0	0	0	0	0	0	0	0	0	0	0	0	0	0	0	0	0	
Thoracotermes_macrothorax	0	0	0	0	0	0	0	0	1	0	0	0	0	0	0	0	0	0	0	0	0	0	0	0	0	0	0	0	0	0	0	0	0	0	0	0	0	0	0	
Cubitermes_sp	0	0	0	0	0	0	0	0	1	0	0	0	0	0	0	0	0	0	0	0	0	0	0	0	0	0	0	0	0	0	0	0	0	0	0	0	0	0	0	
N23	2.08601e-027	5.06145e-027	1.42305e-022	5.0033e-018	1.01027e-013	1.03838e-009	4.49463e-006	0.00580621	0.985616	0.00856405	9.66273e-006	3.22569e-009	4.50653e-013	3.19023e-017	1.29103e-021	3.25356e-026	7.24388e-031	2.273e-032	2.68063e-035	1.86933e-036	1.52912e-039	6.43466e-041	3.8566e-044	9.99493e-046	4.5587e-049	7.24951e-051	2.52393e-054	2.4023e-056	5.20923e-060	2.98087e-062	4.4899e-067	1.08706e-068	2.59191e-071	2.071e-072	7.33452e-076	1.05951e-077	1.02131e-080	4.90923e-081	2.19602e-081	
N24	2.05392e-032	3.81902e-034	1.23971e-028	4.77784e-023	1.01303e-017	1.06397e-012	4.64575e-008	0.000602828	0.998519	0.000878011	9.8034e-008	3.23812e-012	4.4338e-017	3.0026e-022	1.118e-027	2.47473e-033	4.673e-039	1.14348e-042	2.64081e-047	1.1289e-049	1.04245e-048	4.24912e-047	1.87208e-049	1.12805e-050	3.35087e-052	3.69751e-051	3.76912e-051	3.53011e-050	2.98354e-050	7.72433e-049	1.37918e-045	1.80233e-041	7.28732e-039	8.59614e-036	5.3508e-037	5.08692e-037	6.89049e-038	6.68866e-037	7.37801e-036	
N25	4.56479e-038	7.59525e-039	1.23975e-032	2.28321e-026	2.30689e-020	1.14845e-014	2.34877e-009	0.000139132	0.999651	0.000210229	5.24395e-009	3.7372e-014	1.08586e-019	1.54882e-025	1.21047e-031	5.56501e-038	2.04215e-044	3.43514e-047	1.1895e-051	4.27537e-054	9.09837e-059	1.65594e-061	2.1876e-066	1.97289e-069	1.57199e-074	6.59736e-078	2.79653e-083	4.9129e-087	6.86832e-093	4.34297e-097	6.93046e-105	5.58431e-111	9.30333e-120	7.34296e-038	8.34426e-040	8.45125e-040	3.33486e-041	2.25353e-039	1.45299e-037	
Nasutitermes_graveolus	0	0	0	0	0	0	0	0	1	0	0	0	0	0	0	0	0	0	0	0	0	0	0	0	0	0	0	0	0	0	0	0	0	0	0	0	0	0	0	
Nasutitermes_triodiae	0	0	0	0	0	0	0	0	1	0	0	0	0	0	0	0	0	0	0	0	0	0	0	0	0	0	0	0	0	0	0	0	0	0	0	0	0	0	0	
N26	1.53456e-039	4.59452e-041	1.76466e-034	7.02829e-028	1.45513e-021	1.43468e-015	5.75434e-010	6.80662e-005	0.999834	9.82801e-005	1.19019e-009	4.22554e-015	6.07613e-021	4.14748e-027	1.46823e-033	2.81886e-040	4.04472e-047	9.84924e-051	4.82787e-056	9.83361e-060	6.77879e-066	7.69203e-041	7.76485e-041	4.78621e-039	4.82916e-039	2.36289e-037	2.32207e-037	8.57316e-036	6.57848e-036	1.78388e-034	4.90034e-036	6.9291e-036	1.43595e-037	1.48016e-037	2.32403e-039	2.29983e-039	1.6053e-040	7.48693e-039	3.18787e-037	
Nasutitermes_longipennis	0	0	0	0	0	0	0	0	1	0	0	0	0	0	0	0	0	0	0	0	0	0	0	0	0	0	0	0	0	0	0	0	0	0	0	0	0	0	0	
Tumulitermes_pastinator	0	0	0	0	0	0	0	0	1	0	0	0	0	0	0	0	0	0	0	0	0	0	0	0	0	0	0	0	0	0	0	0	0	0	0	0	0	0	0	
Pericapritermes_sp	0	0	0	0	0	0	0	0	1	0	0	0	0	0	0	0	0	0	0	0	0	0	0	0	0	0	0	0	0	0	0	0	0	0	0	0	0	0	0	
N27	4.77221e-027	4.28306e-028	1.72755e-023	8.49948e-019	2.41845e-014	3.52848e-010	2.18258e-006	0.00405345	0.990378	0.00556214	4.10896e-006	9.11227e-010	8.56614e-014	4.12842e-018	1.15037e-022	2.05325e-027	3.5924e-032	5.32096e-035	1.02796e-038	2.51526e-041	3.33094e-045	4.87335e-048	4.6365e-052	4.10937e-055	2.90858e-059	1.54491e-062	8.26401e-067	2.51893e-070	9.26629e-075	1.41356e-078	7.30231e-084	1.95149e-088	5.12044e-094	9.82352e-099	1.50865e-104	2.30167e-109	6.62629e-115	6.13726e-119	5.42765e-123	
Microcerotermes_boreus	0	0	0	0	0	0	0	0	1	0	0	0	0	0	0	0	0	0	0	0	0	0	0	0	0	0	0	0	0	0	0	0	0	0	0	0	0	0	0	
Microcerotermes_nervosus	0	0	0	0	0	0	0	0	1	0	0	0	0	0	0	0	0	0	0	0	0	0	0	0	0	0	0	0	0	0	0	0	0	0	0	0	0	0	0	
N28	1.25039e-022	7.42648e-023	5.1317e-019	4.75563e-015	2.50864e-011	6.63831e-008	7.24802e-005	0.0230319	0.950192	0.0266024	0.000100801	1.14223e-007	5.44117e-011	1.3179e-014	1.83257e-018	1.65593e-022	2.21377e-026	4.50742e-028	5.69556e-031	1.12854e-032	9.79425e-036	1.15508e-037	7.26444e-041	5.17524e-043	2.43375e-046	1.03709e-048	3.51871e-052	8.68527e-055	1.51073e-058	2.19364e-061	5.87834e-066	1.30682e-069	1.94476e-074	2.984e-078	2.71627e-083	3.40268e-087	6.36507e-092	6.91836e-095	7.4506e-098	
Macrotermes_bellicosus	0	0	0	0	0	0	0	0	1	0	0	0	0	0	0	0	0	0	0	0	0	0	0	0	0	0	0	0	0	0	0	0	0	0	0	0	0	0	0	
N29	2.22478e-025	8.17271e-026	1.6495e-021	4.04874e-017	5.6452e-013	3.94522e-009	1.13516e-005	0.00942773	0.977264	0.0132748	2.24098e-005	1.08903e-008	2.17479e-012	2.17377e-016	1.23222e-020	4.36812e-025	1.43901e-029	7.85494e-032	4.2533e-035	4.2537e-037	1.57471e-040	9.28046e-043	2.45234e-046	8.61763e-049	1.63967e-052	3.41761e-055	4.31501e-059	5.30354e-062	3.1597e-066	2.32403e-069	2.04495e-074	2.82561e-078	1.4803e-083	9.90619e-088	3.14264e-093	1.44048e-097	4.85945e-103	1.41723e-106	5.86014e-110	
Odontotermes_sp	0	0	0	0	0	0	0	0	1	0	0	0	0	0	0	0	0	0	0	0	0	0	0	0	0	0	0	0	0	0	0	0	0	0	0	0	0	0	0	
Pseudacanthotermes_militaris	0	0	0	0	0	0	0	0	1	0	0	0	0	0	0	0	0	0	0	0	0	0	0	0	0	0	0	0	0	0	0	0	0	0	0	0	0	0	0	
N30	2.71772e-024	7.37231e-022	1.22238e-017	1.61922e-013	1.03701e-009	2.61134e-006	0.00179904	0.141295	0.843598	0.0132776	2.77057e-005	1.62272e-008	3.7642e-012	4.21709e-016	2.59542e-020	1.0297e-024	1.31367e-028	5.39041e-030	5.15078e-033	1.38112e-034	8.65575e-038	1.31248e-039	5.48205e-043	4.85359e-045	1.25334e-048	9.66186e-047	7.88947e-048	4.87773e-046	5.90418e-046	2.43165e-044	1.919e-045	2.61358e-045	1.41072e-047	9.55744e-049	9.60721e-052	2.87971e-053	4.14232e-056	1.90263e-056	1.23808e-056	
Coptotermes_acinaciformis	0	0	0	0	0	0	0	0	1	0	0	0	0	0	0	0	0	0	0	0	0	0	0	0	0	0	0	0	0	0	0	0	0	0	0	0	0	0	0	
N31	3.43631e-022	6.19726e-020	4.80313e-016	3.08104e-012	9.9076e-009	1.30798e-005	0.00490253	0.188616	0.794212	0.0122246	3.09251e-005	2.52299e-008	8.99354e-012	1.66708e-015	1.79881e-019	1.23146e-023	9.58766e-028	1.04738e-028	3.12829e-031	4.73988e-032	9.98337e-035	9.18723e-036	1.37675e-038	7.91762e-040	7.83389e-043	2.92623e-044	1.52154e-047	3.91342e-049	6.31845e-053	1.15442e-054	2.30209e-059	5.68601e-062	8.11933e-067	7.43142e-070	7.67968e-075	4.19941e-078	4.18471e-083	2.55679e-085	3.95257e-087	
N32	3.54364e-025	1.51176e-026	4.14779e-022	1.45902e-017	2.81322e-013	2.5994e-009	9.31079e-006	0.00887463	0.985121	0.00598975	5.0673e-006	1.29078e-009	1.38351e-013	7.52432e-018	2.34254e-022	7.20911e-027	8.00732e-031	1.82511e-033	3.07682e-037	4.07584e-040	4.52009e-044	3.31751e-047	2.49522e-051	1.00876e-054	4.9568e-059	1.36214e-062	2.43303e-065	1.29296e-065	1.52827e-064	8.76443e-063	2.11116e-062	1.45754e-061	5.36257e-062	3.21655e-062	2.22814e-065	1.29016e-067	2.04641e-070	7.43742e-072	2.65077e-073	
Reticulitermes_flavipes	0	0	0	0	0	0	0	0	1	0	0	0	0	0	0	0	0	0	0	0	0	0	0	0	0	0	0	0	0	0	0	0	0	0	0	0	0	0	0	
N33	7.28611e-031	2.88812e-031	4.20239e-026	7.1621e-021	6.70888e-016	3.01281e-011	5.21074e-007	0.00231883	0.995305	0.00237507	6.19946e-007	4.39621e-011	1.23719e-015	1.70085e-020	1.30133e-025	6.12133e-031	3.93345e-036	3.93185e-038	7.9297e-042	8.2323e-044	1.11753e-047	6.71781e-050	6.22852e-054	2.22348e-056	1.31397e-060	2.87578e-063	8.64408e-068	1.22221e-070	1.09786e-075	1.03681e-078	9.51074e-085	8.9658e-089	5.45799e-095	1.89577e-099	7.53045e-106	1.51288e-110	6.10511e-117	1.86183e-120	9.63894e-124	
Reticulitermes_lucifugus	0	0	0	0	0	0	0	0	1	0	0	0	0	0	0	0	0	0	0	0	0	0	0	0	0	0	0	0	0	0	0	0	0	0	0	0	0	0	0	
Reticulitermes_urbis	0	0	0	0	0	0	0	0	1	0	0	0	0	0	0	0	0	0	0	0	0	0	0	0	0	0	0	0	0	0	0	0	0	0	0	0	0	0	0	
Schedorhinotermes_lamanianus	0	0	0	0	0	0	1	0	0	0	0	0	0	0	0	0	0	0	0	0	0	0	0	0	0	0	0	0	0	0	0	0	0	0	0	0	0	0	0	
N34	1.87556e-014	1.88012e-012	1.84473e-009	1.33338e-006	0.000338927	0.0174749	0.186066	0.5391	0.244655	0.0122174	0.00014628	6.08327e-007	1.08536e-009	9.68453e-013	5.03544e-016	4.63326e-019	2.94336e-021	7.50284e-022	9.45388e-024	1.50772e-024	9.82217e-027	7.8351e-028	2.36734e-030	1.02692e-031	1.31429e-034	3.46334e-036	1.18984e-038	1.64559e-038	2.52672e-040	8.11227e-041	2.14362e-043	1.07185e-044	1.03009e-047	1.92775e-049	8.78402e-053	7.00377e-055	2.09247e-058	3.72254e-060	1.70244e-061	
N35	3.17803e-014	6.63128e-011	9.01865e-008	4.84415e-005	0.0068078	0.0966717	0.301404	0.476313	0.115612	0.00312355	1.84832e-005	3.56543e-008	6.08913e-011	1.10397e-012	1.86895e-014	1.98608e-016	3.87481e-018	5.20002e-018	3.77778e-019	2.64736e-019	7.85822e-021	1.56292e-021	1.06112e-023	4.28194e-025	8.55407e-028	3.36846e-024	1.49327e-023	5.57343e-022	3.59758e-022	2.07461e-021	1.42845e-022	9.59367e-023	2.52061e-024	5.71184e-025	4.92556e-027	4.8235e-028	3.3797e-030	1.07354e-030	7.8928e-031	
N36	3.18571e-013	4.3188e-010	3.37416e-007	9.58346e-005	0.00760976	0.0977563	0.280004	0.481292	0.128601	0.00460182	3.93041e-005	1.09454e-007	1.26331e-010	2.06481e-013	9.8075e-016	1.043e-017	1.29242e-019	1.086e-020	2.30222e-022	6.77663e-024	5.06579e-026	6.01061e-028	6.65919e-031	2.34777e-033	6.60118e-037	8.54115e-040	8.07226e-044	4.98622e-047	1.70431e-051	8.8911e-055	1.15763e-059	7.25531e-063	5.27451e-068	2.55984e-071	1.32961e-076	4.46091e-080	4.35908e-083	3.61249e-085	1.98486e-087	
N37	1.04376e-005	0.000350613	0.00570664	0.0432857	0.139701	0.149079	0.0683085	0.248737	0.247497	0.0841709	0.0122871	0.000840191	2.66403e-005	3.4002e-007	1.01273e-009	5.48578e-011	8.09516e-013	9.16737e-014	7.13835e-016	3.86357e-017	1.85754e-019	5.29951e-021	1.62372e-023	2.55625e-025	4.33506e-028	3.95491e-030	2.7561e-033	1.41865e-035	3.82954e-039	6.99177e-042	1.11809e-045	1.15154e-048	1.13782e-052	9.08884e-056	5.95817e-060	4.36823e-063	3.2139e-066	1.92194e-068	9.19148e-071	
Bifiditermes_improbus	0	0	0	0	0	1	0	0	0	0	0	0	0	0	0	0	0	0	0	0	0	0	0	0	0	0	0	0	0	0	0	0	0	0	0	0	0	0	0	
Neotermes_insularis	0	0	0	0	0	0	0	0	0	0	0	0	0	1	0	0	0	0	0	0	0	0	0	0	0	0	0	0	0	0	0	0	0	0	0	0	0	0	0	
N38	1.18561e-014	5.30989e-012	7.13911e-009	5.35458e-006	0.00105623	0.0358752	0.262509	0.604922	0.0942712	0.00135709	3.83564e-006	3.45776e-009	1.31314e-012	3.14903e-016	1.66049e-019	3.02994e-021	3.60221e-024	3.75505e-026	2.38027e-029	1.29059e-031	3.72622e-035	1.12235e-037	1.07824e-041	1.74774e-044	7.47716e-049	3.50693e-042	8.74518e-044	1.04613e-043	1.35608e-044	1.74804e-044	3.07157e-046	5.57056e-047	2.90363e-049	1.24046e-050	2.47508e-053	6.6282e-055	3.82567e-057	1.09084e-057	3.05644e-058	
N39	1.38525e-012	1.17597e-010	2.73861e-008	1.27739e-005	0.00151385	0.0387195	0.271486	0.59485	0.0922751	0.00114101	1.7252e-006	5.909e-010	6.54688e-014	3.02968e-018	7.73938e-023	2.19624e-025	1.0802e-028	1.32164e-030	3.23223e-034	1.96705e-036	1.7142e-039	1.65078e-039	1.37387e-041	4.50088e-042	1.03938e-044	2.37012e-045	3.12597e-048	5.29164e-049	2.9592e-052	2.16041e-053	8.15749e-057	2.27389e-058	6.6369e-062	9.40179e-064	2.11727e-067	1.96593e-069	9.03642e-073	1.63894e-073	3.30948e-074	
N40	1.23755e-014	3.04152e-011	4.47289e-008	2.34734e-005	0.00386464	0.161612	0.539808	0.284418	0.0102335	3.98583e-005	4.06265e-008	1.62463e-011	3.17126e-015	3.46186e-019	2.33407e-023	6.09818e-027	5.94525e-030	9.19687e-032	7.21531e-035	6.60615e-037	3.18157e-040	1.8862e-042	5.57603e-046	2.37882e-048	5.34576e-052	1.59618e-054	2.20173e-058	4.33558e-061	1.65971e-065	1.69256e-068	2.86188e-073	8.87851e-077	9.61521e-082	1.39436e-085	9.49168e-091	1.01229e-094	1.06651e-099	1.10506e-102	1.31428e-105	
N41	2.32064e-012	7.21701e-010	2.04556e-006	0.000323156	0.0146613	0.197871	0.534318	0.247718	0.00510049	5.83921e-006	1.89174e-009	2.60341e-013	1.86193e-017	8.03302e-022	4.17427e-026	4.01975e-028	2.55135e-031	2.7425e-033	1.18526e-036	7.37412e-039	2.14524e-042	7.89513e-045	1.32292e-048	2.95021e-051	1.49494e-055	2.07306e-058	4.39453e-063	3.39532e-066	3.45127e-071	9.47947e-075	6.20286e-080	6.95506e-084	2.93599e-089	2.17614e-093	5.98731e-099	3.59998e-103	1.76145e-107	1.84729e-110	1.42016e-113	
N42	2.67627e-019	9.98777e-018	1.24818e-013	6.86092e-010	1.16875e-006	0.000547647	0.0523158	0.851852	0.0952002	8.31608e-005	1.83508e-008	1.75919e-012	6.21178e-015	1.37262e-016	9.83797e-020	8.74357e-022	3.3554e-025	1.35067e-027	1.35971e-031	3.01543e-034	1.11759e-038	1.38382e-041	2.2869e-046	1.44038e-049	1.2154e-054	3.00735e-058	1.56581e-063	1.65176e-067	5.44939e-073	3.08694e-077	6.22967e-083	2.5008e-087	3.14585e-093	9.76159e-098	1.44109e-103	5.65765e-107	3.38458e-110	1.49892e-113	4.50953e-117	
Cryptotermes_austrinus	0	0	0	0	0	0	0	1	0	0	0	0	0	0	0	0	0	0	0	0	0	0	0	0	0	0	0	0	0	0	0	0	0	0	0	0	0	0	0	
Cryptotermes_queenslandis	0	0	0	0	0	0	0	0	1	0	0	0	0	0	0	0	0	0	0	0	0	0	0	0	0	0	0	0	0	0	0	0	0	0	0	0	0	0	0	
Cryptotermes_primus	0	0	1	0	0	0	0	0	0	0	0	0	0	0	0	0	0	0	0	0	0	0	0	0	0	0	0	0	0	0	0	0	0	0	0	0	0	0	0	
Cryptotermes_brevis	0	0	0	0	0	1	0	0	0	0	0	0	0	0	0	0	0	0	0	0	0	0	0	0	0	0	0	0	0	0	0	0	0	0	0	0	0	0	0	
N43	3.5142e-009	2.15933e-008	9.02445e-007	8.61324e-005	0.00295277	0.0361621	0.228969	0.582193	0.144855	0.00475521	2.61056e-005	3.89263e-008	1.97824e-011	4.77795e-015	7.32138e-018	4.89169e-018	3.04805e-020	9.22351e-021	3.12054e-023	4.60469e-024	7.97592e-027	6.44631e-028	3.87227e-031	1.95248e-032	1.67011e-036	4.79406e-038	1.394e-042	1.65668e-044	2.54872e-049	6.17556e-052	6.69946e-057	5.5928e-060	4.15999e-065	2.11322e-068	2.12935e-073	1.66901e-075	5.07612e-077	5.02761e-077	3.60875e-077	
N44	1.13917e-023	4.73401e-027	5.93008e-026	7.08286e-021	5.23007e-016	1.63859e-011	2.101e-007	0.000895185	0.753499	0.245572	3.41227e-005	1.23116e-009	1.97755e-014	1.21384e-018	4.8818e-023	7.65798e-027	1.46546e-031	7.57904e-036	4.68455e-041	5.94084e-046	5.64508e-052	4.11481e-043	6.50491e-032	1.59707e-031	7.10373e-032	1.47917e-031	5.22815e-032	8.65574e-032	2.20692e-032	2.38944e-032	4.55404e-033	4.20779e-033	6.2265e-034	5.57728e-034	7.05101e-035	9.68536e-035	3.04987e-034	2.03506e-033	1.11768e-032	
Cryptotermes_cynocephalus	0	0	0	0	0	0	0	0	0	1	0	0	0	0	0	0	0	0	0	0	0	0	0	0	0	0	0	0	0	0	0	0	0	0	0	0	0	0	0	
Incisitermes_sp	0	0	0	0	0	0	0	0	1	0	0	0	0	0	0	0	0	0	0	0	0	0	0	0	0	0	0	0	0	0	0	0	0	0	0	0	0	0	0	
N45	0.00112826	0.0109175	0.0403424	0.00983974	0.0027212	0.0338085	0.230012	0.464597	0.183668	0.021995	0.000957622	1.358e-005	1.30107e-008	4.73166e-012	9.09223e-016	1.45082e-018	2.94458e-021	7.41232e-023	1.00965e-025	1.39477e-027	1.30956e-030	1.03134e-032	6.79374e-036	3.06246e-038	1.17577e-041	3.16237e-044	4.70946e-048	7.55758e-051	4.06372e-055	2.53449e-058	8.15626e-063	2.30714e-066	4.70096e-071	9.1247e-075	1.2098e-079	1.97944e-083	1.49184e-087	2.46315e-090	3.3345e-093	
Cryptotermes_domesticus	0	0	1	0	0	0	0	0	0	0	0	0	0	0	0	0	0	0	0	0	0	0	0	0	0	0	0	0	0	0	0	0	0	0	0	0	0	0	0	
Procryptotermes_australiensis	0	0	0	0	0	0	0	0	0	0	0	1	0	0	0	0	0	0	0	0	0	0	0	0	0	0	0	0	0	0	0	0	0	0	0	0	0	0	0	
N46	5.52857e-023	4.26094e-019	4.40034e-015	2.4618e-011	6.50688e-008	6.68084e-005	0.0198597	0.964154	0.0158792	4.05988e-005	3.18746e-008	1.0547e-011	1.77021e-015	1.87839e-019	2.27047e-023	4.9811e-026	2.21398e-029	4.59804e-032	1.34625e-035	1.54738e-038	2.97189e-042	1.92414e-045	2.19386e-049	8.30643e-053	5.07533e-057	1.1656e-060	4.14364e-065	5.81841e-069	1.09167e-073	7.9571e-078	8.59039e-083	3.55431e-087	2.25634e-092	6.70845e-097	2.6551e-102	6.87726e-107	1.66431e-111	2.07634e-115	1.98885e-119	
Cryptotermes_dudleyi	0	0	0	0	0	0	0	1	0	0	0	0	0	0	0	0	0	0	0	0	0	0	0	0	0	0	0	0	0	0	0	0	0	0	0	0	0	0	0	
Cryptotermes_secundus	0	0	0	0	0	0	0	1	0	0	0	0	0	0	0	0	0	0	0	0	0	0	0	0	0	0	0	0	0	0	0	0	0	0	0	0	0	0	0	
Kalotermes_flavicollis	0	0	0	0	0	0	0	0	0	0	0	0	0	0	0	0	0	0	0	0	0	1	0	0	0	0	0	0	0	0	0	0	0	0	0	0	0	0	0	
N47	4.45933e-015	1.40846e-015	9.83271e-013	8.33908e-010	3.82109e-007	8.24755e-005	0.00694202	0.172912	0.754086	0.0648316	0.00113837	7.05637e-006	2.00911e-008	3.25673e-011	4.27657e-014	5.23682e-016	2.458e-018	4.33669e-020	1.34718e-022	1.33046e-024	2.791e-027	1.59742e-029	2.21015e-032	7.49287e-035	6.26104e-038	1.30095e-040	6.33054e-044	8.0903e-047	2.2534e-050	1.70057e-053	2.9251e-057	1.47145e-060	1.63365e-064	6.45537e-068	4.98139e-072	1.91542e-075	6.99796e-079	1.08229e-081	1.45105e-084	
Glyptotermes_brevicornis	0	0	0	0	0	0	0	0	1	0	0	0	0	0	0	0	0	0	0	0	0	0	0	0	0	0	0	0	0	0	0	0	0	0	0	0	0	0	0	
Glyptotermes_iridipennis	0	0	0	0	0	0	0	0	1	0	0	0	0	0	0	0	0	0	0	0	0	0	0	0	0	0	0	0	0	0	0	0	0	0	0	0	0	0	0	
N48	0.0135576	0.0914356	0.309102	0.39491	0.120807	0.0146234	0.00291321	0.00918533	0.0182529	0.0164798	0.0070854	0.00149278	0.00014923	6.03123e-006	4.98104e-008	2.01405e-010	7.53375e-013	2.35828e-014	2.08766e-016	6.08209e-018	3.48137e-020	5.76721e-022	2.27604e-024	2.25244e-026	6.22332e-029	3.74944e-031	6.89255e-034	2.53712e-036	2.79319e-039	6.32514e-042	4.05009e-045	5.63413e-048	2.27008e-051	2.18607e-054	5.8582e-058	4.49513e-061	1.29326e-064	2.09618e-067	4.30552e-070	
Stolotermes_sp	0	0	0	1	0	0	0	0	0	0	0	0	0	0	0	0	0	0	0	0	0	0	0	0	0	0	0	0	0	0	0	0	0	0	0	0	0	0	0	
N49	0.00853072	0.000305794	3.9299e-006	2.06525e-008	4.63527e-011	4.75817e-014	2.93211e-016	1.70468e-013	1.01475e-010	3.12035e-008	4.76244e-006	0.000330508	0.0109402	0.947233	0.0311555	0.00148938	6.20305e-006	6.13777e-008	8.01412e-011	2.78979e-013	1.35369e-016	2.11163e-019	4.52794e-023	3.58481e-026	3.91297e-030	1.68766e-033	1.03416e-037	2.55858e-041	9.36767e-046	1.40932e-049	3.195e-054	3.16452e-058	4.53921e-063	3.21408e-067	3.19383e-072	2.82014e-076	5.28758e-080	1.62853e-083	3.68092e-087	
Zootermopsis_angusticollis	0	0	0	0	0	0	0	0	0	0	0	0	0	1	0	0	0	0	0	0	0	0	0	0	0	0	0	0	0	0	0	0	0	0	0	0	0	0	0	
Zootermopsis_nevadensis	0	0	0	0	0	0	0	0	0	0	0	0	0	1	0	0	0	0	0	0	0	0	0	0	0	0	0	0	0	0	0	0	0	0	0	0	0	0	0	
N50	7.85653e-009	2.39709e-007	9.57839e-006	0.000276375	0.00496739	0.0483076	0.211637	0.347208	0.244613	0.109902	0.0292579	0.00365182	0.00016554	3.50692e-006	5.51593e-008	1.21193e-008	2.40836e-009	5.10471e-009	8.97761e-010	1.31928e-009	1.89509e-010	1.90768e-010	2.01224e-011	1.40517e-011	8.66619e-013	4.30282e-013	1.29852e-014	4.21036e-015	7.19598e-017	1.29899e-017	1.63215e-019	2.1356e-020	3.04315e-022	5.17273e-023	7.78762e-025	9.83056e-026	2.98874e-027	1.71884e-027	8.33963e-028	
Mastotermes_darwiniensis	0	0	0	0	0	0	0	0	0	0	0	0	0	0	0	0	0	0	0	0	0	0	0	0	0	0	0	0	0	0	0	0	0	0	0	0	1	0	0	
Porotermes_adamsoni	0	0	0	0	0	0	0	1	0	0	0	0	0	0	0	0	0	0	0	0	0	0	0	0	0	0	0	0	0	0	0	0	0	0	0	0	0	0	0	
