NODE	9	10	11	12	13	14	15	16	17	18	19	20	21	22	23	24	25	26	27	28	29	30	31	32	33	34	35	36	37	38	39	40	41	42	
N1	0.127286	0.123014	0.115379	0.105425	0.0940594	0.0820391	0.0700025	0.0584925	0.047941	0.0386344	0.0306989	0.0241286	0.0188433	0.0147171	0.0114931	0.00896977	0.00698978	0.00543128	0.00420081	0.0032274	0.0024575	0.00185057	0.00137547	0.00100758	0.000726731	0.000515982	0.000360844	0.000248961	0.00016994	0.000115259	7.81532e-005	5.34937e-005	3.7695e-005	2.89226e-005	
N2	0.378449	0.144579	0.0713149	0.0487037	0.041793	0.0403324	0.0413967	0.0436737	0.0458507	0.0465407	0.0284686	0.0214136	0.0129061	0.00917813	0.0056734	0.00399275	0.00255667	0.00189427	0.00135267	0.00116814	0.00101029	0.00104393	0.00102707	0.00110424	0.0010447	0.00100466	0.000817767	0.000654564	0.000440281	0.000288196	0.000165342	9.07127e-005	4.55818e-005	2.54358e-005	
N3	0.346434	0.131185	0.0649203	0.0465461	0.0444093	0.0485971	0.0547871	0.0595852	0.0604219	0.0566178	0.0280733	0.0183025	0.00900333	0.00596011	0.00334888	0.00255436	0.00182571	0.00186555	0.00181527	0.00225487	0.00228738	0.00256306	0.00214102	0.00187595	0.00118252	0.000781724	0.00036446	0.000185523	6.64821e-005	2.82673e-005	1.01357e-005	3.92355e-006	1.30814e-006	4.9759e-007	
N4	0.34901	0.131991	0.0665609	0.0498231	0.0494598	0.0549861	0.0608238	0.0624556	0.0576909	0.0478682	0.0226006	0.0130781	0.00607769	0.00373981	0.00222301	0.0018736	0.00171008	0.00207664	0.00235982	0.00290606	0.00287966	0.00281647	0.0020719	0.00149058	0.000774714	0.000412279	0.000151578	6.27689e-005	1.65226e-005	5.68886e-006	1.54984e-006	6.15393e-007	2.30134e-007	1.05525e-007	
N5	0.347204	0.132289	0.0685279	0.0534838	0.0549534	0.0610743	0.0645149	0.0613856	0.0526945	0.0419414	0.0174959	0.00982803	0.00425017	0.00288581	0.00194035	0.0021757	0.00233815	0.00327049	0.00355627	0.00419719	0.00348866	0.0030014	0.00173276	0.00107043	0.00042204	0.000197678	5.40638e-005	2.07209e-005	3.69186e-006	1.17749e-006	2.47568e-007	9.50768e-008	2.97715e-008	1.24078e-008	
N6	0.332285	0.134133	0.0775024	0.0657522	0.0663289	0.0639673	0.0539581	0.0400646	0.027431	0.0185974	0.00736375	0.00550017	0.00424929	0.0061311	0.0077112	0.0125248	0.0143769	0.0180872	0.0149968	0.0133332	0.00762662	0.00484598	0.00194641	0.000910227	0.000261138	9.07906e-005	1.84062e-005	4.80777e-006	6.85406e-007	1.44192e-007	2.28989e-008	4.30536e-009	6.37392e-010	1.12601e-010	
N7	0.30547	0.129806	0.0769151	0.0598065	0.0495592	0.0374724	0.025846	0.0182981	0.0158282	0.0189088	0.0143523	0.0204909	0.0217209	0.0330522	0.0352045	0.0430106	0.0350404	0.029465	0.015962	0.00895738	0.00316368	0.00125339	0.00030401	9.2137e-005	1.6206e-005	3.84667e-006	4.78903e-007	8.61229e-008	6.85924e-009	9.83958e-010	1.01117e-010	1.35143e-011	1.34136e-012	1.57808e-013	
N8	0.204943	0.0879698	0.0526285	0.0416198	0.034788	0.0272151	0.0212428	0.0209345	0.0300305	0.0519769	0.0476191	0.0585703	0.0519443	0.0603316	0.0582358	0.0601357	0.042	0.0279148	0.0118763	0.00554791	0.00163791	0.000637531	0.000144919	4.53775e-005	7.64035e-006	1.75075e-006	2.04883e-007	3.37136e-008	2.65132e-009	3.38197e-010	2.99812e-011	3.28301e-012	2.63441e-013	2.566e-014	
N9	0.0144398	0.0202774	0.0352257	0.0443674	0.0453304	0.025108	0.0194947	0.0478152	0.101876	0.132841	0.060317	0.022015	0.0172487	0.0500379	0.0898064	0.121764	0.0860786	0.0489947	0.0128705	0.00352716	0.000477592	7.91291e-005	6.35522e-006	6.34522e-007	3.16243e-008	1.9784e-009	6.28876e-011	2.60662e-012	5.38286e-014	1.61907e-015	3.2416e-017	8.0719e-019	1.45113e-020	3.07357e-022	
Acanthoxyla_geisovii	0	0	0	0	0	0	0	0	0	0	1	0	0	0	0	0	0	0	0	0	0	0	0	0	0	0	0	0	0	0	0	0	0	0	
Phobaeticus_sp	0	0	0	0	0	0	0	0	0	0	0	0	0	0	0	0	0	1	0	0	0	0	0	0	0	0	0	0	0	0	0	0	0	0	
N10	0.00140352	7.57092e-006	2.30769e-008	5.54223e-011	1.11707e-013	1.37697e-012	3.93318e-009	6.54373e-006	0.00493637	0.957397	0.0358285	0.000418791	1.95585e-006	5.79461e-009	9.89191e-012	1.25618e-014	1.04195e-017	7.17221e-021	3.42862e-024	1.51057e-027	4.7301e-031	1.50088e-034	3.3645e-038	8.22085e-042	1.40362e-045	2.75347e-049	3.84014e-053	6.2582e-057	7.50553e-061	9.87853e-065	1.02524e-068	1.01617e-072	8.01685e-077	5.81787e-081	
Acanthoxyla_inermis	0	0	0	0	0	0	0	0	0	1	0	0	0	0	0	0	0	0	0	0	0	0	0	0	0	0	0	0	0	0	0	0	0	0	
Clitarchus_hookeri	0	0	0	0	0	0	0	0	0	1	0	0	0	0	0	0	0	0	0	0	0	0	0	0	0	0	0	0	0	0	0	0	0	0	
N11	0.317775	0.132825	0.0699286	0.0424606	0.0258343	0.0158115	0.0114449	0.0114085	0.0161735	0.0297901	0.0338972	0.0507502	0.0546933	0.062186	0.0510693	0.0383928	0.0207309	0.00995977	0.00343703	0.00110481	0.000252797	6.07554e-005	9.99285e-006	2.11128e-006	2.76519e-007	5.73102e-008	6.18771e-009	1.19355e-009	9.58636e-011	1.75086e-011	2.28683e-012	4.54304e-013	6.78364e-014	1.1715e-014	
Ctenomorpha_sp	0	0	0	0	0	0	0	1	0	0	0	0	0	0	0	0	0	0	0	0	0	0	0	0	0	0	0	0	0	0	0	0	0	0	
Extatosoma_tiaratum	0	0	0	0	0	0	0	0	0	1	0	0	0	0	0	0	0	0	0	0	0	0	0	0	0	0	0	0	0	0	0	0	0	0	
N12	0.359482	0.149314	0.0869741	0.0675802	0.0565394	0.0439131	0.0309443	0.0210281	0.015311	0.013392	0.00800445	0.00939408	0.0102389	0.015626	0.0189105	0.0238458	0.0221985	0.0198387	0.0128605	0.0081669	0.00370003	0.00179179	0.000596825	0.000248064	6.59559e-005	2.60858e-005	5.74178e-006	2.11889e-006	3.56352e-007	1.27792e-007	3.529e-008	1.34256e-008	3.97867e-009	1.38981e-009	
Acrophylla_titan	0	0	0	0	0	0	0	0	0	1	0	0	0	0	0	0	0	0	0	0	0	0	0	0	0	0	0	0	0	0	0	0	0	0	
Podacanthus_wilkinsoni	0	0	0	0	0	0	0	0	0	1	0	0	0	0	0	0	0	0	0	0	0	0	0	0	0	0	0	0	0	0	0	0	0	0	
N13	0.3564	0.145929	0.0848727	0.0693606	0.0647011	0.0579878	0.0474677	0.0366537	0.0286178	0.0241363	0.0125382	0.0108003	0.0083111	0.00960575	0.00915121	0.0100091	0.0081675	0.00679119	0.00411364	0.00250628	0.00110884	0.000512849	0.000170898	6.33942e-005	1.64937e-005	5.10026e-006	1.06217e-006	2.81897e-007	4.96597e-008	1.17531e-008	2.26826e-009	4.65964e-010	7.92335e-011	1.53146e-011	
N14	0.375712	0.157872	0.0921341	0.0700751	0.0569086	0.044306	0.0334669	0.0266949	0.024557	0.0263621	0.0169926	0.0163548	0.0128146	0.0129538	0.0106109	0.00898307	0.00598571	0.00382629	0.00191806	0.000929843	0.000351332	0.000134911	3.89106e-005	1.25048e-005	2.77104e-006	8.08235e-007	1.39311e-007	3.98633e-008	4.75011e-009	1.3014e-009	2.48905e-010	1.03848e-010	3.47577e-011	1.36209e-011	
N15	0.031566	0.0125838	0.00859618	0.00681773	0.00482365	0.0061503	0.0292309	0.110679	0.246277	0.314783	0.129035	0.0486427	0.0128893	0.0100594	0.009574	0.00935705	0.00530586	0.00264821	0.00075274	0.000193891	2.94554e-005	4.34827e-006	3.92105e-007	3.64345e-008	2.10419e-009	1.31889e-010	5.16507e-012	2.33008e-013	6.58061e-015	2.28336e-016	6.15013e-018	1.75414e-019	4.03311e-021	1.00947e-022	
N16	0.0136142	0.00554108	0.00207701	0.000542653	0.000142965	0.00045285	0.00701961	0.0666029	0.26352	0.372758	0.181729	0.0579608	0.0177448	0.00758112	0.00218117	0.000464293	6.14664e-005	5.84274e-006	3.63611e-007	1.69187e-008	5.34389e-010	1.34772e-011	2.34841e-013	3.56901e-015	3.68117e-017	3.87088e-019	2.50494e-021	2.24724e-023	9.48159e-026	1.01525e-027	1.32756e-029	4.03823e-031	9.78065e-033	1.89277e-034	
N17	0.00377338	0.000757473	0.000106103	1.33748e-005	5.3978e-006	9.4462e-005	0.00360118	0.0624199	0.340205	0.406876	0.149414	0.0284557	0.00379951	0.000442951	3.34353e-005	1.83029e-006	5.90367e-008	1.81542e-009	3.41045e-011	1.6042e-012	2.92996e-014	1.53635e-015	1.97112e-017	7.13052e-019	5.81318e-021	1.43965e-022	7.38705e-025	1.28506e-026	4.18403e-029	5.33047e-031	1.49442e-033	1.9025e-035	1.3242e-037	2.10195e-039	
Bacillus_atticus	0	0	0	0	0	0	0	0	1	0	0	0	0	0	0	0	0	0	0	0	0	0	0	0	0	0	0	0	0	0	0	0	0	0	
Bacillus_grandii_grandii	0	0	0	0	0	0	0	0	1	0	0	0	0	0	0	0	0	0	0	0	0	0	0	0	0	0	0	0	0	0	0	0	0	0	
Bacillus_grandii_benazzii	0	0	0	0	0	0	0	0	1	0	0	0	0	0	0	0	0	0	0	0	0	0	0	0	0	0	0	0	0	0	0	0	0	0	
Bacillus_lynceorum	0	0	0	0	0	0	0	0	0	0	0	0	0	0	0	0	0	1	0	0	0	0	0	0	0	0	0	0	0	0	0	0	0	0	
N18	0.435903	0.245973	0.134569	0.0562056	0.0182376	0.00690062	0.0109017	0.0235969	0.0330477	0.0261497	0.00697995	0.00136918	0.000150851	1.39478e-005	8.63252e-007	4.79962e-008	1.92786e-009	7.53799e-011	2.19871e-012	6.70442e-014	1.52471e-015	3.752e-017	6.84529e-019	1.3633e-020	2.03376e-022	3.30186e-024	4.10611e-026	5.48352e-028	5.75086e-030	6.37761e-032	6.03543e-034	5.75849e-036	4.87088e-038	4.42029e-040	
N19	0.00294079	1.66093e-005	8.82258e-008	6.72267e-008	9.26602e-008	5.37426e-007	1.38028e-006	5.54589e-006	0.00272888	0.978346	0.0157667	0.000193154	6.02412e-007	2.6331e-009	2.70421e-010	6.80639e-010	5.34177e-010	4.83834e-010	9.19798e-011	6.59773e-013	9.92027e-016	1.8816e-018	1.1131e-021	1.39293e-024	1.18455e-025	8.52601e-026	1.71164e-026	4.28528e-027	4.59098e-030	9.73246e-033	7.44071e-036	1.03235e-038	6.84563e-042	5.45763e-045	
Clonopsis_felicitatis	0	0	0	0	0	0	0	0	0	1	0	0	0	0	0	0	0	0	0	0	0	0	0	0	0	0	0	0	0	0	0	0	0	0	
N20	5.44981e-006	2.24962e-009	3.98667e-017	1.72102e-011	2.55932e-009	7.75219e-008	3.18671e-009	3.53595e-009	2.01528e-005	0.0403898	3.9649e-005	2.03949e-008	3.21925e-017	2.92805e-018	1.67729e-019	9.97646e-013	3.42478e-011	4.02037e-008	6.42345e-006	1.09668e-006	5.26242e-009	2.71115e-010	3.47515e-019	4.53235e-018	1.13197e-010	1.04557e-006	0.000404557	0.958574	0.000550618	7.53638e-006	1.34161e-009	5.16443e-018	4.64719e-019	3.52274e-018	
Clonopsis_gallica	0	0	0	0	0	0	0	0	0	0	0	0	0	0	0	0	0	0	1	0	0	0	0	0	0	0	0	0	0	0	0	0	0	0	
Clonopsis_soumiae	0	0	0	0	0	0	0	0	0	0	0	0	0	0	0	0	0	0	0	0	0	0	0	0	0	0	0	1	0	0	0	0	0	0	
Clonopsis_maroccana	0	0	1	0	0	0	0	0	0	0	0	0	0	0	0	0	0	0	0	0	0	0	0	0	0	0	0	0	0	0	0	0	0	0	
N21	0.0314109	0.026108	0.00904738	0.00168811	0.000241917	3.49119e-005	2.94711e-005	0.000164154	0.00305446	0.0441664	0.167307	0.346367	0.232884	0.10767	0.0245113	0.00471449	0.000539416	5.65695e-005	3.81226e-006	2.46186e-007	1.06282e-008	4.54651e-010	1.33422e-011	3.99999e-013	8.38402e-015	1.853e-016	2.90817e-018	4.9703e-020	6.12698e-022	8.44549e-024	9.65685e-026	1.12725e-027	1.12148e-029	1.16658e-031	
N22	0.00351094	0.00143826	8.95236e-005	2.68802e-006	5.61691e-008	6.01517e-009	2.36965e-007	4.64919e-005	0.00470455	0.152804	0.535397	0.261812	0.0376318	0.00248081	8.06469e-005	1.64121e-006	1.99018e-008	1.85449e-010	1.08603e-012	7.01734e-015	2.86179e-017	3.35387e-019	1.85833e-021	3.04421e-023	1.50779e-025	1.78222e-027	6.35172e-030	5.11513e-032	1.20363e-034	6.94545e-037	1.41271e-039	6.61557e-042	1.51249e-044	5.85711e-047	
Leptynia_attenuata	0	0	0	0	0	0	0	0	0	1	0	0	0	0	0	0	0	0	0	0	0	0	0	0	0	0	0	0	0	0	0	0	0	0	
Leptynia_montana	0	0	0	0	0	0	0	0	0	0	1	0	0	0	0	0	0	0	0	0	0	0	0	0	0	0	0	0	0	0	0	0	0	0	
Leptynia_caprai	0	0	0	0	0	0	0	0	0	0	0	1	0	0	0	0	0	0	0	0	0	0	0	0	0	0	0	0	0	0	0	0	0	0	
Phalces_sp	0	0	0	0	0	0	0	0	0	1	0	0	0	0	0	0	0	0	0	0	0	0	0	0	0	0	0	0	0	0	0	0	0	0	
N23	0.306565	0.118916	0.0605959	0.044685	0.0435193	0.0472924	0.0515255	0.0542513	0.0558751	0.0582779	0.0295373	0.0235889	0.0121284	0.0110657	0.00651254	0.00771104	0.00544398	0.00776546	0.00598876	0.00859113	0.0063132	0.00825173	0.00531045	0.00633485	0.00351301	0.00403075	0.00193709	0.00214337	0.000665807	0.000615185	0.000245424	0.000287424	0.000210907	0.00030383	
Carausius_morosus	0	0	0	0	0	0	0	0	0	0	0	0	0	0	0	0	0	0	0	0	0	0	0	0	1	0	0	0	0	0	0	0	0	0	
N24	0.0949542	0.051435	0.0451462	0.0520217	0.06322	0.0686312	0.063695	0.0540489	0.0502443	0.0624684	0.0593574	0.0768916	0.0721661	0.0711187	0.0502294	0.0343295	0.0172619	0.00830273	0.00301632	0.00106752	0.000292152	7.9894e-005	1.7224e-005	3.7897e-006	6.67653e-007	1.21461e-007	1.79327e-008	2.74086e-009	3.44951e-010	4.49151e-011	5.17892e-012	5.96132e-013	6.31346e-014	7.83597e-015	
N25	0.0641161	0.0361915	0.033533	0.0392836	0.0444176	0.042439	0.035139	0.0296017	0.0330247	0.0503352	0.0629587	0.092777	0.0988765	0.104088	0.0706894	0.0616127	0.0314137	0.0302686	0.0131787	0.0134323	0.00499505	0.00456291	0.00142143	0.00110199	0.000286522	0.000187398	4.01033e-005	2.21181e-005	3.45092e-006	1.64497e-006	2.88961e-007	1.61043e-007	5.16175e-008	3.58906e-008	
Orxines_sp	0	0	0	0	0	0	0	0	0	0	1	0	0	0	0	0	0	0	0	0	0	0	0	0	0	0	0	0	0	0	0	0	0	0	
Sipyloidea_sipylus	0	0	0	0	0	0	0	0	0	0	0	0	0	0	0	0	0	0	0	0	0	0	0	0	0	0	0	0	0	0	0	1	0	0	
Pseudophasma_sp	0	0	0	1	0	0	0	0	0	0	0	0	0	0	0	0	0	0	0	0	0	0	0	0	0	0	0	0	0	0	0	0	0	0	
N26	0.374582	0.142156	0.069137	0.0469891	0.0410952	0.0409062	0.0430201	0.0458085	0.0480185	0.0486397	0.0273453	0.0199699	0.0109596	0.0079125	0.00467089	0.00370895	0.00244674	0.00232042	0.00177639	0.00203489	0.00174302	0.00217683	0.00186923	0.00225545	0.00175245	0.00192121	0.00125824	0.00122444	0.000595685	0.000506199	0.000287603	0.000305592	0.000270766	0.00033583	
N27	0.118186	0.04232	0.0113464	0.0028133	0.000706086	0.000242445	0.000385402	0.00308616	0.0283495	0.156971	0.237863	0.224531	0.104613	0.0457925	0.0149081	0.00523278	0.00169383	0.000635042	0.000214306	7.60858e-005	2.29804e-005	7.20285e-006	2.05574e-006	7.62201e-007	3.60424e-007	2.18695e-007	1.08232e-007	4.44884e-008	1.22472e-008	2.66852e-009	4.25385e-010	5.56969e-011	5.79842e-012	5.96187e-013	
Bacillus_rossius	0	0	0	0	0	0	0	0	0	1	0	0	0	0	0	0	0	0	0	0	0	0	0	0	0	0	0	0	0	0	0	0	0	0	
Baculum_sp	0	0	0	0	0	0	0	0	0	0	0	0	0	0	0	0	0	0	0	0	0	0	0	0	0	0	0	1	0	0	0	0	0	0	
Phyllium_bioculatum	0	0	0	0	0	0	0	0	1	0	0	0	0	0	0	0	0	0	0	0	0	0	0	0	0	0	0	0	0	0	0	0	0	0	
N28	0.00251001	0.0089546	0.0542595	0.216097	0.340583	0.249367	0.0994298	0.0243247	0.00398071	0.000464108	2.80335e-005	1.65886e-006	7.11553e-008	2.9179e-009	9.44137e-011	2.82693e-012	6.90105e-014	1.55127e-015	2.90766e-017	5.05464e-019	7.46243e-021	1.031e-022	1.22847e-024	1.38041e-026	1.35543e-028	1.26271e-030	1.03966e-032	8.15858e-035	5.71529e-037	3.82901e-039	2.33807e-041	1.35681e-043	7.23521e-046	3.85984e-048	
Timema_poppensis	0	0	0	1	0	0	0	0	0	0	0	0	0	0	0	0	0	0	0	0	0	0	0	0	0	0	0	0	0	0	0	0	0	0	
Timema_shepardi	0	0	0	1	0	0	0	0	0	0	0	0	0	0	0	0	0	0	0	0	0	0	0	0	0	0	0	0	0	0	0	0	0	0	
