NODE	2	3	4	5	6	7	8	9	10	11	12	13	14	
N1	5.28894e-007	0.200094	2.15035e-005	3.17173e-007	0.799407	0.000476941	1.16363e-007	6.5022e-011	4.06652e-014	8.56381e-019	3.14156e-018	1.37509e-019	2.81703e-021	
N2	1.45218e-007	0.0436715	1.70864e-006	1.17677e-006	0.956296	2.96998e-005	6.5015e-009	7.30886e-012	5.57208e-012	5.85865e-012	1.59827e-008	6.17513e-013	1.1486e-014	
N3	2.1399e-007	0.0379323	8.68758e-007	2.05309e-006	0.962033	3.10553e-005	4.21876e-009	6.4146e-012	2.05088e-011	7.05461e-011	1.72533e-008	4.97065e-013	4.89234e-014	
N4	4.87264e-011	0.000234324	4.71808e-009	3.77581e-007	0.999762	3.30257e-006	9.2392e-011	1.68056e-013	3.71858e-013	2.93578e-013	1.23498e-008	2.65299e-013	3.42334e-016	
N5	4.80268e-016	2.33899e-007	1.3526e-013	7.32529e-010	0.094308	3.75862e-009	1.18092e-016	3.89195e-018	2.59862e-010	0.00136709	0.904325	3.43866e-008	6.00169e-012	
N6	2.10139e-015	1.13916e-007	6.02666e-013	2.24553e-008	0.0738606	9.94053e-009	1.13019e-015	1.17773e-015	1.62215e-010	0.00140817	0.924731	2.76579e-007	5.16243e-009	
N7	5.7545e-016	8.52075e-009	7.62591e-012	3.4538e-009	0.0298309	2.11821e-008	2.61988e-014	6.6802e-014	5.25856e-010	0.000734939	0.969431	2.97123e-006	4.05131e-008	
N8	1.43696e-018	5.67939e-011	2.6038e-013	3.96468e-009	0.00154719	8.31947e-010	1.75797e-015	3.10476e-015	5.52729e-009	0.0264702	0.97198	2.16167e-006	5.77634e-009	
N9	3.7204e-019	1.04147e-011	8.12865e-014	1.66234e-009	0.000748403	2.6167e-010	4.72701e-016	1.43341e-013	1.20354e-008	0.0264767	0.972774	1.27439e-006	2.23906e-008	
Atrachelacris_sp	0	0	0	0	0	0	0	0	0	1	0	0	0	
N10	8.98163e-020	3.65808e-012	4.35135e-014	1.26938e-011	0.000104241	1.07303e-010	1.31858e-013	3.34434e-012	4.50526e-009	0.00322557	0.996644	2.53295e-005	4.44037e-007	
N11	3.2097e-024	1.98437e-015	3.87336e-018	1.92078e-012	1.03272e-006	6.98759e-014	2.34367e-019	1.18937e-015	2.47892e-010	0.00617057	0.993828	3.82964e-007	2.05024e-010	
Leiotettix_pulcher	0	0	0	0	0	0	0	0	0	1	0	0	0	
Scotussa_lemniscata	0	0	0	0	0	0	0	0	0	0	1	0	0	
Scotussa_impudica	0	0	0	0	0	0	0	0	0	0	1	0	0	
Scotussa_daguerrei	0	0	0	0	0	0	0	0	0	1	0	0	0	
N12	2.75916e-015	3.74894e-009	2.30506e-010	1.22482e-008	0.0188818	1.09143e-007	3.20832e-012	3.9863e-011	3.93134e-009	3.54151e-005	0.981044	3.53179e-005	3.56422e-006	
Leiotettix_viridis	0	0	0	0	0	0	0	0	0	0	1	0	0	
Pseudoscopas_nigrigena	0	0	0	0	0	0	0	0	0	0	1	0	0	
Dichromatos_lilloanus	0	0	0	0	0	0	0	0	0	1	0	0	0	
N13	2.87307e-015	8.73401e-008	4.94494e-012	1.3106e-007	0.0852708	3.36017e-008	4.61949e-015	5.95942e-016	1.89221e-008	0.0243959	0.890332	5.2134e-007	5.13611e-009	
N14	2.39839e-015	1.12981e-008	1.20179e-010	1.86947e-005	0.0714848	7.67328e-008	1.37797e-013	8.44393e-012	1.07237e-005	0.062503	0.86598	2.23289e-006	2.08759e-008	
N15	4.22041e-014	5.13983e-009	5.09875e-009	0.000105854	0.0696085	1.46766e-007	3.6468e-012	3.25893e-008	0.0005698	0.0638878	0.865823	4.91026e-006	2.85464e-007	
Chlorus_bolivianus	0	0	0	0	0	0	0	0	1	0	0	0	0	
Ommatolampis_sp	0	0	0	0	0	0	0	0	0	0	1	0	0	
Ronderosia_sp	0	0	0	0	0	0	0	0	0	1	0	0	0	
N16	3.32655e-015	1.46191e-008	3.12876e-010	2.47293e-005	0.0471065	1.60078e-007	1.5413e-012	1.8603e-011	2.29574e-005	0.117145	0.835692	8.70131e-006	9.13676e-008	
N17	1.99164e-014	3.59744e-009	5.7009e-009	0.000139345	0.0429804	7.56291e-008	1.02022e-011	1.12925e-007	0.00150902	0.118906	0.836459	5.65981e-006	1.06595e-007	
Dichroplus_maculipennis	0	0	0	0	0	0	0	0	0	0	1	0	0	
Dichroplus_vittatus	0	0	0	0	0	0	0	0	1	0	0	0	0	
Leiotettix_flavipes	0	0	0	0	0	0	0	0	0	1	0	0	0	
N18	1.00059e-013	1.58971e-005	1.84128e-011	6.47007e-009	0.999984	9.94403e-008	6.79768e-015	1.06304e-017	1.15152e-018	2.60763e-016	1.24268e-008	5.15314e-015	2.94217e-018	
N19	4.02604e-013	1.0786e-005	6.341e-011	2.50139e-008	0.999989	2.42723e-007	2.81525e-014	1.11043e-016	6.46284e-017	5.36336e-015	1.24323e-008	7.52798e-015	9.91197e-017	
N20	1.46423e-012	6.78982e-006	2.20261e-009	9.43682e-008	0.999993	5.85049e-007	1.72633e-013	2.69437e-015	5.37541e-015	6.42074e-013	1.24402e-008	1.42564e-014	1.49661e-016	
N21	1.23543e-015	5.96684e-008	3.93091e-011	2.83117e-008	0.245102	9.96502e-008	1.28113e-013	3.72941e-014	8.66243e-010	5.68327e-006	0.754892	8.32339e-007	1.00309e-009	
Dichroplus_conspersus	0	0	0	0	0	0	0	0	0	0	1	0	0	
N22	4.53318e-016	4.66843e-008	1.05084e-011	1.10353e-007	0.240652	6.30321e-008	4.01819e-014	3.68032e-014	1.18452e-009	2.81913e-005	0.759319	6.41129e-007	2.6426e-009	
N23	1.02768e-014	4.41778e-009	3.59092e-009	0.000284329	0.20893	1.37114e-007	1.71678e-012	2.83933e-010	0.000111003	0.0583928	0.732281	1.31757e-006	9.3988e-009	
Dichroplus_pratensis	0	0	0	0	0	0	0	0	1	0	0	0	0	
N24	7.37784e-017	6.92927e-009	3.59804e-011	1.05686e-006	0.00954324	3.44618e-009	3.86859e-013	2.18031e-011	8.07896e-007	0.0594861	0.930967	2.06573e-006	9.6164e-009	
Ommexecha_sp	0	0	0	0	0	0	0	0	0	0	1	0	0	
Tropidostethus_sp	0	0	0	0	0	0	0	0	0	1	0	0	0	
Marellia_remipes	0	0	0	0	0	0	0	0	0	0	1	0	0	
N25	2.13894e-010	5.77138e-006	1.66555e-006	1.75898e-005	0.999971	4.32977e-006	2.08154e-011	4.04957e-012	9.17698e-012	1.31924e-010	1.22961e-008	8.38267e-014	3.57133e-015	
N26	3.60318e-008	2.51318e-005	0.0016652	0.00512075	0.993185	4.2973e-006	1.16347e-010	3.34698e-011	2.7104e-011	2.77423e-010	6.48637e-009	3.6002e-014	2.16536e-016	
Dichroplus_democraticus	0	0	0	0	0	0	0	0	0	0	1	0	0	
Dichroplus_silveiraguidoi	0	0	1	0	0	0	0	0	0	0	0	0	0	
N27	4.36978e-017	2.81062e-009	1.84836e-012	7.30123e-010	0.0104756	6.76944e-009	6.62697e-014	1.43683e-014	9.22074e-013	1.33781e-007	0.989521	3.36958e-006	4.18756e-009	
N28	6.9374e-024	2.90465e-014	4.80126e-019	2.4774e-014	4.64653e-005	2.46707e-013	3.33967e-021	1.13296e-021	2.23359e-018	2.12179e-009	0.999954	2.89785e-008	2.98063e-012	
Dichroplus_exilis	0	0	0	0	0	0	0	0	0	0	1	0	0	
Dichroplus_fuscus	0	0	0	0	0	0	0	0	0	0	1	0	0	
Dichroplus_schulzi	0	0	0	0	0	0	0	0	0	0	1	0	0	
Diponthus_sp	0	0	0	0	0	0	0	0	0	0	1	0	0	
N29	1.00458e-011	8.58614e-006	7.23618e-009	4.86769e-007	0.836681	4.05999e-006	4.3854e-011	8.05862e-012	2.14814e-009	1.92225e-007	0.163304	1.70006e-006	3.0971e-007	
N30	6.82607e-016	1.35238e-008	2.18288e-011	3.99201e-009	0.0210205	3.4517e-008	7.25111e-013	1.84089e-013	2.74743e-010	2.09833e-005	0.978948	1.07474e-005	3.09671e-008	
Dichroplus_elongatus	0	0	0	0	0	0	0	0	0	0	1	0	0	
N31	1.04745e-020	3.02955e-012	8.12549e-016	4.90835e-010	0.000371064	2.03653e-011	4.25388e-018	2.39763e-016	8.98486e-011	0.00198904	0.99764	2.52657e-007	1.71441e-010	
Dichroplus_paraelongatus	0	0	0	0	0	0	0	0	0	0	1	0	0	
Dichroplus_patruelis	0	0	0	0	0	0	0	0	0	1	0	0	0	
Paulinia_acuminata	0	0	0	0	0	0	0	0	0	0	1	0	0	
N32	3.5057e-009	0.00132213	1.06585e-007	4.54054e-007	0.332005	5.43247e-006	1.14887e-009	7.21328e-011	1.75481e-009	1.02839e-006	0.666605	5.98006e-005	1.13244e-006	
N33	2.0005e-009	0.000837499	2.46371e-008	2.85683e-007	0.293366	3.64444e-006	4.23826e-010	2.88515e-011	1.95568e-009	2.26413e-006	0.70573	5.58568e-005	4.7645e-006	
Dichromorpha_sp	0	0	0	0	0	0	0	0	0	0	1	0	0	
N34	4.03204e-011	1.7702e-005	5.17163e-009	9.53206e-008	0.0595469	8.86695e-007	1.71323e-010	5.36345e-011	1.94925e-009	5.27582e-006	0.94027	0.000154857	4.32602e-006	
N35	1.23776e-021	1.7947e-012	2.11586e-018	3.92317e-014	2.63598e-005	3.86649e-013	5.4113e-020	2.46889e-020	1.46145e-017	5.79923e-009	0.999973	1.63652e-007	5.10579e-012	
Schistocerca_cancellata	0	0	0	0	0	0	0	0	0	0	1	0	0	
Schistocerca_pallens	0	0	0	0	0	0	0	0	0	0	1	0	0	
Schistocerca_flavofasciata	0	0	0	0	0	0	0	0	0	0	1	0	0	
N36	1.09852e-011	7.51996e-006	1.90151e-009	4.31814e-008	0.0350788	4.09277e-007	8.11613e-011	2.47036e-011	7.28385e-010	4.01521e-006	0.964756	0.000151205	2.13247e-006	
Hyalopteryx_rufipennis	0	0	0	0	0	0	0	0	0	0	1	0	0	
Leptysma_sp	0	0	0	0	0	0	0	0	0	0	1	0	0	
N37	6.44008e-009	0.00127681	1.48509e-007	7.72004e-007	0.279451	7.06537e-006	2.71397e-009	1.76806e-010	4.47961e-009	2.52745e-006	0.719174	8.50976e-005	2.23619e-006	
N38	5.21777e-010	0.000378003	8.27446e-009	1.4697e-007	0.19413	1.7531e-006	1.24952e-010	7.10535e-012	5.41857e-010	2.34357e-006	0.805444	4.16873e-005	1.56276e-006	
N39	3.05002e-011	3.20735e-005	1.31449e-009	5.96844e-008	0.0791837	4.8017e-007	1.17004e-011	1.92206e-012	2.52877e-009	6.16584e-005	0.920689	3.16508e-005	8.78968e-007	
Prionolopha_serrata	0	0	0	0	0	0	0	0	0	0	1	0	0	
N40	5.18161e-012	4.72191e-006	4.58991e-010	6.05636e-007	0.0359404	1.98041e-007	4.99588e-012	5.74535e-012	9.01927e-008	0.00292757	0.961099	2.63419e-005	1.32302e-006	
Xyleus_insignis	0	0	0	0	0	0	0	0	0	0	1	0	0	
Xyleus_laevipes	0	0	0	0	0	0	0	0	0	1	0	0	0	
Xyleus_modestus	0	0	0	0	0	0	0	0	0	0	1	0	0	
N41	2.46997e-015	3.33129e-008	1.03801e-012	2.30318e-010	0.0019895	2.23224e-009	4.78156e-014	1.28213e-014	5.42335e-013	3.49797e-007	0.997992	1.83745e-005	1.36893e-008	
N42	1.67868e-018	3.45317e-010	7.4785e-016	2.22442e-012	0.00028502	2.58035e-011	7.58366e-018	3.22936e-018	1.75864e-015	3.17867e-008	0.999714	1.00305e-006	1.03029e-009	
Zoniopoda_hempeli	0	0	0	0	0	0	0	0	0	0	1	0	0	
Zoniopoda_omnicolor	0	0	0	0	0	0	0	0	0	0	1	0	0	
Zoniopoda_tarsata	0	0	0	0	0	0	0	0	0	0	1	0	0	
N43	5.18495e-011	3.09351e-005	3.58171e-009	2.78631e-008	0.0200868	3.35745e-007	4.39561e-010	5.07817e-011	5.67883e-010	3.05861e-006	0.979549	0.000328739	1.2823e-006	
Trimerotropis_ochraceipennis	0	0	0	0	0	0	0	0	0	0	1	0	0	
Trimerotropis_pallidipennis	0	0	0	0	0	0	0	0	0	0	1	0	0	
