NODE	7	8	9	10	11	12	13	14	15	16	17	18	19	20	21	22	23	24	25	26	27	28	29	30	31	32	33	34	35	36	37	38	39	40	41	42	43	44	45	46	47	48	49	50	51	
N1	0.000136205	0.000299339	0.00116728	0.00628272	0.029891	0.100985	0.224492	0.304402	0.228154	0.0867878	0.0159485	0.00139447	5.85071e-005	1.20518e-006	1.25718e-008	6.87796e-011	2.04693e-013	4.82615e-018	1.51169e-019	3.68074e-021	7.07676e-023	1.09016e-024	1.36379e-026	1.40275e-028	1.19985e-030	8.62389e-033	5.2584e-035	2.74393e-037	1.23522e-039	4.83245e-042	1.65417e-044	4.98533e-047	1.33048e-049	3.16104e-052	6.71899e-055	1.28355e-057	2.21309e-060	3.45766e-063	4.91318e-066	6.37139e-069	7.56478e-072	8.24823e-075	8.28242e-078	7.68068e-081	7.03075e-084	
N2	0.00017006	0.00050968	0.00242689	0.0114359	0.0422785	0.113831	0.217168	0.276585	0.214556	0.0944699	0.0230979	0.00319561	0.000259505	1.45133e-005	6.5501e-007	2.66306e-007	2.14796e-008	1.27407e-008	5.86287e-010	2.05835e-010	5.30339e-012	1.09352e-012	1.6141e-014	1.92813e-015	1.69783e-017	1.15909e-018	6.38396e-021	2.5128e-022	8.98957e-025	2.13731e-026	5.07238e-029	7.86824e-031	1.26992e-033	1.56514e-035	1.76433e-038	2.076e-040	6.11821e-043	3.19601e-044	3.07041e-047	5.35419e-049	2.20004e-051	9.03578e-053	1.01921e-055	2.79919e-057	9.55225e-059	
N3	0.000824599	0.0032835	0.0137237	0.0386672	0.0674657	0.0848493	0.111593	0.160034	0.190614	0.165279	0.101232	0.0441066	0.0137468	0.00345951	0.000738342	0.000269635	7.36579e-005	3.17106e-005	6.16035e-006	1.6703e-006	2.02418e-007	3.4146e-008	2.63203e-009	2.89474e-010	1.46776e-011	1.11279e-012	3.84079e-014	2.12437e-015	5.14779e-017	2.19347e-018	3.82233e-020	1.31339e-021	1.72765e-023	5.35789e-025	5.74026e-027	1.7729e-028	2.34714e-030	1.00597e-031	1.17523e-033	3.97728e-035	6.11901e-037	2.38486e-038	4.41238e-040	1.8129e-041	8.2736e-043	
N4	0.000241309	0.00081733	0.00308025	0.00851254	0.0156174	0.021567	0.0325495	0.0609785	0.108399	0.155139	0.169646	0.145721	0.0953055	0.0651048	0.0355069	0.0382771	0.0186471	0.0165756	0.0049812	0.00266892	0.000482365	0.000159245	1.81068e-005	3.8919e-006	2.92294e-007	4.32225e-008	2.22646e-009	2.36885e-010	8.69567e-012	7.07768e-013	1.88876e-014	1.21581e-015	2.64989e-017	1.75704e-018	3.08556e-020	1.83745e-021	4.28151e-023	3.79121e-024	5.7697e-026	3.186e-027	6.9353e-029	5.39016e-030	1.03619e-031	8.03178e-033	8.26882e-034	
N5	4.43328e-005	0.000143276	0.000559337	0.00163634	0.00317828	0.00523835	0.0113004	0.0280228	0.0595206	0.100896	0.137467	0.155847	0.148677	0.124507	0.0893494	0.0637451	0.036548	0.0213509	0.00776087	0.00318885	0.000721585	0.000243519	3.95245e-005	1.19391e-005	1.50221e-006	3.88127e-007	3.85686e-008	8.16886e-009	6.50648e-010	1.1392e-010	7.45143e-012	1.1228e-012	6.51015e-014	9.46734e-015	5.36838e-016	8.12938e-017	5.07792e-018	8.51318e-019	5.05883e-020	7.3953e-021	4.22392e-022	6.06571e-023	3.6055e-024	6.31592e-025	1.18057e-025	
N6	1.0226e-006	1.56657e-005	0.000261097	0.00175145	0.00179951	0.000629614	0.000270062	0.00164667	0.0104875	0.0416368	0.103908	0.17544	0.226243	0.223767	0.142454	0.0547242	0.0128127	0.00194572	0.000192485	1.32607e-005	6.32773e-007	2.27904e-008	6.0518e-010	1.30189e-011	2.144e-013	2.98719e-015	3.232e-017	3.04926e-019	2.25205e-021	1.50191e-023	7.91045e-026	3.95536e-028	1.58523e-030	6.46376e-033	2.15855e-035	7.81526e-038	2.3541e-040	7.72418e-043	2.10787e-045	6.19772e-048	1.62605e-050	4.72296e-053	1.29653e-055	3.54121e-058	9.46972e-061	
N7	4.22515e-009	2.3047e-007	8.91909e-006	6.33585e-005	3.61087e-005	4.61485e-006	2.19482e-006	1.9232e-005	0.000444423	0.00604618	0.0426574	0.154985	0.298257	0.307182	0.151687	0.0347138	0.00366879	0.000217346	6.93004e-006	1.77553e-007	2.45165e-009	4.91972e-011	3.24613e-013	7.44074e-015	2.54691e-017	5.08668e-019	1.02681e-021	1.36998e-023	1.81256e-026	1.6709e-028	1.62799e-031	1.1796e-033	9.40137e-037	5.82112e-039	3.83639e-042	1.9658e-044	1.04682e-047	4.3241e-050	1.79488e-053	5.76375e-056	1.91296e-059	4.96982e-062	1.36478e-065	3.35279e-068	5.75846e-071	
N8	2.70162e-011	1.93598e-009	8.24181e-008	7.47954e-007	4.84824e-007	6.67114e-008	1.3479e-008	5.06752e-008	3.1599e-006	0.000151753	0.00370992	0.0426481	0.212476	0.411836	0.269706	0.0552217	0.00411186	0.000132121	2.09488e-006	2.06025e-008	1.56902e-010	4.66286e-012	5.38635e-014	1.77458e-015	1.16672e-017	2.14195e-019	8.09108e-022	8.79857e-024	2.02712e-026	1.38366e-028	2.06822e-031	9.35492e-034	9.5576e-037	2.99564e-039	2.15266e-042	4.77464e-045	2.45821e-048	3.94793e-051	1.47366e-054	1.75796e-057	4.82422e-061	4.52927e-064	1.2584e-067	2.44174e-070	7.39761e-073	
N9	2.70287e-014	3.89949e-012	3.36834e-010	6.84138e-009	5.93403e-009	8.39e-010	1.17241e-010	9.41481e-011	1.3082e-008	2.07281e-006	0.000168127	0.00613894	0.0868729	0.390464	0.422422	0.088742	0.00508253	0.000105873	9.7661e-007	4.61098e-009	1.26328e-011	5.67756e-014	3.63364e-016	1.22791e-017	6.30143e-020	1.21917e-021	3.63443e-024	4.09119e-026	7.21411e-029	4.95932e-031	5.27308e-034	2.27113e-036	1.50002e-039	4.08324e-042	1.7418e-045	3.01832e-048	8.65844e-052	9.84933e-055	1.95711e-058	1.55068e-061	2.17602e-065	1.29283e-068	1.5552e-072	1.64566e-075	3.31925e-078	
N10	2.66124e-017	9.02369e-015	1.79723e-012	8.2595e-011	7.25625e-011	5.26634e-012	6.12809e-013	4.29385e-013	1.5095e-010	6.43755e-008	1.39125e-005	0.0012854	0.041363	0.347352	0.509237	0.0968907	0.00381097	4.63405e-005	2.25832e-007	5.24771e-010	6.57621e-013	5.56954e-016	6.55252e-019	1.96056e-020	6.66497e-023	1.66761e-024	3.29658e-027	4.84471e-029	5.48698e-032	4.98886e-034	3.15996e-037	1.81772e-039	6.41083e-043	2.29217e-045	4.71413e-049	1.08054e-051	1.31482e-054	1.41465e-055	7.1792e-058	1.70215e-059	2.26325e-062	1.7754e-064	1.14561e-067	7.61922e-070	1.23395e-071	
N11	4.6447e-020	3.26503e-017	1.41076e-014	1.17361e-012	1.01899e-012	4.04771e-014	3.90429e-015	8.13786e-015	8.24186e-012	7.55323e-009	3.27889e-006	0.000553807	0.0286511	0.326659	0.543259	0.0977993	0.00304994	2.50808e-005	7.28465e-008	9.1368e-011	5.70704e-014	2.04515e-017	6.96441e-021	2.01696e-022	4.29045e-025	1.64729e-026	1.84877e-029	4.19641e-031	2.39732e-033	5.82244e-033	2.1627e-034	2.74608e-034	5.65345e-036	5.27553e-036	7.43715e-038	2.31993e-037	2.90697e-038	1.01262e-037	3.13667e-039	1.39943e-039	8.66763e-042	1.11682e-042	4.6671e-045	4.94342e-046	1.24038e-046	
N12	1.14566e-020	6.79524e-018	2.0039e-015	9.63123e-014	8.62266e-014	5.90112e-015	1.40459e-015	6.68509e-015	5.87505e-012	5.67495e-009	2.60361e-006	0.000470495	0.0262071	0.318779	0.551743	0.0996808	0.00309179	2.53226e-005	7.37644e-008	9.36399e-011	5.97578e-014	2.1586e-017	6.57106e-021	5.97988e-022	2.2446e-024	3.99859e-025	7.72596e-028	8.58747e-029	8.04955e-032	5.93121e-033	2.4906e-036	1.24952e-037	2.20055e-041	7.21493e-043	5.59789e-047	1.02128e-048	4.35019e-053	3.55954e-055	1.03817e-059	3.72805e-062	8.1935e-067	1.45992e-069	2.49424e-074	2.82509e-077	7.22657e-080	
N13	1.39122e-022	1.81754e-019	2.03185e-016	8.24713e-014	5.59942e-013	1.7455e-013	2.14719e-014	1.02737e-014	4.51494e-012	3.33928e-009	1.31965e-006	0.000236783	0.0155305	0.262532	0.629659	0.0896956	0.00232574	1.85262e-005	6.05387e-008	9.71709e-011	8.65397e-014	4.70271e-017	1.76752e-020	3.89941e-023	8.34031e-026	1.12723e-027	1.79089e-030	1.40623e-032	1.57617e-035	7.30652e-038	5.68952e-041	1.56908e-043	7.63576e-047	1.25856e-049	3.25141e-053	3.0603e-056	4.35439e-060	2.12917e-063	1.89072e-067	5.74218e-071	3.31297e-075	7.58478e-079	3.28807e-083	1.08643e-086	6.81287e-090	
N14	4.29693e-024	1.3534e-020	3.18345e-017	3.20986e-014	3.32614e-013	4.11241e-014	2.07582e-015	8.17662e-017	7.18838e-015	1.37007e-011	1.4788e-008	7.74383e-006	0.00161621	0.096497	0.83919	0.0619672	0.000719464	2.53433e-006	3.70733e-009	2.70932e-012	1.11708e-015	2.85476e-019	5.09093e-023	4.14737e-026	3.71973e-029	1.89975e-031	1.32145e-034	4.01263e-037	1.99977e-040	3.65425e-043	1.3023e-046	1.43828e-049	3.39232e-053	2.24569e-056	2.97078e-060	1.13568e-063	8.08221e-068	1.57315e-071	6.87927e-076	8.85366e-080	2.52557e-084	2.54232e-088	5.6417e-093	8.51107e-097	2.21175e-100	
N15	9.34536e-029	9.36386e-025	5.13669e-021	1.07814e-017	5.87676e-017	1.90659e-018	4.06929e-020	5.36833e-022	1.73102e-020	3.00943e-016	2.98444e-012	1.44063e-008	2.76478e-005	0.014739	0.973858	0.0113582	1.71857e-005	7.43688e-009	1.30436e-012	1.12866e-016	5.46258e-021	1.61578e-025	3.20089e-030	4.49044e-034	8.20286e-038	1.65973e-040	2.19863e-044	3.07326e-047	2.29818e-047	6.40111e-048	9.82668e-050	1.01768e-050	1.15586e-052	8.26146e-054	5.31539e-056	2.53241e-057	2.6698e-059	8.41539e-059	1.61607e-059	4.88418e-060	6.25862e-063	5.3387e-065	5.32919e-068	8.21439e-070	3.39064e-071	
Amitermes_darwini	0	0	0	0	0	0	0	0	0	0	0	0	0	0	1	0	0	0	0	0	0	0	0	0	0	0	0	0	0	0	0	0	0	0	0	0	0	0	0	0	0	0	0	0	0	
N16	2.85882e-032	6.8728e-028	8.01325e-024	2.73453e-020	1.11661e-019	5.2954e-022	4.64323e-024	3.70952e-025	5.68046e-023	2.77856e-018	7.76298e-014	1.04159e-009	5.40062e-006	0.00727927	0.986901	0.00581105	3.62789e-006	6.03384e-010	3.93401e-014	1.2434e-018	2.17772e-023	2.31673e-028	1.64288e-033	1.35734e-036	4.38191e-040	7.35371e-042	1.62488e-045	1.61899e-047	2.46458e-051	1.51266e-053	1.48212e-057	5.84316e-060	3.01225e-064	8.03256e-067	1.38478e-071	2.52436e-074	6.4327e-080	1.4531e-083	2.62144e-089	2.17533e-093	2.78144e-099	1.3703e-103	1.29546e-109	1.97024e-113	2.3218e-116	
Amitermes_germanus	0	0	0	0	0	0	0	0	0	0	0	0	0	0	1	0	0	0	0	0	0	0	0	0	0	0	0	0	0	0	0	0	0	0	0	0	0	0	0	0	0	0	0	0	0	
Pericapritermes_sp	0	0	0	0	0	0	0	0	0	0	0	0	0	0	1	0	0	0	0	0	0	0	0	0	0	0	0	0	0	0	0	0	0	0	0	0	0	0	0	0	0	0	0	0	0	
N17	8.84999e-025	1.6445e-021	1.74739e-018	5.74778e-016	2.32913e-015	1.01735e-016	9.33074e-018	2.48574e-018	4.83856e-016	1.48516e-012	2.62967e-009	2.26397e-006	0.000772292	0.0729438	0.872577	0.0532634	0.000439648	1.04511e-006	1.00958e-009	4.82454e-013	1.29495e-016	2.13653e-020	2.4052e-024	6.52189e-027	1.22661e-029	4.28562e-031	5.64096e-034	1.17989e-035	1.07178e-038	1.39112e-040	8.24143e-044	6.87894e-046	2.28309e-049	1.26282e-051	1.78789e-055	6.22676e-058	2.84761e-062	2.7249e-065	8.3301e-070	3.76086e-073	8.04652e-078	2.35799e-081	3.7181e-086	1.62646e-089	3.17577e-092	
Amitermes_parvus	0	0	0	0	0	0	0	0	0	0	0	0	0	0	1	0	0	0	0	0	0	0	0	0	0	0	0	0	0	0	0	0	0	0	0	0	0	0	0	0	0	0	0	0	0	
Drepanotermes_septentrionalis	0	0	0	0	0	0	0	0	0	0	0	0	0	0	1	0	0	0	0	0	0	0	0	0	0	0	0	0	0	0	0	0	0	0	0	0	0	0	0	0	0	0	0	0	0	
N18	1.55883e-022	1.27978e-019	5.89947e-017	6.65191e-015	1.82625e-014	3.6695e-015	1.10594e-015	4.09638e-015	1.99923e-012	1.88723e-009	9.21475e-007	0.000196976	0.0146475	0.263829	0.644504	0.0753229	0.00148972	8.73281e-006	2.05746e-008	2.35023e-011	1.47631e-014	5.59376e-018	1.4394e-021	7.95899e-024	2.67719e-026	1.39987e-027	3.13291e-030	9.80172e-032	1.39862e-034	2.75101e-036	2.31869e-039	2.98993e-041	1.29734e-044	1.1109e-046	2.13091e-050	1.09361e-052	9.82762e-057	2.09854e-059	1.2502e-063	1.27285e-066	5.43115e-071	3.30551e-074	1.04165e-078	6.08662e-082	1.1102e-084	
N19	9.5794e-025	1.50639e-021	2.32114e-018	1.79725e-015	2.99913e-014	1.20778e-014	1.97843e-015	3.20173e-016	3.9323e-014	6.12277e-011	5.33267e-008	2.19159e-005	0.00343444	0.14309	0.783859	0.0686408	0.000950053	3.93266e-006	6.68437e-009	5.63193e-012	2.66301e-015	7.8051e-019	1.73913e-022	8.28103e-025	1.5306e-027	2.46099e-029	3.16688e-032	2.96779e-034	2.66579e-037	1.49273e-039	8.91035e-043	3.04247e-045	1.03736e-048	2.18603e-051	3.51152e-055	4.13056e-058	3.42145e-062	1.75099e-065	9.25984e-070	2.73984e-073	9.60407e-078	2.10464e-081	5.76145e-086	2.41916e-089	3.27624e-092	
N20	7.38807e-029	6.37981e-025	3.83812e-021	8.83362e-018	6.64838e-017	3.53479e-018	1.59775e-019	9.885e-021	9.60556e-018	9.13554e-014	4.41871e-010	8.98837e-007	0.000593572	0.0808482	0.873205	0.0451365	0.000215652	2.3175e-007	8.51971e-011	1.36324e-014	1.10849e-018	5.1152e-023	1.55399e-027	1.41407e-030	5.54154e-034	5.57495e-035	3.41364e-035	1.1111e-034	4.7547e-036	2.36855e-036	6.17215e-038	2.22586e-038	3.42876e-040	9.10553e-041	6.45425e-043	1.12125e-043	3.81392e-046	2.61582e-047	6.47274e-050	2.29289e-051	4.32285e-054	1.05175e-055	1.57102e-058	5.37825e-060	7.49952e-061	
N21	5.48712e-026	3.62256e-024	1.43541e-021	8.74116e-019	5.80252e-018	5.49044e-019	3.4492e-020	1.80022e-020	1.5639e-017	1.20135e-013	4.97529e-010	9.0995e-007	0.000571173	0.0782848	0.875344	0.0455694	0.000229388	2.7499e-007	1.18781e-010	2.33513e-014	2.42283e-018	1.46881e-022	5.97923e-027	1.66777e-028	3.9906e-031	9.74946e-032	1.37664e-034	2.11956e-035	1.65316e-038	1.71687e-039	6.46255e-043	4.78566e-044	6.84987e-048	3.7143e-049	1.38956e-053	4.85924e-055	4.93154e-060	3.44505e-062	2.52528e-067	5.1963e-070	2.98027e-075	2.75785e-078	1.24174e-083	1.00663e-086	1.24113e-088	
Ephelotermes_melachoma	0	0	0	0	0	0	0	0	0	0	0	0	0	0	1	0	0	0	0	0	0	0	0	0	0	0	0	0	0	0	0	0	0	0	0	0	0	0	0	0	0	0	0	0	0	
Macrognathotermes_sunteri	0	0	0	0	0	0	0	0	0	0	0	0	0	0	1	0	0	0	0	0	0	0	0	0	0	0	0	0	0	0	0	0	0	0	0	0	0	0	0	0	0	0	0	0	0	
Ephelotermes_taylori	0	0	0	0	0	0	0	0	0	0	0	0	0	0	1	0	0	0	0	0	0	0	0	0	0	0	0	0	0	0	0	0	0	0	0	0	0	0	0	0	0	0	0	0	0	
Lophotermes_septentrionalis	0	0	0	0	0	0	0	0	0	0	0	0	0	0	1	0	0	0	0	0	0	0	0	0	0	0	0	0	0	0	0	0	0	0	0	0	0	0	0	0	0	0	0	0	0	
N22	7.07073e-023	2.084e-019	3.68708e-016	6.15729e-014	1.06167e-013	9.34579e-015	1.76446e-015	7.27406e-015	1.46263e-012	2.24632e-009	1.79455e-006	0.000608194	0.0605154	0.435002	0.493027	0.0107911	5.442e-005	1.01423e-007	8.87217e-011	4.21757e-014	1.20313e-017	2.21947e-021	2.85649e-025	9.22793e-029	5.62514e-032	2.45901e-034	1.41573e-037	3.90587e-040	1.67832e-043	2.88619e-046	9.33938e-050	9.98134e-053	2.29599e-056	1.49439e-059	2.05943e-063	7.88871e-067	5.41516e-071	9.97015e-075	4.16194e-079	4.99637e-083	1.35626e-087	1.27968e-091	2.65471e-096	3.53384e-100	7.9416e-104	
Procubitermes_sp	0	0	0	0	0	0	0	0	0	0	0	0	1	0	0	0	0	0	0	0	0	0	0	0	0	0	0	0	0	0	0	0	0	0	0	0	0	0	0	0	0	0	0	0	0	
N23	1.34219e-026	6.1211e-023	1.41928e-019	1.17732e-016	1.24872e-015	2.41022e-016	2.24806e-017	1.33789e-018	9.76185e-017	7.26359e-013	2.87466e-009	4.82699e-006	0.00242381	0.138225	0.849839	0.00948998	1.73298e-005	1.00551e-008	2.51089e-012	3.21945e-016	2.38828e-020	4.39601e-024	3.14691e-027	4.97032e-029	2.93576e-032	2.59847e-034	9.90295e-038	5.11961e-040	1.18375e-043	3.72538e-046	4.22038e-050	8.23455e-053	2.48795e-057	2.13306e-060	3.59819e-065	1.34278e-068	1.5119e-073	2.6302e-077	2.05149e-082	2.18051e-086	1.18068e-091	9.20697e-096	6.4501e-101	4.61572e-104	4.74535e-107	
Tuberculitermes_bycanistes	0	0	0	0	0	0	0	0	0	0	0	0	0	0	1	0	0	0	0	0	0	0	0	0	0	0	0	0	0	0	0	0	0	0	0	0	0	0	0	0	0	0	0	0	0	
Unguitermes_sp	0	0	0	0	0	0	0	0	0	0	0	0	0	0	1	0	0	0	0	0	0	0	0	0	0	0	0	0	0	0	0	0	0	0	0	0	0	0	0	0	0	0	0	0	0	
N24	5.56641e-020	6.80752e-018	1.08387e-015	1.00959e-013	1.51945e-012	3.45259e-012	3.45609e-012	1.01461e-011	1.23176e-009	2.32333e-007	2.57955e-005	0.00144881	0.0348644	0.279995	0.513297	0.157372	0.0126216	0.000369868	4.91933e-006	3.4357e-008	1.39668e-010	3.59591e-013	6.76087e-016	1.40566e-017	1.9586e-019	2.09074e-020	2.1301e-022	1.34679e-023	9.90396e-026	3.76035e-027	1.94159e-029	4.45096e-031	1.40782e-033	1.96139e-035	3.07544e-038	2.4218e-040	2.00543e-043	7.435e-046	3.88589e-049	8.72417e-052	2.98787e-055	5.10249e-058	1.33569e-061	3.77763e-064	2.47281e-066	
N25	4.07783e-020	2.31345e-017	1.05162e-014	2.01776e-012	1.78916e-011	7.74349e-012	1.3961e-012	3.05284e-013	2.05956e-011	7.84179e-009	1.78786e-006	0.000209527	0.0107111	0.1841	0.660397	0.13824	0.0062422	9.78974e-005	6.86894e-007	2.5241e-009	5.40757e-012	7.34731e-015	6.94091e-018	1.59526e-020	5.56791e-023	9.95621e-025	3.14584e-027	3.51969e-029	7.96671e-032	5.53979e-034	8.87613e-037	3.88823e-039	4.17248e-042	1.15483e-044	7.66177e-048	1.31758e-050	5.35842e-054	5.59141e-057	1.4878e-060	1.04624e-063	1.89746e-067	1.01244e-070	1.39316e-074	8.69326e-078	7.96585e-081	
Crenetermes_albotarsalis	0	0	0	0	0	0	0	0	0	0	0	0	0	0	1	0	0	0	0	0	0	0	0	0	0	0	0	0	0	0	0	0	0	0	0	0	0	0	0	0	0	0	0	0	0	
Cubitermes_sp	0	0	0	0	0	0	0	0	0	0	0	0	0	0	1	0	0	0	0	0	0	0	0	0	0	0	0	0	0	0	0	0	0	0	0	0	0	0	0	0	0	0	0	0	0	
Thoracotermes_macrothorax	0	0	0	0	0	0	0	0	0	0	0	0	0	0	1	0	0	0	0	0	0	0	0	0	0	0	0	0	0	0	0	0	0	0	0	0	0	0	0	0	0	0	0	0	0	
N26	3.35702e-021	7.06943e-018	1.08928e-014	7.73825e-012	3.87793e-011	1.51102e-012	2.67379e-014	3.21104e-016	4.92685e-015	7.33774e-012	6.70085e-009	3.25993e-006	0.000724864	0.0569536	0.897358	0.0445101	0.000448467	1.62471e-006	2.73618e-009	2.4918e-012	1.35746e-015	4.81006e-019	1.20218e-022	4.06665e-026	1.87686e-029	2.82521e-032	1.48387e-035	1.56849e-038	6.04865e-042	4.08753e-045	1.15842e-048	5.04708e-052	1.01774e-055	2.84451e-059	3.85455e-063	6.93622e-067	6.12151e-071	7.32514e-075	4.28722e-079	3.75514e-083	1.52758e-087	1.08244e-091	3.72896e-096	3.38236e-100	3.68601e-104	
Microcerotermes_boreus	0	0	0	0	0	0	0	0	0	0	0	0	0	0	1	0	0	0	0	0	0	0	0	0	0	0	0	0	0	0	0	0	0	0	0	0	0	0	0	0	0	0	0	0	0	
Microcerotermes_nervosus	0	0	0	0	0	0	0	0	0	0	0	0	0	0	1	0	0	0	0	0	0	0	0	0	0	0	0	0	0	0	0	0	0	0	0	0	0	0	0	0	0	0	0	0	0	
N27	1.29688e-020	2.19234e-017	2.71439e-014	1.41456e-011	7.23149e-011	4.24617e-012	1.03379e-013	1.94327e-015	7.90661e-014	8.31733e-011	5.12892e-008	1.61563e-005	0.00220383	0.0990443	0.82663	0.0709389	0.00115998	6.42481e-006	1.57982e-008	2.0266e-011	1.51108e-014	7.17446e-018	2.38427e-021	1.27746e-024	9.02495e-028	2.02494e-030	1.41825e-033	2.07878e-036	1.03949e-039	9.46691e-043	3.38507e-046	1.93424e-049	4.77669e-053	1.7075e-056	2.7466e-060	6.16961e-064	6.29948e-068	9.1861e-072	6.07767e-076	6.35461e-080	2.85002e-084	2.35876e-088	8.73259e-093	9.25502e-097	1.20161e-100	
N28	1.40064e-022	3.03002e-019	3.61089e-016	1.2671e-013	3.70267e-013	5.91469e-015	3.97916e-017	2.41034e-018	3.49969e-016	1.13197e-012	2.0969e-009	1.87858e-006	0.000666895	0.0664894	0.881775	0.050667	0.000398467	9.02131e-007	8.25306e-010	3.70742e-013	9.28142e-017	1.41812e-020	1.46883e-024	2.94179e-027	4.27359e-030	1.07777e-031	1.0535e-034	1.63152e-036	1.03209e-039	1.03099e-041	3.99784e-045	2.68107e-047	5.73583e-051	2.62816e-053	2.62497e-057	7.70411e-060	2.77654e-064	2.61544e-067	6.38172e-072	2.94717e-075	5.22131e-080	1.49431e-083	1.98809e-088	5.80936e-092	6.0258e-095	
Nasutitermes_graveolus	0	0	0	0	0	0	0	0	0	0	0	0	0	0	1	0	0	0	0	0	0	0	0	0	0	0	0	0	0	0	0	0	0	0	0	0	0	0	0	0	0	0	0	0	0	
Nasutitermes_triodiae	0	0	0	0	0	0	0	0	0	0	0	0	0	0	1	0	0	0	0	0	0	0	0	0	0	0	0	0	0	0	0	0	0	0	0	0	0	0	0	0	0	0	0	0	0	
N29	2.30406e-025	1.25486e-021	3.71526e-018	3.69402e-015	7.14786e-015	2.78366e-017	3.41146e-019	6.39e-021	1.89604e-019	2.02273e-015	1.26142e-011	3.92113e-008	5.0194e-005	0.0188689	0.965574	0.0154721	3.44384e-005	2.28673e-008	6.32711e-012	8.80568e-016	6.95483e-020	3.39696e-024	1.12069e-028	2.15967e-032	6.06187e-036	1.76917e-038	3.75201e-042	6.43535e-045	9.54825e-049	9.76762e-052	9.99835e-056	6.16413e-059	3.98742e-063	1.48632e-066	4.96062e-071	1.07187e-074	1.28371e-079	9.1571e-084	6.52658e-089	2.56774e-093	1.15121e-098	3.15016e-103	9.87375e-109	3.78784e-113	3.50073e-117	
Nasutitermes_longipennis	0	0	0	0	0	0	0	0	0	0	0	0	0	0	1	0	0	0	0	0	0	0	0	0	0	0	0	0	0	0	0	0	0	0	0	0	0	0	0	0	0	0	0	0	0	
Tumulitermes_pastinator	0	0	0	0	0	0	0	0	0	0	0	0	0	0	1	0	0	0	0	0	0	0	0	0	0	0	0	0	0	0	0	0	0	0	0	0	0	0	0	0	0	0	0	0	0	
N30	6.30919e-015	2.89673e-013	1.04425e-011	1.42026e-010	4.45317e-010	4.19378e-010	2.10346e-010	3.55709e-010	2.49414e-008	2.47031e-006	0.00014469	0.00437859	0.0595722	0.302239	0.451183	0.163132	0.0184922	0.000837161	1.80409e-005	2.09893e-007	1.44646e-009	6.55902e-012	2.4264e-014	5.87235e-016	8.41513e-018	4.51965e-019	4.70211e-021	1.51119e-022	1.10031e-024	2.16096e-026	1.07858e-028	1.31435e-030	4.24519e-033	3.22203e-035	6.34958e-038	2.94416e-040	3.59582e-043	1.02443e-045	8.13504e-049	1.62907e-051	8.76639e-055	1.39003e-057	6.12155e-061	1.45977e-063	5.80827e-066	
Macrotermes_bellicosus	0	0	0	0	0	0	0	0	0	0	0	0	0	0	1	0	0	0	0	0	0	0	0	0	0	0	0	0	0	0	0	0	0	0	0	0	0	0	0	0	0	0	0	0	0	
N31	1.3295e-017	1.54703e-015	1.7719e-013	1.1166e-011	7.31939e-011	4.52285e-011	1.24287e-011	5.63621e-012	3.85149e-010	8.52426e-008	1.1227e-005	0.000757488	0.022455	0.232431	0.574147	0.159077	0.01085	0.000268183	3.00936e-006	1.77535e-008	6.10178e-011	1.33344e-013	2.08243e-016	1.1673e-018	7.21192e-021	2.07669e-022	1.01188e-024	1.80365e-026	6.01216e-029	6.75123e-031	1.51311e-033	1.0965e-035	1.59428e-038	7.52272e-041	6.91507e-044	2.09813e-046	1.24604e-049	2.41234e-052	9.73392e-056	1.27418e-058	3.6134e-062	3.48747e-065	7.48065e-069	7.57959e-072	1.0769e-074	
N32	2.85598e-025	1.24659e-021	4.30979e-018	9.14961e-015	7.06338e-014	1.93702e-015	2.56386e-017	2.07601e-019	2.65857e-018	1.66655e-014	6.1627e-011	1.15344e-007	9.16523e-005	0.0229786	0.958647	0.0182242	5.86974e-005	6.08168e-008	2.71918e-011	6.23461e-015	8.21552e-019	6.78097e-023	3.83153e-027	5.08597e-031	1.09476e-034	1.31236e-037	2.54928e-041	1.88395e-044	2.55655e-048	1.15583e-051	1.07713e-055	3.04051e-059	3.43641e-063	4.0397e-065	2.22564e-067	3.82126e-069	1.39984e-071	1.55589e-073	4.04057e-076	3.19964e-078	6.1129e-081	3.86833e-083	5.91246e-086	4.42794e-088	4.78101e-090	
N33	5.55458e-036	2.14932e-030	3.74806e-025	2.15551e-020	7.68e-020	7.57503e-024	1.11874e-027	1.5229e-030	4.55538e-030	3.53625e-024	1.44661e-018	2.73346e-013	2.01603e-008	0.000415242	0.999239	0.000346009	1.43307e-008	1.68323e-013	7.79984e-019	1.68262e-024	1.85743e-030	1.10086e-036	3.64272e-043	2.63567e-048	1.06363e-053	6.36177e-058	3.67451e-064	1.44317e-038	1.42835e-038	3.08299e-037	2.76214e-037	4.86187e-036	3.35412e-036	4.84339e-035	1.84374e-035	2.13631e-034	1.90057e-035	4.4728e-035	3.20255e-036	4.32253e-036	2.51466e-037	2.71599e-037	1.38541e-038	4.28116e-038	6.65669e-037	
Microtermes_sp	0	0	0	0	0	0	0	0	0	0	0	0	0	0	1	0	0	0	0	0	0	0	0	0	0	0	0	0	0	0	0	0	0	0	0	0	0	0	0	0	0	0	0	0	0	
Odontotermes_sp	0	0	0	0	0	0	0	0	0	0	0	0	0	0	1	0	0	0	0	0	0	0	0	0	0	0	0	0	0	0	0	0	0	0	0	0	0	0	0	0	0	0	0	0	0	
Protermes_sp	0	0	0	0	0	0	0	0	0	0	0	0	0	0	1	0	0	0	0	0	0	0	0	0	0	0	0	0	0	0	0	0	0	0	0	0	0	0	0	0	0	0	0	0	0	
Pseudacanthotermes_militaris	0	0	0	0	0	0	0	0	0	0	0	0	0	0	1	0	0	0	0	0	0	0	0	0	0	0	0	0	0	0	0	0	0	0	0	0	0	0	0	0	0	0	0	0	0	
N34	2.52009e-012	9.07934e-011	2.26278e-009	1.35603e-008	9.55111e-009	2.64509e-009	2.78366e-009	3.10524e-008	2.25697e-006	0.000111693	0.00293581	0.0368932	0.197825	0.402696	0.284347	0.0686054	0.00632292	0.000256317	5.17383e-006	5.75014e-008	3.81647e-010	1.88194e-012	1.10878e-014	5.59595e-016	7.79633e-018	3.60795e-019	3.2637e-021	8.91876e-023	5.21269e-025	8.75643e-027	3.27754e-029	3.4765e-031	8.22933e-034	5.55655e-036	8.30872e-039	3.54359e-041	3.43542e-044	9.40003e-047	6.11486e-050	1.16568e-052	5.22843e-056	7.62644e-059	2.77581e-062	5.95205e-065	2.2683e-067	
N35	7.76253e-013	1.67659e-011	2.84308e-010	1.46817e-009	2.02611e-009	2.76766e-009	3.87058e-009	2.00367e-008	9.73415e-007	5.18502e-005	0.001571	0.0234352	0.152542	0.382232	0.33223	0.0967096	0.0106934	0.000521689	1.27555e-005	1.73219e-007	1.42876e-009	1.98585e-011	4.88073e-013	1.37798e-013	2.90968e-015	5.20786e-016	6.41909e-018	7.29685e-019	5.25903e-021	3.91021e-022	1.65692e-024	8.06189e-026	2.06798e-028	6.41041e-030	1.05708e-032	2.02466e-034	2.29956e-037	2.73277e-039	2.24869e-042	1.74527e-044	1.06912e-047	5.82161e-050	2.86653e-053	2.0197e-055	3.98496e-057	
Coptotermes_acinaciformis	0	0	0	0	0	0	0	0	0	0	0	0	0	0	1	0	0	0	0	0	0	0	0	0	0	0	0	0	0	0	0	0	0	0	0	0	0	0	0	0	0	0	0	0	0	
N36	7.00444e-019	6.29737e-016	4.64683e-013	1.48457e-010	6.70687e-010	4.85038e-011	1.45161e-012	3.63798e-014	1.17154e-012	7.42001e-010	2.76553e-007	5.30013e-005	0.00448771	0.131141	0.787911	0.0748903	0.00150503	1.08506e-005	3.60114e-008	6.39334e-011	6.72442e-014	4.81063e-017	2.8267e-020	4.93447e-023	6.41409e-026	1.84552e-028	1.78756e-031	3.18038e-034	2.1103e-037	2.362e-040	1.07386e-043	7.76836e-047	2.39889e-050	1.14843e-053	2.40287e-057	7.82658e-061	1.12171e-064	2.59349e-068	2.59474e-072	4.50521e-076	3.22787e-080	4.51266e-084	2.81407e-088	5.28873e-092	1.27642e-095	
N37	6.66102e-022	1.55755e-018	2.01094e-015	7.86249e-013	2.08742e-012	2.88072e-014	1.59853e-016	4.87713e-018	4.56982e-016	1.43973e-012	2.57054e-009	2.19526e-006	0.000736093	0.0691954	0.885316	0.0444339	0.000315933	6.55973e-007	5.54039e-010	2.30501e-013	5.35122e-017	7.62356e-021	7.83552e-025	2.34032e-027	2.56357e-030	3.98928e-032	2.80259e-035	2.70396e-037	1.18082e-040	7.42419e-043	1.92319e-046	8.15263e-049	1.15979e-052	3.32457e-055	2.34083e-059	4.17362e-062	1.29704e-066	8.7787e-070	1.83154e-074	6.35045e-078	9.53364e-083	2.05413e-086	2.2988e-091	4.69257e-095	2.68319e-098	
Reticulitermes_flavipes	0	0	0	0	0	0	0	0	0	0	0	0	0	0	1	0	0	0	0	0	0	0	0	0	0	0	0	0	0	0	0	0	0	0	0	0	0	0	0	0	0	0	0	0	0	
Reticulitermes_lucifugus	0	0	0	0	0	0	0	0	0	0	0	0	0	0	1	0	0	0	0	0	0	0	0	0	0	0	0	0	0	0	0	0	0	0	0	0	0	0	0	0	0	0	0	0	0	
Reticulitermes_urbis	0	0	0	0	0	0	0	0	0	0	0	0	0	0	1	0	0	0	0	0	0	0	0	0	0	0	0	0	0	0	0	0	0	0	0	0	0	0	0	0	0	0	0	0	0	
Schedorhinotermes_lamanianus	0	0	0	0	0	0	0	0	0	0	0	0	1	0	0	0	0	0	0	0	0	0	0	0	0	0	0	0	0	0	0	0	0	0	0	0	0	0	0	0	0	0	0	0	0	
N38	5.11421e-011	5.09898e-009	1.7756e-007	5.40032e-007	1.86165e-007	4.15797e-008	6.2405e-008	1.3934e-006	6.50957e-005	0.00189725	0.0257644	0.1505	0.360947	0.333375	0.112153	0.0143631	0.000878828	5.06538e-005	3.31169e-006	1.44373e-007	3.55084e-009	7.61948e-011	1.57501e-012	1.8519e-013	3.62816e-015	2.6237e-016	2.41633e-018	8.51763e-020	3.89017e-022	7.16582e-024	1.77889e-026	1.87702e-028	5.2858e-031	4.89924e-031	1.35784e-031	1.28349e-031	1.27917e-032	4.16799e-033	1.63625e-034	2.54979e-035	6.45958e-037	7.53501e-038	1.58337e-039	1.84765e-040	2.70049e-041	
N39	2.60951e-011	1.46884e-009	3.59602e-008	1.78419e-007	1.34323e-007	3.5366e-008	4.41122e-008	1.2855e-006	6.57709e-005	0.00195727	0.0268235	0.156597	0.369879	0.328594	0.103248	0.0120661	0.000713206	5.1109e-005	4.15297e-006	2.08928e-007	5.95142e-009	1.31831e-010	2.53732e-012	1.92226e-012	3.71182e-014	7.84415e-014	6.87042e-016	8.653e-016	3.47624e-018	2.41073e-018	4.71964e-021	1.85741e-021	1.91536e-024	4.41421e-025	2.5568e-028	3.4463e-029	1.2051e-032	9.29658e-034	2.12336e-037	9.21749e-039	1.48079e-042	3.69111e-044	4.39816e-048	6.59491e-050	1.15518e-052	
N40	3.90351e-012	1.27053e-010	2.93601e-009	1.74119e-008	1.50753e-008	8.64388e-009	4.46801e-008	2.5558e-006	9.76025e-005	0.00187377	0.0189494	0.113038	0.339654	0.374041	0.134177	0.0171943	0.0009417	2.93142e-005	7.09999e-007	1.31833e-008	1.55476e-010	1.45455e-012	1.66381e-014	9.42111e-016	1.84338e-017	6.91147e-019	6.62558e-021	1.31049e-022	5.34699e-025	5.80002e-027	1.11353e-029	6.69071e-032	6.97804e-035	2.59209e-037	1.57983e-040	4.38506e-043	1.64976e-046	3.72802e-049	9.56206e-053	1.76668e-055	3.5646e-059	6.49392e-062	2.13497e-065	1.12309e-067	6.50896e-070	
N41	7.71208e-011	6.48297e-010	1.55174e-008	2.22341e-007	1.88831e-006	2.26348e-005	0.000410922	0.00338046	0.012533	0.0239525	0.0254641	0.0336308	0.114219	0.258234	0.29169	0.171228	0.0545619	0.00966376	0.000952264	5.17853e-005	1.5804e-006	6.44227e-008	3.17361e-009	4.89981e-010	2.00374e-011	1.72153e-012	4.36046e-014	2.09295e-015	3.35798e-017	9.44839e-019	9.4829e-021	1.61712e-022	1.00819e-024	1.07301e-026	4.26205e-029	3.0014e-031	7.86103e-034	4.01031e-036	7.19041e-039	2.88649e-041	3.70009e-044	1.28728e-046	2.22591e-049	1.92656e-051	2.15149e-053	
Bifiditermes_improbus	0	0	0	0	0	0	0	0	0	0	0	1	0	0	0	0	0	0	0	0	0	0	0	0	0	0	0	0	0	0	0	0	0	0	0	0	0	0	0	0	0	0	0	0	0	
Neotermes_insularis	0	0	0	0	0	0	0	0	0	0	0	0	0	0	0	0	0	0	0	1	0	0	0	0	0	0	0	0	0	0	0	0	0	0	0	0	0	0	0	0	0	0	0	0	0	
N42	5.05117e-014	3.5968e-012	1.65596e-010	1.64094e-009	1.74912e-009	1.43912e-009	4.77338e-009	2.25263e-007	1.44055e-005	0.000551727	0.0111077	0.104489	0.371178	0.391665	0.111219	0.00947623	0.000294951	4.07749e-006	2.96704e-008	1.30066e-010	3.74542e-013	1.49724e-015	6.38397e-018	2.0833e-019	7.56528e-022	1.70573e-023	3.70653e-026	5.41095e-028	7.77967e-031	7.78018e-033	7.493e-036	5.14591e-038	3.19411e-041	1.44898e-043	5.85065e-047	1.69461e-049	4.65824e-053	8.63722e-056	1.69086e-059	2.11512e-062	3.06111e-066	2.83959e-069	3.35868e-073	3.69103e-076	7.25023e-079	
N43	1.90227e-012	1.46356e-010	3.48146e-009	1.65846e-007	1.92868e-006	3.87513e-006	3.62812e-006	3.48365e-006	0.000181124	0.0048106	0.0498532	0.221071	0.408372	0.272121	0.0426124	0.000957576	7.73008e-006	2.97854e-008	6.36689e-011	8.34168e-014	7.21251e-017	5.17416e-020	4.05063e-023	1.1791e-025	1.76882e-028	5.29107e-031	5.88969e-034	1.13085e-036	9.05368e-040	1.13034e-042	6.38844e-046	5.24433e-049	2.03219e-052	1.11322e-055	2.92197e-059	1.10274e-062	1.98608e-066	5.50119e-070	6.98036e-074	1.52297e-077	1.41318e-081	2.64997e-085	2.58332e-089	8.35926e-093	3.3885e-096	
N44	4.85224e-016	2.19946e-013	1.47034e-010	5.70311e-008	1.93949e-007	3.92565e-008	2.9791e-009	4.15361e-010	4.67394e-008	9.39593e-006	0.000722649	0.0210721	0.213231	0.579526	0.182144	0.00327928	1.46107e-005	8.49937e-008	5.68005e-010	4.52587e-011	1.47294e-013	5.34809e-015	6.80403e-018	1.24856e-019	5.76456e-023	5.2226e-025	1.20996e-028	5.69847e-031	7.89367e-035	2.04267e-037	1.86398e-041	2.7928e-044	1.77504e-048	1.62816e-051	7.43337e-056	4.45344e-059	1.48359e-063	6.23753e-067	1.52903e-071	4.86074e-075	1.02427e-079	8.88286e-083	6.26338e-086	2.56143e-088	7.85775e-091	
N45	7.06185e-019	1.73555e-015	2.30647e-012	9.05902e-010	4.38678e-010	6.25592e-012	4.39431e-014	2.01562e-015	4.4052e-013	8.54699e-010	7.80864e-007	0.000278686	0.0307004	0.671877	0.294594	0.00254422	4.86207e-006	3.40994e-009	1.14098e-012	2.71768e-016	6.40935e-020	2.16717e-022	1.81642e-025	1.33168e-027	7.48766e-031	3.19414e-033	9.894e-037	2.56415e-039	4.28254e-043	6.9891e-046	6.41546e-050	6.53043e-053	3.45397e-057	2.06931e-060	6.69505e-065	2.11958e-068	4.40952e-073	6.59169e-077	8.84264e-082	9.19988e-086	8.24818e-091	7.10056e-095	1.1711e-099	8.09006e-103	6.19132e-106	
Cryptotermes_austrinus	0	0	0	0	0	0	0	0	0	0	0	0	0	1	0	0	0	0	0	0	0	0	0	0	0	0	0	0	0	0	0	0	0	0	0	0	0	0	0	0	0	0	0	0	0	
Incisitermes_sp	0	0	0	0	0	0	0	0	0	0	0	0	0	0	1	0	0	0	0	0	0	0	0	0	0	0	0	0	0	0	0	0	0	0	0	0	0	0	0	0	0	0	0	0	0	
Cryptotermes_queenslandis	0	0	0	0	0	0	0	0	0	0	0	0	0	0	1	0	0	0	0	0	0	0	0	0	0	0	0	0	0	0	0	0	0	0	0	0	0	0	0	0	0	0	0	0	0	
Cryptotermes_primus	0	0	0	0	0	0	0	0	1	0	0	0	0	0	0	0	0	0	0	0	0	0	0	0	0	0	0	0	0	0	0	0	0	0	0	0	0	0	0	0	0	0	0	0	0	
N46	5.63498e-016	3.32267e-014	2.86554e-012	8.8203e-011	8.70786e-010	3.13035e-009	8.69898e-009	1.21649e-007	4.82397e-006	0.000182847	0.00555229	0.0806844	0.366031	0.422913	0.116216	0.00823786	0.000175345	1.3332e-006	4.23857e-009	6.51575e-012	5.83395e-015	4.04234e-017	1.11038e-019	2.73961e-021	3.67638e-024	4.78418e-026	3.22071e-029	2.39388e-031	8.61781e-035	3.84466e-037	7.6322e-041	2.06132e-043	2.32334e-047	3.67695e-050	2.51306e-054	2.2499e-057	1.00649e-061	5.16597e-065	1.59383e-069	5.01756e-073	1.097e-077	2.3207e-081	4.09915e-086	1.56419e-089	1.63762e-092	
N47	9.07407e-015	2.01646e-013	4.14419e-012	8.31563e-011	1.30983e-009	3.56654e-008	1.45801e-006	3.17827e-005	0.000312937	0.0021077	0.0218934	0.15543	0.404965	0.329739	0.079195	0.00614425	0.00017719	2.11528e-006	1.14192e-008	3.10405e-011	4.69048e-014	5.30201e-017	1.23072e-019	7.31169e-021	4.0697e-023	1.59886e-024	5.54195e-027	1.22553e-028	2.5659e-031	3.35792e-033	3.89279e-036	3.11151e-038	1.83905e-041	8.71226e-044	2.74024e-047	6.93349e-050	1.33712e-053	1.77826e-056	2.27344e-060	1.82397e-063	1.57477e-067	9.02641e-071	6.22482e-075	7.62967e-078	2.37256e-080	
N48	9.20172e-015	2.66965e-013	1.1484e-011	3.693e-010	7.98939e-009	2.02023e-007	5.26247e-006	7.11385e-005	0.000460342	0.00194917	0.0166868	0.12977	0.374669	0.352576	0.110204	0.0129524	0.000640443	1.42007e-005	1.47999e-007	2.32947e-009	8.25125e-011	9.51776e-011	2.07807e-012	1.32684e-012	1.28941e-014	4.90371e-015	2.25198e-017	5.34616e-018	1.23964e-020	1.83313e-021	2.30703e-024	2.00968e-025	1.50132e-028	6.90302e-030	3.42085e-033	7.62418e-035	2.73042e-038	3.17086e-040	8.45942e-044	5.94811e-046	1.18901e-049	5.79527e-052	2.2303e-055	1.70143e-056	1.6391e-057	
Cryptotermes_brevis	0	0	0	0	0	0	0	0	0	0	0	1	0	0	0	0	0	0	0	0	0	0	0	0	0	0	0	0	0	0	0	0	0	0	0	0	0	0	0	0	0	0	0	0	0	
Procryptotermes_australiensis	0	0	0	0	0	0	0	0	0	0	0	0	0	0	0	0	0	1	0	0	0	0	0	0	0	0	0	0	0	0	0	0	0	0	0	0	0	0	0	0	0	0	0	0	0	
Cryptotermes_domesticus	0	0	0	0	0	0	0	0	1	0	0	0	0	0	0	0	0	0	0	0	0	0	0	0	0	0	0	0	0	0	0	0	0	0	0	0	0	0	0	0	0	0	0	0	0	
N49	5.38273e-016	3.71128e-014	2.92855e-012	1.18316e-010	1.3049e-009	4.16853e-009	1.03502e-008	1.06997e-007	2.67857e-006	0.000118712	0.00405395	0.0635339	0.323164	0.43885	0.153735	0.0159505	0.00058257	8.86493e-006	6.48656e-008	5.37256e-010	9.46851e-012	7.38992e-012	9.63959e-014	4.53309e-014	3.23462e-016	9.7334e-017	4.59754e-019	9.45197e-020	2.46799e-022	3.35445e-023	4.29277e-026	3.4896e-027	2.39531e-030	1.00536e-031	4.36502e-035	8.63532e-037	2.65162e-040	2.60257e-042	5.87414e-046	3.30362e-048	5.48683e-052	2.06792e-054	4.69082e-058	2.13333e-059	1.54813e-060	
Cryptotermes_cynocephalus	0	0	0	0	0	0	0	0	0	0	0	0	0	0	0	1	0	0	0	0	0	0	0	0	0	0	0	0	0	0	0	0	0	0	0	0	0	0	0	0	0	0	0	0	0	
N50	2.03371e-014	1.31059e-012	7.44368e-011	1.4302e-009	2.74116e-009	1.78494e-009	9.94376e-010	1.08403e-008	1.01091e-006	6.86466e-005	0.00248792	0.0415756	0.263775	0.48404	0.185748	0.0213187	0.000964915	2.07575e-005	2.41611e-007	1.67492e-009	7.47792e-012	3.28765e-014	2.30613e-016	1.0609e-017	1.19766e-019	4.07761e-021	3.23744e-023	6.76383e-025	3.71847e-027	4.83894e-029	1.75469e-031	1.43735e-033	3.28199e-036	1.69318e-038	2.4685e-041	8.15542e-044	7.89647e-047	1.80319e-049	1.19567e-052	2.0779e-055	9.73988e-059	1.40905e-061	6.77337e-065	2.14985e-067	1.03719e-069	
Cryptotermes_dudleyi	0	0	0	0	0	0	0	0	0	0	0	0	0	1	0	0	0	0	0	0	0	0	0	0	0	0	0	0	0	0	0	0	0	0	0	0	0	0	0	0	0	0	0	0	0	
Cryptotermes_secundus	0	0	0	0	0	0	0	0	0	0	0	0	0	1	0	0	0	0	0	0	0	0	0	0	0	0	0	0	0	0	0	0	0	0	0	0	0	0	0	0	0	0	0	0	0	
Kalotermes_flavicollis	0	0	0	0	0	0	0	0	0	0	0	0	0	0	0	0	0	0	0	0	0	0	0	0	0	0	0	1	0	0	0	0	0	0	0	0	0	0	0	0	0	0	0	0	0	
N51	1.46079e-012	7.43569e-011	4.27704e-009	1.11981e-007	3.60217e-007	1.4403e-007	2.4938e-008	9.81963e-009	2.45665e-007	1.31172e-005	0.000441495	0.0082915	0.0781313	0.317339	0.436799	0.142164	0.015994	0.000804163	2.12335e-005	3.34623e-007	3.48452e-009	3.85347e-011	4.62723e-013	1.17505e-014	1.50251e-016	2.75446e-018	2.39804e-020	2.76465e-022	1.63827e-024	1.22849e-026	4.99045e-029	2.51475e-031	7.04919e-034	2.47215e-036	4.84231e-039	1.2341e-041	1.72273e-044	3.35772e-047	3.42531e-050	5.38073e-053	4.19131e-056	5.92472e-059	5.79363e-062	1.46159e-064	4.37834e-067	
Glyptotermes_brevicornis	0	0	0	0	0	0	0	0	0	0	0	0	0	0	1	0	0	0	0	0	0	0	0	0	0	0	0	0	0	0	0	0	0	0	0	0	0	0	0	0	0	0	0	0	0	
Glyptotermes_iridipennis	0	0	0	0	0	0	0	0	0	0	0	0	0	0	1	0	0	0	0	0	0	0	0	0	0	0	0	0	0	0	0	0	0	0	0	0	0	0	0	0	0	0	0	0	0	
N52	1.20403e-006	9.31064e-007	3.75598e-006	2.66127e-005	0.000386044	0.00657096	0.0583472	0.14117	0.131812	0.0609563	0.0170992	0.0154611	0.0509557	0.116566	0.162989	0.139125	0.0719964	0.022188	0.00393678	0.000386519	2.04439e-005	7.09317e-007	1.90135e-008	8.76253e-010	2.78342e-011	1.26598e-012	2.71311e-014	7.49757e-016	1.03986e-017	1.81189e-019	1.68405e-021	1.94142e-023	1.23946e-025	9.84577e-028	4.40724e-030	2.50955e-032	8.04629e-035	3.42282e-037	8.04143e-040	2.66503e-042	4.73547e-045	1.31496e-047	2.28815e-050	8.63436e-053	4.1052e-055	
Stolotermes_sp	0	0	0	0	0	0	0	0	0	1	0	0	0	0	0	0	0	0	0	0	0	0	0	0	0	0	0	0	0	0	0	0	0	0	0	0	0	0	0	0	0	0	0	0	0	
N53	5.30721e-010	2.77169e-010	7.50839e-009	5.96003e-007	3.53233e-005	0.00110331	0.00990252	0.00669024	0.00126497	0.000112159	5.58202e-006	6.19848e-007	6.53698e-006	0.000147642	0.00209114	0.0173854	0.0806841	0.199319	0.239321	0.276259	0.102798	0.0567008	0.00528757	0.000853815	2.83712e-005	1.86419e-006	2.84516e-008	9.25199e-010	7.5015e-012	1.36022e-013	6.45869e-016	7.1152e-018	2.12109e-020	1.52187e-022	2.99674e-025	1.48733e-027	2.00969e-030	7.28082e-033	6.95355e-036	1.92875e-038	1.35466e-041	3.30076e-044	5.52754e-047	4.77831e-049	4.27212e-051	
Zootermopsis_angusticollis	0	0	0	0	0	0	0	0	0	0	0	0	0	0	0	0	0	0	0	1	0	0	0	0	0	0	0	0	0	0	0	0	0	0	0	0	0	0	0	0	0	0	0	0	0	
Zootermopsis_nevadensis	0	0	0	0	0	0	0	0	0	0	0	0	0	0	0	0	0	0	0	1	0	0	0	0	0	0	0	0	0	0	0	0	0	0	0	0	0	0	0	0	0	0	0	0	0	
Mastotermes_darwiniensis	0	0	0	0	0	0	0	0	0	0	0	0	0	0	0	0	0	0	0	0	0	0	0	0	0	0	0	0	0	0	0	0	0	0	0	0	0	0	0	0	0	0	1	0	0	
Porotermes_adamsoni	0	0	0	0	0	0	0	0	0	0	0	0	0	1	0	0	0	0	0	0	0	0	0	0	0	0	0	0	0	0	0	0	0	0	0	0	0	0	0	0	0	0	0	0	0	
N54	0.00691078	0.0202562	0.0735265	0.19611	0.31088	0.257127	0.105815	0.0242242	0.00388588	0.000776632	0.000302106	0.00012883	4.30077e-005	1.07206e-005	1.96655e-006	2.68225e-007	2.67854e-008	2.02876e-009	1.14062e-010	5.25111e-012	1.87232e-013	6.08478e-015	1.54395e-016	3.7906e-018	7.06437e-020	1.2971e-021	1.77363e-023	2.41509e-025	2.44433e-027	2.50093e-029	1.90872e-031	1.50278e-033	8.8535e-036	5.51741e-038	2.5703e-040	1.30409e-042	4.9416e-045	2.11159e-047	6.78983e-050	2.59256e-052	8.07527e-055	3.25701e-057	1.26383e-059	5.93583e-062	3.04301e-064	
N55	0.0140403	0.0530808	0.188369	0.342111	0.277193	0.103634	0.019362	0.00204376	0.0001532	1.17355e-005	1.00648e-006	7.53699e-008	4.23398e-009	1.72839e-010	5.12236e-012	1.11192e-013	1.78198e-015	2.13895e-017	1.94644e-019	1.37443e-021	7.64232e-024	3.44668e-026	1.26899e-028	3.97399e-031	1.03679e-033	2.66644e-036	6.00925e-039	3.05848e-041	1.01179e-043	9.93192e-046	3.1807e-048	2.73144e-050	7.20307e-053	4.99138e-055	1.07162e-057	6.0005e-060	1.05175e-062	4.79046e-065	6.86866e-068	2.56061e-070	3.03436e-073	9.44347e-076	1.02852e-078	3.29393e-081	8.66526e-084	
Cryptocercus_primarius	0	0	0	1	0	0	0	0	0	0	0	0	0	0	0	0	0	0	0	0	0	0	0	0	0	0	0	0	0	0	0	0	0	0	0	0	0	0	0	0	0	0	0	0	0	
Cryptocercus_relictus	0	0	1	0	0	0	0	0	0	0	0	0	0	0	0	0	0	0	0	0	0	0	0	0	0	0	0	0	0	0	0	0	0	0	0	0	0	0	0	0	0	0	0	0	0	
Cryptocercus_punctulatus	0	0	0	0	0	0	0	0	0	0	0	0	0	0	0	0	0	1	0	0	0	0	0	0	0	0	0	0	0	0	0	0	0	0	0	0	0	0	0	0	0	0	0	0	0	
N56	0.000453018	0.00149223	0.00593124	0.0213479	0.0624398	0.138583	0.222393	0.24688	0.181712	0.0862862	0.0263807	0.00530147	0.000721607	7.17531e-005	5.59012e-006	1.06135e-006	1.51349e-007	9.67757e-008	1.16087e-008	5.92394e-009	5.0058e-010	1.839e-010	1.07956e-011	2.76574e-012	1.12714e-013	1.9779e-014	5.67881e-016	6.84924e-017	1.41169e-018	1.2057e-019	1.81011e-021	1.14712e-022	1.27941e-024	6.57828e-026	5.58864e-028	2.54484e-029	2.57517e-031	2.60295e-032	2.10882e-034	1.4619e-035	2.93182e-037	4.07749e-038	5.37876e-040	7.32831e-041	1.29419e-041	
N57	0.00101328	0.00208873	0.0057911	0.016757	0.0439963	0.0960628	0.164038	0.211035	0.200708	0.141498	0.0743215	0.0299802	0.00937647	0.00252581	0.000580849	0.00016655	4.14631e-005	1.44371e-005	3.1393e-006	8.49589e-007	1.32104e-007	2.51033e-008	2.73254e-009	3.6801e-010	2.83215e-011	2.77483e-012	1.53177e-013	1.12469e-014	4.53983e-016	2.59246e-017	7.79381e-019	3.58569e-020	8.3746e-022	3.36305e-023	6.39347e-025	2.3647e-026	4.44497e-028	1.84184e-029	3.28292e-031	1.24468e-032	2.68485e-034	1.18371e-035	3.50512e-037	1.72102e-038	9.93745e-040	
N58	0.000188998	0.000422295	0.00169622	0.00756816	0.0302382	0.0917448	0.187226	0.244824	0.2078	0.124162	0.0602178	0.0273905	0.0113714	0.00390139	0.00100453	0.000206519	3.20938e-005	4.95347e-006	5.72579e-007	7.61966e-008	6.37322e-009	6.14511e-010	3.42784e-011	2.23262e-012	8.34643e-014	3.72721e-015	9.59608e-017	3.03317e-018	5.54279e-020	1.28513e-021	1.71168e-023	3.00678e-025	3.00578e-027	4.1572e-029	3.19842e-031	3.59175e-033	2.23099e-035	2.17203e-037	1.12881e-039	9.8435e-042	5.18636e-044	5.32924e-046	4.59509e-048	6.4146e-050	9.71662e-052	
N59	2.51464e-005	5.80221e-005	0.000399614	0.00408046	0.0306241	0.130127	0.272185	0.271841	0.145493	0.0601399	0.0346548	0.0253238	0.0154847	0.00689052	0.00212115	0.000467423	7.14195e-005	1.12389e-005	1.23987e-006	2.62997e-007	2.17749e-008	3.49485e-009	1.73489e-010	1.68755e-011	5.11794e-013	3.11797e-014	6.07628e-016	2.43958e-017	3.19757e-019	8.86099e-021	8.10241e-023	1.61081e-024	1.06162e-026	1.57401e-028	7.66718e-031	8.73538e-033	3.25646e-035	3.02635e-037	8.77607e-040	6.76672e-042	1.76747e-044	1.59223e-046	7.33327e-049	1.35152e-050	2.82984e-052	
N60	1.56183e-006	4.17624e-006	2.97474e-005	0.000439438	0.00859534	0.0835752	0.288555	0.349394	0.172422	0.053948	0.0237017	0.0132118	0.00497027	0.00102971	0.000114813	7.12703e-006	2.56594e-007	5.87891e-009	9.12666e-011	1.08289e-012	9.17773e-015	5.99872e-017	2.63614e-019	9.12817e-022	2.10707e-024	4.5239e-027	6.4337e-030	1.38435e-032	1.72875e-035	4.7505e-038	5.16635e-041	1.19224e-043	9.73494e-047	1.65176e-049	9.91641e-053	1.24308e-055	5.58725e-059	5.33264e-062	1.83558e-065	1.38513e-068	3.89904e-072	2.56716e-075	7.90119e-079	6.57931e-082	5.00958e-085	
N61	5.57964e-007	1.90114e-006	1.86583e-005	0.00052813	0.012092	0.115138	0.339225	0.328637	0.12562	0.0355675	0.0214109	0.0143114	0.00589884	0.00136176	0.000174287	1.30342e-005	5.68361e-007	8.56641e-008	3.26857e-009	1.5428e-009	2.59427e-011	6.11311e-012	4.89852e-014	6.10107e-015	2.77133e-017	2.03356e-018	6.01223e-021	2.9133e-022	5.99116e-025	2.00602e-026	2.91914e-029	6.60985e-031	6.93874e-034	1.05008e-035	8.15396e-039	8.3753e-041	4.94303e-044	3.67932e-046	1.66338e-049	9.32381e-052	4.94076e-055	8.72157e-057	5.4801e-060	1.66702e-061	5.9122e-063	
Blatta_orientalis	0	0	0	0	0	0	0	0	0	0	0	0	0	0	0	0	0	1	0	0	0	0	0	0	0	0	0	0	0	0	0	0	0	0	0	0	0	0	0	0	0	0	0	0	0	
N62	2.32356e-006	1.44813e-006	1.50677e-006	4.12965e-005	0.00168468	0.0331442	0.246695	0.515658	0.178211	0.0226502	0.00180426	0.000101405	3.57283e-006	7.5018e-008	9.50494e-010	7.67954e-012	4.24628e-014	1.95577e-016	8.17654e-019	3.77659e-021	1.27407e-023	4.13225e-026	8.35168e-029	1.89031e-031	2.50734e-034	5.81872e-037	7.31389e-040	2.27888e-042	3.04039e-045	8.98172e-048	1.00845e-050	2.29893e-053	1.97287e-056	3.36403e-059	2.16657e-062	2.79041e-065	1.35986e-068	1.37039e-071	5.17874e-075	4.38924e-078	1.47093e-081	1.2839e-084	5.5701e-088	7.14604e-091	9.00933e-094	
Periplaneta_australasiae	0	0	0	0	0	0	0	1	0	0	0	0	0	0	0	0	0	0	0	0	0	0	0	0	0	0	0	0	0	0	0	0	0	0	0	0	0	0	0	0	0	0	0	0	0	
Periplaneta_fuliginosa	0	0	0	0	0	0	0	1	0	0	0	0	0	0	0	0	0	0	0	0	0	0	0	0	0	0	0	0	0	0	0	0	0	0	0	0	0	0	0	0	0	0	0	0	0	
N63	3.48046e-006	1.63459e-005	6.8575e-005	0.000288104	0.00164695	0.0176336	0.116157	0.317196	0.337728	0.158855	0.0416001	0.00772376	0.00100034	7.87024e-005	3.47208e-006	1.10045e-007	2.12628e-009	7.81536e-011	1.11293e-012	4.23844e-014	3.58824e-016	8.14697e-018	4.1491e-020	5.84954e-022	1.97577e-024	2.03782e-026	5.44617e-029	5.21706e-031	1.38791e-033	1.33032e-035	3.29264e-038	2.62619e-040	5.15031e-043	3.11529e-045	4.56245e-048	2.05259e-050	2.33126e-053	8.91586e-056	7.45505e-059	2.36963e-061	2.35933e-064	1.33238e-066	1.14075e-069	6.83118e-072	4.70892e-074	
Periplaneta_americana	0	0	0	0	0	0	0	0	0	0	1	0	0	0	0	0	0	0	0	0	0	0	0	0	0	0	0	0	0	0	0	0	0	0	0	0	0	0	0	0	0	0	0	0	0	
Periplaneta_brunnea	0	0	0	0	0	0	0	1	0	0	0	0	0	0	0	0	0	0	0	0	0	0	0	0	0	0	0	0	0	0	0	0	0	0	0	0	0	0	0	0	0	0	0	0	0	
Deropeltis_erythrocephala	0	0	0	0	0	0	0	0	0	0	0	0	0	0	0	0	0	0	1	0	0	0	0	0	0	0	0	0	0	0	0	0	0	0	0	0	0	0	0	0	0	0	0	0	0	
N64	5.44459e-005	0.00013185	0.000273754	0.00123789	0.00214138	0.00190229	0.00447351	0.0601523	0.22255	0.343615	0.255426	0.0931235	0.0143633	0.000544688	9.6104e-006	1.12107e-007	8.83443e-010	6.38163e-012	3.26925e-014	1.67975e-016	5.7575e-019	2.00562e-021	4.59659e-024	1.09903e-026	1.74385e-029	2.99162e-032	3.42183e-035	4.40495e-038	3.77597e-041	3.80288e-044	2.52338e-047	2.05326e-050	1.09077e-053	7.43619e-057	3.23947e-060	1.8945e-063	7.10612e-067	3.80124e-070	1.27604e-073	6.51871e-077	2.43837e-080	1.48416e-083	7.94981e-087	5.52687e-090	3.65172e-093	
Eurycotis_floridana	0	0	0	0	0	0	0	1	0	0	0	0	0	0	0	0	0	0	0	0	0	0	0	0	0	0	0	0	0	0	0	0	0	0	0	0	0	0	0	0	0	0	0	0	0	
Pelmatosilpha_sp	0	0	0	0	0	0	0	0	0	0	0	0	1	0	0	0	0	0	0	0	0	0	0	0	0	0	0	0	0	0	0	0	0	0	0	0	0	0	0	0	0	0	0	0	0	
Periplaneta_japonica	0	0	0	0	0	0	0	0	0	0	1	0	0	0	0	0	0	0	0	0	0	0	0	0	0	0	0	0	0	0	0	0	0	0	0	0	0	0	0	0	0	0	0	0	0	
Lamproblatta_albipalpus	0	0	1	0	0	0	0	0	0	0	0	0	0	0	0	0	0	0	0	0	0	0	0	0	0	0	0	0	0	0	0	0	0	0	0	0	0	0	0	0	0	0	0	0	0	
N65	0.000123091	0.000328181	0.00129026	0.00586982	0.0250528	0.083384	0.191095	0.278147	0.243924	0.125504	0.037705	0.00676672	0.000743577	6.26949e-005	4.37477e-006	8.20554e-007	6.87003e-008	1.24197e-008	6.29708e-010	6.63354e-011	1.98389e-012	1.24103e-013	2.24113e-015	8.55804e-017	9.55491e-019	2.29892e-020	1.62543e-022	2.57903e-024	1.18376e-026	1.32168e-028	4.03311e-031	3.38877e-033	7.41761e-036	5.87878e-038	1.01993e-040	8.26614e-043	2.39801e-045	3.45574e-047	6.014e-050	4.95092e-052	1.42855e-054	1.62289e-056	3.84585e-059	4.14882e-061	4.60958e-063	
N66	0.000226702	0.000633765	0.00224483	0.0081069	0.0278124	0.080926	0.175367	0.257035	0.241075	0.141249	0.0515143	0.0118574	0.0017533	0.00018243	1.39279e-005	2.003e-006	1.86782e-007	5.36531e-008	3.5496e-009	6.81476e-010	2.72471e-011	3.2042e-012	7.87669e-014	5.75179e-015	8.94205e-017	4.15798e-018	4.21142e-020	1.28807e-021	8.74727e-024	1.83544e-025	8.56427e-028	1.2895e-029	4.29533e-032	5.13259e-034	1.26526e-036	1.2769e-038	3.3864e-041	5.79669e-043	1.14885e-045	1.38327e-047	5.29949e-050	1.09896e-051	3.1001e-054	6.09415e-056	1.31434e-057	
N67	0.000345146	0.000975561	0.00315434	0.00934501	0.0269236	0.0730238	0.157987	0.239642	0.240653	0.157445	0.0672506	0.0190561	0.00362614	0.000508778	5.23293e-005	1.08864e-005	1.28874e-006	5.99715e-007	5.21009e-008	1.7255e-008	9.4181e-010	1.99298e-010	6.90447e-012	9.33941e-013	2.10101e-014	1.84602e-015	2.77064e-017	1.62058e-018	1.66901e-020	6.72395e-022	4.86492e-024	1.39841e-025	7.36798e-028	1.66167e-029	6.45873e-032	1.17445e-033	4.79868e-036	1.55575e-037	4.41118e-040	9.20167e-042	5.72072e-044	2.43519e-045	8.74871e-048	3.16367e-049	1.3973e-050	
N68	0.000291187	0.00102534	0.00358097	0.00781626	0.0133905	0.0312663	0.082771	0.165056	0.225012	0.213003	0.144406	0.0727291	0.0271826	0.00863189	0.00226301	0.00102732	0.000313761	0.000176954	3.93037e-005	1.43544e-005	1.93635e-006	4.21941e-007	3.39958e-008	4.48314e-009	2.20173e-010	1.82722e-011	5.64166e-013	3.08552e-014	6.204e-016	2.36076e-017	3.18481e-019	8.84406e-021	8.51556e-023	1.97617e-024	1.41755e-026	2.88442e-028	2.26711e-030	6.37895e-032	3.86832e-034	7.83923e-036	6.43816e-038	1.64518e-039	1.38914e-041	3.63112e-043	1.02831e-044	
N69	4.13359e-006	2.72484e-005	9.3461e-005	0.000108779	0.00013204	0.000417199	0.00280789	0.0185419	0.0814118	0.208882	0.295843	0.233529	0.106802	0.035748	0.010028	0.00391304	0.00116484	0.00045289	7.65708e-005	1.49324e-005	1.10872e-006	9.90627e-008	3.40592e-009	1.51786e-010	2.67399e-012	6.56636e-014	6.4937e-016	9.57678e-018	5.75458e-020	5.5123e-022	2.13764e-024	1.4544e-026	2.03774e-028	1.24146e-028	3.11715e-029	1.29673e-029	1.91762e-030	5.84538e-031	5.69352e-032	1.32298e-032	1.46094e-033	4.1706e-034	5.67789e-035	1.98559e-035	7.55423e-036	
N70	2.97488e-006	1.52002e-005	4.64656e-005	6.11135e-005	9.32982e-005	0.000332138	0.00228719	0.0160435	0.0752519	0.203636	0.299111	0.239982	0.110364	0.0365156	0.0104897	0.00398411	0.00123638	0.000452028	7.81942e-005	1.56632e-005	1.06e-006	1.95384e-007	3.80665e-009	1.78599e-009	1.10679e-011	7.5792e-012	2.54875e-014	1.21009e-014	2.59587e-017	7.95554e-018	1.15689e-020	2.34456e-021	2.49843e-024	3.67402e-025	2.93229e-028	3.1306e-029	2.1629e-032	2.20063e-033	1.17586e-036	8.74841e-038	4.4962e-041	3.65041e-042	1.34437e-045	6.95576e-047	8.20578e-049	
N71	5.87237e-008	4.73871e-007	1.3704e-006	2.03964e-006	6.53702e-006	4.28631e-005	0.00047346	0.00537348	0.0424697	0.173758	0.322941	0.273795	0.117952	0.0368623	0.014581	0.00712359	0.00312513	0.00111771	0.000270571	8.38504e-005	1.35361e-005	5.69329e-006	4.97516e-007	1.08699e-007	4.17629e-009	4.10206e-010	7.30917e-012	3.47818e-013	3.1577e-015	7.97211e-017	4.02499e-019	5.84925e-021	1.78166e-023	1.61964e-025	3.17197e-028	1.92295e-030	2.60773e-033	1.16109e-035	1.14576e-038	3.78376e-041	2.88417e-044	8.049e-047	7.11774e-050	3.87309e-052	2.77066e-054	
N72	5.96704e-009	4.56737e-008	2.17112e-007	7.79512e-007	2.95953e-006	2.14643e-005	0.000300827	0.00517408	0.0506315	0.208447	0.345071	0.242516	0.0844652	0.0263047	0.0146767	0.00939444	0.00608158	0.00347548	0.00141724	0.00058057	0.000220238	0.0005656	0.000197556	0.000353019	5.42631e-005	4.37874e-005	2.91199e-006	1.08376e-006	3.31689e-008	6.01289e-009	9.24642e-011	8.66312e-012	7.32538e-014	3.77071e-015	1.89514e-017	5.70147e-019	1.81736e-021	3.42562e-023	7.27716e-026	9.12457e-028	1.34892e-030	1.21447e-032	1.75048e-035	3.69995e-037	1.47799e-038	
N73	4.61685e-010	8.3001e-009	1.47586e-007	1.95762e-006	1.48221e-005	5.22525e-005	0.000148764	0.00145104	0.0190673	0.119357	0.301198	0.317836	0.159198	0.0481446	0.0136685	0.00624297	0.00526709	0.00395702	0.00203636	0.000927755	0.000535019	0.000462119	0.000266907	0.000130171	3.00465e-005	5.86779e-006	5.14566e-007	3.92922e-008	1.43017e-009	4.6909e-011	7.79451e-013	1.4084e-014	1.1896e-016	2.01768e-018	1.22457e-020	3.27555e-022	1.84077e-024	4.75653e-026	2.01536e-028	3.74033e-030	1.14335e-032	1.58427e-034	8.80968e-037	2.38385e-038	6.43557e-040	
N74	6.79247e-011	3.36729e-009	1.47439e-007	2.65577e-006	1.61458e-005	4.67388e-005	9.43712e-005	0.000205634	0.00190021	0.0203176	0.111425	0.279707	0.324605	0.182532	0.055678	0.0138471	0.00515342	0.00226062	0.00103149	0.000600345	0.000356394	0.000163761	4.68823e-005	8.14837e-006	8.06132e-007	4.93548e-008	1.71731e-009	3.82439e-011	5.19839e-013	4.71061e-015	2.80447e-017	1.22409e-019	3.65821e-022	1.02488e-024	1.85824e-027	6.57619e-030	1.03663e-032	8.06848e-035	1.73237e-037	2.19416e-039	9.79059e-042	2.30467e-043	4.78458e-045	8.89604e-047	1.28492e-048	
N75	4.12774e-011	1.79906e-009	8.75688e-008	2.01745e-006	1.33163e-005	2.66182e-005	2.77897e-005	8.83286e-005	0.00040211	0.00171797	0.0129218	0.0806317	0.246981	0.343908	0.222487	0.0722913	0.0145019	0.00291912	0.00078537	0.000237813	4.90458e-005	6.84278e-006	5.27725e-007	2.64642e-008	7.13229e-010	1.49389e-011	1.56116e-013	2.33899e-015	1.24988e-017	2.17037e-019	7.50682e-022	1.02894e-023	2.36312e-026	2.18221e-028	3.44099e-031	2.27033e-033	2.60639e-036	1.38374e-038	1.33308e-041	7.05826e-044	8.19256e-047	7.03106e-049	6.04455e-051	1.0032e-052	1.35054e-054	
N76	4.52613e-011	3.02312e-009	1.48544e-007	1.26128e-006	2.25655e-006	1.33511e-006	2.35861e-006	6.21861e-006	1.33761e-005	0.000119633	0.00278896	0.0389928	0.214214	0.384467	0.267677	0.079904	0.0109705	0.000794862	4.27665e-005	1.93528e-006	6.18108e-008	1.26975e-009	1.59296e-011	1.29898e-013	6.78188e-016	3.11102e-018	1.26345e-020	2.64736e-022	4.77152e-024	3.03287e-025	4.48928e-027	1.69678e-028	1.39832e-030	2.97037e-032	1.4203e-034	1.79568e-036	5.3241e-039	4.3175e-041	8.57659e-044	4.96713e-046	7.54132e-049	3.82283e-051	7.65009e-054	5.86999e-056	3.96027e-058	
Archimandrita_tessellata	0	0	0	0	0	0	0	0	0	0	0	0	0	0	0	0	1	0	0	0	0	0	0	0	0	0	0	0	0	0	0	0	0	0	0	0	0	0	0	0	0	0	0	0	0	
N77	6.76845e-013	1.08357e-010	9.42599e-009	8.53297e-009	5.705e-010	1.78948e-011	2.6538e-011	1.74174e-009	2.23467e-007	3.81674e-005	0.00395248	0.158479	0.663997	0.161767	0.011427	0.000333518	4.64286e-006	3.45875e-008	1.55533e-010	5.91292e-013	6.52952e-014	2.32599e-014	5.9054e-015	1.05277e-015	1.32658e-016	2.30112e-017	4.9626e-018	4.89061e-018	8.88321e-019	3.97835e-019	2.30933e-020	1.40834e-021	1.14905e-023	2.10554e-025	6.96801e-028	6.02614e-030	1.02868e-032	4.9065e-035	4.86625e-038	1.39429e-040	8.78753e-044	1.65125e-046	7.49029e-050	1.17288e-052	1.25495e-055	
Blaberus_discoidalis	0	0	0	0	0	0	0	0	0	0	0	0	1	0	0	0	0	0	0	0	0	0	0	0	0	0	0	0	0	0	0	0	0	0	0	0	0	0	0	0	0	0	0	0	0	
Blaberus_giganteus	0	0	0	0	0	0	0	0	0	0	0	0	0	0	0	0	0	0	0	0	0	0	0	0	0	0	0	0	0	0	1	0	0	0	0	0	0	0	0	0	0	0	0	0	0	
Byrsotria_fumigata	0	0	0	0	0	0	0	0	0	0	0	0	0	0	0	0	0	1	0	0	0	0	0	0	0	0	0	0	0	0	0	0	0	0	0	0	0	0	0	0	0	0	0	0	0	
N78	3.92856e-009	1.28498e-007	6.03955e-007	9.74043e-007	2.80071e-006	1.89156e-005	8.48197e-005	0.000245116	0.000836489	0.0165449	0.146875	0.315911	0.309662	0.15859	0.0419637	0.00533755	0.000433018	0.000439051	0.000745387	0.00089301	0.00074164	0.000433298	0.000171008	5.4457e-005	1.18126e-005	3.12681e-006	3.55581e-007	3.20959e-008	9.40242e-010	2.92546e-011	3.66484e-013	5.46668e-015	3.63173e-017	3.09357e-019	1.22994e-021	6.76738e-024	1.77584e-026	7.05873e-029	1.36184e-031	4.32149e-034	6.87837e-037	1.89538e-039	3.23381e-042	1.04828e-044	3.52218e-047	
Eublaberus_distanti	0	0	0	0	0	0	0	0	0	0	0	0	0	0	0	0	0	0	0	0	0	0	0	0	0	0	1	0	0	0	0	0	0	0	0	0	0	0	0	0	0	0	0	0	0	
Eublaberus_posticus	0	0	0	0	0	0	0	0	0	0	0	0	0	0	0	1	0	0	0	0	0	0	0	0	0	0	0	0	0	0	0	0	0	0	0	0	0	0	0	0	0	0	0	0	0	
Gromphadorhina_portentosa	0	0	0	0	0	0	0	0	0	0	0	0	0	0	0	0	0	0	0	0	0	0	0	0	0	1	0	0	0	0	0	0	0	0	0	0	0	0	0	0	0	0	0	0	0	
N79	2.84036e-009	1.04278e-008	4.44473e-008	2.1417e-007	2.80122e-006	7.88655e-005	0.00138886	0.00959483	0.0242782	0.0253823	0.00960247	0.00181911	0.000943867	0.00091934	0.000643396	0.000311566	0.000230169	0.000947033	0.00407026	0.0121672	0.0250736	0.0664267	0.115758	0.249267	0.207266	0.172954	0.053898	0.0150925	0.0016888	0.000184529	9.19209e-006	4.88623e-007	1.27299e-008	3.83117e-010	5.80699e-012	1.10633e-013	1.05451e-015	1.38821e-017	8.84946e-020	8.64177e-022	3.9952e-024	3.40007e-026	2.25735e-028	3.45257e-030	6.23945e-032	
Lanxoblatta_emarginata	0	0	0	0	0	0	0	0	0	0	0	0	0	0	0	0	0	0	0	0	0	0	0	0	0	0	1	0	0	0	0	0	0	0	0	0	0	0	0	0	0	0	0	0	0	
Phoetalia_sp	0	0	0	0	0	0	0	0	0	0	0	0	0	0	0	0	0	0	0	0	1	0	0	0	0	0	0	0	0	0	0	0	0	0	0	0	0	0	0	0	0	0	0	0	0	
N80	5.41013e-008	2.27086e-007	1.34731e-006	7.10556e-006	3.11109e-005	0.000134503	0.000640966	0.00390361	0.0234708	0.0952879	0.223317	0.291775	0.217633	0.0996344	0.032202	0.00895042	0.00234963	0.000541953	9.99614e-005	1.62034e-005	2.12562e-006	2.89687e-007	2.45857e-008	2.62139e-009	1.33365e-010	1.35787e-011	4.55608e-013	3.87751e-014	8.62721e-016	5.06023e-017	7.62283e-019	3.11729e-020	3.36633e-022	1.06442e-023	9.18987e-026	2.60211e-027	2.10489e-029	5.85603e-031	4.68387e-033	1.21819e-034	9.02241e-037	2.11305e-038	1.91876e-040	6.56373e-042	2.63636e-043	
Epilampra_sp	0	0	0	0	0	0	0	0	0	0	0	0	0	0	1	0	0	0	0	0	0	0	0	0	0	0	0	0	0	0	0	0	0	0	0	0	0	0	0	0	0	0	0	0	0	
Pycnoscelus_surinamensis	0	0	0	0	0	0	0	0	0	0	0	1	0	0	0	0	0	0	0	0	0	0	0	0	0	0	0	0	0	0	0	0	0	0	0	0	0	0	0	0	0	0	0	0	0	
Nauphoeta_cinerea	0	0	0	0	0	0	0	0	0	0	0	0	1	0	0	0	0	0	0	0	0	0	0	0	0	0	0	0	0	0	0	0	0	0	0	0	0	0	0	0	0	0	0	0	0	
N81	2.62942e-008	5.15098e-007	7.43082e-006	1.82359e-005	3.62907e-006	7.08239e-007	7.80432e-007	5.95892e-006	0.000178451	0.00368162	0.0421379	0.227128	0.428569	0.26694	0.0298855	0.00140382	3.83129e-005	7.1418e-007	9.62286e-009	1.17716e-010	1.21245e-012	1.49818e-014	9.34405e-016	8.68682e-016	6.26714e-016	4.55425e-016	2.1666e-016	1.00397e-016	2.96496e-017	8.24869e-018	1.37953e-018	2.04166e-019	1.58651e-020	9.13088e-022	1.91167e-023	3.08584e-025	2.51171e-027	2.04025e-029	9.28342e-032	4.91837e-034	1.68007e-036	8.2915e-039	3.80713e-041	2.22658e-043	1.31519e-045	
Macropanesthia_rhinoceros	0	0	0	0	0	0	0	0	0	0	0	0	0	0	0	0	0	0	0	0	0	0	0	0	0	0	0	0	0	0	0	0	0	1	0	0	0	0	0	0	0	0	0	0	0	
Panchlora_nivea	0	0	0	0	0	0	0	0	0	0	0	1	0	0	0	0	0	0	0	0	0	0	0	0	0	0	0	0	0	0	0	0	0	0	0	0	0	0	0	0	0	0	0	0	0	
N82	0.000195748	0.000624045	0.00321158	0.0156096	0.0553405	0.125942	0.175172	0.157037	0.112891	0.0915184	0.0843397	0.0700632	0.0490779	0.0303231	0.0165696	0.00774566	0.00290507	0.000996296	0.000290125	0.000107485	2.82847e-005	9.10534e-006	1.66258e-006	3.51382e-007	4.13536e-008	5.62735e-009	4.33892e-010	3.93946e-011	2.04994e-012	1.29594e-013	4.68919e-015	2.15281e-016	5.58205e-018	1.9415e-019	3.71676e-021	1.01892e-022	1.49507e-024	3.38824e-026	3.98463e-028	7.87355e-030	9.01847e-032	2.17706e-033	5.14428e-035	1.90541e-036	8.13476e-038	
Diploptera_punctata	0	0	0	0	0	0	0	0	0	0	0	0	0	0	0	0	0	1	0	0	0	0	0	0	0	0	0	0	0	0	0	0	0	0	0	0	0	0	0	0	0	0	0	0	0	
N83	2.02506e-005	4.6195e-005	0.000332162	0.00393133	0.0360785	0.176038	0.335008	0.247798	0.0934924	0.0237193	0.00995044	0.0141077	0.0196747	0.0192248	0.0127677	0.00572483	0.00170585	0.000334416	4.20494e-005	3.44338e-006	1.90585e-007	7.90613e-009	2.4225e-010	6.27593e-012	1.22278e-013	2.39854e-015	3.50753e-017	6.39822e-019	7.86869e-021	1.27037e-022	1.24573e-024	1.57363e-026	1.18255e-028	1.14003e-030	6.57627e-033	4.91327e-035	2.20895e-037	1.31119e-039	4.68427e-042	2.27773e-044	6.79063e-047	2.95891e-049	9.53982e-052	5.03082e-054	2.91266e-056	
Galiblatta_sp	0	0	0	0	0	0	0	1	0	0	0	0	0	0	0	0	0	0	0	0	0	0	0	0	0	0	0	0	0	0	0	0	0	0	0	0	0	0	0	0	0	0	0	0	0	
Rhabdoblatta_sp	0	0	0	0	0	0	0	0	0	0	0	0	0	0	0	0	0	0	1	0	0	0	0	0	0	0	0	0	0	0	0	0	0	0	0	0	0	0	0	0	0	0	0	0	0	
N84	0.00440521	0.00807851	0.0178199	0.0399478	0.0829304	0.144778	0.198084	0.204721	0.157193	0.0893208	0.0375706	0.0117904	0.00277845	0.000502354	7.02975e-005	8.25292e-006	8.21618e-007	9.55075e-008	1.02771e-008	1.53434e-009	1.58656e-010	2.01525e-011	1.6152e-012	1.54702e-013	9.36558e-015	6.80232e-016	3.13228e-017	1.7617e-018	6.24116e-020	2.78429e-021	7.68046e-023	2.78504e-024	6.0676e-026	1.83926e-027	3.21019e-029	8.35948e-031	1.20646e-032	2.86073e-034	3.59517e-036	8.4403e-038	1.31102e-039	4.59055e-041	1.49947e-042	6.71324e-044	3.48929e-045	
Margattea_sp	0	0	0	0	0	0	0	0	0	1	0	0	0	0	0	0	0	0	0	0	0	0	0	0	0	0	0	0	0	0	0	0	0	0	0	0	0	0	0	0	0	0	0	0	0	
Supella_longipalpa	0	0	0	1	0	0	0	0	0	0	0	0	0	0	0	0	0	0	0	0	0	0	0	0	0	0	0	0	0	0	0	0	0	0	0	0	0	0	0	0	0	0	0	0	0	
N85	0.00318335	0.00632223	0.0144785	0.0302396	0.0562292	0.0960841	0.147132	0.187414	0.186796	0.141609	0.0807555	0.0347883	0.0113502	0.00289718	0.000583572	0.000111357	1.97146e-005	5.10413e-006	1.03556e-006	2.75079e-007	4.48458e-008	8.86939e-009	1.06113e-009	1.53198e-010	1.34673e-011	1.45043e-012	9.47223e-014	7.81637e-015	3.84488e-016	2.50453e-017	9.41283e-019	4.98687e-020	1.45961e-021	6.53841e-023	1.5213e-024	5.99128e-026	1.19559e-027	4.7162e-029	8.94323e-031	3.79604e-032	1.04467e-033	6.32805e-035	3.06885e-036	2.07874e-037	1.68198e-038	
Ectobius_pallidus	0	0	0	0	1	0	0	0	0	0	0	0	0	0	0	0	0	0	0	0	0	0	0	0	0	0	0	0	0	0	0	0	0	0	0	0	0	0	0	0	0	0	0	0	0	
Panchlora_viridis	0	0	0	0	0	0	0	0	0	0	0	0	1	0	0	0	0	0	0	0	0	0	0	0	0	0	0	0	0	0	0	0	0	0	0	0	0	0	0	0	0	0	0	0	0	
N86	0.000320239	0.000785392	0.00243893	0.00778695	0.0245387	0.0679964	0.145311	0.222316	0.235525	0.170874	0.084697	0.0290269	0.00694014	0.00124019	0.000170203	2.79768e-005	4.15832e-006	1.01573e-006	1.34788e-007	2.45222e-008	2.20246e-009	2.65126e-010	1.59739e-011	1.30182e-012	5.3455e-014	3.05028e-015	8.69049e-017	3.60233e-018	7.26495e-020	2.27896e-021	3.3184e-023	8.19895e-025	8.90149e-027	1.85329e-028	1.56039e-030	2.92522e-032	2.36683e-034	5.35126e-036	4.2615e-038	9.32138e-040	1.03925e-041	2.85475e-043	4.61673e-045	1.38393e-046	4.4198e-048	
N87	0.000768768	0.00183429	0.0056368	0.0169647	0.0468182	0.108219	0.189057	0.235246	0.203628	0.122198	0.0509974	0.0149737	0.00312488	0.000475219	5.32937e-005	4.75396e-006	3.39712e-007	2.59072e-008	1.73771e-009	1.58791e-010	9.86062e-012	7.66214e-013	3.57949e-014	2.04086e-015	6.96847e-017	2.92083e-018	7.37085e-020	2.32371e-021	4.40226e-023	1.071e-024	1.54635e-026	2.97717e-028	3.33079e-030	5.22038e-032	4.59789e-034	6.02508e-036	4.30667e-038	4.96976e-040	2.99615e-042	3.23191e-044	2.12653e-046	3.12553e-048	4.26565e-050	8.85454e-052	2.01666e-053	
N88	0.000626178	0.00207603	0.00984857	0.0400093	0.115219	0.21883	0.265765	0.20508	0.101479	0.0328158	0.00708667	0.0010471	0.00010822	8.03083e-006	4.36026e-007	1.81098e-008	5.82033e-010	1.76261e-011	4.67894e-013	2.0131e-014	6.01499e-016	2.99879e-017	7.44917e-019	2.93046e-020	5.54763e-022	1.65698e-023	2.39846e-025	5.51741e-027	6.1774e-029	1.11553e-030	9.76786e-033	1.41091e-034	9.7716e-037	1.15202e-038	6.37304e-041	6.24836e-043	2.80301e-045	2.35544e-047	8.67393e-050	6.40462e-052	2.13448e-054	1.77362e-056	1.18976e-058	2.04646e-060	3.99103e-062	
N89	4.8415e-007	8.20026e-006	0.0004138	0.0122414	0.1585	0.59698	0.209662	0.0212547	0.000918156	2.06058e-005	2.69e-007	2.23297e-009	1.23887e-011	5.05544e-014	1.54579e-016	4.61129e-019	1.17019e-021	3.8791e-024	9.00929e-027	2.56243e-029	4.46303e-032	9.29091e-035	1.17638e-037	1.80366e-040	1.68907e-043	1.96346e-046	1.38573e-049	1.25568e-052	6.80317e-056	4.94787e-059	2.0888e-062	1.25123e-065	4.21917e-069	2.18082e-072	6.01097e-076	2.78446e-079	6.95347e-083	3.33685e-086	7.9326e-090	3.82546e-093	1.15076e-096	7.0294e-100	3.26017e-103	2.2767e-106	1.48071e-109	
Blattella_bisignata	0	0	0	0	0	1	0	0	0	0	0	0	0	0	0	0	0	0	0	0	0	0	0	0	0	0	0	0	0	0	0	0	0	0	0	0	0	0	0	0	0	0	0	0	0	
Blattella_germanica	0	0	0	0	0	1	0	0	0	0	0	0	0	0	0	0	0	0	0	0	0	0	0	0	0	0	0	0	0	0	0	0	0	0	0	0	0	0	0	0	0	0	0	0	0	
Blattella_sauteri	0	0	0	0	0	1	0	0	0	0	0	0	0	0	0	0	0	0	0	0	0	0	0	0	0	0	0	0	0	0	0	0	0	0	0	0	0	0	0	0	0	0	0	0	0	
Loboptera_decipiens	0	0	0	0	0	0	0	0	0	0	1	0	0	0	0	0	0	0	0	0	0	0	0	0	0	0	0	0	0	0	0	0	0	0	0	0	0	0	0	0	0	0	0	0	0	
N90	0.000176443	0.000347358	0.000704487	0.00149321	0.00387871	0.0118322	0.0368564	0.0963187	0.184394	0.244187	0.217315	0.130538	0.0527905	0.0152898	0.00317326	0.000596239	8.998e-005	1.63713e-005	2.03595e-006	2.91332e-007	2.49086e-008	2.39833e-009	1.37378e-010	9.01622e-012	3.55597e-013	1.6537e-014	4.62142e-016	1.58014e-017	3.21519e-019	8.38904e-021	1.27113e-022	2.61541e-024	3.04327e-026	5.19468e-028	4.7755e-030	7.04931e-032	5.64897e-034	8.25959e-036	6.11515e-038	8.78918e-040	8.00987e-042	1.43335e-043	1.99127e-045	4.01754e-047	8.80549e-049	
N91	8.66655e-006	3.48774e-005	0.0001758	0.000697147	0.00179982	0.00447033	0.0162304	0.0648746	0.186865	0.307812	0.266599	0.119205	0.0275944	0.00339451	0.000229444	9.12674e-006	2.23198e-007	3.89027e-009	4.72332e-011	5.68568e-013	4.63226e-015	4.81907e-017	2.67571e-019	1.99644e-021	7.08831e-024	3.60075e-026	2.1379e-028	1.50702e-029	8.46316e-031	7.50828e-032	3.50691e-033	2.60209e-034	1.00935e-035	6.40011e-037	2.08929e-038	1.15573e-039	3.24611e-041	1.61666e-042	3.99555e-044	1.83109e-045	4.27977e-047	2.07575e-048	7.51166e-050	6.53576e-051	6.25616e-052	
N92	4.12807e-006	2.41581e-005	0.000245764	0.00174404	0.00596273	0.0112159	0.0192928	0.0603059	0.175411	0.293804	0.265334	0.12845	0.0332497	0.00459703	0.00034328	1.48225e-005	3.98694e-007	1.12977e-008	3.28902e-010	3.13346e-011	9.68719e-013	6.89801e-014	1.36817e-015	6.12858e-017	7.87181e-019	2.2923e-020	1.95667e-022	3.82216e-024	2.22801e-026	3.01286e-028	1.22956e-030	1.19305e-032	3.48182e-035	2.52998e-037	5.37409e-040	3.05821e-042	4.81831e-045	2.26564e-047	2.69969e-050	1.10457e-052	1.24102e-055	8.7036e-058	6.07126e-060	1.03098e-061	1.62078e-063	
Hemithyrsocera_sp	0	0	0	0	0	0	1	0	0	0	0	0	0	0	0	0	0	0	0	0	0	0	0	0	0	0	0	0	0	0	0	0	0	0	0	0	0	0	0	0	0	0	0	0	0	
Symplocodes_sp	0	0	0	0	0	0	0	0	0	0	0	0	0	1	0	0	0	0	0	0	0	0	0	0	0	0	0	0	0	0	0	0	0	0	0	0	0	0	0	0	0	0	0	0	0	
N93	8.43659e-006	3.31408e-005	0.000174446	0.000703897	0.00178787	0.00435394	0.0159802	0.0646518	0.186737	0.307747	0.26684	0.119554	0.0277592	0.00342788	0.000232644	9.41938e-006	2.27753e-007	8.50515e-009	6.72644e-011	5.9793e-011	2.02047e-013	3.95589e-013	9.09534e-016	1.2981e-015	1.95733e-018	1.92973e-018	1.93588e-021	1.29e-021	8.99588e-025	4.00963e-025	2.03638e-028	6.03655e-029	2.33397e-032	4.63271e-033	1.41247e-036	1.89597e-037	4.71258e-041	4.47675e-042	9.21588e-046	6.20748e-047	1.15401e-050	9.89477e-052	1.37575e-055	1.16564e-056	4.8548e-057	
Lobopterella_dimidiatipes	0	0	0	0	0	0	0	0	0	0	0	0	1	0	0	0	0	0	0	0	0	0	0	0	0	0	0	0	0	0	0	0	0	0	0	0	0	0	0	0	0	0	0	0	0	
Symploce_sp	0	0	0	0	0	0	0	1	0	0	0	0	0	0	0	0	0	0	0	0	0	0	0	0	0	0	0	0	0	0	0	0	0	0	0	0	0	0	0	0	0	0	0	0	0	
Xestoblatta_sp	0	0	0	0	0	0	0	0	0	0	0	0	1	0	0	0	0	0	0	0	0	0	0	0	0	0	0	0	0	0	0	0	0	0	0	0	0	0	0	0	0	0	0	0	0	
