NODE	7	8	9	10	11	12	13	14	15	16	17	18	19	20	21	22	23	24	25	26	27	28	29	30	31	32	33	34	35	36	37	38	39	40	41	42	
N1	0.14468	0.140093	0.131379	0.119324	0.104925	0.0892628	0.0733861	0.0582137	0.0444688	0.032638	0.0229598	0.0154416	0.00990392	0.00604295	0.00349946	0.00191907	0.000994475	0.000486015	0.000223596	9.66759e-005	3.92265e-005	1.49178e-005	5.31209e-006	1.76989e-006	5.51551e-007	1.60773e-007	4.38649e-008	1.12188e-008	2.69726e-009	6.12637e-010	1.32633e-010	2.78291e-011	5.85004e-012	1.32102e-012	3.70928e-013	1.49581e-016	
N2	0.15069	0.140101	0.128327	0.115259	0.101063	0.0862506	0.0715484	0.0577011	0.0446613	0.0336155	0.0241946	0.0169615	0.0113062	0.00737754	0.00453974	0.00277167	0.00157626	0.000918326	0.000488746	0.000284741	0.000146395	9.13467e-005	4.71344e-005	3.24972e-005	1.70084e-005	1.24811e-005	6.472e-006	4.77898e-006	2.42298e-006	1.77119e-006	8.87027e-007	6.61052e-007	3.682e-007	3.33446e-007	2.90058e-007	3.97864e-007	
N3	0.088796	0.0864088	0.0860711	0.0864363	0.0862583	0.0846485	0.081196	0.0759227	0.0684079	0.0599448	0.050453	0.0411625	0.0320879	0.0241431	0.0172666	0.0118839	0.00774733	0.00485745	0.00288073	0.00164558	0.000889253	0.000464255	0.000229582	0.000110133	5.01718e-005	2.22766e-005	9.42533e-006	3.90464e-006	1.54797e-006	6.0325e-007	2.26203e-007	8.38809e-008	3.03722e-008	1.11929e-008	4.38589e-009	2.29429e-009	
N4	0.166985	0.154777	0.141029	0.125594	0.108409	0.0898508	0.0708534	0.052733	0.0366062	0.0237179	0.0142188	0.00790476	0.00404855	0.00191692	0.00083465	0.000335718	0.000124156	4.24558e-005	1.3361e-005	3.89677e-006	1.04773e-006	2.61984e-007	6.0534e-008	1.30727e-008	2.61735e-009	4.93457e-010	8.67361e-011	1.45407e-011	2.29945e-012	3.5471e-013	5.27396e-014	7.87594e-015	1.15794e-015	1.73848e-016	2.70053e-017	6.33049e-018	
Cryptocercus_primarius	0	0	0	1	0	0	0	0	0	0	0	0	0	0	0	0	0	0	0	0	0	0	0	0	0	0	0	0	0	0	0	0	0	0	0	0	
Cryptocercus_relictus	0	0	1	0	0	0	0	0	0	0	0	0	0	0	0	0	0	0	0	0	0	0	0	0	0	0	0	0	0	0	0	0	0	0	0	0	
Cryptocercus_punctulatus	0	0	0	0	0	0	0	0	0	0	0	0	0	0	0	0	0	1	0	0	0	0	0	0	0	0	0	0	0	0	0	0	0	0	0	0	
N5	0.143972	0.133404	0.121655	0.109081	0.096075	0.0830545	0.0704465	0.0586514	0.0472694	0.0373977	0.0285496	0.0214432	0.0154872	0.0110666	0.00757337	0.00518484	0.00338175	0.00225061	0.00141683	0.00093839	0.000580737	0.000392202	0.000241979	0.000168021	0.000103524	7.3196e-005	4.4614e-005	3.16147e-005	1.90666e-005	1.3623e-005	8.39486e-006	6.37227e-006	4.50325e-006	4.12599e-006	3.92896e-006	4.76863e-006	
N6	0.0635397	0.0616339	0.0613453	0.062174	0.0636334	0.0652809	0.0667347	0.0676772	0.0670565	0.065418	0.0618485	0.0572387	0.0509725	0.0442509	0.0367506	0.0296939	0.0228495	0.0171085	0.0121616	0.00843165	0.00553836	0.00356313	0.00216936	0.00130132	0.000739191	0.000416863	0.000223285	0.00011985	6.15692e-005	3.20586e-005	1.62146e-005	8.46792e-006	4.45505e-006	2.5568e-006	1.64838e-006	1.3586e-006	
N7	0.0175133	0.0182339	0.02062	0.0246481	0.0303325	0.037629	0.0463491	0.0560984	0.0655224	0.0742589	0.0803841	0.0838532	0.082916	0.0786128	0.070161	0.0598268	0.0477304	0.0363501	0.0257929	0.0175167	0.0110529	0.00671526	0.0037834	0.00207207	0.00105197	0.000526334	0.000244689	0.00011418	4.9946e-005	2.24029e-005	9.57253e-006	4.26841e-006	1.85546e-006	8.57331e-007	4.1522e-007	2.65029e-007	
N8	0.0109435	0.0117461	0.0140829	0.01823	0.0245818	0.0334829	0.045011	0.0587507	0.0731995	0.0868687	0.0969726	0.101766	0.0992907	0.0901365	0.0754047	0.0583052	0.041317	0.0269844	0.01611	0.00886707	0.00445835	0.0020729	0.000880977	0.000348317	0.000126126	4.29245e-005	1.34324e-005	4.01967e-006	1.11713e-006	3.06117e-007	7.98737e-008	2.15365e-008	5.75842e-009	1.65749e-009	5.02409e-010	2.07532e-010	
Blatta_orientalis	0	0	0	0	0	0	0	0	0	0	0	0	0	0	0	0	0	1	0	0	0	0	0	0	0	0	0	0	0	0	0	0	0	0	0	0	
N9	0.0112649	0.0122282	0.0149911	0.0199822	0.0277985	0.0389493	0.0534536	0.0703824	0.0874011	0.101535	0.109271	0.108498	0.0987871	0.0823265	0.0625362	0.0432877	0.0272237	0.0155734	0.0080841	0.00381814	0.00163674	0.000639818	0.000227296	7.39873e-005	2.19343e-005	6.0135e-006	1.5063e-006	3.55462e-007	7.70384e-008	1.63653e-008	3.24398e-009	6.93115e-010	1.50682e-010	4.20263e-011	1.37202e-011	7.3992e-012	
N10	0.00901034	0.0103731	0.0139933	0.0207355	0.0317511	0.047897	0.068786	0.091876	0.112033	0.123975	0.12336	0.110331	0.0882242	0.0632225	0.0404366	0.0231864	0.0118682	0.0054621	0.0022471	0.000836389	0.000279002	8.52467e-005	2.34514e-005	6.0566e-006	1.42013e-006	3.27206e-007	6.91853e-008	1.53159e-008	3.12384e-009	7.01487e-010	1.4475e-010	3.31697e-011	7.01665e-012	1.60042e-012	3.60974e-013	1.24846e-013	
Periplaneta_americana	0	0	0	0	0	0	0	0	0	0	1	0	0	0	0	0	0	0	0	0	0	0	0	0	0	0	0	0	0	0	0	0	0	0	0	0	
Periplaneta_brunnea	0	0	0	0	0	0	0	1	0	0	0	0	0	0	0	0	0	0	0	0	0	0	0	0	0	0	0	0	0	0	0	0	0	0	0	0	
N11	0.000554242	0.00112999	0.00362172	0.0126632	0.0385343	0.0922861	0.166081	0.219191	0.209027	0.145004	0.0736725	0.0279915	0.00806848	0.00180604	0.000318113	4.50589e-005	5.18125e-006	4.9354e-007	3.91463e-008	2.63897e-009	1.5129e-010	7.5519e-012	3.26675e-013	1.263e-014	4.31475e-016	1.36039e-017	3.8768e-019	1.05909e-020	2.67707e-022	6.68792e-024	1.56433e-025	3.63115e-027	7.8592e-029	1.66011e-030	3.25601e-032	7.5646e-034	
Periplaneta_australasiae	0	0	0	0	0	0	0	1	0	0	0	0	0	0	0	0	0	0	0	0	0	0	0	0	0	0	0	0	0	0	0	0	0	0	0	0	
Periplaneta_fuliginosa	0	0	0	0	0	0	0	1	0	0	0	0	0	0	0	0	0	0	0	0	0	0	0	0	0	0	0	0	0	0	0	0	0	0	0	0	
Deropeltis_erythrocephala	0	0	0	0	0	0	0	0	0	0	0	0	0	0	0	0	0	0	1	0	0	0	0	0	0	0	0	0	0	0	0	0	0	0	0	0	
N12	0.0645207	0.0623945	0.0618331	0.0624047	0.063661	0.0651653	0.0664988	0.0672613	0.0666631	0.0649119	0.0614673	0.0568082	0.0507379	0.0440146	0.036709	0.0296519	0.0229305	0.0171655	0.0122621	0.00850118	0.00560657	0.00361167	0.00220341	0.00132893	0.000753465	0.000431365	0.000228985	0.000127183	6.39826e-005	3.56486e-005	1.73742e-005	1.02583e-005	5.26152e-006	4.0215e-006	3.54709e-006	5.68154e-006	
N13	0.000415633	0.000780737	0.00179539	0.00361708	0.00668682	0.0149258	0.0380263	0.085781	0.150875	0.202089	0.202376	0.152849	0.086421	0.0372335	0.0122288	0.00314381	0.000635391	0.000103986	1.38156e-005	1.53471e-006	1.4235e-007	1.13522e-008	7.74151e-010	4.65105e-011	2.43961e-012	1.1521e-013	4.83829e-015	1.8641e-016	6.48971e-018	2.10308e-019	6.23365e-021	1.73484e-022	4.45064e-024	1.07552e-025	2.41689e-027	6.43401e-029	
Eurycotis_floridana	0	0	0	0	0	0	0	1	0	0	0	0	0	0	0	0	0	0	0	0	0	0	0	0	0	0	0	0	0	0	0	0	0	0	0	0	
Pelmatosilpha_sp	0	0	0	0	0	0	0	0	0	0	0	0	1	0	0	0	0	0	0	0	0	0	0	0	0	0	0	0	0	0	0	0	0	0	0	0	
Periplaneta_japonica	0	0	0	0	0	0	0	0	0	0	1	0	0	0	0	0	0	0	0	0	0	0	0	0	0	0	0	0	0	0	0	0	0	0	0	0	
Lamproblatta_albipalpus	0	0	1	0	0	0	0	0	0	0	0	0	0	0	0	0	0	0	0	0	0	0	0	0	0	0	0	0	0	0	0	0	0	0	0	0	
N14	0.138771	0.129349	0.119277	0.108562	0.0972556	0.0855212	0.073644	0.0620035	0.0502689	0.0397095	0.0300254	0.0220996	0.0154871	0.0105921	0.00686448	0.00437497	0.00262997	0.00157758	0.000887864	0.000509883	0.000272473	0.000152585	7.83241e-005	4.31003e-005	2.13017e-005	1.14448e-005	5.40471e-006	2.79758e-006	1.26078e-006	6.30406e-007	2.78052e-007	1.39863e-007	6.6227e-008	3.79397e-008	2.38456e-008	2.12129e-008	
N15	0.0963723	0.0926261	0.0903411	0.0885042	0.086201	0.0828121	0.0780958	0.0721555	0.0643242	0.056085	0.0469836	0.0385268	0.0302168	0.0232648	0.0170445	0.0123371	0.00844902	0.00578281	0.00372043	0.00243333	0.0014826	0.000937006	0.000544131	0.000333904	0.00018522	0.000110178	5.82825e-005	3.34911e-005	1.70403e-005	9.60054e-006	4.88371e-006	2.84893e-006	1.60608e-006	1.09588e-006	8.15328e-007	8.03198e-007	
N16	0.080771	0.078967	0.0792891	0.0804186	0.0811418	0.0805915	0.0783736	0.0745483	0.0683194	0.0613055	0.0528567	0.0447473	0.0362083	0.0288821	0.0218488	0.0164281	0.0115967	0.00826803	0.00546091	0.00373972	0.0023254	0.00155403	0.000914117	0.000602545	0.000336101	0.000219548	0.000115834	7.47042e-005	3.74537e-005	2.39956e-005	1.17027e-005	7.74348e-006	4.21836e-006	3.48847e-006	2.98503e-006	3.84717e-006	
N17	0.0113817	0.012764	0.0159602	0.020788	0.0269872	0.0341355	0.0417165	0.0492856	0.055794	0.0617463	0.0660623	0.0697207	0.0710084	0.0712194	0.0681413	0.0639735	0.0566226	0.0493216	0.0401846	0.0325343	0.0244524	0.0184969	0.0128648	0.00912338	0.0058881	0.00392233	0.00235594	0.00147938	0.000838486	0.00050602	0.000281263	0.000171375	0.000101671	6.94425e-005	5.15459e-005	4.91129e-005	
N18	0.00513592	0.00562503	0.00691907	0.00910725	0.012301	0.016576	0.021949	0.0283949	0.0354274	0.0431968	0.0508069	0.0585262	0.0647897	0.0701868	0.0724959	0.0732864	0.0699935	0.0658036	0.0579071	0.0509071	0.041386	0.0344926	0.0260768	0.0210027	0.0149092	0.0118524	0.00796678	0.00633129	0.00406943	0.00326194	0.00205599	0.00172538	0.00122476	0.00125716	0.00128708	0.00176486	
N19	0.000156926	0.000200695	0.000315726	0.000545942	0.000960658	0.0016537	0.0027483	0.00441887	0.00688767	0.0105718	0.0159209	0.0236012	0.0338995	0.0470144	0.0618715	0.0772673	0.090267	0.0992084	0.101302	0.0970882	0.086188	0.0719348	0.0555828	0.0406006	0.0275201	0.0178105	0.0107612	0.00629925	0.00347836	0.00189177	0.00098304	0.000511011	0.000259765	0.000138015	8.0057e-005	6.02729e-005	
N20	4.55745e-005	5.81821e-005	9.25895e-005	0.000165631	0.000308741	0.000574783	0.00104974	0.00187307	0.00326032	0.00554361	0.00915261	0.0146181	0.0224381	0.033016	0.0463012	0.0616807	0.0774883	0.0915404	0.10105	0.104175	0.0997527	0.0889328	0.0734235	0.0564984	0.0402487	0.0268973	0.0166972	0.00989383	0.00552295	0.00308172	0.00169959	0.00102789	0.000657912	0.000481895	0.000381122	0.000369468	
N21	1.06441e-006	1.96344e-006	4.91602e-006	1.3006e-005	3.3011e-005	7.95745e-005	0.000187319	0.000438954	0.00101302	0.00225952	0.00479594	0.00962432	0.0181158	0.0317421	0.0512278	0.0755315	0.100867	0.121431	0.131106	0.126758	0.109431	0.0844392	0.0581527	0.0358604	0.0197946	0.0098419	0.00441382	0.00180623	0.000677441	0.000237319	7.80961e-005	2.4678e-005	7.49636e-006	2.25395e-006	7.0529e-007	3.00571e-007	
N22	4.06332e-007	7.41902e-007	1.91835e-006	5.47853e-006	1.56355e-005	4.37618e-005	0.000120541	0.00032576	0.000852853	0.00213097	0.00500503	0.0108998	0.0217302	0.0392411	0.0636286	0.0920729	0.118385	0.134962	0.136285	0.121958	0.0967982	0.0682598	0.0428227	0.0239455	0.011946	0.00532836	0.00212675	0.000762693	0.000246239	7.22682e-005	1.93867e-005	4.90107e-006	1.21564e-006	3.40303e-007	1.25187e-007	7.80496e-008	
N23	3.14187e-007	5.82833e-007	1.58051e-006	4.90749e-006	1.56829e-005	4.96811e-005	0.000153463	0.000455975	0.00128278	0.00335775	0.00803629	0.017331	0.0333133	0.0566813	0.0850544	0.112469	0.131235	0.135585	0.124621	0.102482	0.0758052	0.0506498	0.0306185	0.0167359	0.00824329	0.00364609	0.00144098	0.000508444	0.000159565	4.50727e-005	1.15361e-005	2.96284e-006	8.89873e-007	4.18381e-007	2.66299e-007	2.45061e-007	
Archimandrita_tessellata	0	0	0	0	0	0	0	0	0	0	0	0	0	0	0	0	1	0	0	0	0	0	0	0	0	0	0	0	0	0	0	0	0	0	0	0	
N24	3.03635e-007	6.41964e-007	1.96257e-006	6.66734e-006	2.46148e-005	9.81779e-005	0.000396297	0.00149941	0.00501675	0.014248	0.0333187	0.062899	0.0954222	0.118361	0.124831	0.116916	0.0999115	0.080538	0.0635964	0.0507181	0.0409325	0.0324398	0.024149	0.0162855	0.00970211	0.00505057	0.0022787	0.000897984	0.000310499	9.93139e-005	3.0934e-005	1.08318e-005	4.2178e-006	1.82311e-006	7.87383e-007	4.15934e-007	
Blaberus_discoidalis	0	0	0	0	0	0	0	0	0	0	0	0	1	0	0	0	0	0	0	0	0	0	0	0	0	0	0	0	0	0	0	0	0	0	0	0	
Blaberus_giganteus	0	0	0	0	0	0	0	0	0	0	0	0	0	0	0	0	0	0	0	0	0	0	0	0	0	0	0	0	0	0	1	0	0	0	0	0	
Byrsotria_fumigata	0	0	0	0	0	0	0	0	0	0	0	0	0	0	0	0	0	1	0	0	0	0	0	0	0	0	0	0	0	0	0	0	0	0	0	0	
N25	1.12121e-006	1.91615e-006	4.68552e-006	1.33457e-005	3.96428e-005	0.000116269	0.00032819	0.0008707	0.0020966	0.00441948	0.00795288	0.0121769	0.0162745	0.0203113	0.0261577	0.036917	0.0548285	0.0794231	0.105873	0.126127	0.132359	0.121843	0.0980306	0.0691077	0.0426046	0.0231644	0.011098	0.00479819	0.00188515	0.000718086	0.000270003	0.000108937	4.48238e-005	1.93897e-005	8.633e-006	5.0954e-006	
Eublaberus_distanti	0	0	0	0	0	0	0	0	0	0	0	0	0	0	0	0	0	0	0	0	0	0	0	0	0	0	1	0	0	0	0	0	0	0	0	0	
Eublaberus_posticus	0	0	0	0	0	0	0	0	0	0	0	0	0	0	0	1	0	0	0	0	0	0	0	0	0	0	0	0	0	0	0	0	0	0	0	0	
Gromphadorhina_portentosa	0	0	0	0	0	0	0	0	0	0	0	0	0	0	0	0	0	0	0	0	0	0	0	0	0	1	0	0	0	0	0	0	0	0	0	0	
N26	0.000152382	0.000187198	0.000281129	0.000472277	0.000827337	0.00144888	0.00248525	0.00414644	0.00671926	0.0106092	0.016303	0.0243363	0.0350581	0.0484382	0.0636631	0.0791342	0.0924183	0.101072	0.103079	0.0979483	0.086494	0.0710658	0.0542365	0.0385796	0.0255424	0.015842	0.0091877	0.00504065	0.00260798	0.00130146	0.000625944	0.000306461	0.000156764	9.42124e-005	6.92869e-005	6.87832e-005	
Epilampra_sp	0	0	0	0	0	0	0	0	0	0	0	0	0	0	1	0	0	0	0	0	0	0	0	0	0	0	0	0	0	0	0	0	0	0	0	0	
N27	0.000146167	0.000179299	0.000270347	0.000461227	0.000829392	0.00149741	0.00263634	0.00445833	0.00719495	0.0111124	0.0165002	0.0237309	0.0331608	0.0450062	0.0589061	0.0737171	0.0872993	0.0972484	0.101299	0.0984825	0.0890485	0.074954	0.058567	0.042631	0.0288107	0.0182167	0.0107207	0.00597415	0.00313093	0.00161371	0.000820566	0.000459931	0.000286632	0.000220243	0.000195175	0.000214065	
N28	3.08818e-006	4.52025e-006	8.88573e-006	2.0264e-005	4.79131e-005	0.000107831	0.000218851	0.000392302	0.000627215	0.000933955	0.00134714	0.00191271	0.00266203	0.00374017	0.00563994	0.00945863	0.0168093	0.0295826	0.048749	0.0733614	0.0990488	0.119872	0.129012	0.124403	0.106779	0.0828353	0.0577205	0.0371211	0.0219007	0.0123406	0.00655805	0.00342438	0.0017156	0.000866969	0.000459067	0.000315156	
Lanxoblatta_emarginata	0	0	0	0	0	0	0	0	0	0	0	0	0	0	0	0	0	0	0	0	0	0	0	0	0	0	1	0	0	0	0	0	0	0	0	0	
Phoetalia_sp	0	0	0	0	0	0	0	0	0	0	0	0	0	0	0	0	0	0	0	0	1	0	0	0	0	0	0	0	0	0	0	0	0	0	0	0	
Nauphoeta_cinerea	0	0	0	0	0	0	0	0	0	0	0	0	1	0	0	0	0	0	0	0	0	0	0	0	0	0	0	0	0	0	0	0	0	0	0	0	
N29	0.00156433	0.00165884	0.00194894	0.0024709	0.00328965	0.00449473	0.006194	0.00850346	0.0114599	0.0151768	0.019554	0.024599	0.0299699	0.0355512	0.0407743	0.0455696	0.049322	0.0522052	0.0536134	0.0540539	0.0529415	0.0511303	0.0479921	0.0446808	0.0404652	0.0367148	0.0325497	0.0294277	0.0263063	0.0245697	0.0230502	0.0229645	0.0231664	0.0247546	0.0268154	0.0304967	
Macropanesthia_rhinoceros	0	0	0	0	0	0	0	0	0	0	0	0	0	0	0	0	0	0	0	0	0	0	0	0	0	0	0	0	0	0	0	0	0	1	0	0	
Pycnoscelus_surinamensis	0	0	0	0	0	0	0	0	0	0	0	0	0	0	0	0	0	0	0	0	1	0	0	0	0	0	0	0	0	0	0	0	0	0	0	0	
N30	0.0188406	0.0194905	0.0217796	0.0255311	0.0305436	0.0365558	0.0432325	0.0501701	0.0567618	0.0626714	0.067252	0.0702163	0.0710334	0.0696776	0.0659706	0.0603475	0.0530842	0.044998	0.0365885	0.028648	0.0214909	0.0155386	0.0107603	0.00719995	0.0046155	0.00287298	0.00171663	0.00100638	0.000570959	0.00032577	0.000184898	0.000111544	7.12905e-005	5.24006e-005	4.39204e-005	4.48822e-005	
N31	0.0184814	0.0185966	0.0198762	0.0222815	0.0258054	0.0304282	0.0360773	0.0425946	0.0494029	0.0563522	0.0625572	0.0677538	0.070925	0.0719996	0.0702409	0.0661545	0.0596021	0.0517099	0.0427959	0.0341047	0.0258903	0.0189685	0.0132365	0.00896208	0.00579122	0.00366929	0.0022335	0.00135859	0.00080604	0.000491583	0.000299248	0.000192689	0.00012732	9.20454e-005	7.27265e-005	6.86984e-005	
Diploptera_punctata	0	0	0	0	0	0	0	0	0	0	0	0	0	0	0	0	0	1	0	0	0	0	0	0	0	0	0	0	0	0	0	0	0	0	0	0	
N32	2.80315e-006	1.25658e-005	1.30252e-005	3.29814e-006	2.86565e-006	1.19175e-005	0.000246504	0.00440499	0.045833	0.228837	0.393779	0.260628	0.0593481	0.00645696	0.000402807	1.62531e-005	4.54475e-007	9.35141e-009	1.46337e-010	1.80933e-012	1.79848e-014	1.47919e-016	1.01579e-018	5.97055e-021	3.01586e-023	1.34019e-025	5.24168e-028	1.84636e-030	5.84083e-033	1.69589e-035	4.49036e-038	1.10491e-040	2.50215e-043	5.2947e-046	1.03543e-048	2.03821e-051	
Panchlora_nivea	0	0	0	0	0	0	0	0	0	0	0	1	0	0	0	0	0	0	0	0	0	0	0	0	0	0	0	0	0	0	0	0	0	0	0	0	
Rhabdoblatta_sp	0	0	0	0	0	0	0	0	0	1	0	0	0	0	0	0	0	0	0	0	0	0	0	0	0	0	0	0	0	0	0	0	0	0	0	0	
Galiblatta_sp	0	0	0	0	0	0	0	1	0	0	0	0	0	0	0	0	0	0	0	0	0	0	0	0	0	0	0	0	0	0	0	0	0	0	0	0	
N33	0.117898	0.110598	0.103381	0.0961555	0.088816	0.0812804	0.0735153	0.0655495	0.0569201	0.048475	0.0399905	0.0322176	0.0250328	0.0189397	0.0137763	0.00974445	0.00661285	0.00436472	0.00276119	0.00170182	0.00100536	0.00058059	0.000321775	0.000175244	9.18718e-005	4.76643e-005	2.39164e-005	1.19707e-005	5.82969e-006	2.85196e-006	1.36691e-006	6.63711e-007	3.22031e-007	1.65153e-007	9.41569e-008	6.97345e-008	
Margattea_sp	0	0	0	0	0	0	0	0	0	1	0	0	0	0	0	0	0	0	0	0	0	0	0	0	0	0	0	0	0	0	0	0	0	0	0	0	
Supella_longipalpa	0	0	0	1	0	0	0	0	0	0	0	0	0	0	0	0	0	0	0	0	0	0	0	0	0	0	0	0	0	0	0	0	0	0	0	0	
N34	0.0991384	0.0938325	0.0892116	0.084975	0.0808261	0.0765187	0.0718826	0.0668312	0.0607227	0.0543406	0.0472817	0.0403669	0.0333625	0.0269846	0.0210557	0.0160584	0.0117848	0.00845535	0.00582889	0.00393628	0.00255295	0.00162807	0.000997875	0.000604792	0.000353193	0.000205503	0.000115725	6.54905e-005	3.6108e-005	2.01757e-005	1.10854e-005	6.24369e-006	3.54235e-006	2.14912e-006	1.43906e-006	1.19514e-006	
Ectobius_pallidus	0	0	0	0	1	0	0	0	0	0	0	0	0	0	0	0	0	0	0	0	0	0	0	0	0	0	0	0	0	0	0	0	0	0	0	0	
Panchlora_viridis	0	0	0	0	0	0	0	0	0	0	0	0	1	0	0	0	0	0	0	0	0	0	0	0	0	0	0	0	0	0	0	0	0	0	0	0	
N35	0.142665	0.132118	0.12041	0.107969	0.0952225	0.082575	0.0703915	0.0589812	0.0479921	0.0383345	0.0296407	0.0224773	0.0164421	0.0117977	0.00813748	0.00551771	0.00358474	0.00230125	0.00141118	0.000862808	0.000502232	0.000295268	0.000164465	9.39729e-005	5.05452e-005	2.8347e-005	1.4854e-005	8.24901e-006	4.27777e-006	2.39604e-006	1.27308e-006	7.48783e-007	4.37326e-007	2.94687e-007	2.17933e-007	2.06296e-007	
N36	0.142367	0.131904	0.120317	0.108005	0.0953698	0.0827971	0.0706441	0.0592187	0.0481912	0.0384697	0.0297208	0.0224939	0.0164226	0.0117373	0.00806618	0.005428	0.00350145	0.00221547	0.00134015	0.000798046	0.000453294	0.000254913	0.000136473	7.29123e-005	3.70662e-005	1.9001e-005	9.28578e-006	4.63534e-006	2.22192e-006	1.10353e-006	5.3332e-007	2.70735e-007	1.37034e-007	7.49883e-008	4.45723e-008	3.4256e-008	
N37	0.14996	0.138432	0.125386	0.111432	0.0971544	0.0830861	0.0696767	0.0572797	0.0456261	0.0355629	0.0267696	0.0196815	0.0139235	0.00960911	0.00635774	0.00410376	0.00253051	0.00152504	0.000874981	0.000492735	0.000263192	0.00013901	6.93323e-005	3.45786e-005	1.62026e-005	7.71234e-006	3.42833e-006	1.58135e-006	6.80201e-007	3.1313e-007	1.3662e-007	6.67365e-008	3.25498e-008	1.8757e-008	1.20783e-008	1.06234e-008	
N38	0.142028	0.133061	0.123895	0.114135	0.103346	0.0912712	0.0780157	0.0641008	0.0497501	0.0367185	0.0253544	0.0165619	0.010068	0.0057839	0.00308409	0.00155714	0.000728849	0.000324415	0.000133803	5.28148e-005	1.93136e-005	6.81634e-006	2.22849e-006	7.10513e-007	2.10042e-007	6.13125e-008	1.66395e-008	4.52202e-009	1.15069e-009	2.97162e-010	7.26027e-011	1.81287e-011	4.3365e-012	1.07114e-012	2.77685e-013	1.0897e-013	
Blattella_bisignata	0	0	0	0	0	1	0	0	0	0	0	0	0	0	0	0	0	0	0	0	0	0	0	0	0	0	0	0	0	0	0	0	0	0	0	0	
Blattella_germanica	0	0	0	0	0	1	0	0	0	0	0	0	0	0	0	0	0	0	0	0	0	0	0	0	0	0	0	0	0	0	0	0	0	0	0	0	
Blattella_sauteri	0	0	0	0	0	1	0	0	0	0	0	0	0	0	0	0	0	0	0	0	0	0	0	0	0	0	0	0	0	0	0	0	0	0	0	0	
Loboptera_decipiens	0	0	0	0	0	0	0	0	0	0	1	0	0	0	0	0	0	0	0	0	0	0	0	0	0	0	0	0	0	0	0	0	0	0	0	0	
N39	0.112095	0.105296	0.0986538	0.0920489	0.0853816	0.0786	0.07171	0.0647692	0.0571299	0.0497296	0.0420552	0.0350069	0.0281627	0.0222717	0.0169405	0.0126749	0.00908189	0.00642079	0.00433059	0.00289891	0.00184442	0.00117456	0.000708018	0.000431627	0.000248194	0.000146078	8.09541e-005	4.65702e-005	2.53757e-005	1.46088e-005	8.11703e-006	4.87628e-006	2.94704e-006	2.00785e-006	1.50403e-006	1.40468e-006	
N40	0.101017	0.09543	0.0903932	0.0856628	0.0810096	0.0762534	0.071286	0.0660801	0.0598321	0.0535096	0.0464529	0.0397346	0.0327903	0.026648	0.0207654	0.0159691	0.0116983	0.00850725	0.00585083	0.00403983	0.00261402	0.00172831	0.00105696	0.000676706	0.000393922	0.000247479	0.000138164	8.61439e-005	4.6753e-005	2.94924e-005	1.61772e-005	1.09654e-005	6.98645e-006	5.95643e-006	5.43208e-006	6.54894e-006	
N41	0.00632931	0.00806289	0.0117155	0.0175231	0.0264372	0.0400865	0.0596655	0.0841361	0.108068	0.12565	0.129669	0.119717	0.0974879	0.0709283	0.0454686	0.026102	0.0132179	0.00602169	0.00242627	0.000885288	0.000286789	8.48491e-005	2.24004e-005	5.45725e-006	1.19448e-006	2.44207e-007	4.52426e-008	7.93029e-009	1.27251e-009	1.9531e-010	2.76958e-011	3.77692e-012	4.78982e-013	5.85655e-014	6.95413e-015	1.174e-015	
Hemithyrsocera_sp	0	0	0	0	0	0	1	0	0	0	0	0	0	0	0	0	0	0	0	0	0	0	0	0	0	0	0	0	0	0	0	0	0	0	0	0	
N42	0.000816967	0.00106779	0.00169283	0.00294005	0.00543678	0.0106186	0.0211451	0.0405123	0.0702037	0.107266	0.140322	0.157557	0.149047	0.1208	0.0820709	0.0483582	0.0238375	0.0105182	0.00387252	0.00136173	0.000395033	0.000120957	2.93311e-005	8.21322e-006	1.69602e-006	4.217e-007	7.26488e-008	1.52922e-008	2.17182e-009	3.81533e-010	4.51491e-011	6.78022e-012	7.33815e-013	1.06838e-013	1.38784e-014	3.37892e-015	
Symplocodes_sp	0	0	0	0	0	0	0	0	0	0	0	0	0	1	0	0	0	0	0	0	0	0	0	0	0	0	0	0	0	0	0	0	0	0	0	0	
Xestoblatta_sp	0	0	0	0	0	0	0	0	0	0	0	0	1	0	0	0	0	0	0	0	0	0	0	0	0	0	0	0	0	0	0	0	0	0	0	0	
Lobopterella_dimidiatipes	0	0	0	0	0	0	0	0	0	0	0	0	1	0	0	0	0	0	0	0	0	0	0	0	0	0	0	0	0	0	0	0	0	0	0	0	
Symploce_sp	0	0	0	0	0	0	0	1	0	0	0	0	0	0	0	0	0	0	0	0	0	0	0	0	0	0	0	0	0	0	0	0	0	0	0	0	
