NODE	7	8	9	10	11	12	13	14	15	16	17	18	19	20	21	22	23	24	25	26	27	28	29	30	31	32	33	34	35	36	37	38	39	40	41	42	43	44	45	46	47	48	49	50	51	
N1	0.00285861	0.00773815	0.0323861	0.109014	0.270922	0.371057	0.180587	0.0245378	0.000889529	9.25655e-006	3.13462e-008	3.94745e-011	3.46156e-017	5.434e-019	6.08292e-021	5.03545e-023	3.17756e-025	1.56809e-027	6.18402e-030	1.98528e-032	5.27153e-035	1.17386e-037	2.21871e-040	3.59754e-043	5.05141e-046	6.19383e-049	6.68188e-052	6.38496e-055	5.43729e-058	4.14925e-061	2.85171e-064	1.77331e-067	1.00193e-070	5.16353e-074	2.43593e-077	1.05543e-080	4.21275e-084	1.55351e-087	5.30668e-091	1.68332e-094	4.96989e-098	1.36869e-101	3.52307e-105	8.49264e-109	2.01609e-112	
N2	0.00347376	0.014176	0.051191	0.119203	0.238062	0.326897	0.196414	0.0459322	0.00444981	0.000197334	4.37619e-006	1.1079e-007	2.42462e-009	3.4068e-010	4.94992e-012	3.53768e-013	2.28386e-015	7.34927e-017	2.17919e-019	3.00831e-021	4.4821e-024	2.70147e-026	2.16577e-029	6.72789e-032	3.01916e-035	5.92353e-038	1.56729e-041	2.22377e-044	4.3925e-048	1.15307e-050	2.03231e-054	4.03771e-057	2.15347e-060	1.12721e-062	1.57051e-066	3.16816e-069	5.28138e-072	1.53626e-073	1.23094e-076	7.55833e-079	1.27427e-081	2.25079e-083	1.11771e-086	4.83727e-089	4.05934e-091	
N3	0.00409945	0.0199221	0.0614484	0.100027	0.175721	0.285954	0.238527	0.0937348	0.0183599	0.00202124	0.000132687	4.55763e-005	3.71219e-006	3.37249e-006	1.27276e-007	5.28488e-008	8.92655e-010	1.63064e-010	1.38528e-012	1.13762e-013	5.64386e-016	2.30825e-017	7.3202e-020	1.72019e-021	3.59654e-024	5.76882e-026	7.98782e-029	9.58663e-031	1.78488e-033	1.76267e-034	1.43269e-036	5.36621e-037	6.77749e-038	1.69109e-037	4.27962e-039	1.50306e-039	1.33287e-040	2.14014e-040	3.27527e-042	5.67799e-043	2.48948e-044	2.5423e-044	2.74972e-046	3.98575e-047	1.54267e-047	
N4	0.000335028	0.00202539	0.00764147	0.0149599	0.0280755	0.0770668	0.171591	0.236247	0.194832	0.110823	0.0446956	0.0503983	0.022487	0.0290557	0.00615927	0.0032771	0.000274448	5.3774e-005	1.87022e-006	1.66024e-007	3.12203e-009	1.61406e-010	1.82104e-012	6.19476e-014	4.49584e-016	1.24373e-017	7.34651e-020	2.42819e-020	1.18914e-020	5.55866e-020	2.56747e-020	1.10671e-019	2.16352e-019	2.90338e-018	2.25512e-018	7.63374e-018	7.38592e-018	4.59615e-017	1.78607e-017	3.0347e-017	1.5684e-017	6.36564e-017	1.863e-017	3.0613e-017	7.44792e-017	
N5	0.00030508	0.00176399	0.00697666	0.0140591	0.0237181	0.062568	0.152092	0.233755	0.212176	0.126429	0.0538932	0.0512583	0.0256883	0.0263983	0.00609868	0.00255916	0.000224895	3.40364e-005	1.21515e-006	7.78192e-008	1.43639e-009	4.96854e-011	5.28457e-013	1.1135e-014	7.38735e-017	1.15223e-018	5.18514e-021	6.49701e-023	3.70169e-025	1.07323e-026	3.89444e-029	5.18238e-031	3.32941e-033	9.08501e-035	2.60637e-037	2.65977e-039	1.24849e-041	2.38413e-043	4.52801e-046	2.44184e-048	5.40183e-051	5.40002e-053	6.12778e-056	2.47013e-058	1.82439e-060	
N6	7.56138e-005	0.0010677	0.00899138	0.0147213	0.00691975	0.00876796	0.0442051	0.144494	0.256854	0.25119	0.148109	0.071096	0.029808	0.010735	0.00250791	0.000418411	3.65487e-005	1.9917e-006	5.89941e-008	1.32296e-009	1.62148e-011	2.80799e-013	1.99897e-015	3.60093e-017	1.67583e-019	2.27726e-021	7.14244e-024	7.29749e-026	1.92273e-028	1.96899e-030	4.6617e-033	4.17356e-035	9.20622e-038	7.13921e-040	1.0691e-042	5.29633e-045	6.44013e-048	2.70733e-050	2.29601e-053	5.91102e-056	3.84137e-059	8.60874e-062	4.39321e-065	7.84401e-068	1.52541e-070	
N7	5.73916e-006	0.000110827	0.000949711	0.00128842	0.000512646	0.000471053	0.00174963	0.01614	0.0888601	0.244812	0.324543	0.217035	0.075106	0.0248468	0.00294811	0.000599811	1.8238e-005	1.85851e-006	1.99018e-008	1.02316e-009	5.15461e-012	1.32511e-013	3.65458e-016	5.07064e-018	8.48381e-021	7.06042e-023	7.78364e-026	4.37585e-028	3.51204e-031	1.6196e-033	1.06089e-036	4.45332e-039	2.92367e-042	1.58138e-044	7.99053e-048	2.94846e-050	1.8254e-053	1.13566e-055	3.51437e-059	8.17196e-062	4.21596e-065	2.65406e-067	5.92076e-071	1.56301e-073	8.08958e-076	
N8	1.12014e-009	7.7675e-008	2.8139e-006	1.58797e-005	3.906e-006	2.39992e-007	1.10261e-007	4.71872e-006	0.000218344	0.00505347	0.0535567	0.240751	0.414364	0.242039	0.0416797	0.00225838	4.97204e-005	1.41993e-006	1.84563e-008	4.98475e-010	2.87963e-012	3.32876e-014	8.6794e-017	4.67403e-019	6.21311e-022	1.73366e-024	1.28722e-027	2.0352e-030	9.05249e-034	8.89389e-037	2.50699e-040	1.66614e-043	3.15717e-047	1.56422e-050	2.12388e-054	8.047e-058	8.22663e-062	2.70076e-065	2.20217e-069	6.18638e-073	5.69377e-077	3.2329e-080	8.46685e-084	8.66907e-087	8.02214e-090	
N9	3.82936e-010	1.80922e-008	4.18967e-007	1.85689e-006	5.7224e-007	8.14208e-008	4.20485e-008	7.61125e-007	4.95169e-005	0.00172424	0.0272317	0.175825	0.413421	0.312526	0.0656832	0.00346742	6.72113e-005	6.85716e-007	4.33468e-009	2.56197e-011	1.15285e-013	5.26384e-015	3.17719e-017	2.62518e-018	8.67734e-021	4.36081e-022	8.03231e-025	2.48433e-026	2.71479e-029	5.16235e-031	3.5743e-034	4.10785e-036	1.92076e-039	1.31521e-041	4.36046e-045	1.7734e-047	4.32835e-051	1.12571e-053	2.06422e-057	3.73071e-060	5.3878e-064	9.3004e-067	1.45369e-070	7.63266e-073	1.0358e-074	
N10	2.75259e-014	5.48727e-012	5.78566e-010	1.44441e-008	3.79125e-009	2.07654e-010	1.00479e-011	1.61464e-011	5.72171e-009	1.37375e-006	0.000156384	0.0073154	0.118021	0.511469	0.349332	0.0135767	0.000128001	4.5293e-007	7.55993e-010	7.80041e-013	7.75817e-016	6.93002e-018	1.46253e-020	1.20918e-022	1.44786e-025	6.52545e-028	4.46877e-031	1.15463e-033	4.61358e-037	6.95563e-040	1.68558e-043	1.48213e-046	2.29395e-050	1.205e-053	1.23898e-057	4.1913e-061	2.92885e-065	7.04536e-069	3.41597e-073	6.35294e-077	2.19169e-081	3.41301e-085	2.15219e-089	1.85313e-092	1.83568e-095	
N11	1.86218e-019	3.82525e-016	3.46931e-013	5.68462e-011	5.53856e-012	2.01227e-014	1.43439e-016	1.63849e-016	5.04831e-013	1.02762e-009	9.28535e-007	0.000305971	0.0276908	0.442689	0.520788	0.00850363	2.11358e-005	1.52986e-008	4.43749e-012	6.24475e-016	4.86256e-020	5.97194e-024	1.94248e-027	1.08257e-029	2.97464e-033	9.35638e-036	1.3947e-039	2.56956e-042	2.02364e-046	2.2673e-049	9.30299e-054	6.24473e-057	1.38828e-061	5.17201e-065	6.78871e-070	1.24476e-073	1.05383e-078	8.77036e-083	4.99807e-088	2.42828e-092	9.37225e-098	3.17457e-102	9.62387e-108	9.35798e-112	2.97244e-115	
N12	4.76487e-021	8.30553e-018	6.5153e-015	8.64087e-013	6.22683e-014	1.32324e-016	2.17415e-018	3.03484e-017	9.82088e-014	2.39647e-010	2.82904e-007	0.000132843	0.0181268	0.408562	0.562677	0.0104716	2.98049e-005	2.55566e-008	9.1025e-012	1.62339e-015	1.63772e-019	1.0542e-023	9.23282e-028	1.85112e-029	1.61558e-032	3.21051e-034	1.81446e-037	2.08319e-039	7.2279e-043	5.06679e-045	9.23234e-049	4.14963e-051	3.22167e-055	9.00803e-058	2.78327e-062	3.50932e-065	5.81627e-070	1.56287e-073	1.72399e-078	2.49407e-082	1.82394e-087	1.96501e-091	1.14073e-096	6.03765e-100	1.2137e-102	
N13	7.61445e-026	2.26358e-022	3.96455e-019	4.22194e-016	1.70201e-015	6.27248e-017	1.06646e-018	2.17786e-020	1.94567e-017	1.20278e-013	4.03749e-010	6.36921e-007	0.000378252	0.0570721	0.932522	0.0100105	1.67573e-005	8.7687e-009	1.96234e-012	2.24879e-016	1.48351e-020	6.14589e-025	1.77197e-029	3.05056e-033	5.49261e-037	8.34366e-040	1.14293e-043	1.00882e-046	9.95377e-051	5.11461e-054	3.59747e-058	1.06026e-061	4.60653e-066	7.56456e-070	1.48463e-074	1.10463e-078	1.19119e-083	3.6961e-088	2.30734e-093	5.22988e-098	2.47953e-103	7.74584e-108	7.38744e-113	1.16478e-116	4.42515e-120	
N14	3.10121e-028	1.2694e-024	2.66485e-021	1.66792e-018	2.85273e-018	6.35298e-020	5.95763e-021	8.30512e-022	1.26914e-018	1.09238e-014	5.30773e-011	1.26823e-007	0.000121134	0.0318165	0.956585	0.0114591	1.8313e-005	8.75227e-009	1.76279e-012	1.81068e-016	1.0711e-020	3.97136e-025	9.92831e-030	2.60301e-033	1.10539e-036	1.23162e-038	3.88151e-042	2.57306e-044	5.89916e-048	2.36064e-050	3.90381e-054	9.49707e-057	9.88664e-061	1.48771e-063	6.50315e-068	5.90668e-071	6.83401e-076	7.51735e-080	5.30455e-085	3.61228e-089	1.63371e-094	8.85851e-099	3.10893e-104	6.28049e-108	4.67517e-111	
Amitermes_darwini	0	0	0	0	0	0	0	0	0	0	0	0	0	0	1	0	0	0	0	0	0	0	0	0	0	0	0	0	0	0	0	0	0	0	0	0	0	0	0	0	0	0	0	0	0	
Amitermes_germanus	0	0	0	0	0	0	0	0	0	0	0	0	0	0	1	0	0	0	0	0	0	0	0	0	0	0	0	0	0	0	0	0	0	0	0	0	0	0	0	0	0	0	0	0	0	
N15	1.10148e-032	7.81357e-028	2.29849e-023	2.13689e-019	2.79313e-019	1.72094e-022	4.30888e-025	5.31847e-027	1.09065e-022	8.20546e-018	2.95359e-013	4.40026e-009	2.08606e-005	0.0189767	0.978014	0.0029875	7.74274e-007	4.70266e-011	1.02248e-015	9.71762e-021	4.41589e-026	1.274e-031	2.26646e-035	1.31888e-036	3.62988e-038	3.7847e-038	8.58452e-040	6.25871e-040	1.12781e-041	5.82841e-042	7.49466e-044	2.81171e-044	2.034e-046	5.65637e-047	1.53841e-049	2.77267e-050	2.71258e-053	6.88051e-055	5.01352e-058	6.70758e-060	3.59335e-063	3.669e-065	1.57287e-068	5.94695e-070	1.37717e-070	
Amitermes_parvus	0	0	0	0	0	0	0	0	0	0	0	0	0	0	1	0	0	0	0	0	0	0	0	0	0	0	0	0	0	0	0	0	0	0	0	0	0	0	0	0	0	0	0	0	0	
N16	4.6173e-028	9.96517e-026	1.90899e-023	1.61374e-020	1.98213e-020	1.5589e-023	3.18141e-026	5.93369e-027	9.41982e-023	6.70039e-018	2.37199e-013	3.60407e-009	1.80104e-005	0.0177723	0.979197	0.00301233	8.09777e-007	5.27333e-011	1.26338e-015	1.34001e-020	6.74626e-026	1.72787e-031	2.17379e-036	1.47032e-038	5.13709e-042	6.26573e-043	1.26063e-046	9.69638e-048	1.06445e-051	5.28007e-053	2.69527e-057	9.45102e-059	1.66956e-063	4.35024e-065	1.47774e-070	2.57999e-072	1.54428e-078	1.15484e-081	5.392e-088	1.07365e-091	3.81157e-098	3.62806e-102	9.01432e-109	4.90444e-112	6.67939e-114	
N17	3.47607e-035	4.68208e-031	5.74337e-027	6.72609e-023	1.62593e-021	1.29038e-022	4.90723e-024	1.38123e-025	1.31882e-022	4.98376e-018	1.07641e-013	1.1638e-009	5.1587e-006	0.00652446	0.990405	0.00306434	1.21944e-006	1.44534e-010	7.22905e-015	1.84771e-019	2.72346e-024	2.51563e-029	1.55284e-034	5.08106e-039	5.46885e-043	2.01031e-045	1.69396e-049	3.67756e-052	2.22729e-056	2.86824e-059	1.287e-063	9.66004e-067	3.10785e-071	1.31032e-074	2.01285e-079	4.87474e-083	1.21354e-088	2.39916e-093	3.20244e-099	4.19022e-104	3.28709e-110	3.32386e-115	1.99913e-121	9.5785e-126	1.26603e-129	
Drepanotermes_septentrionalis	0	0	0	0	0	0	0	0	0	0	0	0	0	0	1	0	0	0	0	0	0	0	0	0	0	0	0	0	0	0	0	0	0	0	0	0	0	0	0	0	0	0	0	0	0	
Pericapritermes_sp	0	0	0	0	0	0	0	0	0	0	0	0	0	0	1	0	0	0	0	0	0	0	0	0	0	0	0	0	0	0	0	0	0	0	0	0	0	0	0	0	0	0	0	0	0	
Odontotermes_sp	0	0	0	0	0	0	0	0	0	0	0	0	0	0	1	0	0	0	0	0	0	0	0	0	0	0	0	0	0	0	0	0	0	0	0	0	0	0	0	0	0	0	0	0	0	
N18	1.61509e-022	2.29115e-019	1.38236e-016	1.03293e-014	5.75017e-016	4.80958e-018	1.35308e-018	4.78607e-017	1.30265e-013	3.04953e-010	3.49216e-007	0.000160504	0.0211725	0.40977	0.559107	0.00976186	2.79681e-005	2.50304e-008	9.51167e-012	1.837e-015	2.02876e-019	1.39725e-023	6.95282e-028	2.03371e-030	1.63976e-033	2.87792e-035	1.59716e-038	1.62456e-040	6.21452e-044	3.76374e-046	9.07369e-050	3.37845e-052	3.98407e-056	9.30077e-059	3.80236e-063	4.30436e-066	8.25531e-071	1.90858e-074	2.37016e-079	3.01276e-083	2.44026e-088	2.33841e-092	1.44175e-097	4.74193e-101	6.31362e-104	
N19	3.62531e-027	1.31037e-023	2.76782e-020	3.73124e-017	2.12588e-016	1.63628e-017	5.53225e-019	3.44442e-020	5.81133e-017	3.95286e-013	1.39985e-009	2.18264e-006	0.00114552	0.122311	0.866869	0.00965653	1.5294e-005	7.17024e-009	1.39058e-012	1.34995e-016	7.41248e-021	2.54353e-025	7.10108e-030	8.73451e-033	2.11949e-036	6.22108e-039	1.00532e-042	3.87212e-044	3.11998e-043	1.09148e-043	2.54148e-045	4.69711e-046	6.15189e-048	7.45163e-049	4.45606e-051	2.64876e-052	2.53803e-053	6.85469e-053	7.87784e-054	9.93215e-055	1.91325e-057	2.75624e-059	4.86993e-062	2.84352e-063	4.15951e-064	
N20	6.416e-032	1.44509e-027	1.99661e-023	1.15518e-019	3.26826e-019	1.21287e-021	7.02025e-024	1.46167e-024	3.57918e-020	1.39776e-015	2.50673e-011	1.69008e-007	0.000311197	0.0860862	0.907015	0.00658364	3.5526e-006	3.98196e-010	1.4624e-014	2.26631e-019	1.72677e-024	7.16791e-030	3.82565e-035	1.11469e-035	3.69952e-037	7.45777e-037	1.8393e-038	2.68425e-038	4.49009e-040	4.92956e-040	4.73385e-042	4.03731e-042	1.68457e-044	1.09669e-044	1.47506e-047	5.13396e-048	3.52344e-051	2.18656e-052	1.20728e-055	3.21744e-057	1.41533e-060	2.41842e-062	8.62108e-066	4.27953e-067	2.42726e-067	
Ephelotermes_melachoma	0	0	0	0	0	0	0	0	0	0	0	0	0	0	1	0	0	0	0	0	0	0	0	0	0	0	0	0	0	0	0	0	0	0	0	0	0	0	0	0	0	0	0	0	0	
N21	7.49385e-026	5.73547e-024	3.31529e-022	3.03961e-020	6.88561e-020	4.79203e-022	3.55455e-024	8.52594e-024	1.26982e-019	3.17548e-015	3.90562e-011	1.99599e-007	0.000313656	0.0839011	0.908454	0.00732579	5.31273e-006	9.34384e-010	6.04573e-014	1.72775e-018	2.31054e-023	1.55151e-028	8.02054e-033	5.41991e-034	5.28634e-037	1.9245e-037	1.07187e-040	2.32235e-041	6.72503e-045	9.5618e-046	1.17376e-049	1.20066e-050	4.29956e-055	3.27223e-056	1.86017e-061	7.95951e-063	1.39633e-068	3.34285e-071	4.62823e-077	2.8375e-080	3.02687e-086	8.7509e-090	6.58163e-096	1.24381e-098	5.60552e-100	
Ephelotermes_taylori	0	0	0	0	0	0	0	0	0	0	0	0	0	0	1	0	0	0	0	0	0	0	0	0	0	0	0	0	0	0	0	0	0	0	0	0	0	0	0	0	0	0	0	0	0	
Macrognathotermes_sunteri	0	0	0	0	0	0	0	0	0	0	0	0	0	0	1	0	0	0	0	0	0	0	0	0	0	0	0	0	0	0	0	0	0	0	0	0	0	0	0	0	0	0	0	0	0	
Lophotermes_septentrionalis	0	0	0	0	0	0	0	0	0	0	0	0	0	0	1	0	0	0	0	0	0	0	0	0	0	0	0	0	0	0	0	0	0	0	0	0	0	0	0	0	0	0	0	0	0	
N22	1.0079e-022	4.79627e-020	1.01127e-017	1.58211e-016	1.4237e-016	6.96549e-017	2.78148e-016	1.08863e-014	1.18751e-011	1.2103e-008	6.29346e-006	0.00136798	0.0859518	0.519416	0.385472	0.00775214	3.37206e-005	5.3845e-008	4.06442e-011	1.68453e-014	4.23401e-018	6.93382e-022	7.91352e-026	6.06045e-029	8.12416e-032	1.97903e-033	2.119e-036	3.15307e-038	2.52801e-041	2.30664e-043	1.36865e-046	7.63167e-049	2.89992e-052	9.88026e-055	1.56602e-058	2.96235e-061	1.90684e-065	2.26233e-068	1.21896e-070	4.60445e-072	9.55886e-075	1.43807e-076	2.10507e-079	8.65818e-081	1.24753e-081	
Procubitermes_sp	0	0	0	0	0	0	0	0	0	0	0	0	1	0	0	0	0	0	0	0	0	0	0	0	0	0	0	0	0	0	0	0	0	0	0	0	0	0	0	0	0	0	0	0	0	
N23	3.93471e-031	2.67691e-026	1.12898e-021	2.30426e-017	1.89758e-016	1.48457e-018	5.53613e-021	1.23014e-023	1.31242e-021	4.59736e-017	8.52237e-013	7.1285e-009	2.07942e-005	0.013115	0.985358	0.00150538	3.81407e-007	3.15733e-011	1.14938e-015	2.17446e-020	2.3772e-025	1.73317e-030	1.44152e-035	3.8755e-039	1.37114e-043	3.64539e-047	7.98345e-052	1.0594e-055	1.3864e-060	8.78883e-065	5.87493e-070	1.63556e-074	3.67217e-080	3.62505e-085	2.80173e-091	7.10609e-097	1.59e-103	6.93376e-110	1.49958e-117	5.42867e-035	8.6206e-036	8.16951e-036	1.48861e-036	6.13853e-036	4.97629e-035	
Tuberculitermes_bycanistes	0	0	0	0	0	0	0	0	0	0	0	0	0	0	1	0	0	0	0	0	0	0	0	0	0	0	0	0	0	0	0	0	0	0	0	0	0	0	0	0	0	0	0	0	0	
Unguitermes_sp	0	0	0	0	0	0	0	0	0	0	0	0	0	0	1	0	0	0	0	0	0	0	0	0	0	0	0	0	0	0	0	0	0	0	0	0	0	0	0	0	0	0	0	0	0	
N24	1.89832e-020	1.77847e-017	8.06398e-015	7.43759e-013	1.10699e-013	5.87559e-016	5.90816e-017	1.46208e-016	2.34309e-013	3.68899e-010	3.003e-007	0.000106919	0.0128095	0.321102	0.644591	0.0212748	0.000115584	1.95307e-007	1.39619e-010	5.05986e-014	1.04688e-017	1.4041e-021	2.54427e-025	6.8161e-027	1.00821e-029	2.66621e-031	2.64089e-034	3.98483e-036	2.5843e-039	2.31269e-041	8.49504e-045	4.70461e-047	7.56387e-051	2.52013e-053	1.56396e-057	2.05057e-060	7.37454e-065	2.52117e-068	5.72756e-073	1.23623e-076	1.82783e-081	3.14995e-085	4.11226e-090	4.10367e-093	1.0718e-095	
N25	7.13649e-023	7.70501e-020	4.03331e-017	4.63851e-015	1.04988e-015	7.13805e-017	1.15721e-017	7.7554e-018	1.23243e-014	2.8606e-011	3.5454e-008	2.00826e-005	0.0040848	0.192238	0.779406	0.0241375	0.000113469	1.61978e-007	9.68633e-011	2.92238e-014	5.0204e-018	5.37961e-022	4.28472e-026	1.55301e-028	1.52419e-031	2.46072e-033	1.65872e-036	1.55521e-038	7.15768e-042	4.01573e-044	1.15356e-047	3.98684e-050	5.68076e-054	1.20665e-056	6.51835e-061	6.16446e-064	1.82123e-068	5.06247e-072	9.77984e-077	1.55677e-080	1.99316e-085	2.38829e-089	2.34141e-094	7.86447e-098	1.00652e-100	
N26	2.83244e-027	1.00709e-023	1.74185e-020	8.03585e-018	1.85495e-017	2.01518e-018	1.0145e-019	1.4619e-020	5.02442e-017	3.1366e-013	1.03076e-009	1.52449e-006	0.000794974	0.0936583	0.887909	0.0175939	4.21027e-005	2.74852e-008	7.05035e-012	8.73488e-016	5.96419e-020	2.46199e-024	6.72667e-029	1.94889e-032	6.05025e-036	3.14054e-038	6.85518e-042	4.9793e-043	4.01851e-043	1.97493e-043	4.39945e-045	1.05221e-045	1.51359e-047	2.49692e-048	1.57199e-050	1.84704e-051	7.45567e-053	6.34337e-053	2.2956e-054	1.92878e-055	3.27013e-058	4.50858e-060	5.80877e-063	2.04252e-064	2.79472e-065	
N27	1.74e-028	4.94141e-025	6.91148e-022	2.46996e-019	5.33911e-019	3.41137e-020	6.11148e-021	7.32088e-021	2.29632e-017	1.529e-013	5.49657e-010	9.13461e-007	0.000553136	0.0786002	0.90293	0.017873	4.23463e-005	2.76843e-008	7.20645e-012	9.17198e-016	6.50388e-020	2.81307e-024	8.23191e-029	3.08546e-031	3.15944e-034	1.67495e-035	1.13106e-038	3.59809e-040	1.55156e-043	3.12392e-045	7.65322e-049	1.02804e-050	1.119e-054	1.03541e-056	3.26862e-061	1.75713e-063	1.86036e-068	1.33881e-071	1.02805e-076	2.84998e-080	1.57139e-085	2.66124e-089	1.07914e-094	4.72917e-098	2.19654e-100	
Crenetermes_albotarsalis	0	0	0	0	0	0	0	0	0	0	0	0	0	0	1	0	0	0	0	0	0	0	0	0	0	0	0	0	0	0	0	0	0	0	0	0	0	0	0	0	0	0	0	0	0	
Thoracotermes_macrothorax	0	0	0	0	0	0	0	0	0	0	0	0	0	0	1	0	0	0	0	0	0	0	0	0	0	0	0	0	0	0	0	0	0	0	0	0	0	0	0	0	0	0	0	0	0	
Cubitermes_sp	0	0	0	0	0	0	0	0	0	0	0	0	0	0	1	0	0	0	0	0	0	0	0	0	0	0	0	0	0	0	0	0	0	0	0	0	0	0	0	0	0	0	0	0	0	
N28	2.36066e-029	1.81812e-025	1.29392e-021	6.92982e-018	5.15303e-017	1.37771e-018	1.72988e-020	1.71816e-022	9.95073e-020	1.3375e-015	1.00128e-011	3.6431e-008	5.23906e-005	0.0206154	0.972996	0.00633016	5.90711e-006	1.67929e-009	2.0213e-013	1.24024e-017	4.3698e-022	9.61344e-027	1.41822e-031	5.46085e-036	4.87654e-040	5.45105e-043	4.40001e-047	2.91067e-050	1.6853e-054	6.52228e-058	2.71274e-062	6.07102e-066	1.63424e-070	2.06185e-074	2.60019e-079	1.67654e-083	9.47287e-089	1.82708e-093	5.75234e-099	7.02071e-104	1.33849e-109	1.23762e-114	1.68651e-120	2.76632e-125	1.12019e-129	
N29	6.28321e-033	1.56919e-028	1.91068e-024	7.35502e-021	1.82919e-020	4.23009e-023	1.05057e-024	3.72427e-026	4.50231e-023	2.18916e-018	5.98584e-014	8.02237e-010	4.27967e-006	0.00621818	0.991287	0.00248976	7.78277e-007	7.08492e-011	2.67594e-015	5.09578e-020	5.53391e-025	3.73031e-030	1.67196e-035	1.1632e-039	1.33831e-043	6.26145e-046	5.12483e-050	1.39698e-052	8.07299e-057	1.29833e-059	5.18429e-064	4.95841e-067	1.17379e-071	6.83261e-075	6.19071e-080	2.19925e-083	3.49682e-089	9.83472e-094	9.49119e-100	1.36854e-104	7.98502e-111	8.16905e-116	3.36121e-122	1.57114e-126	3.0352e-130	
Nasutitermes_graveolus	0	0	0	0	0	0	0	0	0	0	0	0	0	0	1	0	0	0	0	0	0	0	0	0	0	0	0	0	0	0	0	0	0	0	0	0	0	0	0	0	0	0	0	0	0	
Nasutitermes_triodiae	0	0	0	0	0	0	0	0	0	0	0	0	0	0	1	0	0	0	0	0	0	0	0	0	0	0	0	0	0	0	0	0	0	0	0	0	0	0	0	0	0	0	0	0	0	
N30	8.72855e-033	2.09601e-028	2.45307e-024	9.02053e-021	2.30913e-020	5.10862e-023	1.19158e-024	4.82506e-026	6.38954e-023	2.95379e-018	7.6668e-014	9.73271e-010	4.9022e-006	0.0066894	0.990672	0.00263264	8.67787e-007	8.30985e-011	3.29567e-015	6.58138e-020	7.48753e-025	5.28334e-030	2.47833e-035	2.03312e-039	2.5506e-043	1.34093e-045	1.18976e-049	3.64152e-052	2.27483e-056	4.10922e-059	1.75974e-063	1.89581e-066	4.73888e-071	3.12472e-074	2.92907e-079	1.18286e-082	1.94811e-088	6.15239e-093	6.2012e-099	9.83996e-104	6.01761e-110	6.71522e-115	2.88463e-121	1.48432e-125	3.26496e-129	
Nasutitermes_longipennis	0	0	0	0	0	0	0	0	0	0	0	0	0	0	1	0	0	0	0	0	0	0	0	0	0	0	0	0	0	0	0	0	0	0	0	0	0	0	0	0	0	0	0	0	0	
Tumulitermes_pastinator	0	0	0	0	0	0	0	0	0	0	0	0	0	0	1	0	0	0	0	0	0	0	0	0	0	0	0	0	0	0	0	0	0	0	0	0	0	0	0	0	0	0	0	0	0	
N31	7.92462e-025	1.34621e-021	2.2509e-018	2.72916e-015	1.69122e-014	9.25776e-016	2.36155e-017	6.61165e-019	2.71375e-016	8.63268e-013	1.56629e-009	1.42018e-006	0.000530026	0.0581972	0.920635	0.0205612	7.53563e-005	8.9008e-008	4.59817e-011	1.23852e-014	1.94989e-018	1.94783e-022	1.3254e-026	1.57701e-030	3.96941e-034	9.00499e-037	2.46689e-040	3.51685e-043	7.12624e-047	6.13982e-050	9.27898e-054	4.78455e-057	4.9803e-061	1.4848e-064	8.40838e-069	1.32625e-072	4.1094e-077	2.89486e-081	5.26771e-086	2.60868e-090	3.09626e-095	1.25261e-099	1.16595e-104	7.81551e-109	1.05738e-112	
Microcerotermes_boreus	0	0	0	0	0	0	0	0	0	0	0	0	0	0	1	0	0	0	0	0	0	0	0	0	0	0	0	0	0	0	0	0	0	0	0	0	0	0	0	0	0	0	0	0	0	
Microcerotermes_nervosus	0	0	0	0	0	0	0	0	0	0	0	0	0	0	1	0	0	0	0	0	0	0	0	0	0	0	0	0	0	0	0	0	0	0	0	0	0	0	0	0	0	0	0	0	0	
N32	5.46237e-017	1.31735e-014	1.78356e-012	6.00726e-011	2.53455e-011	1.26042e-012	1.13786e-013	9.65837e-014	4.10396e-011	1.85838e-008	4.5575e-006	0.000527057	0.0235992	0.299601	0.626322	0.0491627	0.000779011	4.20103e-006	1.00772e-008	1.26552e-011	9.28429e-015	4.51939e-018	2.04262e-021	1.34558e-023	2.66089e-026	2.71734e-028	3.70665e-031	2.1963e-033	2.03596e-036	7.19007e-039	4.3117e-042	9.19821e-045	3.30634e-048	4.14432e-051	8.57952e-055	5.65117e-058	7.18916e-062	2.53197e-065	2.00737e-069	5.12897e-073	2.71556e-077	5.71353e-081	2.62185e-085	1.27987e-088	1.29444e-091	
Macrotermes_bellicosus	0	0	0	0	0	0	0	0	0	0	0	0	0	0	1	0	0	0	0	0	0	0	0	0	0	0	0	0	0	0	0	0	0	0	0	0	0	0	0	0	0	0	0	0	0	
N33	1.40396e-020	9.21117e-018	3.15913e-015	2.70364e-013	1.21548e-013	3.09231e-015	2.62807e-016	8.19481e-017	6.14355e-014	9.20288e-011	7.4815e-008	2.85375e-005	0.00412849	0.158378	0.801362	0.0358453	0.000256391	5.66927e-007	5.29355e-010	2.50433e-013	6.76357e-017	1.14337e-020	1.41584e-024	3.34598e-027	3.51558e-030	4.03394e-032	2.8611e-035	1.95786e-037	8.99067e-041	3.8198e-043	1.06112e-046	2.86972e-049	4.35287e-053	7.30986e-056	5.71778e-060	5.0807e-063	2.29388e-067	8.28515e-071	2.51134e-075	5.12802e-079	1.06661e-083	1.5417e-087	2.35484e-092	5.00011e-096	3.85947e-099	
N34	1.57613e-027	1.0216e-023	3.24228e-020	2.98072e-017	2.24989e-017	4.37645e-019	7.82148e-021	1.05295e-022	4.60227e-020	7.14979e-016	6.18364e-012	2.5889e-008	4.25369e-005	0.0188679	0.974958	0.00612606	5.31768e-006	1.38164e-009	1.50472e-013	8.30053e-018	2.61759e-022	5.13773e-027	6.78672e-032	4.78614e-036	5.66817e-040	9.36594e-043	8.56028e-047	8.21587e-050	5.2228e-054	2.93892e-057	1.24093e-061	4.13392e-065	9.965e-070	1.9642e-073	2.11511e-078	2.17465e-082	1.02875e-087	2.93725e-092	8.24815e-098	1.27648e-102	2.17657e-108	2.3514e-113	2.69399e-119	4.72488e-124	2.66433e-128	
Microtermes_sp	0	0	0	0	0	0	0	0	0	0	0	0	0	0	1	0	0	0	0	0	0	0	0	0	0	0	0	0	0	0	0	0	0	0	0	0	0	0	0	0	0	0	0	0	0	
Protermes_sp	0	0	0	0	0	0	0	0	0	0	0	0	0	0	1	0	0	0	0	0	0	0	0	0	0	0	0	0	0	0	0	0	0	0	0	0	0	0	0	0	0	0	0	0	0	
Pseudacanthotermes_militaris	0	0	0	0	0	0	0	0	0	0	0	0	0	0	1	0	0	0	0	0	0	0	0	0	0	0	0	0	0	0	0	0	0	0	0	0	0	0	0	0	0	0	0	0	0	
Schedorhinotermes_lamanianus	0	0	0	0	0	0	0	0	0	0	0	0	1	0	0	0	0	0	0	0	0	0	0	0	0	0	0	0	0	0	0	0	0	0	0	0	0	0	0	0	0	0	0	0	0	
N35	6.94454e-010	1.80324e-008	2.91713e-007	1.17199e-006	5.0261e-007	6.65207e-008	4.44755e-008	7.24357e-007	3.38623e-005	0.0010187	0.0157322	0.112085	0.332119	0.372416	0.146083	0.0194583	0.00102599	2.53114e-005	3.34446e-007	3.37268e-009	4.44375e-011	7.01996e-012	1.59691e-013	1.90057e-014	2.43871e-016	1.65758e-017	1.21692e-019	4.91961e-021	2.12656e-023	5.14841e-025	1.36911e-027	1.95041e-029	3.36542e-032	2.79914e-034	3.26081e-037	1.65561e-039	1.32362e-042	4.6405e-045	2.58284e-048	6.99869e-051	2.79061e-054	6.46415e-057	5.49514e-060	9.17358e-062	1.8628e-063	
Coptotermes_acinaciformis	0	0	0	0	0	0	0	0	0	0	0	0	0	0	1	0	0	0	0	0	0	0	0	0	0	0	0	0	0	0	0	0	0	0	0	0	0	0	0	0	0	0	0	0	0	
N36	3.18649e-019	4.01839e-016	3.29488e-013	1.29812e-010	1.25914e-010	1.06651e-012	4.47601e-015	2.53084e-017	8.78756e-015	1.56291e-011	1.51951e-008	7.18963e-006	0.00140692	0.0866187	0.896829	0.0150907	4.76262e-005	5.21706e-008	2.60437e-011	6.95247e-015	1.10517e-018	1.3353e-022	1.58528e-026	6.25267e-030	1.21512e-033	4.47894e-037	5.72253e-041	2.21027e-042	2.68042e-042	1.32363e-043	2.0526e-045	5.22096e-047	6.12924e-049	1.1584e-050	1.03248e-052	1.60165e-054	9.41132e-056	6.7041e-056	1.09939e-056	9.5886e-058	4.18938e-060	3.745e-062	1.63959e-064	2.81197e-066	7.31635e-068	
Reticulitermes_flavipes	0	0	0	0	0	0	0	0	0	0	0	0	0	0	1	0	0	0	0	0	0	0	0	0	0	0	0	0	0	0	0	0	0	0	0	0	0	0	0	0	0	0	0	0	0	
N37	4.86025e-022	1.68084e-018	3.21131e-015	1.80365e-012	1.54058e-012	4.18235e-015	4.02492e-018	2.05412e-020	2.55541e-017	1.66411e-013	5.57936e-010	8.29753e-007	0.000443961	0.0599861	0.928571	0.0109821	1.63446e-005	6.83235e-009	1.13893e-012	9.23421e-017	4.13941e-021	1.17804e-025	4.12799e-030	7.12788e-032	2.1697e-035	4.54235e-037	7.51085e-041	1.03649e-042	9.17879e-047	8.74851e-049	4.01698e-053	2.69759e-055	6.12788e-060	2.83107e-062	2.97426e-067	8.17252e-070	3.54723e-075	1.70304e-078	5.44757e-084	1.13408e-087	2.75892e-093	3.28115e-097	6.14865e-103	8.13083e-107	1.17393e-109	
Reticulitermes_lucifugus	0	0	0	0	0	0	0	0	0	0	0	0	0	0	1	0	0	0	0	0	0	0	0	0	0	0	0	0	0	0	0	0	0	0	0	0	0	0	0	0	0	0	0	0	0	
Reticulitermes_urbis	0	0	0	0	0	0	0	0	0	0	0	0	0	0	1	0	0	0	0	0	0	0	0	0	0	0	0	0	0	0	0	0	0	0	0	0	0	0	0	0	0	0	0	0	0	
N38	6.10172e-009	2.61546e-007	1.97223e-006	5.55981e-007	8.47755e-008	1.12975e-007	1.51081e-006	7.16278e-005	0.00332185	0.0646027	0.36057	0.443106	0.119131	0.00894806	0.000241037	3.0237e-006	4.48192e-008	1.81973e-009	5.43825e-011	1.46574e-012	2.44648e-014	8.7477e-016	1.05125e-017	2.29855e-019	1.27855e-021	1.18179e-023	2.74283e-026	1.00141e-028	9.25127e-032	1.37091e-034	5.54692e-038	3.95865e-041	9.0015e-045	1.62373e-047	9.67514e-050	1.69185e-051	1.10099e-053	1.77215e-055	9.92746e-058	1.29617e-059	5.99417e-062	7.39293e-064	4.01459e-066	1.07694e-067	4.35538e-069	
N39	1.63026e-011	1.69881e-009	2.00941e-008	3.85235e-009	3.29794e-010	3.39789e-010	3.71638e-008	8.34667e-006	0.000898991	0.032383	0.292776	0.515187	0.151265	0.00737854	0.000102657	7.56804e-007	3.20805e-009	8.62219e-012	2.02474e-014	6.08084e-017	1.17427e-019	1.13323e-021	1.59323e-024	1.58055e-026	1.08541e-029	5.79976e-032	1.83812e-035	5.06324e-038	7.91173e-042	1.06116e-044	9.56684e-049	6.51548e-052	3.73535e-056	1.43729e-059	5.48005e-064	1.29789e-067	3.35938e-072	5.43494e-076	9.85403e-081	1.27767e-084	1.88365e-089	2.75581e-093	1.24759e-097	1.07283e-100	9.21476e-104	
N40	1.14785e-011	2.20188e-010	7.11782e-010	7.38516e-010	2.14427e-009	3.92194e-008	1.64481e-006	0.000120207	0.00583409	0.0859407	0.372202	0.421683	0.103885	0.00893377	0.00121675	0.000170814	1.12897e-005	3.5592e-007	5.78037e-009	6.57225e-011	1.12093e-012	2.68657e-013	6.51039e-015	6.82769e-016	6.65087e-018	2.49603e-019	1.01693e-021	1.62271e-023	2.78618e-026	2.04061e-028	1.59453e-031	5.0173e-034	2.1205e-037	3.06247e-040	7.50889e-044	6.68652e-047	1.00456e-050	6.60731e-054	6.46636e-058	3.40796e-061	2.30115e-065	1.10708e-068	6.50191e-072	2.60245e-074	8.85989e-077	
Bifiditermes_improbus	0	0	0	0	0	0	0	0	0	0	0	1	0	0	0	0	0	0	0	0	0	0	0	0	0	0	0	0	0	0	0	0	0	0	0	0	0	0	0	0	0	0	0	0	0	
N41	7.90209e-012	6.78464e-011	1.61315e-010	1.61396e-009	6.81848e-008	1.17888e-006	1.10907e-005	0.000260478	0.013133	0.126536	0.379434	0.365627	0.0996903	0.00999692	0.00299544	0.00176299	0.000479137	6.52909e-005	4.93789e-006	7.46609e-007	2.22188e-007	8.34773e-007	1.24759e-007	1.43225e-007	4.36243e-009	1.09988e-009	8.92675e-012	8.60508e-013	2.43653e-015	1.00139e-016	1.22629e-019	1.91118e-021	1.31379e-024	8.67597e-027	3.71306e-030	1.3227e-032	3.6662e-036	8.52064e-039	1.57375e-042	2.70194e-045	3.43107e-049	4.87778e-052	6.89837e-055	1.62945e-056	3.2557e-058	
Incisitermes_sp	0	0	0	0	0	0	0	0	0	0	0	0	0	0	1	0	0	0	0	0	0	0	0	0	0	0	0	0	0	0	0	0	0	0	0	0	0	0	0	0	0	0	0	0	0	
Neotermes_insularis	0	0	0	0	0	0	0	0	0	0	0	0	0	0	0	0	0	0	0	0	0	0	0	1	0	0	0	0	0	0	0	0	0	0	0	0	0	0	0	0	0	0	0	0	0	
N42	1.01809e-012	9.20613e-011	1.2984e-009	7.17719e-010	1.8544e-010	4.77939e-010	1.69406e-008	3.25069e-006	0.000397971	0.0179454	0.215481	0.52901	0.222532	0.0144453	0.000183699	7.46108e-007	1.30802e-009	1.21665e-012	7.96707e-016	1.88688e-017	4.5475e-020	2.51154e-021	2.75293e-024	8.32801e-026	3.81784e-029	6.61167e-031	1.24615e-034	1.15515e-036	1.0846e-040	5.84638e-043	9.56097e-047	1.01107e-048	2.93494e-052	1.92898e-054	4.17435e-058	1.73684e-060	2.81182e-064	8.80414e-067	1.11664e-070	2.73754e-073	2.78821e-077	5.81844e-080	1.51782e-082	7.67246e-084	3.21442e-085	
N43	2.55874e-012	1.05515e-010	1.53021e-009	9.44444e-008	9.31358e-007	2.87015e-006	4.46043e-006	4.94229e-005	0.00359042	0.0519396	0.246553	0.416461	0.238715	0.0414481	0.00122747	7.87036e-006	2.02823e-008	2.6724e-011	2.05852e-014	1.0935e-017	5.38489e-021	1.74529e-023	2.5036e-026	1.11958e-028	1.14957e-031	2.98578e-034	2.08108e-037	3.15469e-040	1.38287e-043	1.21843e-046	3.20546e-050	1.60306e-053	2.62808e-057	8.19472e-061	8.64146e-065	1.96276e-068	1.40348e-072	2.57117e-076	1.30392e-080	2.02728e-084	7.63932e-089	1.14035e-092	1.54984e-096	1.06735e-099	6.98241e-103	
N44	1.66162e-016	2.64025e-013	3.41191e-010	1.57187e-007	1.81394e-007	1.36792e-008	4.3633e-010	1.41444e-010	4.24237e-008	1.00526e-005	0.000839678	0.025387	0.257573	0.652514	0.0634264	0.000249085	2.96613e-007	1.51306e-009	4.49967e-012	1.01308e-013	1.33563e-016	1.31932e-018	7.35169e-022	3.5252e-024	7.20213e-028	1.48358e-030	1.59263e-034	1.51945e-037	9.97232e-042	4.86721e-045	2.07799e-049	5.88336e-053	1.66986e-057	3.15832e-061	6.05255e-066	8.53894e-070	1.12939e-074	1.28077e-078	1.20318e-083	1.20185e-087	1.67836e-092	1.36993e-095	6.16385e-099	7.42534e-102	6.74191e-105	
Cryptotermes_austrinus	0	0	0	0	0	0	0	0	0	0	0	0	0	1	0	0	0	0	0	0	0	0	0	0	0	0	0	0	0	0	0	0	0	0	0	0	0	0	0	0	0	0	0	0	0	
Cryptotermes_queenslandis	0	0	0	0	0	0	0	0	0	0	0	0	0	0	1	0	0	0	0	0	0	0	0	0	0	0	0	0	0	0	0	0	0	0	0	0	0	0	0	0	0	0	0	0	0	
Cryptotermes_primus	0	0	0	0	0	0	0	0	1	0	0	0	0	0	0	0	0	0	0	0	0	0	0	0	0	0	0	0	0	0	0	0	0	0	0	0	0	0	0	0	0	0	0	0	0	
N45	1.76187e-014	2.53017e-012	7.88941e-011	3.70093e-010	1.45771e-009	4.47636e-009	4.78304e-008	1.77377e-006	0.000124589	0.00588038	0.0941177	0.455428	0.392767	0.0506157	0.00105924	5.22818e-006	7.68358e-009	4.48936e-012	1.87098e-015	4.05518e-017	6.67614e-020	1.41289e-021	2.63029e-024	8.38479e-024	1.17341e-024	2.31571e-024	7.46751e-026	5.92345e-026	9.23381e-028	3.57173e-028	3.76955e-030	6.74151e-031	5.33459e-033	5.34268e-034	3.20253e-036	2.22522e-037	1.00886e-039	5.63951e-041	1.95274e-043	9.53297e-045	2.59389e-047	1.58482e-048	5.84371e-049	6.74632e-049	6.23667e-049	
N46	6.42659e-015	8.77264e-013	5.2216e-011	5.24413e-010	1.65429e-009	4.3202e-009	3.37138e-008	2.01405e-006	0.000165059	0.00638972	0.0908189	0.449503	0.400677	0.0514948	0.000945582	3.4849e-006	3.42799e-009	1.18194e-012	1.91085e-016	2.80457e-019	1.17085e-022	7.33461e-025	1.41813e-028	7.41534e-030	1.105e-031	8.5685e-031	1.02053e-032	3.96704e-032	1.64134e-034	4.0047e-034	9.40527e-037	1.2625e-036	2.15077e-039	1.5177e-039	2.1001e-042	7.85199e-043	9.26784e-046	1.85838e-046	1.90248e-049	2.12094e-050	1.8725e-053	1.3529e-054	1.36946e-057	1.68651e-057	5.80255e-057	
Cryptotermes_brevis	0	0	0	0	0	0	0	0	0	0	0	1	0	0	0	0	0	0	0	0	0	0	0	0	0	0	0	0	0	0	0	0	0	0	0	0	0	0	0	0	0	0	0	0	0	
N47	5.01637e-015	4.25149e-013	4.09642e-011	6.39371e-010	2.38915e-009	5.95327e-009	4.74572e-008	4.30675e-006	0.000283518	0.00749598	0.0858661	0.426182	0.416177	0.0625147	0.00146834	7.97073e-006	1.35519e-008	8.89735e-012	2.63989e-015	1.31943e-017	2.29167e-020	6.54286e-021	8.82209e-024	1.39001e-024	8.59805e-028	7.80053e-029	1.50951e-032	8.12527e-034	4.49636e-038	1.20984e-039	2.81763e-044	2.66198e-046	3.84496e-051	1.20217e-053	1.23876e-058	1.48086e-061	1.12635e-066	6.25067e-070	3.47745e-075	1.10418e-078	4.39239e-084	9.67866e-088	8.71713e-092	1.73478e-093	2.55565e-095	
N48	1.34807e-013	6.07404e-012	1.86617e-010	2.71334e-008	5.84465e-006	0.000509662	0.00600108	0.0246199	0.0374217	0.0240009	0.0902643	0.307839	0.34939	0.136109	0.0221189	0.00165935	5.81756e-005	8.6669e-007	4.04909e-009	8.97687e-012	1.36334e-014	2.91336e-016	2.06011e-018	9.3203e-020	4.28948e-022	1.02729e-023	3.10465e-026	4.04487e-028	7.01484e-031	5.05315e-033	4.15133e-036	1.45893e-038	6.73935e-042	1.08883e-044	3.11816e-048	3.09661e-051	5.67154e-055	4.31848e-058	5.35752e-062	3.42096e-065	3.02559e-069	1.76104e-072	7.83697e-076	3.74383e-078	1.64637e-080	
Cryptotermes_domesticus	0	0	0	0	0	0	0	0	1	0	0	0	0	0	0	0	0	0	0	0	0	0	0	0	0	0	0	0	0	0	0	0	0	0	0	0	0	0	0	0	0	0	0	0	0	
Procryptotermes_australiensis	0	0	0	0	0	0	0	0	0	0	0	0	0	0	0	0	0	1	0	0	0	0	0	0	0	0	0	0	0	0	0	0	0	0	0	0	0	0	0	0	0	0	0	0	0	
N49	8.47687e-015	9.40386e-013	8.10917e-011	2.1368e-009	5.31323e-009	4.54891e-009	8.80833e-009	5.25427e-007	4.61446e-005	0.00198984	0.0377361	0.27711	0.489486	0.180864	0.0125131	0.000252463	2.01706e-006	7.9332e-009	2.10605e-011	1.33488e-012	1.63327e-014	2.32896e-015	1.50315e-017	1.20304e-018	3.83403e-021	1.80546e-022	3.15339e-025	9.08333e-027	9.483e-030	1.66784e-031	9.57808e-035	7.52319e-037	2.76947e-040	9.53431e-043	2.35591e-046	4.73132e-049	7.82925e-053	1.15407e-055	1.3055e-059	1.58224e-062	1.27464e-066	1.52625e-069	4.48038e-072	9.00789e-074	1.4793e-075	
Cryptotermes_dudleyi	0	0	0	0	0	0	0	0	0	0	0	0	0	1	0	0	0	0	0	0	0	0	0	0	0	0	0	0	0	0	0	0	0	0	0	0	0	0	0	0	0	0	0	0	0	
Cryptotermes_secundus	0	0	0	0	0	0	0	0	0	0	0	0	0	1	0	0	0	0	0	0	0	0	0	0	0	0	0	0	0	0	0	0	0	0	0	0	0	0	0	0	0	0	0	0	0	
Cryptotermes_cynocephalus	0	0	0	0	0	0	0	0	0	0	0	0	0	0	0	1	0	0	0	0	0	0	0	0	0	0	0	0	0	0	0	0	0	0	0	0	0	0	0	0	0	0	0	0	0	
N50	6.31806e-009	2.51e-007	1.78643e-006	5.4306e-007	8.88609e-008	1.16982e-007	1.52888e-006	7.12016e-005	0.00329717	0.064297	0.359783	0.443031	0.120076	0.00918378	0.000253684	3.26807e-006	5.12238e-008	2.24769e-009	7.27092e-011	3.83392e-010	7.45657e-012	1.42336e-009	1.34679e-011	1.4842e-009	5.5448e-012	3.15588e-010	4.15005e-013	1.01263e-011	4.51309e-015	3.83471e-014	6.97682e-018	1.79343e-017	1.7771e-021	1.50819e-021	9.6446e-026	3.39166e-026	1.53344e-030	2.74366e-031	9.24895e-036	8.90199e-037	2.32614e-041	1.40298e-042	2.91109e-047	1.97364e-047	6.63729e-047	
N51	2.46016e-014	3.99069e-012	6.81519e-010	6.20424e-008	1.24604e-007	8.70093e-009	2.63819e-010	2.80108e-011	3.12068e-009	5.35106e-007	4.97653e-005	0.00227586	0.0458403	0.337126	0.582016	0.0322484	0.000439891	2.43438e-006	7.00157e-009	1.88271e-011	5.49461e-014	4.10876e-016	1.20153e-018	5.50908e-021	9.87857e-024	2.47111e-026	2.69402e-029	3.82284e-032	2.51042e-035	2.11126e-038	8.55104e-042	4.67815e-045	1.22342e-048	4.8289e-052	8.60113e-056	2.65904e-059	3.36933e-063	8.58189e-067	7.99234e-071	1.73018e-074	1.30209e-078	3.33236e-082	1.15237e-085	8.47079e-089	5.74864e-092	
Glyptotermes_brevicornis	0	0	0	0	0	0	0	0	0	0	0	0	0	0	1	0	0	0	0	0	0	0	0	0	0	0	0	0	0	0	0	0	0	0	0	0	0	0	0	0	0	0	0	0	0	
Glyptotermes_iridipennis	0	0	0	0	0	0	0	0	0	0	0	0	0	0	1	0	0	0	0	0	0	0	0	0	0	0	0	0	0	0	0	0	0	0	0	0	0	0	0	0	0	0	0	0	0	
Kalotermes_flavicollis	0	0	0	0	0	0	0	0	0	0	0	0	0	0	0	0	0	0	0	0	0	0	0	0	0	0	0	1	0	0	0	0	0	0	0	0	0	0	0	0	0	0	0	0	0	
N52	3.92686e-006	2.50662e-006	9.31244e-006	5.7516e-005	0.0013604	0.0344167	0.35258	0.390932	0.160984	0.0293021	0.0026241	0.00209458	0.0050513	0.00763594	0.00711191	0.00408682	0.00142289	0.000290307	3.20831e-005	1.72629e-006	3.34839e-008	4.74287e-010	4.87977e-012	6.24369e-014	4.45757e-016	3.59248e-018	1.5479e-020	7.66718e-023	2.13395e-025	7.03367e-028	1.34813e-030	3.12504e-033	4.28324e-036	7.21456e-039	7.19881e-042	9.0262e-045	6.6335e-048	6.37789e-051	3.50417e-054	2.67736e-057	1.13368e-060	7.51231e-064	3.55714e-067	4.04205e-070	6.10247e-073	
Stolotermes_sp	0	0	0	0	0	0	0	0	0	1	0	0	0	0	0	0	0	0	0	0	0	0	0	0	0	0	0	0	0	0	0	0	0	0	0	0	0	0	0	0	0	0	0	0	0	
N53	2.9761e-010	2.70596e-011	7.89978e-010	1.04633e-007	1.54586e-005	0.00125307	0.0257453	0.00410903	0.000173088	2.96914e-006	2.34214e-008	1.26457e-009	4.17915e-008	1.49273e-006	3.17814e-005	0.000394356	0.00273103	0.0177759	0.0783106	0.757468	0.0942931	0.0174195	0.000264393	1.0999e-005	5.12376e-008	7.71793e-010	1.50281e-012	9.75428e-015	9.68379e-018	3.1933e-020	1.82614e-023	3.50386e-026	1.24731e-029	1.54638e-032	3.61261e-036	3.13667e-039	5.0031e-043	3.25892e-046	3.66502e-050	1.90307e-053	1.803e-057	1.68773e-060	1.36608e-063	4.60561e-066	1.29925e-068	
Zootermopsis_angusticollis	0	0	0	0	0	0	0	0	0	0	0	0	0	0	0	0	0	0	0	1	0	0	0	0	0	0	0	0	0	0	0	0	0	0	0	0	0	0	0	0	0	0	0	0	0	
Zootermopsis_nevadensis	0	0	0	0	0	0	0	0	0	0	0	0	0	0	0	0	0	0	0	1	0	0	0	0	0	0	0	0	0	0	0	0	0	0	0	0	0	0	0	0	0	0	0	0	0	
Porotermes_adamsoni	0	0	0	0	0	0	0	0	0	0	0	0	0	1	0	0	0	0	0	0	0	0	0	0	0	0	0	0	0	0	0	0	0	0	0	0	0	0	0	0	0	0	0	0	0	
Mastotermes_darwiniensis	0	0	0	0	0	0	0	0	0	0	0	0	0	0	0	0	0	0	0	0	0	0	0	0	0	0	0	0	0	0	0	0	0	0	0	0	0	0	0	0	0	0	1	0	0	
N54	0.00696463	0.0314967	0.128645	0.30097	0.338631	0.159884	0.0302358	0.00289428	0.000227696	3.87736e-005	9.91525e-006	2.00378e-006	2.89717e-007	3.1602e-008	2.59222e-009	1.94199e-010	1.11471e-011	6.47495e-013	2.29309e-014	7.76986e-016	1.48226e-017	2.7902e-019	3.02434e-021	3.41771e-023	2.27447e-025	1.68234e-027	7.34566e-030	3.83417e-032	1.16429e-034	4.59315e-037	1.02443e-039	3.23225e-042	5.66923e-045	1.53267e-047	2.26387e-050	5.371e-053	7.26122e-056	1.64276e-058	2.02327e-061	4.11024e-064	5.23209e-067	1.21085e-069	2.25551e-072	7.09578e-075	2.50774e-077	
N55	0.0128854	0.0738368	0.284705	0.403332	0.189305	0.0333284	0.00250984	9.46374e-005	2.26433e-006	5.24989e-008	1.45113e-009	3.61527e-011	6.66814e-013	8.98021e-015	8.99247e-017	7.07286e-019	4.37727e-021	2.20173e-023	8.47964e-026	2.56833e-028	5.82854e-031	1.04994e-033	1.42663e-036	1.6943e-039	1.52711e-042	2.08641e-045	2.14289e-048	8.12002e-051	1.00883e-053	4.03984e-056	4.20465e-059	1.3527e-061	1.14768e-064	2.9814e-067	2.0795e-070	4.44225e-073	2.63913e-076	4.83635e-079	2.44972e-082	3.80288e-085	1.68543e-088	2.30079e-091	9.23935e-095	1.25843e-097	1.55721e-100	
Cryptocercus_primarius	0	0	0	1	0	0	0	0	0	0	0	0	0	0	0	0	0	0	0	0	0	0	0	0	0	0	0	0	0	0	0	0	0	0	0	0	0	0	0	0	0	0	0	0	0	
Cryptocercus_relictus	0	0	1	0	0	0	0	0	0	0	0	0	0	0	0	0	0	0	0	0	0	0	0	0	0	0	0	0	0	0	0	0	0	0	0	0	0	0	0	0	0	0	0	0	0	
Cryptocercus_punctulatus	0	0	0	0	0	0	0	0	0	0	0	0	0	0	0	0	0	1	0	0	0	0	0	0	0	0	0	0	0	0	0	0	0	0	0	0	0	0	0	0	0	0	0	0	0	
N56	0.00530824	0.0178528	0.0589593	0.146221	0.260472	0.288964	0.166946	0.0475977	0.00705377	0.000593212	3.07488e-005	1.31682e-006	4.85951e-008	1.26667e-008	7.74897e-010	3.05371e-010	1.33159e-011	3.493e-012	9.20299e-014	1.38114e-014	2.21244e-016	1.81092e-017	1.8583e-019	8.82854e-021	6.00648e-023	1.85314e-024	8.53849e-027	1.89722e-028	6.26345e-031	1.39367e-032	3.59035e-035	7.25821e-037	3.96823e-039	3.24163e-040	7.67342e-043	1.78607e-044	1.17855e-046	8.26584e-048	1.48506e-050	2.43441e-052	1.16356e-054	6.10186e-056	9.36238e-059	1.65304e-060	6.42728e-062	
N57	4.71116e-005	0.000222466	0.000786822	0.00452575	0.0417259	0.207082	0.384851	0.265514	0.0772377	0.01298	0.00331944	0.00132051	0.000322941	5.88381e-005	5.71818e-006	4.81261e-007	1.76816e-008	5.57223e-010	7.68536e-012	9.8404e-014	5.8995e-016	3.6246e-018	1.08612e-020	3.68616e-023	6.17347e-026	1.30622e-028	1.33138e-031	1.91949e-034	1.30968e-037	1.46831e-040	7.3676e-044	6.7213e-047	2.98535e-050	2.70125e-053	1.03222e-056	7.23272e-060	2.5774e-063	1.71589e-066	4.69959e-070	2.21122e-073	5.46848e-077	2.55658e-080	6.4787e-084	3.43537e-087	2.03558e-090	
N58	1.16275e-006	4.33591e-006	7.23933e-005	0.00218561	0.0465163	0.329217	0.456679	0.139582	0.0153331	0.00262813	0.00262638	0.00285916	0.00167063	0.000518472	8.7527e-005	1.57013e-005	1.81782e-006	8.42063e-007	4.25084e-008	6.70107e-009	1.00282e-010	5.15702e-012	2.88496e-014	5.94024e-016	1.52329e-018	1.45556e-020	1.9602e-023	9.66621e-026	7.52573e-029	2.15701e-031	1.03808e-034	1.89082e-037	5.93801e-041	7.74576e-044	1.68105e-047	1.643e-050	2.90644e-054	4.17703e-057	5.91936e-061	6.89679e-064	2.38423e-067	7.27387e-070	1.55991e-073	4.05806e-076	1.21737e-078	
N59	7.82478e-007	3.42791e-006	4.49348e-005	0.00179785	0.0443268	0.32878	0.456791	0.141802	0.0155033	0.00306417	0.00280489	0.00286501	0.00162953	0.000491332	8.18966e-005	1.18219e-005	1.379e-006	2.87615e-007	1.22614e-008	7.15443e-010	8.05875e-012	1.21471e-013	5.14042e-016	2.62983e-018	5.07574e-021	1.7825e-023	1.81044e-026	3.70306e-028	3.0504e-031	1.05083e-032	6.02415e-036	1.4121e-037	5.74871e-041	9.03114e-043	2.7329e-046	2.96903e-048	8.03833e-052	8.92125e-054	2.06561e-057	2.05012e-059	7.85162e-063	1.22109e-064	2.11063e-068	1.54393e-070	6.22673e-073	
Blatta_orientalis	0	0	0	0	0	0	0	0	0	0	0	0	0	0	0	0	0	1	0	0	0	0	0	0	0	0	0	0	0	0	0	0	0	0	0	0	0	0	0	0	0	0	0	0	0	
N60	6.49751e-007	4.78614e-007	2.23745e-007	4.34341e-006	0.000413427	0.0175306	0.219928	0.59351	0.157209	0.0108512	0.000530414	2.1587e-005	4.49808e-007	4.65277e-009	2.69738e-011	1.03914e-013	2.93746e-016	6.00119e-019	7.35102e-022	5.78773e-025	2.87096e-028	9.38934e-032	2.08001e-035	3.3895e-039	3.97836e-043	4.47131e-047	4.22494e-051	1.65382e-054	3.65358e-058	2.68698e-061	5.22285e-065	2.82733e-068	4.06401e-072	1.58196e-075	1.70029e-079	5.00426e-083	4.34968e-087	1.07433e-090	8.00722e-095	1.7485e-098	1.19406e-102	2.23448e-106	1.19921e-110	1.80077e-114	2.19758e-118	
N61	6.17695e-008	1.56005e-007	3.33002e-007	1.84883e-006	1.79103e-005	0.00144453	0.0575428	0.498039	0.375231	0.064612	0.00308552	2.52146e-005	8.84921e-008	3.59831e-010	1.48199e-012	6.17237e-014	1.67328e-016	3.76252e-018	4.2976e-021	4.79999e-023	2.47997e-026	1.25104e-028	3.36371e-032	6.09495e-035	9.9412e-039	1.02303e-041	1.08957e-045	8.39517e-049	6.56687e-053	4.35579e-056	2.82307e-060	1.57787e-063	9.19221e-068	7.32477e-071	3.47316e-075	3.61069e-078	8.27232e-082	2.76374e-084	1.04665e-088	9.25005e-092	1.69724e-095	4.0892e-098	1.43229e-102	1.38532e-105	2.19749e-108	
Periplaneta_americana	0	0	0	0	0	0	0	0	0	0	1	0	0	0	0	0	0	0	0	0	0	0	0	0	0	0	0	0	0	0	0	0	0	0	0	0	0	0	0	0	0	0	0	0	0	
Periplaneta_brunnea	0	0	0	0	0	0	0	1	0	0	0	0	0	0	0	0	0	0	0	0	0	0	0	0	0	0	0	0	0	0	0	0	0	0	0	0	0	0	0	0	0	0	0	0	0	
N62	5.06659e-008	5.70452e-009	1.80472e-009	2.44671e-007	5.61967e-005	0.00539437	0.154732	0.750389	0.0875581	0.00185582	1.42298e-005	5.67502e-008	1.30055e-010	1.7331e-013	1.39304e-016	1.47506e-019	1.64079e-022	1.55189e-024	1.39012e-027	8.33876e-030	3.79228e-033	1.23569e-035	3.04568e-039	4.94492e-042	7.71439e-046	7.02811e-049	7.7832e-053	5.34267e-056	4.66674e-060	2.67509e-063	1.87759e-067	7.9456e-071	4.29389e-075	1.31244e-078	5.32638e-083	1.25405e-086	4.18149e-091	1.55781e-094	4.38483e-099	2.08341e-102	2.45122e-106	3.27416e-109	1.54052e-113	1.59524e-116	1.81667e-119	
Periplaneta_australasiae	0	0	0	0	0	0	0	1	0	0	0	0	0	0	0	0	0	0	0	0	0	0	0	0	0	0	0	0	0	0	0	0	0	0	0	0	0	0	0	0	0	0	0	0	0	
Periplaneta_fuliginosa	0	0	0	0	0	0	0	1	0	0	0	0	0	0	0	0	0	0	0	0	0	0	0	0	0	0	0	0	0	0	0	0	0	0	0	0	0	0	0	0	0	0	0	0	0	
Deropeltis_erythrocephala	0	0	0	0	0	0	0	0	0	0	0	0	0	0	0	0	0	0	1	0	0	0	0	0	0	0	0	0	0	0	0	0	0	0	0	0	0	0	0	0	0	0	0	0	0	
N63	3.03699e-005	0.000135063	0.000426546	0.00173879	0.0138978	0.089599	0.268986	0.349158	0.204897	0.0586963	0.0100668	0.00196489	0.00031405	8.36001e-005	5.01663e-006	1.3219e-006	2.96106e-008	5.25306e-009	5.39842e-011	4.57884e-012	2.55723e-014	1.03305e-015	3.47888e-018	7.72227e-020	1.68274e-022	2.48051e-024	3.93108e-027	5.41679e-029	8.56869e-032	1.64931e-033	2.42966e-036	3.86481e-038	5.844e-041	1.20057e-042	1.01422e-045	9.65222e-048	1.38684e-050	3.47097e-052	1.68828e-055	9.13256e-058	1.21212e-060	2.90649e-062	1.04923e-065	5.05762e-068	6.09821e-070	
N64	1.23245e-005	3.79534e-005	0.000113001	0.000807034	0.00139357	0.0011941	0.00678421	0.137179	0.360095	0.334168	0.133222	0.0234257	0.00155365	1.50842e-005	6.77605e-008	3.11779e-010	9.74876e-013	4.28873e-015	8.38884e-018	2.11854e-020	2.35552e-023	3.42244e-026	2.28942e-029	2.07857e-032	8.85495e-036	5.44151e-039	1.55106e-042	6.92855e-046	1.38515e-049	4.79786e-053	7.05115e-057	1.9894e-060	2.29144e-064	5.74298e-068	5.57207e-072	1.28966e-075	1.31574e-079	3.89524e-083	3.74014e-087	9.40039e-091	1.11197e-094	3.52097e-098	5.16553e-102	1.93194e-105	7.37196e-109	
Eurycotis_floridana	0	0	0	0	0	0	0	1	0	0	0	0	0	0	0	0	0	0	0	0	0	0	0	0	0	0	0	0	0	0	0	0	0	0	0	0	0	0	0	0	0	0	0	0	0	
Pelmatosilpha_sp	0	0	0	0	0	0	0	0	0	0	0	0	1	0	0	0	0	0	0	0	0	0	0	0	0	0	0	0	0	0	0	0	0	0	0	0	0	0	0	0	0	0	0	0	0	
Periplaneta_japonica	0	0	0	0	0	0	0	0	0	0	1	0	0	0	0	0	0	0	0	0	0	0	0	0	0	0	0	0	0	0	0	0	0	0	0	0	0	0	0	0	0	0	0	0	0	
Lamproblatta_albipalpus	0	0	1	0	0	0	0	0	0	0	0	0	0	0	0	0	0	0	0	0	0	0	0	0	0	0	0	0	0	0	0	0	0	0	0	0	0	0	0	0	0	0	0	0	0	
N65	0.00170489	0.00422775	0.0138537	0.0522585	0.172126	0.337351	0.297425	0.105341	0.0147552	0.000928341	2.76437e-005	1.41371e-006	2.85805e-008	1.59493e-009	1.39356e-011	3.25665e-013	1.21776e-015	1.23369e-017	2.11903e-020	9.52249e-023	8.10104e-026	1.7757e-028	7.9313e-032	9.95254e-035	2.51584e-038	2.2748e-041	3.56095e-045	2.49061e-048	4.32588e-052	7.00806e-055	8.45236e-059	5.64938e-062	1.15611e-065	1.59916e-068	1.26469e-072	5.1877e-076	6.6274e-080	5.86291e-083	3.06837e-087	7.71224e-091	6.01475e-095	3.50317e-098	1.33556e-102	2.85947e-106	8.72557e-110	
N66	0.00185586	0.0047096	0.0137953	0.0461847	0.149084	0.310452	0.312105	0.134875	0.0247769	0.00207356	8.32786e-005	3.54131e-006	7.77687e-008	2.21799e-008	2.80607e-010	6.10874e-011	3.55502e-013	3.7174e-014	1.06125e-016	5.13798e-018	7.90924e-021	1.78215e-022	1.60869e-025	1.78155e-027	1.00471e-030	6.22641e-033	2.28475e-036	8.65377e-039	2.35778e-042	1.27115e-044	2.49195e-048	7.48116e-051	4.00396e-054	7.03756e-056	8.00973e-060	1.78186e-062	9.81338e-066	1.32373e-067	1.00852e-071	1.30996e-074	4.35669e-078	4.07893e-080	2.28638e-084	2.76283e-087	1.05749e-089	
N67	0.00206385	0.00556963	0.0132193	0.0343622	0.110113	0.258345	0.320485	0.191689	0.0553457	0.00812563	0.000630247	4.82822e-005	2.45028e-006	1.09831e-006	4.61432e-008	1.5906e-008	3.69674e-010	6.85686e-011	8.51627e-013	7.8576e-014	5.3768e-016	2.45404e-017	9.83042e-020	2.36813e-021	5.85355e-024	8.37961e-026	1.32422e-028	1.24174e-030	1.41114e-033	1.72774e-035	1.44617e-038	1.25674e-040	2.90427e-043	1.07886e-044	6.54502e-048	4.52536e-050	8.48145e-053	2.27029e-054	9.57886e-058	4.10553e-060	4.85137e-063	9.16994e-065	2.98684e-068	1.26659e-070	1.2588e-072	
N68	6.69421e-005	0.0011716	0.00434734	0.00477357	0.00511173	0.0117057	0.0644395	0.201371	0.314306	0.253056	0.104307	0.0271697	0.00508545	0.0021327	0.000635645	0.000278623	3.58442e-005	4.7312e-006	1.63322e-007	5.92864e-009	6.27265e-011	8.00835e-013	3.2691e-015	1.86559e-017	3.52889e-020	1.09148e-022	1.09138e-025	2.09563e-028	1.2862e-031	1.98513e-034	8.70461e-038	1.09942e-040	5.31446e-044	8.83146e-047	3.03677e-050	2.83184e-053	1.03563e-056	1.12848e-059	2.48289e-063	1.38252e-066	3.09108e-070	2.12987e-073	3.69939e-077	2.06313e-080	1.38915e-083	
N69	6.44215e-006	0.000109226	0.000427142	0.000961	0.00137337	0.00214534	0.0161351	0.104042	0.296008	0.346512	0.169922	0.0450855	0.00743003	0.00509279	0.00129663	0.00276557	0.000269988	0.00040224	1.10742e-005	5.37892e-006	4.57985e-008	6.64169e-009	2.0845e-011	1.07853e-012	1.50972e-015	3.52173e-017	2.58914e-020	3.25703e-022	1.47516e-025	1.31855e-027	4.02481e-031	2.55093e-033	7.77172e-037	8.79222e-039	1.60787e-042	7.39993e-045	2.40151e-048	3.61243e-050	3.60909e-054	7.32039e-057	2.38872e-060	3.31696e-062	2.0126e-066	3.33849e-069	2.0337e-071	
N70	2.00816e-006	1.87311e-005	0.000109953	0.000305429	0.000428283	0.000799241	0.00671969	0.0689103	0.282051	0.386481	0.19174	0.0419192	0.00710116	0.00407135	0.00254682	0.00229056	0.00178511	0.00129409	0.000451305	0.000627892	0.000141908	0.000181844	1.54706e-005	7.34171e-006	2.3747e-007	4.31418e-008	5.90137e-010	4.51308e-011	2.99665e-013	1.1235e-014	3.97532e-017	7.79857e-019	1.82695e-021	2.8935e-023	4.15316e-026	2.96407e-028	3.05773e-031	2.42227e-033	1.7303e-036	5.54042e-039	2.66105e-042	1.07022e-044	5.52706e-048	4.82188e-050	7.88612e-052	
N71	1.26306e-007	2.19205e-006	2.03393e-005	0.000149094	0.000389274	0.00040848	0.000903533	0.00867198	0.0740233	0.291098	0.38123	0.18673	0.0413529	0.00660963	0.00170503	0.0016792	0.0019936	0.00157895	0.000800895	0.000454413	0.00014928	4.53378e-005	5.13594e-006	5.10248e-007	1.88991e-008	5.371e-010	6.5822e-012	5.9658e-014	2.6352e-016	1.1373e-018	2.16214e-021	7.89827e-024	9.39032e-027	6.37965e-029	8.55941e-032	7.48808e-034	8.98879e-037	6.25482e-039	5.13967e-042	2.34628e-044	1.48985e-047	5.67172e-050	7.19035e-053	5.58962e-055	4.06317e-057	
N72	9.17767e-009	2.92495e-007	7.42495e-006	6.51604e-005	0.000120265	0.000106023	0.000557774	0.00353862	0.0112935	0.044237	0.191403	0.372855	0.278721	0.079263	0.0109848	0.00336841	0.00212625	0.00102625	0.000272258	4.85581e-005	4.84369e-006	2.91387e-007	8.62905e-009	1.65523e-010	1.5441e-012	9.10586e-015	3.00655e-017	6.33034e-020	8.45394e-023	8.06789e-026	5.21911e-029	3.1765e-032	1.17942e-035	1.06396e-038	2.90589e-042	6.29036e-045	2.43474e-048	1.80481e-050	1.2182e-053	1.07027e-055	9.39231e-059	1.10835e-060	1.03297e-062	1.23157e-064	1.09173e-066	
N73	2.01112e-010	1.98178e-008	9.7171e-007	6.2097e-006	4.36691e-006	3.39271e-006	1.32771e-005	7.00251e-005	0.000697667	0.00940647	0.0888163	0.337503	0.402605	0.139629	0.0185516	0.00231344	0.000343061	3.34105e-005	3.00937e-006	2.74433e-007	1.46013e-008	3.86675e-010	4.82041e-012	3.08001e-014	1.02933e-016	1.97804e-019	2.20324e-022	3.25262e-025	2.59173e-028	1.22588e-030	7.06348e-034	2.19453e-036	7.54118e-040	1.34175e-042	2.98835e-046	3.71117e-049	7.54194e-053	1.33094e-055	3.64659e-059	7.59857e-062	1.78771e-065	2.90242e-068	7.47325e-072	1.28319e-074	1.52019e-077	
N74	1.2323e-010	1.03205e-008	3.86346e-007	1.63225e-006	1.9015e-006	2.68289e-006	1.40656e-005	4.67383e-005	0.000167846	0.00290559	0.0444937	0.262277	0.44853	0.204676	0.0334316	0.00316265	0.000272017	1.57537e-005	6.92128e-007	2.63835e-008	5.31069e-010	6.20112e-012	2.76419e-014	2.46285e-016	3.34082e-019	1.31729e-020	1.14307e-023	4.0593e-025	2.17747e-028	5.00472e-030	2.48689e-033	6.45491e-035	4.69862e-038	9.59585e-040	5.29105e-043	6.28178e-045	2.53032e-048	2.7934e-050	1.00549e-053	1.36106e-055	4.2311e-059	5.093e-061	1.52473e-064	2.21746e-066	2.06894e-068	
Archimandrita_tessellata	0	0	0	0	0	0	0	0	0	0	0	0	0	0	0	0	1	0	0	0	0	0	0	0	0	0	0	0	0	0	0	0	0	0	0	0	0	0	0	0	0	0	0	0	0	
N75	1.95931e-013	5.5208e-011	7.7177e-009	2.508e-009	5.50992e-011	8.10448e-013	5.74074e-012	1.17498e-009	3.09586e-007	6.86951e-005	0.00795074	0.316822	0.646908	0.027914	0.000334062	1.73661e-006	4.93217e-009	8.77554e-012	1.06225e-014	4.0236e-017	1.0778e-017	2.73572e-018	4.94783e-019	1.0799e-019	2.32604e-020	2.15707e-020	4.82703e-021	2.79922e-021	2.97898e-022	6.39026e-023	1.81307e-024	2.43543e-026	4.49431e-029	1.55695e-031	1.12097e-034	1.75904e-037	6.76384e-041	6.25632e-044	1.53253e-047	9.92825e-051	1.72943e-054	8.25644e-058	1.13662e-061	5.46271e-065	3.27102e-068	
Blaberus_discoidalis	0	0	0	0	0	0	0	0	0	0	0	0	1	0	0	0	0	0	0	0	0	0	0	0	0	0	0	0	0	0	0	0	0	0	0	0	0	0	0	0	0	0	0	0	0	
Blaberus_giganteus	0	0	0	0	0	0	0	0	0	0	0	0	0	0	0	0	0	0	0	0	0	0	0	0	0	0	0	0	0	0	1	0	0	0	0	0	0	0	0	0	0	0	0	0	0	
N76	6.38812e-010	1.25657e-007	4.00451e-007	3.45674e-007	6.5426e-007	1.88149e-006	5.46198e-006	1.60778e-005	7.35476e-005	0.00919942	0.17638	0.369107	0.313031	0.113845	0.0173098	0.000959346	2.17978e-005	2.15059e-005	1.66258e-005	7.74171e-006	2.22424e-006	4.3573e-007	6.44144e-008	2.9512e-008	6.35246e-009	2.89654e-009	1.90989e-010	5.14138e-012	2.12584e-014	1.41497e-016	2.14322e-019	5.88231e-022	4.2349e-025	5.68077e-028	2.24884e-031	1.74659e-034	4.27152e-038	2.30102e-041	3.95078e-045	1.65811e-048	2.18642e-052	7.19503e-056	8.30646e-060	3.56869e-063	2.46801e-066	
Eublaberus_distanti	0	0	0	0	0	0	0	0	0	0	0	0	0	0	0	0	0	0	0	0	0	0	0	0	0	0	1	0	0	0	0	0	0	0	0	0	0	0	0	0	0	0	0	0	0	
Eublaberus_posticus	0	0	0	0	0	0	0	0	0	0	0	0	0	0	0	1	0	0	0	0	0	0	0	0	0	0	0	0	0	0	0	0	0	0	0	0	0	0	0	0	0	0	0	0	0	
Byrsotria_fumigata	0	0	0	0	0	0	0	0	0	0	0	0	0	0	0	0	0	1	0	0	0	0	0	0	0	0	0	0	0	0	0	0	0	0	0	0	0	0	0	0	0	0	0	0	0	
Gromphadorhina_portentosa	0	0	0	0	0	0	0	0	0	0	0	0	0	0	0	0	0	0	0	0	0	0	0	0	0	1	0	0	0	0	0	0	0	0	0	0	0	0	0	0	0	0	0	0	0	
N77	6.32201e-008	9.09464e-008	1.13318e-007	1.87889e-007	2.47849e-006	0.000109098	0.00298996	0.0206909	0.0367225	0.0238114	0.00343502	0.00026622	0.000153517	9.71809e-005	3.92617e-005	1.17912e-005	2.39069e-005	0.00020204	0.00119959	0.00634365	0.0245949	0.12272	0.186056	0.318109	0.159018	0.0810893	0.0111398	0.00113887	3.36709e-005	1.04367e-006	1.18689e-008	1.66503e-010	9.35391e-013	7.34084e-015	2.34359e-017	1.17489e-019	2.33421e-022	8.2165e-025	1.09017e-027	2.88358e-030	2.78245e-033	6.6943e-036	1.5008e-038	1.02517e-040	7.582e-043	
Lanxoblatta_emarginata	0	0	0	0	0	0	0	0	0	0	0	0	0	0	0	0	0	0	0	0	0	0	0	0	0	0	1	0	0	0	0	0	0	0	0	0	0	0	0	0	0	0	0	0	0	
Phoetalia_sp	0	0	0	0	0	0	0	0	0	0	0	0	0	0	0	0	0	0	0	0	1	0	0	0	0	0	0	0	0	0	0	0	0	0	0	0	0	0	0	0	0	0	0	0	0	
N78	1.29273e-007	2.43199e-006	3.12623e-005	9.40676e-005	7.02829e-005	9.69822e-005	0.000449404	0.00361206	0.0289165	0.137287	0.316223	0.329394	0.146943	0.030799	0.00467284	0.00123881	0.000149831	1.84477e-005	6.05733e-007	2.63268e-008	3.02896e-010	8.9107e-012	1.53752e-013	2.267e-014	7.0382e-016	6.33372e-017	1.00037e-018	4.4483e-020	3.58139e-022	8.60629e-024	3.62167e-026	5.03626e-028	1.20946e-030	1.25978e-032	2.35125e-035	2.32214e-037	5.77957e-040	6.51558e-042	8.5481e-045	4.82557e-047	6.74624e-050	3.9026e-052	2.81364e-055	1.04012e-057	5.18713e-060	
N79	6.79251e-009	1.04337e-007	2.73921e-006	2.32648e-005	6.79831e-005	0.000157032	0.000796303	0.00220628	0.00299176	0.00241669	0.0065119	0.0555213	0.235485	0.358515	0.24014	0.0798422	0.0138728	0.00136601	7.74973e-005	5.75277e-006	2.10322e-007	1.17886e-008	2.01644e-010	5.07656e-012	4.40758e-014	5.69116e-016	2.77632e-018	2.035e-020	5.96969e-023	2.69345e-025	4.99435e-028	1.49785e-030	1.82996e-033	3.93788e-036	3.2998e-039	5.45344e-042	3.26506e-045	4.37732e-048	1.95187e-051	2.20179e-054	8.12919e-058	1.10773e-060	2.01359e-063	8.53925e-066	3.45572e-068	
Epilampra_sp	0	0	0	0	0	0	0	0	0	0	0	0	0	0	0	0	0	0	1	0	0	0	0	0	0	0	0	0	0	0	0	0	0	0	0	0	0	0	0	0	0	0	0	0	0	
Nauphoeta_cinerea	0	0	0	0	0	0	0	0	0	0	0	0	1	0	0	0	0	0	0	0	0	0	0	0	0	0	0	0	0	0	0	0	0	0	0	0	0	0	0	0	0	0	0	0	0	
N80	1.16907e-007	1.46293e-006	1.21275e-005	3.26961e-005	3.38429e-005	4.25078e-005	0.000159488	0.00161401	0.0158203	0.0926851	0.270848	0.362418	0.203793	0.0464807	0.00536063	0.000641704	5.30653e-005	3.48278e-006	9.96326e-008	2.32961e-009	4.05987e-011	9.78316e-012	1.81005e-012	4.83218e-012	6.73439e-013	1.53995e-012	1.29734e-013	1.70274e-013	8.53549e-015	5.94376e-015	1.72724e-016	5.96588e-017	9.58281e-019	1.63417e-019	1.43601e-021	1.51124e-022	9.79028e-025	1.02886e-025	4.25594e-028	2.6462e-029	8.07027e-032	3.96811e-033	7.39384e-036	1.82138e-037	3.40315e-039	
Macropanesthia_rhinoceros	0	0	0	0	0	0	0	0	0	0	0	0	0	0	0	0	0	0	0	0	0	0	0	0	0	0	0	0	0	0	0	0	0	1	0	0	0	0	0	0	0	0	0	0	0	
Pycnoscelus_surinamensis	0	0	0	0	0	0	0	0	0	0	0	1	0	0	0	0	0	0	0	0	0	0	0	0	0	0	0	0	0	0	0	0	0	0	0	0	0	0	0	0	0	0	0	0	0	
N81	1.10359e-005	9.29939e-005	0.000963628	0.0047509	0.0156222	0.0601504	0.161624	0.208131	0.190507	0.161435	0.100775	0.0564238	0.0283307	0.0091579	0.00177647	0.000228334	1.8975e-005	1.02978e-006	3.21019e-008	1.24985e-009	2.5394e-011	1.07403e-012	1.21057e-014	2.59702e-016	1.45466e-018	1.54361e-020	4.60305e-023	2.61081e-025	4.47817e-028	1.5231e-030	1.61423e-033	3.69724e-036	2.6638e-039	4.77239e-042	2.69863e-045	4.09013e-048	2.05077e-051	2.77385e-054	1.20639e-057	1.24622e-060	4.30987e-064	3.81504e-067	1.85417e-070	4.17659e-073	1.18344e-075	
N82	5.94359e-006	7.62893e-005	0.000791032	0.00346319	0.0113703	0.0541536	0.143335	0.155358	0.0883533	0.080493	0.140502	0.159819	0.101449	0.0417517	0.0110278	0.00593166	0.00118224	0.00085697	6.35237e-005	1.63646e-005	4.33998e-007	4.34171e-008	5.19407e-010	2.34156e-011	1.49043e-013	3.48939e-015	1.3182e-017	1.87634e-019	4.62548e-022	4.71549e-024	8.43764e-027	6.80778e-029	9.66387e-032	6.55366e-034	7.35689e-037	4.00329e-039	4.71962e-042	5.20557e-044	4.01279e-047	2.62055e-049	4.94373e-052	7.93716e-054	6.87607e-057	7.61484e-059	1.17247e-060	
Diploptera_punctata	0	0	0	0	0	0	0	0	0	0	0	0	0	0	0	0	0	1	0	0	0	0	0	0	0	0	0	0	0	0	0	0	0	0	0	0	0	0	0	0	0	0	0	0	0	
Panchlora_nivea	0	0	0	0	0	0	0	0	0	0	0	1	0	0	0	0	0	0	0	0	0	0	0	0	0	0	0	0	0	0	0	0	0	0	0	0	0	0	0	0	0	0	0	0	0	
N83	1.35742e-006	5.57388e-006	6.93401e-005	0.00121941	0.0168283	0.131691	0.335604	0.276373	0.102426	0.0272827	0.0252663	0.0357565	0.029528	0.013663	0.00365126	0.000577415	5.42077e-005	2.97661e-006	9.09339e-008	1.85398e-009	2.71067e-011	1.27566e-012	1.98188e-014	9.23857e-016	9.29954e-018	2.72461e-019	1.73201e-021	3.13666e-023	1.26258e-025	1.4221e-027	3.74275e-030	2.69868e-032	4.84078e-035	2.35359e-037	2.98832e-040	1.04453e-042	9.71586e-046	2.59492e-048	1.82125e-051	3.8638e-054	2.09113e-057	3.69666e-060	2.30081e-063	1.12887e-065	9.47764e-068	
Galiblatta_sp	0	0	0	0	0	0	0	1	0	0	0	0	0	0	0	0	0	0	0	0	0	0	0	0	0	0	0	0	0	0	0	0	0	0	0	0	0	0	0	0	0	0	0	0	0	
Rhabdoblatta_sp	0	0	0	0	0	0	0	0	0	0	0	0	0	0	0	0	0	0	1	0	0	0	0	0	0	0	0	0	0	0	0	0	0	0	0	0	0	0	0	0	0	0	0	0	0	
N84	0.00377305	0.00857703	0.0227092	0.0651125	0.157139	0.25715	0.25946	0.156229	0.0559637	0.0121132	0.00162385	0.000140619	8.18924e-006	3.79263e-007	1.50115e-008	1.10056e-009	5.57677e-011	5.1413e-012	1.93291e-013	1.20005e-014	2.98553e-016	1.20615e-017	2.00842e-019	5.48736e-021	6.26098e-023	1.22148e-024	9.79344e-027	1.44348e-028	8.37316e-031	9.90655e-033	4.30671e-035	4.29072e-037	1.50887e-039	1.46734e-041	4.68003e-044	4.48053e-046	1.77426e-048	2.54086e-050	8.61131e-053	8.9656e-055	3.9501e-057	5.66501e-059	2.66233e-061	4.25228e-063	8.67107e-065	
Margattea_sp	0	0	0	0	0	0	0	0	0	1	0	0	0	0	0	0	0	0	0	0	0	0	0	0	0	0	0	0	0	0	0	0	0	0	0	0	0	0	0	0	0	0	0	0	0	
Supella_longipalpa	0	0	0	1	0	0	0	0	0	0	0	0	0	0	0	0	0	0	0	0	0	0	0	0	0	0	0	0	0	0	0	0	0	0	0	0	0	0	0	0	0	0	0	0	0	
N85	0.00312462	0.00898964	0.0258575	0.0614407	0.12784	0.222151	0.262275	0.186175	0.078325	0.0201361	0.00327517	0.000371003	3.15499e-005	6.1909e-006	8.528e-007	3.34624e-007	3.23861e-008	7.63866e-009	4.37129e-010	5.9002e-011	2.04684e-012	1.62872e-013	3.55489e-015	1.79656e-016	2.54882e-018	9.00072e-020	8.57321e-022	2.29683e-023	1.53644e-025	3.53013e-027	1.77231e-029	3.79944e-031	2.42939e-033	1.18014e-034	6.49584e-037	1.91861e-038	1.88778e-040	9.30594e-042	4.12905e-044	8.34697e-046	5.85584e-048	2.08452e-049	8.5971e-052	1.97482e-053	7.53967e-055	
Ectobius_pallidus	0	0	0	0	1	0	0	0	0	0	0	0	0	0	0	0	0	0	0	0	0	0	0	0	0	0	0	0	0	0	0	0	0	0	0	0	0	0	0	0	0	0	0	0	0	
Panchlora_viridis	0	0	0	0	0	0	0	0	0	0	0	0	1	0	0	0	0	0	0	0	0	0	0	0	0	0	0	0	0	0	0	0	0	0	0	0	0	0	0	0	0	0	0	0	0	
N86	0.00149638	0.00383829	0.0125259	0.0462342	0.147453	0.295961	0.303493	0.148566	0.0355423	0.00453254	0.00032349	3.14106e-005	1.92295e-006	1.38742e-006	6.78747e-008	3.49079e-008	9.3896e-010	2.66633e-010	3.95424e-012	5.80873e-013	5.0852e-015	3.7894e-016	2.09188e-018	8.37866e-020	3.03457e-022	7.57072e-024	1.83609e-026	3.15557e-028	5.9681e-031	1.8999e-032	2.78568e-035	5.35866e-037	2.73005e-039	2.58108e-040	2.85856e-043	4.48923e-045	1.87787e-047	1.31346e-048	1.06509e-051	1.06744e-053	2.91534e-056	1.49632e-057	9.61385e-061	9.35236e-063	2.5167e-064	
N87	0.000461157	0.00230154	0.00831086	0.0242114	0.0870025	0.231727	0.319663	0.224345	0.0831198	0.016831	0.00189782	0.000124075	4.90617e-006	1.3646e-007	2.79617e-009	6.36349e-011	1.14255e-012	2.4736e-014	3.23793e-016	4.6909e-018	3.96759e-020	3.7488e-022	2.09292e-024	1.35535e-026	5.17989e-029	2.42841e-031	6.57523e-034	2.34569e-036	4.65365e-039	1.32858e-041	1.99312e-044	4.74552e-047	5.70797e-050	1.24797e-052	1.30856e-055	2.73558e-058	3.02912e-061	7.11886e-064	7.68455e-067	1.55158e-069	1.80088e-072	4.00535e-075	6.1266e-078	1.71264e-080	5.36446e-083	
N88	1.10252e-005	0.000164024	0.00264333	0.029792	0.186289	0.443079	0.274814	0.0579125	0.00507837	0.000211913	4.62213e-006	5.68252e-008	4.19364e-010	1.97928e-012	6.27849e-015	1.55755e-017	3.14622e-020	1.4824e-022	4.15901e-025	3.3867e-027	7.37096e-030	4.2652e-032	6.45443e-035	2.55281e-037	2.73148e-040	7.5225e-043	5.7959e-046	1.1355e-048	6.40702e-052	9.20532e-055	3.8607e-058	4.21806e-061	1.33721e-064	1.1653e-067	2.84795e-071	2.05222e-074	4.0299e-078	2.72021e-081	4.48479e-085	2.86292e-088	6.06839e-092	8.42485e-095	3.87344e-098	9.29437e-101	2.26056e-103	
N89	1.25663e-007	6.41203e-006	0.000434144	0.0148523	0.193367	0.614336	0.16629	0.0104809	0.000231042	2.23698e-006	1.10267e-008	3.15258e-011	5.74252e-014	1.68983e-016	4.09557e-019	4.27444e-021	8.04938e-024	5.37707e-026	5.99129e-029	2.32894e-031	1.62546e-034	3.81931e-037	1.76436e-040	2.66157e-043	8.45239e-047	8.76493e-050	1.96242e-053	1.49493e-056	2.41377e-060	1.46321e-063	1.74035e-067	8.96671e-071	1.02747e-074	1.0791e-077	1.13544e-081	9.23177e-085	2.31885e-088	4.11491e-091	3.75221e-095	2.22308e-098	4.1605e-102	5.52112e-105	4.76385e-109	3.42944e-112	3.62929e-115	
Blattella_bisignata	0	0	0	0	0	1	0	0	0	0	0	0	0	0	0	0	0	0	0	0	0	0	0	0	0	0	0	0	0	0	0	0	0	0	0	0	0	0	0	0	0	0	0	0	0	
Blattella_germanica	0	0	0	0	0	1	0	0	0	0	0	0	0	0	0	0	0	0	0	0	0	0	0	0	0	0	0	0	0	0	0	0	0	0	0	0	0	0	0	0	0	0	0	0	0	
Blattella_sauteri	0	0	0	0	0	1	0	0	0	0	0	0	0	0	0	0	0	0	0	0	0	0	0	0	0	0	0	0	0	0	0	0	0	0	0	0	0	0	0	0	0	0	0	0	0	
Loboptera_decipiens	0	0	0	0	0	0	0	0	0	0	1	0	0	0	0	0	0	0	0	0	0	0	0	0	0	0	0	0	0	0	0	0	0	0	0	0	0	0	0	0	0	0	0	0	0	
N90	0.000307347	0.00172786	0.00747419	0.0126697	0.0121484	0.0277999	0.0952105	0.219375	0.293417	0.218582	0.0882914	0.0201389	0.00258475	0.000255168	1.70877e-005	1.29594e-006	5.23923e-008	2.22751e-009	4.68514e-011	1.05888e-012	1.22756e-014	1.61556e-016	1.11082e-018	9.30453e-021	4.04063e-023	2.33406e-025	6.7424e-028	2.86712e-030	5.82246e-033	1.98151e-035	3.00609e-038	8.69379e-041	1.16723e-043	3.58972e-046	4.60021e-049	1.25443e-051	1.72187e-054	4.89157e-057	5.39387e-060	1.10087e-062	1.17201e-065	2.49174e-068	2.84135e-071	6.96963e-074	1.99237e-076	
N91	2.61512e-005	0.000128129	0.00104405	0.00662006	0.0230842	0.055267	0.133676	0.286965	0.312127	0.146981	0.0308747	0.0030529	0.000149247	3.8192e-006	5.44203e-008	4.73014e-010	2.6717e-012	1.18302e-014	4.1193e-017	2.53451e-019	1.00781e-021	7.94538e-024	2.36642e-026	1.26595e-028	2.53586e-031	8.98782e-034	1.23604e-036	3.00411e-039	2.90977e-042	5.04108e-045	3.5166e-048	4.5152e-051	2.32945e-054	2.33315e-057	9.18087e-061	7.42864e-064	2.29906e-067	1.57014e-070	3.93817e-074	2.29025e-077	4.89428e-081	2.94026e-084	1.37004e-087	2.47957e-090	4.92175e-093	
Hemithyrsocera_sp	0	0	0	0	0	0	1	0	0	0	0	0	0	0	0	0	0	0	0	0	0	0	0	0	0	0	0	0	0	0	0	0	0	0	0	0	0	0	0	0	0	0	0	0	0	
N92	1.81618e-005	7.04583e-005	0.000510428	0.0104168	0.0358248	0.0475212	0.0381441	0.139323	0.326723	0.280722	0.102306	0.0170731	0.00129762	4.88457e-005	6.35339e-007	2.8356e-008	2.53517e-010	8.75392e-012	3.60824e-014	6.05891e-016	1.26359e-018	1.0891e-020	1.28939e-023	6.12181e-026	4.49278e-029	1.27558e-031	6.14935e-035	1.13295e-037	3.72891e-041	4.82405e-044	1.11361e-047	1.08017e-050	1.84338e-054	1.72715e-057	2.30391e-061	2.0809e-064	5.60612e-068	1.74054e-070	2.20717e-074	2.3796e-077	7.49811e-081	1.97601e-083	2.75751e-087	4.74203e-090	1.10164e-092	
Symploce_sp	0	0	0	0	0	0	0	1	0	0	0	0	0	0	0	0	0	0	0	0	0	0	0	0	0	0	0	0	0	0	0	0	0	0	0	0	0	0	0	0	0	0	0	0	0	
Symplocodes_sp	0	0	0	0	0	0	0	0	0	0	0	0	0	1	0	0	0	0	0	0	0	0	0	0	0	0	0	0	0	0	0	0	0	0	0	0	0	0	0	0	0	0	0	0	0	
N93	1.4242e-005	0.000126834	0.000655735	0.000685016	0.000199037	0.000160176	0.00125817	0.0113487	0.0632409	0.198875	0.32945	0.27149	0.0988656	0.0208795	0.00228737	0.000435734	2.53398e-005	2.60077e-006	7.04229e-008	3.53718e-009	5.06753e-011	1.40076e-012	1.17061e-014	1.94343e-016	1.01168e-018	1.08551e-020	3.68799e-023	2.72741e-025	6.3068e-028	3.48043e-030	5.66529e-033	2.45436e-035	3.20418e-038	1.58268e-040	1.75871e-043	7.5621e-046	1.20154e-048	9.07598e-051	8.92632e-054	3.22445e-056	4.27457e-059	2.51113e-061	2.54925e-064	1.26248e-066	8.31542e-069	
Lobopterella_dimidiatipes	0	0	0	0	0	0	0	0	0	0	0	0	1	0	0	0	0	0	0	0	0	0	0	0	0	0	0	0	0	0	0	0	0	0	0	0	0	0	0	0	0	0	0	0	0	
Xestoblatta_sp	0	0	0	0	0	0	0	0	0	0	0	0	1	0	0	0	0	0	0	0	0	0	0	0	0	0	0	0	0	0	0	0	0	0	0	0	0	0	0	0	0	0	0	0	0	
