NODE	7	8	9	10	11	12	13	14	15	16	17	18	19	20	21	22	23	24	25	26	27	28	29	30	31	32	33	34	35	36	37	38	39	40	41	42	43	44	45	46	47	48	49	50	51	
N1	0.00377272	0.00905826	0.0312745	0.0964922	0.21407	0.300766	0.234916	0.0914996	0.0166955	0.00139954	5.44839e-005	1.01429e-006	9.3892e-009	4.51216e-011	1.17596e-013	3.44652e-018	1.01538e-019	2.33792e-021	4.27877e-023	6.32097e-025	7.64342e-027	7.6617e-029	6.43978e-031	4.58598e-033	2.79316e-035	1.4675e-037	6.70288e-040	2.68061e-042	9.4475e-045	2.9519e-047	8.22178e-050	2.05165e-052	4.60823e-055	9.35693e-058	1.7244e-060	2.89506e-063	4.4432e-066	6.25396e-069	8.09736e-072	9.67133e-075	1.0684e-077	1.09437e-080	1.04182e-083	9.23961e-087	8.31527e-090	
N2	0.00526393	0.0141612	0.0420403	0.103679	0.195806	0.263461	0.225349	0.112459	0.0319373	0.00527607	0.000524387	3.79789e-005	2.15304e-006	6.31296e-007	5.0637e-008	1.9297e-008	9.14478e-010	1.99977e-010	5.47223e-012	6.76299e-013	1.10743e-014	7.77094e-016	7.92331e-018	3.26768e-019	2.13823e-021	5.57989e-023	2.3881e-025	4.31149e-027	1.25924e-029	2.0027e-031	4.24343e-034	6.30677e-036	2.62728e-038	1.34045e-039	2.59813e-042	4.3498e-044	2.10041e-046	8.61774e-048	1.20091e-050	1.2675e-052	3.99842e-055	1.16533e-056	1.34454e-059	1.53331e-061	3.18884e-063	
N3	0.00775592	0.0227699	0.0538894	0.0816817	0.106638	0.160433	0.207302	0.186467	0.111982	0.0454085	0.0124805	0.00262741	0.000423802	0.000115029	1.9875e-005	6.29933e-006	7.04982e-007	1.32303e-007	8.69243e-009	9.75175e-010	3.9754e-011	2.86121e-012	7.56975e-014	3.70433e-015	6.53657e-017	2.29341e-018	2.75004e-020	7.23017e-022	6.18646e-024	1.39855e-025	9.09088e-028	1.83488e-029	1.36061e-031	4.24486e-033	2.55272e-035	5.08452e-037	3.89215e-039	1.03465e-040	4.63074e-043	6.24989e-045	3.29024e-047	6.15838e-049	2.45673e-051	3.69952e-053	7.90001e-055	
N4	0.000239314	0.000999843	0.00335296	0.00660134	0.0108222	0.0250214	0.0623281	0.124535	0.179618	0.192047	0.149525	0.107541	0.0573303	0.0482341	0.0185992	0.0107035	0.0019449	0.000508907	4.24785e-005	5.44573e-006	2.3746e-007	1.72383e-008	4.38822e-010	1.99836e-011	3.20538e-013	1.00479e-014	1.06079e-016	2.3984e-018	1.85117e-020	3.86725e-022	2.29744e-024	3.99052e-026	2.70602e-028	7.04839e-030	3.70957e-032	6.07181e-034	3.96939e-036	9.17468e-038	3.74789e-040	4.30128e-042	1.85483e-044	2.78296e-046	8.64193e-049	9.64093e-051	1.5206e-052	
N5	8.99589e-005	0.000629699	0.00313759	0.00546025	0.00425256	0.00757972	0.0285868	0.0817847	0.156474	0.203996	0.192618	0.146409	0.092121	0.0503411	0.0197335	0.00569383	0.000969094	0.000115002	8.10512e-006	4.43603e-007	1.45196e-008	5.33105e-010	9.80246e-012	3.96251e-013	4.9785e-015	1.97379e-016	1.74451e-018	5.21402e-020	3.38056e-022	7.76541e-024	3.86021e-026	7.07346e-028	3.06767e-030	5.17974e-032	1.809e-034	2.34763e-036	7.12412e-039	8.22381e-041	1.86551e-043	1.4819e-045	2.76823e-048	1.9611e-050	2.96889e-053	1.7837e-055	1.09128e-057	
N6	1.39139e-006	1.88395e-005	0.000125361	0.000149718	5.43152e-005	7.08984e-005	0.000505514	0.00495485	0.0316889	0.118963	0.252769	0.300293	0.196212	0.0756973	0.01612	0.00220891	0.000157747	9.33256e-006	2.79913e-007	1.1721e-008	1.97765e-010	7.03764e-012	7.2178e-014	1.73012e-015	1.07589e-017	1.62559e-019	6.4567e-022	6.534e-024	1.79794e-026	1.33695e-028	2.76504e-031	1.6203e-033	2.73319e-036	1.35123e-038	1.85574e-041	7.33069e-044	8.3491e-047	2.77041e-049	2.39155e-052	5.82536e-055	4.16311e-058	9.46843e-061	5.52171e-064	1.33974e-066	4.56638e-069	
N7	6.10982e-010	1.96006e-008	3.75268e-007	1.54947e-006	6.50622e-007	8.97816e-008	1.66181e-007	6.65548e-006	0.000220641	0.00411272	0.0396803	0.183622	0.372859	0.300536	0.0885405	0.00992947	0.000478283	1.1697e-005	1.64242e-007	2.7373e-009	3.3889e-011	7.8112e-013	6.26677e-015	7.98996e-017	3.50205e-019	2.45161e-021	6.2611e-024	2.59221e-026	4.08651e-029	1.06701e-031	1.08753e-034	1.8962e-037	1.30056e-040	1.59905e-043	7.63297e-047	6.91335e-050	2.35966e-053	1.64144e-056	4.10099e-060	2.26408e-063	4.31048e-067	2.1817e-070	7.99399e-074	1.19192e-076	1.91899e-079	
N8	9.13619e-012	3.92832e-010	9.38215e-009	5.34993e-008	2.32466e-008	8.30405e-009	7.96807e-009	2.3605e-007	1.62188e-005	0.000619646	0.0118188	0.101376	0.345231	0.399569	0.129358	0.0116194	0.000386098	5.82023e-006	4.57645e-008	2.11917e-010	6.58033e-013	5.53808e-015	4.14359e-017	1.51939e-018	8.05468e-021	1.80045e-022	5.78597e-025	7.96561e-027	1.59788e-029	1.39287e-031	1.80061e-034	1.00675e-036	8.68647e-040	3.14297e-042	1.87123e-045	4.46252e-048	1.88161e-051	3.07618e-054	9.34033e-058	1.10752e-060	2.45191e-064	2.25254e-067	4.28832e-071	7.27761e-074	2.8774e-076	
N9	1.95346e-014	2.0031e-012	1.09248e-010	1.29113e-009	9.01529e-010	2.06869e-010	5.1326e-011	1.55464e-009	3.06944e-007	3.33143e-005	0.00167826	0.0344026	0.2447	0.492382	0.209364	0.0170341	0.000401998	3.61411e-006	1.48672e-008	3.33427e-011	5.26676e-014	9.82893e-016	3.99576e-018	1.42204e-019	3.03403e-022	6.09997e-024	7.01216e-027	8.35992e-029	5.42589e-032	3.90292e-034	1.5121e-037	6.51846e-040	1.60961e-043	4.1233e-046	6.90416e-050	1.06808e-052	1.26769e-056	1.24265e-059	1.07237e-063	7.12345e-067	4.53055e-071	2.1904e-074	1.20318e-078	1.36576e-081	4.39325e-084	
N10	3.27963e-017	6.49667e-015	7.56288e-013	2.49558e-011	1.61148e-011	3.59228e-012	8.46624e-013	7.14899e-012	3.02871e-009	8.09339e-007	0.000106773	0.00593143	0.111858	0.522742	0.336852	0.0221286	0.000377339	2.4001e-006	7.02446e-009	1.08749e-011	9.87354e-015	9.75947e-018	2.13613e-020	5.6436e-022	1.51954e-024	2.4388e-026	3.90954e-029	3.66109e-031	3.40195e-034	1.92564e-036	1.01419e-039	3.45786e-042	1.0552e-045	2.07357e-048	3.91998e-052	4.27555e-055	5.33306e-059	3.37768e-062	2.85241e-066	1.1923e-069	6.89074e-074	2.14275e-077	9.92505e-082	6.44529e-085	1.11672e-087	
N11	1.36243e-021	2.04276e-018	1.44169e-015	1.89748e-013	8.42888e-014	4.06476e-015	1.76721e-016	2.47155e-015	6.1209e-012	8.44483e-009	5.02835e-006	0.00105217	0.0574035	0.52257	0.403569	0.0153092	9.09923e-005	1.48781e-007	9.15947e-011	2.58584e-014	3.83022e-018	4.16284e-022	9.15157e-026	9.64094e-028	4.15289e-031	2.99406e-033	6.73267e-037	2.89369e-039	3.3413e-043	8.91432e-046	5.19695e-050	8.52812e-053	2.58625e-057	2.42672e-060	4.24426e-065	2.05654e-068	2.34258e-073	5.67942e-077	4.5364e-082	5.98547e-086	3.43505e-091	2.78185e-095	1.17534e-100	9.58006e-105	2.99464e-108	
N12	1.30988e-022	1.24624e-019	5.44783e-017	3.68023e-015	1.30096e-015	1.21156e-016	4.91374e-017	4.81235e-015	8.36766e-012	8.9117e-009	4.48452e-006	0.000879741	0.0499462	0.500497	0.428458	0.0200514	0.000162564	3.94738e-007	3.87145e-010	1.84476e-013	4.83562e-017	7.8527e-021	1.51427e-024	5.28322e-026	1.01468e-028	3.83351e-030	4.64052e-033	9.92884e-035	7.1701e-038	9.21677e-040	3.38798e-043	2.74923e-045	4.19616e-049	2.06635e-051	1.28738e-055	2.80666e-058	9.88337e-063	6.41397e-066	1.5355e-070	4.93722e-074	7.97819e-079	1.77002e-082	2.11419e-087	1.27488e-090	3.84079e-093	
N13	3.80753e-022	4.17057e-019	3.15574e-016	9.02574e-014	6.02966e-013	1.73245e-013	2.15807e-014	1.71171e-014	8.52285e-012	4.95772e-009	1.59249e-006	0.0002461	0.0149597	0.25601	0.664577	0.0630364	0.0011615	7.15068e-006	1.93685e-008	2.72588e-011	2.22769e-014	1.15356e-017	4.23598e-021	7.74556e-024	1.46813e-026	1.74557e-028	2.58092e-031	1.81134e-033	1.93958e-036	8.06592e-039	6.14082e-042	1.50129e-044	7.15145e-048	1.00568e-050	2.46413e-054	1.73473e-057	2.4952e-061	9.19431e-065	8.12014e-069	2.14887e-072	1.25563e-076	2.72711e-080	1.28041e-084	4.85097e-088	3.70888e-091	
N14	8.18797e-027	3.76003e-023	1.46785e-019	3.51848e-016	2.62307e-015	9.82996e-017	1.73893e-018	2.55229e-020	7.52952e-018	4.42184e-014	1.47424e-010	2.44307e-007	0.000165926	0.0331234	0.952418	0.0142583	3.37108e-005	2.51531e-008	8.08786e-012	1.34048e-015	1.28656e-019	7.77351e-024	3.18208e-028	2.58452e-032	4.58574e-036	7.2862e-039	1.3116e-042	1.28788e-045	1.67704e-049	9.97868e-053	9.26092e-057	3.35574e-060	2.03054e-064	4.441e-068	1.49485e-072	1.83332e-076	3.3411e-081	1.85383e-085	2.08627e-090	7.52054e-095	5.54133e-100	1.54676e-104	8.33803e-110	2.99951e-114	2.14229e-118	
Amitermes_darwini	0	0	0	0	0	0	0	0	0	0	0	0	0	0	1	0	0	0	0	0	0	0	0	0	0	0	0	0	0	0	0	0	0	0	0	0	0	0	0	0	0	0	0	0	0	
Amitermes_germanus	0	0	0	0	0	0	0	0	0	0	0	0	0	0	1	0	0	0	0	0	0	0	0	0	0	0	0	0	0	0	0	0	0	0	0	0	0	0	0	0	0	0	0	0	0	
N15	1.61405e-023	1.40977e-020	7.47365e-018	1.45223e-015	6.40782e-015	1.57357e-015	2.39378e-016	1.02178e-016	6.92756e-014	9.37401e-011	7.05818e-008	2.56926e-005	0.00368561	0.146824	0.797485	0.0514451	0.000532963	1.71143e-006	2.32728e-009	1.60793e-012	6.35849e-016	1.56876e-019	2.64219e-023	2.81579e-026	3.95018e-029	6.17632e-031	6.54985e-034	6.11917e-036	4.47177e-039	2.56412e-041	1.22374e-044	4.41367e-047	1.21286e-050	2.74838e-053	3.73828e-057	4.68444e-060	3.37262e-064	1.66283e-067	7.87983e-072	2.22904e-075	7.18565e-080	1.47092e-083	3.44393e-088	9.00611e-092	7.015e-095	
Amitermes_parvus	0	0	0	0	0	0	0	0	0	0	0	0	0	0	1	0	0	0	0	0	0	0	0	0	0	0	0	0	0	0	0	0	0	0	0	0	0	0	0	0	0	0	0	0	0	
Drepanotermes_septentrionalis	0	0	0	0	0	0	0	0	0	0	0	0	0	0	1	0	0	0	0	0	0	0	0	0	0	0	0	0	0	0	0	0	0	0	0	0	0	0	0	0	0	0	0	0	0	
N16	8.70656e-023	2.81341e-020	4.61525e-018	1.9073e-016	8.17133e-016	9.62607e-016	1.54832e-015	9.83267e-014	7.96487e-011	4.43676e-008	1.24566e-005	0.00148563	0.0579179	0.479521	0.433748	0.0269649	0.000348302	1.51475e-006	2.88492e-009	2.83374e-012	1.60388e-015	5.70652e-019	1.55742e-022	2.41391e-024	8.53099e-027	4.91336e-028	1.18946e-030	3.98856e-032	6.51458e-035	1.31397e-036	1.29892e-039	1.63175e-041	7.67429e-045	5.9929e-047	1.1004e-050	4.00128e-053	4.01891e-057	4.6371e-060	3.1147e-064	1.94914e-067	8.8061e-072	4.022e-075	1.34972e-079	1.34594e-082	5.88135e-085	
N17	5.29995e-024	1.47909e-020	2.71322e-017	1.89033e-014	1.17132e-013	1.74423e-014	1.11646e-015	2.89181e-016	2.43465e-013	3.06156e-010	2.05871e-007	6.37368e-005	0.0072668	0.209249	0.744975	0.0381059	0.000338413	9.52871e-007	1.14355e-009	6.97693e-013	2.43203e-016	5.33437e-020	8.69087e-024	1.40149e-026	1.31853e-029	8.05949e-032	5.40963e-035	1.9e-037	8.87234e-041	1.81684e-043	5.62457e-047	6.7439e-050	1.19863e-053	8.23817e-057	7.40575e-061	2.47496e-064	1.31131e-068	2.22105e-072	7.27598e-077	8.37271e-081	1.78014e-085	1.60401e-089	2.63191e-094	4.17731e-098	1.46282e-101	
N18	9.53798e-026	3.26439e-022	5.77826e-019	2.84623e-016	7.86189e-016	2.89976e-017	1.69112e-018	8.13598e-019	1.70416e-015	6.01152e-012	1.09373e-008	8.71944e-006	0.00237903	0.144511	0.823941	0.0290278	0.000132989	1.66817e-007	8.1483e-011	1.90148e-014	2.42123e-018	1.85476e-022	1.0199e-026	3.81268e-029	3.07829e-032	5.5272e-034	2.74928e-037	2.94834e-039	8.64692e-043	5.85082e-045	9.17136e-049	4.05898e-051	2.92361e-055	8.28892e-058	2.45573e-062	3.58127e-065	5.35126e-070	2.40575e-073	2.46666e-078	5.00217e-082	3.6175e-087	4.38186e-091	2.2697e-096	3.08116e-100	2.36939e-103	
Ephelotermes_melachoma	0	0	0	0	0	0	0	0	0	0	0	0	0	0	1	0	0	0	0	0	0	0	0	0	0	0	0	0	0	0	0	0	0	0	0	0	0	0	0	0	0	0	0	0	0	
N19	4.57296e-027	8.79351e-024	8.87094e-021	2.50095e-018	6.29556e-018	1.48051e-018	4.02622e-019	2.41105e-019	3.68894e-016	1.38518e-012	2.86273e-009	2.80344e-006	0.00103807	0.0964524	0.874287	0.0280982	0.000121609	1.53089e-007	7.91614e-011	2.04466e-014	2.99099e-018	2.70706e-022	1.6684e-026	2.94763e-029	3.41682e-032	9.57123e-034	7.8045e-037	1.28728e-038	7.31322e-042	7.31384e-044	2.67135e-047	1.67727e-049	3.12776e-053	1.272e-055	8.36316e-060	1.8835e-062	4.9916e-067	2.39267e-070	4.29161e-075	9.81413e-079	1.18761e-083	1.91689e-087	1.67648e-092	5.5828e-096	1.04258e-098	
Ephelotermes_taylori	0	0	0	0	0	0	0	0	0	0	0	0	0	0	1	0	0	0	0	0	0	0	0	0	0	0	0	0	0	0	0	0	0	0	0	0	0	0	0	0	0	0	0	0	0	
Macrognathotermes_sunteri	0	0	0	0	0	0	0	0	0	0	0	0	0	0	1	0	0	0	0	0	0	0	0	0	0	0	0	0	0	0	0	0	0	0	0	0	0	0	0	0	0	0	0	0	0	
Lophotermes_septentrionalis	0	0	0	0	0	0	0	0	0	0	0	0	0	0	1	0	0	0	0	0	0	0	0	0	0	0	0	0	0	0	0	0	0	0	0	0	0	0	0	0	0	0	0	0	0	
N20	2.72873e-021	2.53209e-018	1.38288e-015	8.83861e-014	1.56787e-013	3.62605e-014	6.11118e-014	8.03894e-013	3.77523e-010	1.79435e-007	4.38564e-005	0.00455849	0.142994	0.525671	0.315342	0.0112868	0.00010323	3.67939e-007	6.37127e-010	6.14527e-013	3.62431e-016	1.40172e-019	3.79898e-023	2.1462e-026	2.52228e-029	2.4819e-031	3.01261e-034	1.88041e-036	1.708e-039	6.57258e-042	4.41852e-045	1.04159e-047	4.70936e-051	6.65636e-054	1.6566e-057	1.28939e-060	1.82432e-064	6.90971e-068	6.08856e-072	1.58214e-075	9.27553e-080	1.94223e-083	8.66361e-088	2.54503e-091	1.49425e-094	
Procubitermes_sp	0	0	0	0	0	0	0	0	0	0	0	0	1	0	0	0	0	0	0	0	0	0	0	0	0	0	0	0	0	0	0	0	0	0	0	0	0	0	0	0	0	0	0	0	0	
N21	1.35583e-026	8.9799e-023	5.09734e-019	1.547e-015	1.52251e-014	8.30713e-016	2.06199e-017	4.36944e-019	1.58073e-016	8.36643e-013	2.32734e-009	2.8485e-006	0.00115187	0.0894271	0.90147	0.00793625	1.23577e-005	6.44521e-009	1.49969e-012	1.83878e-016	1.32762e-020	8.7959e-025	1.44974e-028	5.10185e-031	1.49201e-034	3.3217e-037	6.45722e-041	8.28304e-044	1.03639e-047	7.84727e-051	5.50993e-055	2.44285e-058	7.4383e-063	1.55468e-066	2.77777e-071	2.81439e-075	3.27964e-080	1.92965e-084	1.49535e-089	6.25785e-094	3.30377e-099	1.105e-103	5.79285e-109	7.76516e-113	1.92489e-116	
Tuberculitermes_bycanistes	0	0	0	0	0	0	0	0	0	0	0	0	0	0	1	0	0	0	0	0	0	0	0	0	0	0	0	0	0	0	0	0	0	0	0	0	0	0	0	0	0	0	0	0	0	
Unguitermes_sp	0	0	0	0	0	0	0	0	0	0	0	0	0	0	1	0	0	0	0	0	0	0	0	0	0	0	0	0	0	0	0	0	0	0	0	0	0	0	0	0	0	0	0	0	0	
N22	1.31352e-022	8.84653e-020	3.02386e-017	2.22095e-015	3.86068e-015	1.98926e-015	5.91978e-016	6.3243e-015	7.96924e-012	6.96725e-009	3.06023e-006	0.000568988	0.0343705	0.426716	0.504281	0.033657	0.000401029	1.46567e-006	2.20378e-009	1.63361e-012	6.74252e-016	1.75099e-019	4.9205e-023	1.15927e-024	2.52359e-027	7.14002e-029	1.02728e-031	1.6236e-033	1.52765e-036	1.39751e-038	7.54369e-042	4.14978e-044	1.00739e-047	3.23283e-050	3.31502e-054	4.42373e-057	2.67884e-061	1.28704e-064	5.00847e-069	1.46872e-072	3.73317e-077	8.49224e-081	1.72971e-085	1.27373e-088	2.88048e-091	
N23	9.44721e-024	4.61301e-021	1.28763e-018	1.29545e-016	1.01028e-015	1.04504e-015	5.49921e-016	4.74416e-015	4.92701e-012	4.18688e-009	1.84717e-006	0.000359803	0.024171	0.364543	0.565321	0.0449685	0.000632211	2.73241e-006	4.88268e-009	4.32478e-012	2.14383e-015	6.56398e-019	1.66592e-022	3.66508e-024	1.10586e-026	5.7151e-028	1.11537e-030	3.37348e-032	4.10923e-035	7.64354e-037	5.16848e-040	6.14081e-042	1.88418e-045	1.38889e-047	1.73697e-051	5.78869e-054	4.20302e-058	4.96848e-061	2.49216e-065	1.52466e-068	5.33773e-073	2.21769e-076	5.73597e-081	4.23159e-084	1.61254e-086	
N24	6.25325e-025	1.1662e-021	1.58812e-018	7.99302e-016	8.40646e-015	3.71785e-015	7.04862e-016	1.45655e-015	1.43747e-012	1.32484e-009	6.52997e-007	0.00014831	0.0124221	0.262129	0.664494	0.0598959	0.000905692	4.16146e-006	7.88986e-009	7.42118e-012	3.91366e-015	1.26641e-018	2.79267e-022	5.31249e-025	9.73432e-028	1.89947e-029	2.5283e-032	2.84961e-034	2.64057e-037	1.75598e-039	1.07924e-042	4.3071e-045	1.48784e-048	3.56092e-051	5.5061e-055	6.57691e-058	5.56197e-062	2.63254e-065	1.42515e-069	4.04452e-073	1.4434e-077	3.09176e-081	8.09738e-086	2.758e-089	2.85451e-092	
Crenetermes_albotarsalis	0	0	0	0	0	0	0	0	0	0	0	0	0	0	1	0	0	0	0	0	0	0	0	0	0	0	0	0	0	0	0	0	0	0	0	0	0	0	0	0	0	0	0	0	0	
N25	1.12938e-024	8.61569e-022	4.1781e-019	7.75596e-017	6.88557e-016	5.25818e-016	2.23145e-016	5.01246e-016	4.14319e-013	4.37272e-010	2.53873e-007	7.00464e-005	0.00741018	0.207189	0.721118	0.0633115	0.000896928	3.86763e-006	6.94949e-009	6.26412e-012	3.19949e-015	1.0109e-018	2.17731e-022	6.84136e-025	1.84577e-027	8.16365e-029	1.54542e-031	4.07531e-033	5.14468e-036	8.40741e-038	6.52091e-041	6.83471e-043	2.75004e-046	1.85164e-048	3.1644e-052	1.13874e-054	9.9071e-059	1.22401e-061	7.2444e-066	4.48324e-069	1.84913e-073	7.65936e-077	2.28495e-081	1.1993e-084	2.72423e-087	
Cubitermes_sp	0	0	0	0	0	0	0	0	0	0	0	0	0	0	1	0	0	0	0	0	0	0	0	0	0	0	0	0	0	0	0	0	0	0	0	0	0	0	0	0	0	0	0	0	0	
Thoracotermes_macrothorax	0	0	0	0	0	0	0	0	0	0	0	0	0	0	1	0	0	0	0	0	0	0	0	0	0	0	0	0	0	0	0	0	0	0	0	0	0	0	0	0	0	0	0	0	0	
N26	3.46097e-026	3.1901e-022	1.86419e-018	4.67822e-015	2.31124e-014	5.97258e-016	6.88799e-018	7.92501e-020	3.99605e-017	1.90438e-013	5.03234e-010	6.44238e-007	0.000327259	0.0469623	0.936387	0.0162778	4.54335e-005	3.98087e-008	1.48814e-011	2.83741e-015	3.10182e-019	2.11679e-023	9.71834e-028	7.02487e-032	9.82064e-036	9.8398e-039	1.52319e-042	9.55942e-046	1.06633e-049	3.98355e-053	3.19778e-057	7.07146e-061	3.77414e-065	4.81402e-069	1.43746e-073	9.91151e-078	1.68553e-082	6.04771e-087	6.17916e-092	1.5114e-096	9.9446e-102	1.89959e-106	9.26135e-112	2.31063e-116	9.64677e-121	
N27	5.6528e-028	5.02664e-024	2.21615e-020	2.78284e-017	7.8417e-017	3.82147e-019	1.09943e-021	1.06266e-022	2.12187e-019	2.79908e-015	2.0162e-011	6.8377e-008	8.7543e-005	0.0285201	0.960656	0.0107215	1.43594e-005	5.36305e-009	8.0281e-013	5.8996e-017	2.42263e-021	6.08446e-026	1.02198e-030	8.317e-034	3.90966e-037	7.12289e-039	2.21846e-042	2.43845e-044	4.87385e-048	3.40163e-050	3.99045e-054	1.85487e-056	1.07043e-060	3.41425e-063	7.31923e-068	1.48068e-070	8.59094e-076	2.44466e-079	1.00099e-084	1.2129e-088	3.53863e-094	2.64416e-098	5.60296e-104	7.05882e-108	8.20535e-111	
Nasutitermes_graveolus	0	0	0	0	0	0	0	0	0	0	0	0	0	0	1	0	0	0	0	0	0	0	0	0	0	0	0	0	0	0	0	0	0	0	0	0	0	0	0	0	0	0	0	0	0	
Nasutitermes_triodiae	0	0	0	0	0	0	0	0	0	0	0	0	0	0	1	0	0	0	0	0	0	0	0	0	0	0	0	0	0	0	0	0	0	0	0	0	0	0	0	0	0	0	0	0	0	
N28	5.47557e-031	1.15781e-026	1.21966e-022	4.20985e-019	6.93323e-019	1.30828e-021	1.6203e-023	1.85529e-025	7.07339e-023	3.03705e-018	7.39238e-014	8.91476e-010	4.35615e-006	0.00600096	0.991037	0.0029562	1.13938e-006	1.29857e-010	6.19521e-015	1.49921e-019	2.07848e-024	1.79581e-029	1.03577e-034	3.08781e-039	2.34343e-043	3.85351e-046	2.28913e-050	2.20874e-053	9.32769e-058	5.31878e-061	1.5831e-065	5.33901e-069	9.99864e-074	2.0036e-077	1.71253e-082	1.98156e-086	4.25752e-092	7.47469e-097	9.30096e-103	9.1255e-108	6.81248e-114	4.82697e-119	2.4403e-125	3.55864e-130	1.91459e-134	
Nasutitermes_longipennis	0	0	0	0	0	0	0	0	0	0	0	0	0	0	1	0	0	0	0	0	0	0	0	0	0	0	0	0	0	0	0	0	0	0	0	0	0	0	0	0	0	0	0	0	0	
Tumulitermes_pastinator	0	0	0	0	0	0	0	0	0	0	0	0	0	0	1	0	0	0	0	0	0	0	0	0	0	0	0	0	0	0	0	0	0	0	0	0	0	0	0	0	0	0	0	0	0	
N29	1.01213e-021	1.05444e-018	7.84677e-016	2.41925e-013	1.47969e-012	2.76157e-013	2.29332e-014	5.5487e-015	1.87198e-012	1.22068e-009	4.57241e-007	8.65564e-005	0.00690919	0.172397	0.751717	0.0676938	0.00118966	7.15696e-006	1.93653e-008	2.77335e-011	2.34233e-014	1.26454e-017	4.70179e-021	2.98328e-024	3.4765e-027	2.61556e-029	3.309e-032	1.59109e-034	1.48833e-037	4.36909e-040	3.01884e-043	5.37753e-046	2.53827e-049	2.67044e-052	7.28175e-056	4.25088e-059	6.90759e-063	2.25456e-066	2.28183e-070	5.36721e-074	3.65238e-078	7.05216e-082	3.77755e-086	1.02783e-089	4.8048e-093	
Microcerotermes_boreus	0	0	0	0	0	0	0	0	0	0	0	0	0	0	1	0	0	0	0	0	0	0	0	0	0	0	0	0	0	0	0	0	0	0	0	0	0	0	0	0	0	0	0	0	0	
Microcerotermes_nervosus	0	0	0	0	0	0	0	0	0	0	0	0	0	0	1	0	0	0	0	0	0	0	0	0	0	0	0	0	0	0	0	0	0	0	0	0	0	0	0	0	0	0	0	0	0	
Pericapritermes_sp	0	0	0	0	0	0	0	0	0	0	0	0	0	0	1	0	0	0	0	0	0	0	0	0	0	0	0	0	0	0	0	0	0	0	0	0	0	0	0	0	0	0	0	0	0	
N30	5.9128e-015	2.18082e-013	5.77118e-012	5.66421e-011	1.54091e-010	1.71002e-010	1.70085e-010	2.62001e-009	2.63254e-007	1.95399e-005	0.00080781	0.0164456	0.1412	0.418875	0.347084	0.0706872	0.00474595	0.000133546	1.86257e-006	1.45001e-008	6.88269e-011	2.53224e-013	1.35564e-015	1.02324e-016	1.41849e-018	8.8915e-020	8.28683e-022	3.05886e-023	1.87259e-025	4.19321e-027	1.5989e-029	2.19283e-031	4.98532e-034	4.04336e-036	5.58254e-039	2.52165e-041	2.25005e-044	6.21478e-047	3.67182e-050	7.4246e-053	3.01612e-056	4.98958e-059	1.77509e-062	6.53506e-065	5.22514e-067	
Macrotermes_bellicosus	0	0	0	0	0	0	0	0	0	0	0	0	0	0	1	0	0	0	0	0	0	0	0	0	0	0	0	0	0	0	0	0	0	0	0	0	0	0	0	0	0	0	0	0	0	
N31	3.85647e-023	1.99629e-019	7.73889e-016	1.24465e-012	2.94741e-012	4.48749e-014	2.88744e-016	3.90114e-018	3.55664e-015	9.06219e-012	1.22171e-008	7.60085e-006	0.00178297	0.111753	0.86147	0.024878	0.000109021	1.46404e-007	8.23569e-011	2.31927e-014	3.66338e-018	3.5641e-022	2.37617e-026	3.42211e-030	8.98596e-034	3.52575e-033	4.11139e-033	3.10369e-033	1.18485e-034	1.02707e-035	2.89741e-037	1.80286e-038	3.82057e-040	1.69975e-041	2.65198e-043	8.43501e-045	9.768e-047	2.31232e-048	2.01743e-050	3.82184e-052	2.56379e-054	4.17317e-056	2.38985e-058	5.10027e-060	1.678e-061	
N32	1.367e-025	1.78222e-021	1.21897e-017	2.05991e-014	4.07983e-014	2.19973e-016	3.65975e-019	8.05857e-021	3.54757e-017	2.96463e-013	1.17752e-009	1.87378e-006	0.000933466	0.0965745	0.882357	0.0200866	4.62256e-005	2.49562e-008	4.6769e-012	3.82076e-016	1.57864e-020	3.69979e-025	6.09777e-030	3.88535e-032	6.61759e-036	1.72994e-037	1.45385e-041	5.17342e-043	4.89835e-044	1.4382e-043	5.22972e-046	8.27099e-046	1.58246e-048	1.93848e-048	1.88001e-051	2.32889e-051	2.39743e-053	1.84429e-052	1.11863e-054	5.9838e-055	2.2326e-058	1.36143e-059	4.06621e-063	1.66348e-064	1.40302e-065	
N33	1.99219e-025	6.46462e-022	1.05368e-018	4.22109e-016	6.85948e-016	2.80164e-018	1.44591e-020	1.9056e-020	5.36044e-017	3.06466e-013	9.43608e-010	1.33693e-006	0.000686765	0.0830496	0.893867	0.0223285	6.69301e-005	5.5434e-008	1.83153e-011	2.96434e-015	2.67728e-019	1.47692e-023	5.62764e-028	3.90708e-030	5.44242e-033	3.52884e-034	3.30913e-037	1.26288e-038	7.74465e-042	1.82912e-043	6.41299e-047	9.95054e-049	1.53083e-052	1.62938e-054	7.67286e-059	4.88669e-061	7.28363e-066	6.33822e-069	6.75547e-074	2.2161e-077	1.64742e-082	3.4271e-086	1.83278e-091	1.06743e-094	5.77494e-097	
Microtermes_sp	0	0	0	0	0	0	0	0	0	0	0	0	0	0	1	0	0	0	0	0	0	0	0	0	0	0	0	0	0	0	0	0	0	0	0	0	0	0	0	0	0	0	0	0	0	
Protermes_sp	0	0	0	0	0	0	0	0	0	0	0	0	0	0	1	0	0	0	0	0	0	0	0	0	0	0	0	0	0	0	0	0	0	0	0	0	0	0	0	0	0	0	0	0	0	
Pseudacanthotermes_militaris	0	0	0	0	0	0	0	0	0	0	0	0	0	0	1	0	0	0	0	0	0	0	0	0	0	0	0	0	0	0	0	0	0	0	0	0	0	0	0	0	0	0	0	0	0	
Odontotermes_sp	0	0	0	0	0	0	0	0	0	0	0	0	0	0	1	0	0	0	0	0	0	0	0	0	0	0	0	0	0	0	0	0	0	0	0	0	0	0	0	0	0	0	0	0	0	
Schedorhinotermes_lamanianus	0	0	0	0	0	0	0	0	0	0	0	0	1	0	0	0	0	0	0	0	0	0	0	0	0	0	0	0	0	0	0	0	0	0	0	0	0	0	0	0	0	0	0	0	0	
N34	6.04483e-010	8.02145e-009	7.37241e-008	2.09066e-007	1.26744e-007	5.47245e-008	1.9822e-007	4.77477e-006	0.000137753	0.00254034	0.0259015	0.133896	0.322679	0.336893	0.147359	0.0279692	0.00249992	0.000115474	3.00142e-006	4.9422e-008	6.54633e-010	9.65446e-011	4.26635e-012	1.30937e-012	3.43969e-014	6.37834e-015	9.86562e-017	1.14418e-017	1.06424e-019	7.80717e-021	4.49389e-023	2.0527e-024	7.6192e-027	2.09928e-028	5.2748e-031	8.67986e-033	1.53549e-035	1.61368e-037	2.04728e-040	1.52124e-042	1.40195e-045	8.08685e-048	7.22334e-051	1.40581e-052	6.7952e-054	
Coptotermes_acinaciformis	0	0	0	0	0	0	0	0	0	0	0	0	0	0	1	0	0	0	0	0	0	0	0	0	0	0	0	0	0	0	0	0	0	0	0	0	0	0	0	0	0	0	0	0	0	
N35	7.79529e-016	1.86779e-013	4.1617e-011	3.96489e-009	6.92436e-009	4.48021e-010	1.25017e-011	3.37445e-012	6.93626e-010	1.45138e-007	1.73583e-005	0.00106901	0.0293578	0.28433	0.607062	0.0759076	0.00223133	2.45688e-005	1.28065e-007	3.65227e-010	6.28794e-013	7.58321e-016	7.44175e-019	1.42798e-021	2.26929e-024	6.07636e-027	7.30051e-030	1.23826e-032	9.97001e-036	1.07751e-038	5.88683e-042	4.20141e-045	1.57608e-048	7.69441e-052	2.01004e-055	6.98565e-059	1.29398e-062	3.34956e-066	4.49413e-070	9.07707e-074	9.05426e-078	1.51615e-081	1.38224e-085	3.21968e-089	1.01268e-092	
Reticulitermes_flavipes	0	0	0	0	0	0	0	0	0	0	0	0	0	0	1	0	0	0	0	0	0	0	0	0	0	0	0	0	0	0	0	0	0	0	0	0	0	0	0	0	0	0	0	0	0	
N36	6.61636e-018	3.11831e-015	8.98538e-013	7.16818e-011	9.36553e-011	2.63039e-012	3.49177e-014	1.48013e-014	6.58339e-012	3.98481e-009	1.30569e-006	0.000202806	0.0124709	0.226779	0.692233	0.0671588	0.00114809	6.16402e-006	1.39173e-008	1.57559e-011	1.00584e-014	4.03308e-018	1.29508e-021	1.41548e-023	2.60681e-026	7.8051e-028	8.55864e-031	1.65057e-032	1.07271e-035	1.38593e-037	5.30554e-041	4.65398e-043	1.03683e-046	6.01504e-049	7.73602e-053	2.67652e-055	2.03221e-059	3.18355e-062	1.71237e-066	1.47056e-069	5.89604e-074	3.23107e-077	9.90644e-082	4.51027e-085	4.16902e-088	
Reticulitermes_lucifugus	0	0	0	0	0	0	0	0	0	0	0	0	0	0	1	0	0	0	0	0	0	0	0	0	0	0	0	0	0	0	0	0	0	0	0	0	0	0	0	0	0	0	0	0	0	
Reticulitermes_urbis	0	0	0	0	0	0	0	0	0	0	0	0	0	0	1	0	0	0	0	0	0	0	0	0	0	0	0	0	0	0	0	0	0	0	0	0	0	0	0	0	0	0	0	0	0	
N37	4.58586e-009	1.01115e-007	8.10092e-007	9.37417e-007	5.21431e-007	2.26612e-006	3.96843e-005	0.000732156	0.00847799	0.0568852	0.210994	0.367394	0.265395	0.0787823	0.0103937	0.000828091	6.82189e-005	5.33727e-006	2.6118e-007	9.05654e-009	2.11728e-010	1.39687e-011	2.91432e-013	1.69723e-014	1.74994e-016	4.89175e-018	2.46801e-020	3.40843e-022	8.91844e-025	6.48502e-027	9.40762e-030	3.86943e-032	3.34561e-035	8.38072e-038	4.5425e-041	7.19002e-044	2.55258e-047	2.69332e-050	6.41584e-054	4.54237e-057	7.42486e-061	3.8365e-064	5.09877e-068	3.65906e-071	4.6428e-074	
N38	1.01473e-009	1.32609e-008	9.75099e-008	1.67966e-007	2.09355e-007	1.81471e-006	4.76526e-005	0.000833639	0.00758241	0.041159	0.159346	0.345116	0.314302	0.113121	0.0171531	0.00127438	6.00589e-005	2.22748e-006	5.87309e-008	1.0961e-009	1.32614e-011	5.39412e-013	5.08637e-015	4.05988e-016	1.85044e-018	9.90992e-020	2.26779e-022	6.81371e-024	8.56391e-027	1.41686e-028	1.07845e-031	1.00394e-033	5.0134e-037	2.76337e-039	9.58015e-043	3.35423e-045	8.53075e-049	2.19272e-051	4.50182e-055	1.08158e-057	1.99645e-061	4.71375e-064	8.32147e-068	2.66345e-070	1.51225e-072	
N39	1.47483e-009	8.04591e-009	4.07776e-008	2.46129e-007	3.84163e-006	7.30018e-005	0.000877347	0.00529918	0.0164658	0.0333478	0.0802268	0.205657	0.306245	0.232795	0.0942647	0.021561	0.0029243	0.000244517	1.30797e-005	8.32865e-007	8.84807e-008	6.917e-008	7.44619e-009	3.2994e-009	1.9335e-010	4.62083e-011	1.46837e-012	1.96861e-013	3.47705e-015	2.61953e-016	2.75129e-018	1.16712e-019	7.81767e-022	1.97961e-023	8.81464e-026	1.48266e-027	4.50456e-030	5.6012e-032	1.19369e-034	1.18652e-036	1.83705e-039	1.60315e-041	9.18515e-044	5.72761e-045	4.03437e-046	
Bifiditermes_improbus	0	0	0	0	0	0	0	0	0	0	0	1	0	0	0	0	0	0	0	0	0	0	0	0	0	0	0	0	0	0	0	0	0	0	0	0	0	0	0	0	0	0	0	0	0	
Neotermes_insularis	0	0	0	0	0	0	0	0	0	0	0	0	0	0	0	0	0	0	0	1	0	0	0	0	0	0	0	0	0	0	0	0	0	0	0	0	0	0	0	0	0	0	0	0	0	
N40	3.63495e-011	9.43228e-010	1.47146e-008	6.01103e-008	7.78595e-008	1.32147e-007	2.44188e-006	8.40589e-005	0.00184366	0.0223723	0.136164	0.359055	0.35073	0.115624	0.0134706	0.000639426	1.42746e-005	1.69396e-007	1.17916e-009	5.63189e-012	2.14549e-014	2.58249e-016	1.64308e-018	3.17642e-020	1.36497e-022	1.69901e-024	4.87798e-027	4.01339e-029	7.75239e-032	4.1929e-034	5.3653e-037	1.87826e-039	1.61203e-042	3.7012e-045	2.18605e-048	3.44185e-051	1.43508e-054	1.65201e-057	4.99513e-061	4.4904e-064	1.01778e-067	7.58436e-071	1.76088e-074	2.92604e-077	8.43038e-080	
N41	3.73472e-011	5.2525e-010	9.39865e-009	2.36634e-007	1.95328e-006	5.54283e-006	1.31631e-005	0.000229584	0.00452623	0.0428571	0.18608	0.360264	0.296007	0.0972541	0.0121552	0.000592627	1.31837e-005	1.5354e-007	1.03755e-009	4.45337e-012	1.3435e-014	8.09192e-017	6.17157e-019	1.68496e-020	1.13733e-022	1.96868e-024	8.92705e-027	9.60014e-029	2.89141e-031	1.96459e-033	3.86977e-036	1.66835e-038	2.16208e-041	5.9912e-044	5.23204e-047	9.88369e-050	5.95525e-053	8.34004e-056	3.55858e-059	3.97615e-062	1.23665e-065	1.18041e-068	4.21626e-072	1.08417e-074	4.27233e-077	
N42	1.23304e-012	1.31735e-010	1.11546e-008	3.18202e-007	7.40665e-007	2.72072e-007	6.71303e-008	3.93211e-007	2.16314e-005	0.000770638	0.0134299	0.105815	0.343342	0.396781	0.129278	0.01027	0.000286409	3.99549e-006	4.1079e-008	2.38026e-009	3.9658e-011	2.25156e-012	1.92466e-014	5.64041e-016	2.58426e-018	4.18587e-020	1.10413e-022	1.03443e-024	1.68071e-027	9.47027e-030	1.00019e-032	3.55682e-035	2.53432e-038	6.07008e-041	2.99169e-044	5.19557e-047	1.80845e-050	2.43599e-053	6.11662e-057	6.8166e-060	1.85503e-063	2.56144e-065	1.26678e-066	3.19217e-067	7.05147e-068	
N43	1.92809e-021	1.63777e-017	7.97012e-014	1.49819e-010	9.81767e-012	1.59027e-014	1.82111e-017	5.63275e-020	2.85688e-017	2.83082e-013	1.46201e-009	3.45113e-006	0.00304341	0.660932	0.335615	0.000406156	1.27494e-007	1.60447e-011	9.95326e-016	3.46763e-020	7.50288e-025	1.91452e-029	6.81154e-034	9.93541e-038	3.57748e-042	3.07026e-046	6.29739e-051	2.80447e-055	3.13591e-060	7.0975e-065	4.07783e-070	4.42713e-075	1.19672e-080	5.56108e-086	6.0108e-092	9.47275e-098	2.7331e-104	6.85853e-111	2.74816e-074	8.33447e-034	2.48898e-034	2.30656e-034	7.69652e-035	1.72805e-034	6.55117e-034	
Cryptotermes_austrinus	0	0	0	0	0	0	0	0	0	0	0	0	0	1	0	0	0	0	0	0	0	0	0	0	0	0	0	0	0	0	0	0	0	0	0	0	0	0	0	0	0	0	0	0	0	
Incisitermes_sp	0	0	0	0	0	0	0	0	0	0	0	0	0	0	1	0	0	0	0	0	0	0	0	0	0	0	0	0	0	0	0	0	0	0	0	0	0	0	0	0	0	0	0	0	0	
Cryptotermes_queenslandis	0	0	0	0	0	0	0	0	0	0	0	0	0	0	1	0	0	0	0	0	0	0	0	0	0	0	0	0	0	0	0	0	0	0	0	0	0	0	0	0	0	0	0	0	0	
Cryptotermes_primus	0	0	0	0	0	0	0	0	1	0	0	0	0	0	0	0	0	0	0	0	0	0	0	0	0	0	0	0	0	0	0	0	0	0	0	0	0	0	0	0	0	0	0	0	0	
N44	5.08221e-014	3.3539e-012	3.49009e-010	1.13015e-008	5.99313e-008	8.74082e-008	1.77535e-007	4.80104e-006	0.000124892	0.0026213	0.0428368	0.270648	0.466231	0.19687	0.0200987	0.000559375	5.01182e-006	1.73051e-008	2.69346e-011	2.81363e-014	2.97717e-017	1.84666e-019	2.27034e-022	9.03271e-025	5.61638e-028	1.14508e-030	3.8415e-034	4.30237e-037	8.18227e-041	5.22167e-044	5.8895e-048	2.18602e-051	1.53366e-055	3.42705e-059	1.55537e-063	2.22668e-067	6.71875e-072	6.65056e-076	1.36363e-080	1.00176e-084	1.42825e-089	8.39128e-094	1.75079e-098	4.37196e-102	1.32048e-105	
N45	3.93406e-013	1.21758e-011	4.71106e-010	7.08189e-009	3.13025e-008	1.43364e-007	3.45911e-006	6.98042e-005	0.000664944	0.00581207	0.063351	0.307737	0.438303	0.166175	0.0172948	0.000580629	7.38389e-006	4.00016e-008	1.01533e-010	1.33702e-013	1.01536e-016	3.52152e-019	1.91605e-021	1.57392e-022	5.25525e-025	2.39096e-026	4.19913e-029	1.13189e-030	9.94954e-034	1.64522e-035	7.06316e-039	6.92638e-041	1.54394e-044	7.97407e-047	1.06376e-050	2.56437e-053	2.30972e-057	2.74395e-060	1.72827e-064	1.2072e-067	5.30214e-072	2.59827e-075	9.6274e-080	1.8874e-082	1.16613e-084	
Cryptotermes_brevis	0	0	0	0	0	0	0	0	0	0	0	1	0	0	0	0	0	0	0	0	0	0	0	0	0	0	0	0	0	0	0	0	0	0	0	0	0	0	0	0	0	0	0	0	0	
N46	7.5841e-013	1.46715e-011	2.55443e-010	4.29459e-009	6.90424e-008	2.81212e-006	5.54802e-005	0.000443874	0.00173117	0.00833249	0.071374	0.297303	0.413436	0.179032	0.0266347	0.00160974	4.3915e-005	5.6576e-007	3.52972e-009	1.21392e-011	3.86003e-014	1.09218e-014	2.15747e-016	7.94684e-017	8.14859e-019	1.77237e-019	9.08252e-022	1.23855e-022	3.00409e-025	2.55556e-026	2.97029e-029	1.40912e-030	9.14535e-034	2.03588e-035	8.78429e-039	8.80115e-041	2.73422e-044	1.4568e-046	3.29284e-050	1.13552e-052	1.86368e-056	4.81367e-059	1.15811e-062	4.06329e-064	2.18005e-065	
Cryptotermes_domesticus	0	0	0	0	0	0	0	0	1	0	0	0	0	0	0	0	0	0	0	0	0	0	0	0	0	0	0	0	0	0	0	0	0	0	0	0	0	0	0	0	0	0	0	0	0	
Procryptotermes_australiensis	0	0	0	0	0	0	0	0	0	0	0	0	0	0	0	0	0	1	0	0	0	0	0	0	0	0	0	0	0	0	0	0	0	0	0	0	0	0	0	0	0	0	0	0	0	
N47	2.12343e-014	2.15693e-012	2.08418e-010	6.37802e-009	2.66457e-008	2.84606e-008	8.92588e-008	1.16442e-006	3.29037e-005	0.0010867	0.0236417	0.195785	0.456951	0.276187	0.0441147	0.00216252	3.78361e-005	2.95365e-007	1.50297e-009	3.29436e-010	2.99931e-012	8.4243e-013	3.1235e-015	4.53308e-016	1.01779e-018	9.498e-020	1.44232e-022	9.19271e-024	7.47254e-027	2.75957e-028	1.22562e-031	2.21978e-033	6.23401e-037	5.24499e-039	1.02331e-042	4.32044e-045	6.04551e-049	1.47908e-051	1.48703e-055	2.44482e-058	1.76681e-062	2.37107e-065	8.72909e-069	2.64548e-070	7.28371e-072	
Cryptotermes_cynocephalus	0	0	0	0	0	0	0	0	0	0	0	0	0	0	0	1	0	0	0	0	0	0	0	0	0	0	0	0	0	0	0	0	0	0	0	0	0	0	0	0	0	0	0	0	0	
N48	2.41571e-013	1.21899e-011	4.19103e-010	3.95886e-009	4.78969e-009	2.19239e-009	3.89684e-009	1.71499e-007	1.24223e-005	0.000569263	0.0131828	0.126905	0.407831	0.364244	0.0812485	0.00583433	0.00017027	2.39482e-006	1.83751e-008	8.77933e-011	3.16743e-013	6.44505e-015	8.33002e-017	6.94854e-018	6.8982e-020	3.76766e-021	2.4475e-023	8.29539e-025	3.2204e-027	6.71709e-029	1.48222e-031	1.81593e-033	2.43524e-036	1.68643e-038	1.49615e-041	6.15057e-044	3.75858e-047	1.02414e-049	4.37667e-053	8.87833e-056	2.69498e-059	4.47496e-062	1.57663e-065	1.14868e-067	1.43765e-069	
Cryptotermes_dudleyi	0	0	0	0	0	0	0	0	0	0	0	0	0	1	0	0	0	0	0	0	0	0	0	0	0	0	0	0	0	0	0	0	0	0	0	0	0	0	0	0	0	0	0	0	0	
Cryptotermes_secundus	0	0	0	0	0	0	0	0	0	0	0	0	0	1	0	0	0	0	0	0	0	0	0	0	0	0	0	0	0	0	0	0	0	0	0	0	0	0	0	0	0	0	0	0	0	
N49	6.31519e-009	5.3582e-008	2.45106e-007	4.70867e-007	6.88451e-007	3.39464e-006	4.33543e-005	0.000718075	0.00869473	0.0612255	0.220286	0.359497	0.254023	0.0807258	0.0128971	0.00153161	0.000281441	5.90097e-005	8.70926e-006	1.31139e-006	2.706e-007	1.12963e-006	2.84612e-007	8.70896e-007	1.22781e-007	2.19081e-007	1.70675e-008	1.73006e-008	7.06198e-010	3.88109e-010	8.27154e-012	2.36008e-012	2.82279e-014	4.11997e-015	3.0184e-017	2.32099e-018	1.11125e-020	4.87547e-022	1.58145e-024	4.36122e-026	9.7638e-029	1.88134e-030	4.07814e-033	3.54392e-034	8.3744e-035	
N50	2.49228e-012	1.98062e-010	1.3324e-008	3.55712e-007	5.88407e-007	8.05327e-008	5.19789e-009	3.06357e-009	1.7358e-007	1.04177e-005	0.000381935	0.00785765	0.0813156	0.354848	0.466551	0.0842537	0.00466635	0.00011325	1.46135e-006	1.21387e-008	7.77743e-011	6.73495e-013	5.81444e-015	5.75528e-017	3.74377e-019	2.25049e-021	9.0927e-024	3.28358e-026	8.27431e-029	1.87314e-031	3.01837e-034	4.52513e-037	4.84308e-040	5.17154e-043	3.86663e-046	3.21454e-049	1.77457e-052	1.24674e-055	5.32918e-059	3.35178e-062	1.28382e-065	9.9624e-069	8.83031e-072	1.20956e-074	1.64426e-077	
Glyptotermes_brevicornis	0	0	0	0	0	0	0	0	0	0	0	0	0	0	1	0	0	0	0	0	0	0	0	0	0	0	0	0	0	0	0	0	0	0	0	0	0	0	0	0	0	0	0	0	0	
Glyptotermes_iridipennis	0	0	0	0	0	0	0	0	0	0	0	0	0	0	1	0	0	0	0	0	0	0	0	0	0	0	0	0	0	0	0	0	0	0	0	0	0	0	0	0	0	0	0	0	0	
Kalotermes_flavicollis	0	0	0	0	0	0	0	0	0	0	0	0	0	0	0	0	0	0	0	0	0	0	0	0	0	0	0	1	0	0	0	0	0	0	0	0	0	0	0	0	0	0	0	0	0	
N51	2.8844e-006	6.28807e-006	4.03719e-005	0.000431431	0.00567582	0.0504021	0.189212	0.220401	0.111429	0.0320819	0.0153043	0.0354316	0.0735556	0.100104	0.0890362	0.0518435	0.0195538	0.00471571	0.000703104	6.55586e-005	3.77591e-006	1.81849e-007	6.73585e-009	2.88344e-010	7.87047e-012	2.28549e-013	3.9363e-015	7.18933e-017	8.03471e-019	9.74683e-021	7.43205e-023	6.32796e-025	3.43154e-027	2.14609e-029	8.55121e-032	4.07489e-034	1.22385e-036	4.58314e-039	1.0592e-041	3.21026e-044	5.93044e-047	1.5992e-049	3.38536e-052	1.40927e-054	7.68094e-057	
Stolotermes_sp	0	0	0	0	0	0	0	0	0	1	0	0	0	0	0	0	0	0	0	0	0	0	0	0	0	0	0	0	0	0	0	0	0	0	0	0	0	0	0	0	0	0	0	0	0	
N52	1.1407e-009	2.50735e-009	1.02949e-007	5.08711e-006	0.000166168	0.00273255	0.0122452	0.00469872	0.000547069	3.14515e-005	1.38273e-006	1.47506e-006	2.73979e-005	0.000411669	0.003918	0.0228693	0.077793	0.16773	0.207756	0.346104	0.110472	0.0394745	0.00272775	0.000279294	6.99626e-006	2.96196e-007	3.49561e-009	7.45893e-011	4.80244e-013	5.8582e-015	2.26073e-017	1.72942e-019	4.27162e-022	2.20549e-024	3.65907e-027	1.35369e-029	1.56726e-032	4.38399e-035	3.65121e-038	8.07694e-041	5.2316e-044	1.20416e-046	2.10937e-049	1.58527e-051	1.22831e-053	
Zootermopsis_angusticollis	0	0	0	0	0	0	0	0	0	0	0	0	0	0	0	0	0	0	0	1	0	0	0	0	0	0	0	0	0	0	0	0	0	0	0	0	0	0	0	0	0	0	0	0	0	
Zootermopsis_nevadensis	0	0	0	0	0	0	0	0	0	0	0	0	0	0	0	0	0	0	0	1	0	0	0	0	0	0	0	0	0	0	0	0	0	0	0	0	0	0	0	0	0	0	0	0	0	
N53	0.000126819	0.000365538	0.00108231	0.00268524	0.00654048	0.017275	0.0422612	0.0835473	0.128663	0.158187	0.160136	0.139812	0.104903	0.0728188	0.0420722	0.0226223	0.00840176	0.00477543	0.00138872	0.00146728	0.000371109	0.000361035	7.0769e-005	5.23632e-005	8.01216e-006	4.54697e-006	5.51856e-007	2.45993e-007	2.47426e-008	9.44715e-009	8.30178e-010	2.8807e-010	2.53922e-011	9.94315e-012	9.02338e-013	3.22928e-013	2.7634e-014	9.84001e-015	6.70669e-016	1.67534e-016	1.01986e-017	3.64322e-018	2.37382e-019	1.4313e-019	1.3288e-019	
Mastotermes_darwiniensis	0	0	0	0	0	0	0	0	0	0	0	0	0	0	0	0	0	0	0	0	0	0	0	0	0	0	0	0	0	0	0	0	0	0	0	0	0	0	0	0	0	0	1	0	0	
Porotermes_adamsoni	0	0	0	0	0	0	0	0	0	0	0	0	0	1	0	0	0	0	0	0	0	0	0	0	0	0	0	0	0	0	0	0	0	0	0	0	0	0	0	0	0	0	0	0	0	
N54	0.012492	0.0393413	0.121532	0.254883	0.307722	0.190432	0.0591352	0.0110876	0.00210624	0.000766058	0.000340582	0.000121583	3.21859e-005	6.30558e-006	9.06123e-007	9.7134e-008	7.63799e-009	4.68488e-010	2.16543e-011	8.87779e-013	2.83071e-014	8.88329e-016	2.05348e-017	4.72594e-019	7.66611e-021	1.24955e-022	1.42817e-024	1.67823e-026	1.38912e-028	1.21882e-030	7.5332e-033	5.1136e-035	2.4319e-037	1.32194e-039	4.97218e-042	2.22812e-044	6.82338e-047	2.60055e-049	6.68852e-052	2.25061e-054	5.45234e-057	1.98468e-059	7.12179e-062	3.76556e-064	2.34773e-066	
N55	0.0208359	0.0920573	0.294096	0.377105	0.177092	0.0351517	0.0034501	0.0002025	9.32813e-006	4.17654e-007	1.6856e-008	5.27998e-010	1.20665e-011	1.99952e-013	2.41926e-015	2.16572e-017	1.45172e-019	7.41362e-022	2.92631e-024	9.13363e-027	2.28589e-029	4.71855e-032	8.05061e-035	1.20348e-037	1.5296e-040	2.3162e-043	3.25362e-046	1.07285e-048	1.93982e-051	7.40587e-054	1.16663e-056	3.64537e-059	4.70261e-062	1.17877e-064	1.24171e-067	2.51359e-070	2.16996e-073	3.58416e-076	2.54405e-079	3.46452e-082	2.0397e-085	2.34695e-088	1.25473e-091	1.54624e-094	1.99818e-097	
Cryptocercus_primarius	0	0	0	1	0	0	0	0	0	0	0	0	0	0	0	0	0	0	0	0	0	0	0	0	0	0	0	0	0	0	0	0	0	0	0	0	0	0	0	0	0	0	0	0	0	
Cryptocercus_relictus	0	0	1	0	0	0	0	0	0	0	0	0	0	0	0	0	0	0	0	0	0	0	0	0	0	0	0	0	0	0	0	0	0	0	0	0	0	0	0	0	0	0	0	0	0	
Cryptocercus_punctulatus	0	0	0	0	0	0	0	0	0	0	0	0	0	0	0	0	0	1	0	0	0	0	0	0	0	0	0	0	0	0	0	0	0	0	0	0	0	0	0	0	0	0	0	0	0	
N56	0.0100733	0.0226701	0.0585436	0.129145	0.21018	0.238007	0.183937	0.0977297	0.0367781	0.0103054	0.00221167	0.000368125	4.61403e-005	4.61493e-006	3.62588e-007	3.00289e-008	2.07275e-009	1.72569e-010	9.50201e-012	5.80608e-013	2.17861e-014	9.05922e-016	2.31467e-017	6.7505e-019	1.20729e-020	2.57843e-022	3.31919e-024	5.4105e-026	5.15939e-028	6.70929e-030	4.86886e-032	5.24401e-034	3.0372e-036	2.92313e-038	1.43776e-040	1.28559e-042	6.25021e-045	5.96891e-047	2.8357e-049	2.44464e-051	1.27128e-053	1.22143e-055	8.62576e-058	1.02605e-059	1.46312e-061	
N57	0.000389182	0.00139126	0.00571301	0.0259136	0.0964075	0.223758	0.287795	0.20616	0.0927792	0.0373929	0.015006	0.0056004	0.00131413	0.000332938	4.09995e-005	6.52943e-006	3.74915e-007	2.81271e-008	7.33627e-010	2.61813e-011	3.35114e-013	6.23438e-015	4.24324e-017	4.46412e-019	1.75001e-021	1.14758e-023	2.73202e-026	1.169e-028	1.85416e-031	6.20339e-034	6.7368e-037	1.64717e-039	1.55264e-042	4.30702e-045	2.96247e-048	5.22263e-051	3.64176e-054	7.72348e-057	3.49815e-060	4.02105e-063	1.84605e-066	2.64075e-069	1.00816e-072	1.26071e-075	1.85006e-078	
N58	2.57215e-005	0.000165193	0.00196028	0.0191218	0.109146	0.289442	0.309623	0.143836	0.0449714	0.0233976	0.0224261	0.0193307	0.0109973	0.00413229	0.00102144	0.000308527	6.29236e-005	2.67687e-005	3.35647e-006	7.59475e-007	4.563e-008	4.96186e-009	1.5071e-010	8.53224e-012	1.42436e-013	4.60192e-015	4.53282e-017	9.03589e-019	5.57995e-021	7.45652e-023	3.04001e-025	2.88332e-027	8.18091e-030	6.10711e-032	1.26859e-034	7.69884e-037	1.47052e-039	1.22165e-041	1.95549e-044	1.25235e-046	2.98869e-049	3.10064e-051	7.05456e-054	7.40571e-056	9.25536e-058	
N59	1.14005e-005	4.60568e-005	0.000484966	0.00814336	0.0755248	0.27645	0.340994	0.161803	0.048552	0.0275192	0.0257795	0.0202311	0.0103378	0.0033108	0.000688047	0.000108434	1.34315e-005	1.39195e-006	8.94393e-008	4.01247e-009	1.04209e-010	1.91328e-012	2.18352e-014	1.94008e-016	1.11166e-018	6.92574e-021	2.64485e-023	2.55812e-025	9.23699e-028	1.0741e-029	3.04564e-032	2.68661e-034	5.65869e-037	3.70696e-039	5.94193e-042	3.05235e-044	4.14421e-047	1.94654e-049	2.32357e-052	9.86689e-055	1.17171e-057	4.91809e-060	5.48315e-063	2.33463e-065	9.31257e-068	
Blatta_orientalis	0	0	0	0	0	0	0	0	0	0	0	0	0	0	0	0	0	1	0	0	0	0	0	0	0	0	0	0	0	0	0	0	0	0	0	0	0	0	0	0	0	0	0	0	0	
N60	3.39163e-006	5.18461e-006	1.46591e-005	0.000280728	0.00663526	0.0718639	0.291606	0.393762	0.17449	0.0477624	0.0116666	0.00176334	0.000140625	6.15474e-006	1.59528e-007	2.66598e-009	3.03068e-011	2.39189e-013	1.27232e-015	4.56361e-018	1.10268e-020	1.84259e-023	2.1702e-026	1.88572e-029	1.21658e-032	7.37732e-036	4.21865e-039	1.00631e-041	1.09949e-044	4.03492e-047	3.6382e-050	1.01945e-052	7.02395e-056	1.48593e-058	7.91824e-062	1.29762e-064	5.54834e-068	7.33626e-071	2.57906e-074	2.80319e-077	8.21648e-081	7.35781e-084	1.86341e-087	1.55681e-090	9.85091e-094	
N61	5.9991e-007	2.27802e-006	5.57551e-006	1.93818e-005	0.000133506	0.00413119	0.0677238	0.359532	0.403044	0.145577	0.0191004	0.000718195	1.22022e-005	1.21074e-007	7.47546e-010	9.39425e-012	5.40345e-014	9.40503e-016	3.08062e-018	2.91789e-020	5.21594e-023	2.66355e-025	2.83004e-028	8.51122e-031	5.9047e-034	1.25562e-036	6.3984e-040	1.1026e-042	4.5191e-046	6.35503e-049	2.09469e-052	2.29885e-055	5.96728e-059	5.39877e-062	1.07468e-065	8.37928e-069	1.89661e-072	3.09206e-075	4.92292e-079	5.09644e-082	1.68859e-085	3.30059e-088	5.66792e-092	7.5736e-095	1.25821e-097	
Periplaneta_americana	0	0	0	0	0	0	0	0	0	0	1	0	0	0	0	0	0	0	0	0	0	0	0	0	0	0	0	0	0	0	0	0	0	0	0	0	0	0	0	0	0	0	0	0	0	
Periplaneta_brunnea	0	0	0	0	0	0	0	1	0	0	0	0	0	0	0	0	0	0	0	0	0	0	0	0	0	0	0	0	0	0	0	0	0	0	0	0	0	0	0	0	0	0	0	0	0	
N62	3.25791e-007	8.83243e-008	9.82137e-008	6.96739e-006	0.000525695	0.0179987	0.218016	0.622342	0.133075	0.00782603	0.000206314	2.91838e-006	2.31478e-008	1.06679e-010	2.98848e-013	5.72049e-016	7.91764e-019	2.03782e-021	3.48242e-024	1.66671e-026	2.06415e-029	6.42041e-032	5.11323e-035	1.03685e-037	5.85567e-041	8.93822e-044	3.977e-047	4.97259e-050	1.77164e-053	1.72047e-056	4.69915e-060	3.38569e-063	6.9299e-067	3.75636e-070	5.75651e-074	2.44061e-077	2.85473e-081	1.036e-084	9.42237e-089	3.11837e-092	3.22452e-096	2.15381e-099	3.92115e-103	4.36941e-106	5.03943e-109	
Periplaneta_australasiae	0	0	0	0	0	0	0	1	0	0	0	0	0	0	0	0	0	0	0	0	0	0	0	0	0	0	0	0	0	0	0	0	0	0	0	0	0	0	0	0	0	0	0	0	0	
Periplaneta_fuliginosa	0	0	0	0	0	0	0	1	0	0	0	0	0	0	0	0	0	0	0	0	0	0	0	0	0	0	0	0	0	0	0	0	0	0	0	0	0	0	0	0	0	0	0	0	0	
Deropeltis_erythrocephala	0	0	0	0	0	0	0	0	0	0	0	0	0	0	0	0	0	0	1	0	0	0	0	0	0	0	0	0	0	0	0	0	0	0	0	0	0	0	0	0	0	0	0	0	0	
N63	0.000342312	0.00116648	0.00480383	0.0210795	0.0796028	0.197749	0.281877	0.228278	0.114431	0.0457689	0.0170103	0.00606841	0.00139767	0.000372487	4.12991e-005	1.00816e-005	4.13177e-007	1.24415e-007	1.77765e-009	6.96152e-010	5.22285e-012	1.56423e-012	7.88853e-015	1.5672e-015	6.04229e-018	1.00204e-018	3.21753e-021	4.98386e-022	1.38034e-024	1.99444e-025	4.2807e-028	4.47278e-029	8.88406e-032	1.01218e-032	1.4151e-035	9.23471e-037	1.40317e-039	1.44035e-040	1.23924e-043	4.31393e-045	5.71164e-048	6.70716e-049	3.47385e-052	7.05531e-054	4.8886e-055	
N64	6.26164e-005	0.000155921	0.000687838	0.00282786	0.0039278	0.0046108	0.0255723	0.140533	0.307469	0.310553	0.157321	0.0409229	0.005076	0.000272177	7.79904e-006	1.71529e-007	2.62438e-009	4.14687e-011	4.18887e-013	4.45761e-015	2.83144e-017	1.93779e-019	7.93199e-022	3.65906e-024	1.01539e-026	3.35529e-029	6.62485e-032	1.6534e-034	2.42894e-037	4.79799e-040	5.44073e-043	8.78585e-046	8.02708e-049	1.11647e-051	8.51011e-055	1.04328e-057	7.2372e-061	8.77454e-064	5.60452e-067	6.24077e-070	4.23245e-073	5.35061e-076	5.0432e-079	8.20359e-082	1.40915e-084	
Eurycotis_floridana	0	0	0	0	0	0	0	1	0	0	0	0	0	0	0	0	0	0	0	0	0	0	0	0	0	0	0	0	0	0	0	0	0	0	0	0	0	0	0	0	0	0	0	0	0	
Pelmatosilpha_sp	0	0	0	0	0	0	0	0	0	0	0	0	1	0	0	0	0	0	0	0	0	0	0	0	0	0	0	0	0	0	0	0	0	0	0	0	0	0	0	0	0	0	0	0	0	
Periplaneta_japonica	0	0	0	0	0	0	0	0	0	0	1	0	0	0	0	0	0	0	0	0	0	0	0	0	0	0	0	0	0	0	0	0	0	0	0	0	0	0	0	0	0	0	0	0	0	
Lamproblatta_albipalpus	0	0	1	0	0	0	0	0	0	0	0	0	0	0	0	0	0	0	0	0	0	0	0	0	0	0	0	0	0	0	0	0	0	0	0	0	0	0	0	0	0	0	0	0	0	
N65	0.00136394	0.00342987	0.0113688	0.0401018	0.119096	0.241174	0.292586	0.199622	0.074182	0.0152109	0.0017261	0.000131839	6.73744e-006	5.42389e-007	2.30081e-008	1.57785e-009	3.73561e-011	1.36564e-012	1.74119e-014	3.49484e-016	2.52337e-018	2.96907e-020	1.2697e-022	9.38296e-025	2.48342e-027	1.25253e-029	2.13426e-032	7.85601e-035	9.3963e-038	3.10497e-040	2.87585e-043	8.43139e-046	9.34382e-049	4.06817e-051	3.42553e-054	8.8672e-057	8.93081e-060	2.98816e-062	1.80839e-065	3.14123e-068	2.15766e-071	5.0403e-074	2.67698e-077	5.07334e-080	1.15612e-082	
N66	0.00147232	0.00385497	0.010077	0.0268547	0.0776449	0.182379	0.277016	0.249119	0.127798	0.0370735	0.00605246	0.000614729	3.85172e-005	4.47959e-006	2.41548e-007	4.66061e-008	1.4633e-009	1.5832e-010	2.67492e-012	1.56685e-013	1.51716e-015	5.06178e-017	2.97201e-019	5.95354e-021	2.22196e-023	2.84471e-025	6.99052e-028	6.04821e-030	1.0235e-032	6.84745e-035	8.21336e-038	4.30633e-040	5.32158e-043	5.61909e-045	4.83994e-048	2.66008e-050	4.47431e-053	5.67445e-055	3.51828e-058	1.32658e-060	1.54869e-063	1.40469e-065	7.36538e-069	3.25165e-071	2.28258e-073	
N67	0.00108884	0.00421606	0.0103794	0.0159034	0.0385231	0.109696	0.219165	0.274815	0.207322	0.0917506	0.023141	0.00360772	0.000333154	5.28143e-005	3.71285e-006	9.00807e-007	3.48252e-008	4.54276e-009	9.00841e-011	6.13027e-012	6.72615e-014	2.54172e-015	1.65429e-017	3.7024e-019	1.51786e-021	2.16068e-023	5.85116e-026	5.65099e-028	1.06943e-030	8.05964e-033	1.09747e-035	6.51755e-038	9.13688e-041	1.09139e-042	1.09537e-045	6.94384e-048	1.35247e-050	2.0474e-052	1.51883e-055	6.84225e-058	9.51961e-061	1.05007e-062	6.62014e-066	3.56098e-068	3.12467e-070	
N68	0.000306874	0.00128001	0.00366405	0.00626275	0.0153111	0.0505098	0.128159	0.224567	0.260866	0.191546	0.0825405	0.026215	0.004734	0.00331344	0.000414014	0.000286721	1.7042e-005	5.64324e-006	1.64222e-007	2.66686e-008	4.18182e-010	3.72317e-011	3.76679e-013	2.31775e-014	1.91097e-016	9.28256e-018	5.85065e-020	1.94493e-021	8.47667e-024	2.29459e-025	6.45376e-028	1.15811e-029	4.42962e-032	2.45351e-033	3.96585e-036	5.63724e-038	2.17011e-040	9.70808e-042	9.68634e-045	8.04454e-047	1.83838e-049	5.31118e-051	3.82343e-054	3.23391e-056	5.5586e-058	
N69	1.58764e-005	7.36502e-005	0.000153954	0.000200745	0.000622376	0.00345158	0.0191645	0.0773999	0.196238	0.292734	0.246029	0.11909	0.0345236	0.00831548	0.00151795	0.000405826	5.21433e-005	1.09803e-005	8.33861e-007	1.78224e-007	2.52677e-008	1.06564e-008	1.46806e-009	4.05752e-010	3.37729e-011	5.67898e-012	2.87585e-013	3.02042e-014	9.53608e-016	6.61374e-017	1.33052e-018	6.28638e-020	9.072e-022	3.7186e-023	3.95296e-025	1.11994e-026	1.06754e-028	3.34506e-030	1.97776e-032	3.30049e-034	1.91529e-036	4.30013e-038	1.90492e-040	3.9921e-042	1.29266e-043	
N70	3.12305e-006	1.4062e-005	3.03582e-005	4.83921e-005	0.000172927	0.00127271	0.00983458	0.0531054	0.169725	0.296746	0.273992	0.138349	0.0431807	0.0106682	0.00230152	0.000474398	7.06566e-005	9.8836e-006	7.86864e-007	1.17656e-007	7.85975e-009	1.28482e-009	7.15935e-011	6.07406e-012	2.18809e-013	9.43566e-015	2.02043e-016	4.72172e-018	6.00538e-020	8.09298e-022	6.29142e-024	5.14173e-026	2.67678e-028	1.56331e-030	5.77295e-033	2.30081e-035	6.4387e-038	2.29404e-040	4.68767e-043	1.09607e-045	1.58175e-048	4.56909e-051	1.06969e-053	1.86355e-055	4.31047e-057	
N71	2.01195e-007	9.41799e-007	2.29016e-006	6.50869e-006	3.06392e-005	0.000271242	0.00327057	0.0277887	0.128053	0.287463	0.30546	0.164483	0.0567078	0.0183132	0.00604581	0.0016952	0.000333878	6.30727e-005	7.63055e-006	3.46534e-006	2.82884e-007	9.09442e-008	3.42785e-009	5.20591e-010	9.47617e-012	7.12381e-013	6.7893e-015	2.69772e-016	1.45543e-018	3.25758e-020	1.06338e-022	1.42484e-024	2.98519e-027	2.57624e-029	3.63651e-032	2.14504e-034	2.14227e-037	9.42748e-040	6.93304e-043	2.31229e-045	1.38358e-048	5.15705e-051	4.89256e-054	5.57714e-056	7.82558e-058	
N72	1.22622e-008	8.29581e-008	4.20222e-007	1.53711e-006	8.61249e-006	0.000114141	0.00230611	0.0287102	0.155705	0.332306	0.282051	0.111279	0.038274	0.0215118	0.0124569	0.0077735	0.00462313	0.00193237	0.000528951	0.000216985	7.77597e-005	8.97762e-005	2.04207e-005	1.14892e-005	1.17983e-006	2.93554e-007	1.37914e-008	1.57593e-009	3.58756e-011	2.00525e-012	2.38185e-014	7.01598e-016	4.66988e-018	7.85868e-020	3.11237e-022	3.24335e-024	8.0288e-027	5.59733e-029	9.0317e-032	4.49959e-034	4.95096e-037	1.97642e-039	3.9339e-042	6.28398e-044	1.24207e-045	
N73	1.51154e-009	2.33645e-008	3.3387e-007	3.83958e-006	1.92143e-005	5.24673e-005	0.00045303	0.00829277	0.0757532	0.267335	0.348719	0.19355	0.0632902	0.0193473	0.00788727	0.00651927	0.00509793	0.00248069	0.000795488	0.000248661	9.43459e-005	4.4924e-005	1.2071e-005	2.80632e-006	3.05714e-007	2.7277e-008	1.16977e-009	3.95446e-011	7.08725e-013	1.05424e-014	8.67277e-017	8.88635e-019	4.29792e-021	9.06517e-023	3.91259e-025	1.07588e-026	3.40128e-029	6.61202e-031	1.46018e-033	1.92999e-035	3.07591e-038	2.90387e-040	5.82126e-043	1.06838e-044	2.36951e-046	
N74	3.07534e-011	2.90729e-009	1.59048e-007	2.32745e-006	6.48899e-006	8.21353e-006	8.93864e-006	6.85898e-005	0.00161868	0.0226877	0.137672	0.336633	0.33003	0.133714	0.0288854	0.00653352	0.00161384	0.000383504	0.000102102	2.59176e-005	4.96498e-006	6.12947e-007	4.35733e-008	1.79486e-009	4.08316e-011	5.49723e-013	4.29977e-015	2.06501e-017	6.22859e-020	1.2439e-022	1.66757e-025	1.64511e-028	1.14048e-031	7.80462e-035	3.69618e-038	4.64889e-041	3.03358e-044	9.50822e-047	7.78594e-050	2.43461e-052	2.42491e-055	1.06489e-057	4.40807e-060	1.88712e-062	6.3425e-065	
N75	2.73308e-012	3.062e-010	2.38106e-008	4.27251e-007	1.18849e-006	1.31628e-006	3.94882e-006	2.43625e-005	0.000163599	0.00180884	0.0264782	0.174052	0.395014	0.298515	0.0881508	0.0137543	0.0017631	0.000235721	2.92863e-005	2.7683e-006	1.50578e-007	4.7594e-009	7.42832e-011	7.17933e-013	3.18042e-015	1.58633e-017	2.42818e-020	2.19481e-022	2.12351e-025	2.65799e-027	2.14132e-030	1.87636e-032	1.08306e-035	5.81922e-038	2.30116e-041	8.47468e-044	2.52873e-047	8.71761e-050	2.42889e-053	9.74528e-056	2.82429e-059	1.30091e-061	9.3491e-065	9.07388e-067	6.96597e-069	
N76	1.88601e-012	2.43722e-010	1.74492e-008	1.48289e-007	2.72291e-007	4.40045e-007	2.34564e-006	6.5795e-006	2.70593e-005	0.000568849	0.0135743	0.136233	0.399622	0.334018	0.100913	0.01382	0.00113786	7.22806e-005	3.62159e-006	1.21096e-007	2.24016e-009	2.36284e-011	1.79887e-013	2.40186e-015	3.56687e-017	1.24329e-018	1.71965e-020	3.69991e-021	3.02679e-023	3.77903e-024	1.47595e-026	8.99541e-028	1.83291e-030	5.62506e-032	6.67096e-035	1.121e-036	8.70049e-040	9.50455e-042	5.55706e-045	5.12114e-047	2.61318e-050	2.38488e-052	1.17102e-055	1.15542e-057	5.43925e-060	
Archimandrita_tessellata	0	0	0	0	0	0	0	0	0	0	0	0	0	0	0	0	1	0	0	0	0	0	0	0	0	0	0	0	0	0	0	0	0	0	0	0	0	0	0	0	0	0	0	0	0	
N77	1.63195e-012	1.27202e-010	4.70176e-009	5.79308e-009	1.01292e-009	3.2959e-010	4.7219e-009	1.40825e-007	8.39506e-006	0.000562617	0.0204419	0.265104	0.54241	0.156836	0.0140801	0.000545519	1.11352e-005	1.40067e-007	1.31682e-009	7.8435e-011	2.67548e-011	6.58118e-012	1.06663e-012	1.18357e-013	9.66299e-015	3.05622e-015	6.67368e-016	6.79373e-016	8.28538e-017	3.56586e-017	1.47142e-018	1.56783e-019	1.57381e-021	5.65423e-023	2.36157e-025	3.93778e-027	8.80045e-030	8.07587e-032	1.12705e-034	6.62381e-037	6.45121e-040	2.75189e-042	2.05983e-045	7.44496e-048	1.74041e-050	
Blaberus_discoidalis	0	0	0	0	0	0	0	0	0	0	0	0	1	0	0	0	0	0	0	0	0	0	0	0	0	0	0	0	0	0	0	0	0	0	0	0	0	0	0	0	0	0	0	0	0	
Blaberus_giganteus	0	0	0	0	0	0	0	0	0	0	0	0	0	0	0	0	0	0	0	0	0	0	0	0	0	0	0	0	0	0	1	0	0	0	0	0	0	0	0	0	0	0	0	0	0	
Byrsotria_fumigata	0	0	0	0	0	0	0	0	0	0	0	0	0	0	0	0	0	1	0	0	0	0	0	0	0	0	0	0	0	0	0	0	0	0	0	0	0	0	0	0	0	0	0	0	0	
N78	7.86971e-010	3.85192e-008	1.31317e-007	1.55252e-007	7.07751e-007	4.4564e-006	2.01556e-005	6.33186e-005	0.00048091	0.0203702	0.19202	0.356546	0.289654	0.115319	0.0220976	0.00190065	0.000278036	0.000410056	0.000420035	0.000267351	0.000108727	3.00109e-005	5.8186e-006	1.65078e-006	3.49771e-007	1.27939e-007	1.10274e-008	6.96802e-010	1.03062e-011	1.9048e-013	1.12727e-015	9.38501e-018	2.83488e-020	1.28486e-022	2.26203e-025	6.44821e-028	7.39445e-031	1.50744e-033	1.24841e-036	1.95798e-039	1.24011e-042	1.52197e-045	8.2295e-049	1.12498e-051	2.023e-054	
Eublaberus_distanti	0	0	0	0	0	0	0	0	0	0	0	0	0	0	0	0	0	0	0	0	0	0	0	0	0	0	1	0	0	0	0	0	0	0	0	0	0	0	0	0	0	0	0	0	0	
Eublaberus_posticus	0	0	0	0	0	0	0	0	0	0	0	0	0	0	0	1	0	0	0	0	0	0	0	0	0	0	0	0	0	0	0	0	0	0	0	0	0	0	0	0	0	0	0	0	0	
Gromphadorhina_portentosa	0	0	0	0	0	0	0	0	0	0	0	0	0	0	0	0	0	0	0	0	0	0	0	0	0	1	0	0	0	0	0	0	0	0	0	0	0	0	0	0	0	0	0	0	0	
N79	7.74224e-010	2.07177e-009	4.56203e-009	1.51746e-008	3.0483e-007	2.2594e-005	0.00090356	0.00741351	0.0134452	0.00941784	0.00127286	5.80808e-005	2.68443e-005	2.24985e-005	1.2417e-005	4.68263e-006	7.13498e-006	0.000114378	0.00134893	0.0100388	0.0422204	0.125294	0.197019	0.306214	0.181898	0.0883201	0.0138217	0.00107391	2.87393e-005	6.44765e-007	6.60821e-009	6.73473e-011	3.45374e-013	1.96616e-015	5.79756e-018	2.09849e-020	3.89456e-023	9.82347e-026	1.22528e-028	2.30569e-031	2.08568e-034	3.40067e-037	4.3644e-040	1.36372e-042	4.93776e-045	
Lanxoblatta_emarginata	0	0	0	0	0	0	0	0	0	0	0	0	0	0	0	0	0	0	0	0	0	0	0	0	0	0	1	0	0	0	0	0	0	0	0	0	0	0	0	0	0	0	0	0	0	
Phoetalia_sp	0	0	0	0	0	0	0	0	0	0	0	0	0	0	0	0	0	0	0	0	1	0	0	0	0	0	0	0	0	0	0	0	0	0	0	0	0	0	0	0	0	0	0	0	0	
N80	6.8466e-008	4.13876e-007	2.80113e-006	1.21884e-005	3.85211e-005	0.000145645	0.000872301	0.00652919	0.0368482	0.126786	0.251513	0.285945	0.189932	0.0768475	0.0202022	0.00374325	0.000515597	6.03965e-005	5.77973e-006	8.66036e-007	7.51507e-008	1.25093e-008	7.01786e-010	8.10839e-011	2.79556e-012	2.03846e-013	4.43674e-015	2.04846e-016	2.92546e-018	9.04734e-020	8.87511e-022	1.99663e-023	1.42858e-025	2.55115e-027	1.44067e-029	2.18414e-031	1.04948e-033	1.38703e-035	5.82315e-038	6.63109e-040	2.48426e-042	2.75147e-044	1.75033e-046	4.94465e-048	1.90353e-049	
Epilampra_sp	0	0	0	0	0	0	0	0	0	0	0	0	0	0	1	0	0	0	0	0	0	0	0	0	0	0	0	0	0	0	0	0	0	0	0	0	0	0	0	0	0	0	0	0	0	
Nauphoeta_cinerea	0	0	0	0	0	0	0	0	0	0	0	0	1	0	0	0	0	0	0	0	0	0	0	0	0	0	0	0	0	0	0	0	0	0	0	0	0	0	0	0	0	0	0	0	0	
Pycnoscelus_surinamensis	0	0	0	0	0	0	0	0	0	0	0	1	0	0	0	0	0	0	0	0	0	0	0	0	0	0	0	0	0	0	0	0	0	0	0	0	0	0	0	0	0	0	0	0	0	
Macropanesthia_rhinoceros	0	0	0	0	0	0	0	0	0	0	0	0	0	0	0	0	0	0	0	0	0	0	0	0	0	0	0	0	0	0	0	0	0	1	0	0	0	0	0	0	0	0	0	0	0	
N81	9.01294e-005	0.000407373	0.00211485	0.00836359	0.0236071	0.0488282	0.0761824	0.100161	0.132264	0.174696	0.18938	0.143372	0.0708601	0.0232796	0.00519892	0.0010015	0.000152618	3.51931e-005	4.3858e-006	8.06898e-007	5.82188e-008	5.91794e-009	2.34385e-010	1.3177e-011	2.97626e-013	9.84033e-015	1.32865e-016	2.7651e-018	2.34255e-020	3.29978e-022	1.84191e-024	1.87167e-026	7.32829e-029	5.85258e-031	1.73925e-033	1.12366e-035	2.79965e-038	1.72079e-040	3.69952e-043	1.98337e-045	4.77876e-048	3.60233e-050	1.41437e-052	1.49425e-054	1.69063e-056	
N82	6.67165e-005	0.000315189	0.00193808	0.00976404	0.0330906	0.0684609	0.0867269	0.0820839	0.0916379	0.13497	0.17502	0.160791	0.0994758	0.0413455	0.0116542	0.00229511	0.000323807	3.69169e-005	3.34098e-006	3.68508e-007	2.78621e-008	3.91953e-009	2.33469e-010	2.91782e-011	1.23892e-012	1.10754e-013	3.28827e-015	2.04382e-016	4.28666e-018	1.88058e-019	2.83402e-021	9.00665e-023	9.9548e-025	2.37118e-026	1.96424e-028	3.63533e-030	2.32523e-032	3.51781e-034	1.80134e-036	2.3067e-038	1.01522e-040	1.24811e-042	6.95776e-045	1.6803e-046	6.66252e-048	
Diploptera_punctata	0	0	0	0	0	0	0	0	0	0	0	0	0	0	0	0	0	1	0	0	0	0	0	0	0	0	0	0	0	0	0	0	0	0	0	0	0	0	0	0	0	0	0	0	0	
Galiblatta_sp	0	0	0	0	0	0	0	1	0	0	0	0	0	0	0	0	0	0	0	0	0	0	0	0	0	0	0	0	0	0	0	0	0	0	0	0	0	0	0	0	0	0	0	0	0	
N83	4.51042e-005	0.000187278	0.000829261	0.00302813	0.010709	0.0315933	0.0579223	0.0636373	0.0557803	0.0713817	0.1258	0.183364	0.184375	0.125885	0.0574375	0.0204009	0.00523134	0.00185331	0.000388503	0.000130076	1.70086e-005	3.44631e-006	2.65165e-007	3.2776e-008	1.58759e-009	1.27952e-010	4.1272e-012	2.26772e-013	5.04019e-015	1.9523e-016	3.05531e-018	8.61309e-020	9.71439e-022	2.08702e-023	1.72938e-025	2.92956e-027	1.89003e-029	2.90996e-031	1.5127e-033	2.06998e-035	1.17307e-037	2.35665e-039	2.0825e-041	6.20724e-043	2.37261e-044	
Panchlora_nivea	0	0	0	0	0	0	0	0	0	0	0	1	0	0	0	0	0	0	0	0	0	0	0	0	0	0	0	0	0	0	0	0	0	0	0	0	0	0	0	0	0	0	0	0	0	
Rhabdoblatta_sp	0	0	0	0	0	0	0	0	0	0	0	0	0	0	0	0	0	0	1	0	0	0	0	0	0	0	0	0	0	0	0	0	0	0	0	0	0	0	0	0	0	0	0	0	0	
N84	0.00400926	0.00832333	0.0205246	0.0535447	0.121048	0.203922	0.240105	0.193028	0.10507	0.0387559	0.00974631	0.0016953	0.000207361	1.83202e-005	1.1924e-006	6.0748e-008	2.48176e-009	1.03475e-010	4.06087e-012	2.19327e-013	8.84356e-015	4.30391e-016	1.34388e-017	4.84532e-019	1.11579e-020	2.98169e-022	5.10741e-024	1.03872e-025	1.34408e-027	2.14484e-029	2.13212e-031	2.75333e-033	2.14213e-035	2.31116e-037	1.43424e-039	1.32866e-041	6.75936e-044	5.61351e-046	2.43715e-048	1.91583e-050	9.06309e-053	1.00105e-054	1.10569e-056	1.91444e-058	3.85372e-060	
Margattea_sp	0	0	0	0	0	0	0	0	0	1	0	0	0	0	0	0	0	0	0	0	0	0	0	0	0	0	0	0	0	0	0	0	0	0	0	0	0	0	0	0	0	0	0	0	0	
Supella_longipalpa	0	0	0	1	0	0	0	0	0	0	0	0	0	0	0	0	0	0	0	0	0	0	0	0	0	0	0	0	0	0	0	0	0	0	0	0	0	0	0	0	0	0	0	0	0	
N85	0.00347772	0.00775455	0.0186364	0.0421588	0.0874102	0.155203	0.213787	0.213591	0.150318	0.0741525	0.0257604	0.00640871	0.00115634	0.000162927	1.85098e-005	2.83437e-006	4.01756e-007	1.02143e-007	1.33113e-008	2.57361e-009	2.34897e-010	3.10447e-011	1.96532e-012	1.81745e-013	8.08704e-015	5.42592e-016	1.72526e-017	8.74389e-019	2.02557e-020	8.10621e-022	1.39627e-023	4.58991e-025	6.0872e-027	1.77383e-028	1.90574e-030	5.20643e-032	5.83935e-034	2.14721e-035	2.44897e-037	7.96685e-039	1.21008e-040	5.11878e-042	1.01969e-043	5.14741e-045	3.47612e-046	
Ectobius_pallidus	0	0	0	0	1	0	0	0	0	0	0	0	0	0	0	0	0	0	0	0	0	0	0	0	0	0	0	0	0	0	0	0	0	0	0	0	0	0	0	0	0	0	0	0	0	
Panchlora_viridis	0	0	0	0	0	0	0	0	0	0	0	0	1	0	0	0	0	0	0	0	0	0	0	0	0	0	0	0	0	0	0	0	0	0	0	0	0	0	0	0	0	0	0	0	0	
N86	0.000954013	0.00257041	0.00911505	0.0331871	0.098375	0.203423	0.271055	0.224245	0.113634	0.0355276	0.00694283	0.00088883	7.61787e-005	6.40518e-006	4.56651e-007	8.23892e-008	5.80626e-009	8.61298e-010	3.81866e-011	3.45135e-012	9.51622e-014	5.33638e-015	9.39199e-017	3.39584e-018	3.92272e-020	9.61359e-022	7.47313e-024	1.30716e-025	7.04082e-028	9.44789e-030	3.63243e-032	3.91741e-034	1.2261e-036	1.52573e-038	4.18933e-041	4.74988e-043	1.98876e-045	3.86876e-047	9.7008e-050	9.4294e-052	3.35652e-054	5.04925e-056	1.33546e-058	1.69556e-060	2.8281e-062	
N87	0.00147452	0.00435265	0.0149786	0.0473224	0.119569	0.214739	0.256691	0.199356	0.100252	0.0329374	0.00716063	0.00105277	0.000106521	7.80386e-006	4.22682e-007	2.15161e-008	9.6839e-010	6.50592e-011	2.95849e-012	1.79377e-013	5.92191e-015	2.49454e-016	5.69204e-018	1.6744e-019	2.68668e-021	5.71309e-023	6.58428e-025	1.0489e-026	8.86816e-029	1.09767e-030	6.94346e-033	6.90434e-035	3.3515e-037	2.80683e-039	1.07601e-041	7.88949e-044	2.64905e-046	2.02924e-048	6.51426e-051	4.93445e-053	1.99819e-055	2.02092e-057	1.34758e-059	1.7768e-061	2.71133e-063	
N88	0.00116802	0.00500721	0.0244324	0.0881794	0.204372	0.286229	0.235941	0.114554	0.0333738	0.00600236	0.000687261	5.17645e-005	2.64085e-006	9.46784e-008	2.44179e-009	5.01056e-011	8.21884e-013	1.8445e-014	3.33151e-016	1.17567e-017	1.91391e-019	5.54154e-021	6.65099e-023	1.40324e-024	1.23898e-026	1.93213e-028	1.27423e-030	1.50397e-032	7.52106e-035	6.88841e-037	2.64691e-039	1.92692e-041	5.76941e-044	3.43528e-046	8.11457e-049	4.0454e-051	7.77126e-054	3.49974e-056	5.61614e-059	2.32662e-061	3.928e-064	2.38625e-066	8.35857e-069	9.57034e-071	1.24876e-072	
N89	0.000115492	0.00115943	0.0124805	0.0809148	0.264857	0.377506	0.207542	0.0492802	0.00576073	0.000369139	1.40229e-005	3.40281e-007	5.51549e-009	6.84943e-011	6.60592e-013	8.39055e-015	8.33451e-017	1.31665e-018	1.06925e-020	1.25863e-022	7.1707e-025	5.92946e-027	2.39535e-029	1.43569e-031	4.20799e-034	1.89465e-036	4.11054e-039	1.43688e-041	2.35389e-044	6.62843e-047	8.33593e-050	1.94861e-052	1.95827e-055	4.17781e-058	3.5044e-061	7.01856e-064	6.2292e-067	1.62757e-069	1.36195e-072	2.93673e-075	2.98028e-078	8.1884e-081	1.01057e-083	3.29331e-086	1.18374e-088	
Blattella_bisignata	0	0	0	0	0	1	0	0	0	0	0	0	0	0	0	0	0	0	0	0	0	0	0	0	0	0	0	0	0	0	0	0	0	0	0	0	0	0	0	0	0	0	0	0	0	
Blattella_germanica	0	0	0	0	0	1	0	0	0	0	0	0	0	0	0	0	0	0	0	0	0	0	0	0	0	0	0	0	0	0	0	0	0	0	0	0	0	0	0	0	0	0	0	0	0	
Blattella_sauteri	0	0	0	0	0	1	0	0	0	0	0	0	0	0	0	0	0	0	0	0	0	0	0	0	0	0	0	0	0	0	0	0	0	0	0	0	0	0	0	0	0	0	0	0	0	
Loboptera_decipiens	0	0	0	0	0	0	0	0	0	0	1	0	0	0	0	0	0	0	0	0	0	0	0	0	0	0	0	0	0	0	0	0	0	0	0	0	0	0	0	0	0	0	0	0	0	
N90	0.00039339	0.000922926	0.00254345	0.00801926	0.0266635	0.0761856	0.161611	0.237931	0.23561	0.155841	0.0684627	0.0206389	0.0042797	0.000762755	0.000109094	2.31793e-005	3.03856e-006	5.54177e-007	4.76971e-008	5.48198e-009	2.9563e-010	2.16954e-011	7.54911e-013	3.70783e-014	8.60681e-016	2.97379e-017	4.74372e-019	1.20643e-020	1.36666e-022	2.71064e-024	2.24686e-026	3.62666e-028	2.41958e-030	3.84925e-032	2.24642e-034	3.33074e-036	2.24078e-038	4.12865e-040	2.27096e-042	2.93367e-044	1.75989e-046	2.66449e-048	1.70482e-050	2.85227e-052	6.04058e-054	
N91	0.000141172	0.000431379	0.00134313	0.00318749	0.00581725	0.011847	0.035115	0.101216	0.205104	0.266763	0.216745	0.109781	0.034493	0.00699114	0.000917997	9.72921e-005	7.69942e-006	7.68376e-007	4.82331e-008	3.8494e-009	1.56926e-010	7.99468e-012	2.067e-013	6.84175e-015	1.16811e-016	2.64184e-018	3.09575e-020	5.00944e-022	4.16616e-024	5.03734e-026	3.05657e-028	2.86433e-030	1.30889e-032	1.00035e-034	3.54502e-037	2.28495e-039	6.84739e-042	4.33615e-044	1.16052e-046	6.87214e-049	2.10576e-051	1.62725e-053	8.02399e-056	8.47975e-058	1.01893e-059	
N92	1.43167e-005	9.34074e-005	0.000828862	0.00277777	0.00356125	0.00538298	0.027759	0.115878	0.258557	0.308759	0.197908	0.0665272	0.0110686	0.000850208	3.40011e-005	7.94927e-007	1.17961e-008	1.22383e-010	9.30294e-013	6.81991e-015	4.32548e-017	4.69157e-019	3.11739e-021	3.40419e-023	1.72661e-025	1.36923e-027	5.01335e-030	2.85049e-032	7.63374e-035	3.19193e-037	6.35728e-040	2.00783e-042	3.02202e-045	7.41405e-048	8.5609e-051	1.67687e-053	1.51204e-056	2.44244e-059	1.75578e-062	2.40197e-065	1.42987e-068	1.80603e-071	1.40746e-074	3.62851e-077	1.25202e-079	
Hemithyrsocera_sp	0	0	0	0	0	0	1	0	0	0	0	0	0	0	0	0	0	0	0	0	0	0	0	0	0	0	0	0	0	0	0	0	0	0	0	0	0	0	0	0	0	0	0	0	0	
Xestoblatta_sp	0	0	0	0	0	0	0	0	0	0	0	0	1	0	0	0	0	0	0	0	0	0	0	0	0	0	0	0	0	0	0	0	0	0	0	0	0	0	0	0	0	0	0	0	0	
Symplocodes_sp	0	0	0	0	0	0	0	0	0	0	0	0	0	1	0	0	0	0	0	0	0	0	0	0	0	0	0	0	0	0	0	0	0	0	0	0	0	0	0	0	0	0	0	0	0	
N93	3.57275e-005	9.56372e-005	0.000445941	0.0015833	0.00242682	0.00432423	0.0241225	0.112285	0.260889	0.31213	0.19972	0.0686572	0.0121671	0.00106513	5.11959e-005	1.55985e-006	3.21309e-008	5.53138e-010	7.59291e-012	1.13881e-013	1.28252e-015	1.57269e-017	1.28964e-019	1.12818e-021	6.51356e-024	4.07445e-026	1.69276e-028	7.82733e-031	2.40496e-033	8.50932e-036	1.9805e-038	5.53017e-041	9.97352e-044	2.26765e-046	3.23367e-049	6.1494e-052	7.13148e-055	1.18378e-057	1.15821e-060	1.76075e-063	1.744e-066	3.27149e-069	6.00952e-072	1.70742e-074	5.15066e-077	
Lobopterella_dimidiatipes	0	0	0	0	0	0	0	0	0	0	0	0	1	0	0	0	0	0	0	0	0	0	0	0	0	0	0	0	0	0	0	0	0	0	0	0	0	0	0	0	0	0	0	0	0	
Symploce_sp	0	0	0	0	0	0	0	1	0	0	0	0	0	0	0	0	0	0	0	0	0	0	0	0	0	0	0	0	0	0	0	0	0	0	0	0	0	0	0	0	0	0	0	0	0	
