NODE	7	8	9	10	11	12	13	14	15	16	17	18	19	20	21	22	23	24	25	26	27	28	29	30	31	32	33	34	35	36	37	38	39	40	41	42	43	44	45	46	47	48	49	50	51	
N1	0.000299671	0.000709254	0.00335549	0.0186523	0.0734773	0.187259	0.303164	0.273776	0.116614	0.0210839	0.00156021	4.75947e-005	6.17372e-007	3.55662e-009	9.55985e-012	2.86436e-017	7.47742e-019	1.43662e-020	2.0773e-022	2.30751e-024	2.00629e-026	1.38869e-028	7.76997e-031	3.56302e-033	1.35581e-035	4.32942e-038	1.17197e-040	2.71423e-043	5.42299e-046	9.41867e-049	1.43187e-051	1.91746e-054	2.27499e-057	2.40424e-060	2.27432e-063	1.93449e-066	1.48574e-069	1.03434e-072	6.55087e-076	3.78703e-079	2.00456e-082	9.74378e-086	4.36119e-089	1.8021e-092	7.22618e-096	
N2	0.000367496	0.00128249	0.00669544	0.0294869	0.0891373	0.187189	0.276023	0.25238	0.12314	0.0302125	0.00381147	0.000263019	1.05981e-005	6.72325e-007	4.07719e-008	3.03876e-008	1.36306e-009	6.24009e-010	1.4734e-011	3.80391e-012	4.85591e-014	6.95178e-015	5.03618e-017	3.85191e-018	1.69414e-020	6.84493e-022	1.92876e-024	4.34577e-026	8.04247e-029	1.13412e-030	1.38928e-033	1.39442e-035	1.35081e-038	2.87927e-040	2.30256e-043	4.24519e-045	1.82954e-047	1.0518e-048	6.4794e-052	8.13433e-054	2.456e-056	9.97785e-058	5.62957e-061	9.79861e-063	2.92031e-064	
N3	0.00112433	0.00529127	0.0232213	0.060812	0.0901113	0.105874	0.150819	0.200314	0.186338	0.114152	0.0460677	0.0126836	0.00244778	0.000545895	0.000117966	6.27384e-005	1.19456e-005	4.13149e-006	4.45775e-007	8.58498e-008	5.31822e-009	5.95712e-010	2.2117e-011	1.53244e-012	3.57531e-014	1.65856e-015	2.54961e-017	8.6256e-019	9.18804e-021	2.48409e-022	1.92254e-024	4.49514e-026	3.12578e-028	1.0006e-029	6.94693e-032	2.23111e-033	2.66863e-035	1.20657e-036	7.82706e-039	1.9444e-040	1.80989e-042	5.96081e-044	4.27896e-046	1.26663e-047	4.67449e-049	
N4	7.76095e-005	0.000404889	0.00202052	0.00572605	0.00885563	0.0119579	0.0227621	0.0514605	0.102701	0.157606	0.178109	0.157256	0.104341	0.0827214	0.0470124	0.0430056	0.0150742	0.00735115	0.0012345	0.000293952	2.52032e-005	3.25219e-006	1.57481e-007	1.22643e-008	3.6466e-010	1.87437e-011	3.62107e-013	1.31128e-014	1.74032e-016	4.89018e-018	4.64144e-020	1.06728e-021	9.14155e-024	2.55755e-025	1.88001e-027	4.35205e-029	4.16251e-031	1.2634e-032	8.08393e-035	1.55376e-036	1.27538e-038	3.27517e-040	2.4256e-042	5.99963e-044	1.88498e-045	
N5	1.42991e-005	0.000133448	0.00122239	0.00478485	0.00537421	0.0028838	0.0040231	0.0166402	0.0537158	0.116577	0.174096	0.196214	0.179291	0.132907	0.073411	0.0295913	0.00765442	0.00131744	0.000138282	1.00859e-005	4.6209e-007	1.73114e-008	4.08872e-010	1.14624e-011	1.78612e-013	4.90054e-015	5.57359e-017	1.24581e-018	1.00575e-020	1.65084e-022	9.65842e-025	1.20231e-026	5.53294e-029	5.72783e-031	2.19866e-033	1.94191e-035	6.62491e-038	5.08412e-040	1.40733e-042	8.43089e-045	1.94072e-047	9.82221e-050	2.03041e-052	1.04324e-054	5.48846e-057	
N6	8.16972e-008	2.26205e-006	4.19617e-005	0.000174544	8.7333e-005	1.44897e-005	1.13411e-005	0.000142801	0.00202549	0.0172031	0.0827753	0.220585	0.316819	0.243858	0.0942656	0.0198246	0.00202832	0.000136242	4.34955e-006	1.45079e-007	1.98645e-009	5.25741e-011	4.065e-013	7.74993e-015	3.632e-017	4.4432e-019	1.34008e-021	1.10022e-023	2.30756e-026	1.38513e-028	2.18996e-031	1.03944e-033	1.33768e-036	5.33895e-039	5.7403e-042	1.91567e-044	1.75439e-047	4.99667e-050	3.6578e-053	8.18339e-056	5.02726e-059	9.96495e-062	5.22608e-065	1.13348e-067	2.97793e-070	
N7	1.2971e-009	4.40479e-008	9.13194e-007	4.13628e-006	2.01395e-006	2.90451e-007	1.37857e-007	1.6651e-006	6.05835e-005	0.00142076	0.0176702	0.108541	0.3057	0.364275	0.169556	0.0303711	0.00230925	8.50541e-005	1.66745e-006	2.45795e-008	2.91248e-010	1.38527e-011	1.83988e-013	7.79836e-015	5.98625e-017	1.4765e-018	6.77836e-021	1.02507e-022	2.98322e-025	2.90447e-027	5.63232e-030	3.6818e-032	4.97134e-035	2.27262e-037	2.20076e-040	7.22793e-043	5.15873e-046	1.26523e-048	6.74607e-052	1.24591e-054	5.02575e-058	7.43665e-061	2.99446e-064	8.94674e-067	4.58891e-069	
N8	1.44955e-013	1.48988e-011	9.91765e-010	1.92325e-008	1.60739e-008	1.96708e-009	1.44795e-010	1.25389e-010	1.75635e-008	2.37906e-006	0.000171866	0.00591204	0.0837817	0.396523	0.442977	0.0676991	0.00288569	4.74976e-005	3.67016e-007	1.53694e-009	3.94285e-012	1.3317e-014	5.41323e-017	6.90878e-019	2.52022e-021	1.96479e-023	4.43345e-026	2.03499e-028	2.90561e-031	8.22658e-034	7.57193e-037	1.36892e-039	8.28408e-043	9.85955e-046	4.01185e-049	3.26365e-052	9.13244e-056	5.34426e-059	1.0505e-062	4.68025e-066	6.6154e-070	2.40071e-073	3.36684e-077	2.35581e-080	2.42085e-083	
N9	1.26779e-020	3.69613e-017	5.37847e-014	1.75816e-011	5.44081e-012	3.18235e-014	2.56031e-016	1.8237e-017	3.74648e-014	1.01149e-010	1.29013e-007	6.51084e-005	0.00995088	0.29231	0.666606	0.0308809	0.000186715	2.9631e-007	1.7505e-010	4.74381e-014	6.77279e-018	6.06748e-022	5.44408e-026	8.04065e-029	2.41523e-032	3.90807e-035	6.89074e-039	6.94964e-042	3.93252e-043	3.95429e-044	3.84818e-046	2.22085e-047	1.44892e-049	5.88178e-051	2.72537e-053	3.79809e-054	4.61965e-055	1.75646e-055	3.22594e-057	8.7666e-059	1.69928e-061	1.58758e-063	2.28378e-066	2.75242e-068	7.20567e-070	
N10	1.41341e-021	1.76405e-018	1.08135e-015	1.39015e-013	5.11645e-014	4.12563e-016	4.60296e-017	3.11092e-017	3.06439e-014	6.33199e-011	6.88451e-008	3.34219e-005	0.00567521	0.217814	0.731948	0.0441402	0.000388364	9.82146e-007	9.94821e-010	4.90625e-013	1.33901e-016	2.2392e-020	3.14985e-024	4.42577e-026	8.11384e-029	2.48405e-030	3.06319e-033	5.34245e-035	4.48934e-038	4.59591e-040	2.41086e-043	1.50019e-045	3.81735e-049	1.48093e-051	1.29729e-055	2.47198e-058	1.044e-062	5.5448e-066	1.52771e-070	4.26607e-074	7.69924e-079	1.58037e-082	2.1989e-087	1.37331e-090	2.95585e-093	
N11	8.64756e-025	1.23586e-021	1.23088e-018	7.85889e-016	7.61566e-015	1.21554e-015	7.74304e-017	7.24858e-018	4.68235e-015	1.13467e-011	1.48636e-008	9.06407e-006	0.00206856	0.12098	0.822725	0.0537338	0.000481739	1.22221e-006	1.23507e-009	6.06098e-013	1.64321e-016	2.70228e-020	2.97537e-024	1.74165e-027	1.32606e-030	9.05937e-033	5.19926e-036	2.05285e-038	8.35359e-042	1.92929e-044	5.62351e-048	7.57056e-051	1.442e-054	1.11025e-057	1.01424e-061	4.21284e-065	1.71265e-069	2.52378e-073	5.96378e-078	5.59071e-082	8.25784e-087	6.02176e-091	6.70203e-096	8.65622e-100	2.43828e-103	
N12	1.67199e-025	2.04955e-022	1.47908e-019	3.24895e-017	1.41877e-016	2.24169e-017	8.28482e-018	7.41204e-018	4.50986e-015	9.90214e-012	1.2261e-008	7.32747e-006	0.00171358	0.108403	0.831399	0.0579115	0.000563549	1.59295e-006	1.83754e-009	1.0516e-012	3.3874e-016	6.71418e-020	9.00831e-024	3.3237e-026	8.7361e-029	5.37669e-030	9.87287e-033	3.62128e-034	4.5786e-037	1.03718e-038	8.42966e-042	1.2245e-043	5.32193e-047	5.12222e-049	8.5263e-053	5.03879e-055	2.76831e-059	3.83428e-062	1.43366e-066	8.87406e-070	2.31434e-074	9.31048e-078	1.77194e-082	1.18856e-085	4.46748e-088	
Amitermes_darwini	0	0	0	0	0	0	0	0	0	0	0	0	0	0	1	0	0	0	0	0	0	0	0	0	0	0	0	0	0	0	0	0	0	0	0	0	0	0	0	0	0	0	0	0	0	
Amitermes_germanus	0	0	0	0	0	0	0	0	0	0	0	0	0	0	1	0	0	0	0	0	0	0	0	0	0	0	0	0	0	0	0	0	0	0	0	0	0	0	0	0	0	0	0	0	0	
N13	9.16372e-027	1.67839e-023	2.29658e-020	1.98507e-017	3.02066e-016	8.02087e-017	9.68496e-018	1.07105e-018	2.66069e-016	8.68217e-013	1.63024e-009	1.51981e-006	0.000576723	0.0627189	0.897843	0.0386212	0.000237897	4.40705e-007	3.42332e-010	1.34674e-013	3.03003e-017	4.24879e-021	4.02452e-025	2.11974e-028	1.93742e-031	2.32502e-033	1.66918e-036	1.19765e-038	6.26632e-042	2.71606e-044	1.03388e-047	2.71105e-050	6.74733e-054	1.07036e-056	1.28332e-060	1.73741e-063	1.90028e-066	3.93379e-068	8.77132e-071	1.16413e-072	1.81883e-075	1.99145e-077	2.47948e-080	5.13999e-082	3.1213e-083	
Amitermes_parvus	0	0	0	0	0	0	0	0	0	0	0	0	0	0	1	0	0	0	0	0	0	0	0	0	0	0	0	0	0	0	0	0	0	0	0	0	0	0	0	0	0	0	0	0	0	
N14	1.21604e-039	7.34721e-034	3.35042e-028	1.04219e-022	1.9512e-021	2.78101e-024	1.92222e-027	7.02881e-031	1.60657e-030	1.43468e-024	6.71146e-019	1.46988e-013	1.27926e-008	0.000319783	0.999456	0.000223909	6.52717e-009	5.60164e-014	1.94138e-019	3.18556e-025	2.70979e-031	1.25077e-037	3.20989e-044	2.90045e-050	4.07486e-056	5.04145e-061	1.16189e-067	2.13229e-037	2.26549e-037	2.63155e-036	2.70985e-036	2.48239e-035	2.21216e-035	1.5525e-034	8.7521e-035	4.5105e-034	9.55408e-035	1.50418e-034	2.36467e-035	2.54592e-035	3.06546e-036	2.97462e-036	3.10788e-037	6.50765e-037	4.35013e-036	
Drepanotermes_septentrionalis	0	0	0	0	0	0	0	0	0	0	0	0	0	0	1	0	0	0	0	0	0	0	0	0	0	0	0	0	0	0	0	0	0	0	0	0	0	0	0	0	0	0	0	0	0	
Pericapritermes_sp	0	0	0	0	0	0	0	0	0	0	0	0	0	0	1	0	0	0	0	0	0	0	0	0	0	0	0	0	0	0	0	0	0	0	0	0	0	0	0	0	0	0	0	0	0	
N15	2.83173e-023	2.21422e-020	8.97566e-018	8.45178e-016	9.03571e-016	3.67956e-016	1.03126e-016	5.34873e-017	3.10907e-014	5.26906e-011	4.91316e-008	2.16462e-005	0.00362867	0.157995	0.781217	0.0565084	0.000627059	2.08005e-006	2.84272e-009	1.93168e-012	7.38187e-016	1.73623e-019	2.85334e-023	1.07471e-025	2.18091e-028	6.30587e-030	8.95772e-033	1.5065e-034	1.51567e-037	1.51336e-039	1.04104e-042	6.26294e-045	2.46397e-048	9.08297e-051	1.37312e-054	2.74259e-057	1.79045e-061	1.03548e-064	4.31143e-069	1.37509e-072	3.74239e-077	8.88384e-081	1.81282e-085	9.31388e-089	1.59593e-091	
N16	3.49664e-026	3.91633e-023	3.20527e-020	1.89512e-017	3.15649e-016	1.31243e-016	2.38989e-017	5.44773e-018	1.81293e-015	4.56102e-012	6.47635e-009	4.46545e-006	0.00121664	0.0912362	0.862453	0.0447423	0.000346576	8.06307e-007	7.80302e-010	3.79183e-013	1.04573e-016	1.78671e-020	2.07759e-024	2.5501e-027	3.37198e-030	6.15988e-032	5.97427e-035	6.45867e-037	4.47526e-040	2.91926e-042	1.40115e-045	5.59822e-048	1.60285e-051	3.97811e-054	4.89313e-058	6.96064e-061	3.54111e-065	1.56937e-068	5.12065e-073	1.21742e-076	2.62674e-081	4.52521e-085	7.13246e-090	2.07146e-093	2.01035e-096	
N17	7.73213e-031	7.77631e-027	4.88752e-023	1.60864e-019	2.42588e-018	2.64523e-019	1.37269e-020	5.36579e-022	1.426e-019	2.01924e-015	1.56705e-011	5.71225e-008	7.83486e-005	0.027132	0.959103	0.0136628	2.33959e-005	1.09692e-008	2.02826e-012	1.81586e-016	8.96824e-021	2.6752e-025	5.26151e-030	1.26269e-033	3.43436e-037	1.63289e-039	3.05994e-043	8.6711e-046	3.71674e-046	1.87147e-046	3.35904e-048	7.50485e-049	8.66724e-051	1.38639e-051	7.3139e-054	7.83333e-055	1.23296e-056	7.55455e-056	9.85765e-057	2.94058e-057	3.4212e-060	4.25475e-062	3.72184e-065	7.79541e-067	6.95826e-068	
N18	1.20524e-034	4.95963e-030	9.96732e-026	5.97443e-022	3.66851e-021	5.6692e-023	2.62463e-024	1.51156e-025	2.63616e-022	1.32783e-017	3.50204e-013	4.11075e-009	1.67745e-005	0.0150438	0.977471	0.00746329	4.94643e-006	7.77863e-010	4.4398e-014	1.15901e-018	1.59513e-023	1.27206e-028	6.41604e-034	2.27012e-037	3.99398e-041	7.31494e-041	6.60209e-041	7.39004e-040	1.73601e-041	1.44412e-041	2.33803e-043	1.40159e-043	1.31765e-045	5.92043e-046	1.94016e-048	6.33867e-049	4.62419e-052	2.20416e-053	1.23736e-056	2.41428e-058	1.02718e-061	1.34614e-063	4.50215e-067	1.80098e-068	5.79367e-069	
N19	4.14192e-028	7.19922e-026	6.26186e-025	1.35574e-023	6.27281e-023	2.437e-024	1.65204e-024	1.22081e-024	2.20024e-021	6.17314e-017	9.64477e-013	7.19558e-009	2.05667e-005	0.0148957	0.976635	0.00844093	7.82257e-006	1.94817e-009	1.91512e-013	9.14168e-018	2.40411e-022	3.78626e-027	3.86211e-032	1.27112e-034	1.08841e-037	9.3846e-039	5.53335e-042	2.77326e-043	1.15022e-046	3.46978e-048	9.49178e-052	1.79692e-053	2.53708e-057	3.21772e-059	1.20979e-063	1.07506e-065	4.37249e-071	2.50978e-074	7.42173e-080	1.44129e-083	2.94688e-089	3.55771e-093	5.42419e-099	5.48293e-102	3.6036e-104	
Ephelotermes_melachoma	0	0	0	0	0	0	0	0	0	0	0	0	0	0	1	0	0	0	0	0	0	0	0	0	0	0	0	0	0	0	0	0	0	0	0	0	0	0	0	0	0	0	0	0	0	
Macrognathotermes_sunteri	0	0	0	0	0	0	0	0	0	0	0	0	0	0	1	0	0	0	0	0	0	0	0	0	0	0	0	0	0	0	0	0	0	0	0	0	0	0	0	0	0	0	0	0	0	
Ephelotermes_taylori	0	0	0	0	0	0	0	0	0	0	0	0	0	0	1	0	0	0	0	0	0	0	0	0	0	0	0	0	0	0	0	0	0	0	0	0	0	0	0	0	0	0	0	0	0	
N20	3.60762e-035	3.37251e-030	2.05121e-025	6.17187e-021	1.302e-019	2.70271e-021	2.68114e-023	1.53935e-025	5.41027e-024	3.40132e-019	1.22159e-014	2.18636e-010	1.61728e-006	0.00351635	0.993849	0.00263242	9.19986e-007	9.5596e-011	4.14189e-015	9.00485e-020	1.10341e-024	8.25306e-030	4.02735e-035	7.96812e-040	3.80383e-044	2.92363e-047	1.04448e-051	4.38996e-055	1.02776e-059	2.33615e-063	3.63158e-068	4.33026e-072	4.28225e-077	2.52241e-081	1.23485e-086	3.33035e-091	2.88837e-097	1.09621e-102	3.98698e-109	7.25464e-115	1.11611e-121	1.0454e-127	7.32659e-135	8.93456e-141	1.62907e-146	
Microtermes_sp	0	0	0	0	0	0	0	0	0	0	0	0	0	0	1	0	0	0	0	0	0	0	0	0	0	0	0	0	0	0	0	0	0	0	0	0	0	0	0	0	0	0	0	0	0	
Protermes_sp	0	0	0	0	0	0	0	0	0	0	0	0	0	0	1	0	0	0	0	0	0	0	0	0	0	0	0	0	0	0	0	0	0	0	0	0	0	0	0	0	0	0	0	0	0	
Lophotermes_septentrionalis	0	0	0	0	0	0	0	0	0	0	0	0	0	0	1	0	0	0	0	0	0	0	0	0	0	0	0	0	0	0	0	0	0	0	0	0	0	0	0	0	0	0	0	0	0	
N21	1.97199e-025	5.84701e-022	1.2639e-018	1.21335e-015	1.45629e-014	2.80981e-015	2.40037e-016	1.9542e-017	3.31921e-015	6.56066e-012	7.55159e-009	4.39134e-006	0.00106917	0.0786957	0.869073	0.0506879	0.000468123	1.35855e-006	1.69524e-009	1.08907e-012	4.04835e-016	9.4672e-020	1.50363e-023	6.39151e-027	5.66694e-030	4.67284e-032	3.76577e-035	1.89847e-037	1.12292e-040	3.4432e-043	1.51753e-046	2.81811e-049	8.69398e-053	9.55345e-056	1.64169e-059	1.02362e-062	7.69284e-067	1.80179e-070	7.9703e-075	1.22036e-078	3.45468e-083	4.2016e-087	9.01734e-092	1.73063e-095	6.78245e-099	
Tuberculitermes_bycanistes	0	0	0	0	0	0	0	0	0	0	0	0	0	0	1	0	0	0	0	0	0	0	0	0	0	0	0	0	0	0	0	0	0	0	0	0	0	0	0	0	0	0	0	0	0	
Unguitermes_sp	0	0	0	0	0	0	0	0	0	0	0	0	0	0	1	0	0	0	0	0	0	0	0	0	0	0	0	0	0	0	0	0	0	0	0	0	0	0	0	0	0	0	0	0	0	
N22	1.10564e-022	3.34908e-019	5.85314e-016	1.82828e-013	4.86532e-014	1.12727e-016	3.05275e-019	1.52202e-018	7.72864e-015	3.18627e-011	6.07457e-008	4.35915e-005	0.00871722	0.292889	0.666793	0.0313848	0.000171993	2.25511e-007	1.03094e-010	2.06115e-014	2.09189e-018	1.20629e-022	5.89512e-027	1.04061e-028	9.84488e-032	2.14439e-032	6.52049e-033	3.29526e-032	1.7674e-033	3.44107e-033	9.74914e-035	1.45902e-034	1.98894e-036	2.28044e-036	1.25536e-038	9.06842e-039	2.29397e-041	4.33909e-042	8.54976e-045	6.98134e-046	1.09698e-048	5.52111e-050	6.98428e-053	5.97513e-054	4.66754e-054	
N23	2.12423e-022	2.89806e-019	1.89895e-016	2.0601e-014	5.92201e-015	2.95978e-017	4.80001e-019	1.23183e-017	3.42891e-014	8.86199e-011	1.13717e-007	5.99255e-005	0.00975273	0.297139	0.659189	0.0336288	0.000230026	4.26032e-007	3.03594e-010	1.02316e-013	1.86292e-017	2.01408e-021	1.75003e-025	1.55518e-026	5.34797e-029	1.22403e-029	2.52429e-032	3.5312e-033	4.0535e-036	3.72019e-037	2.0324e-040	1.29744e-041	2.62218e-045	1.17961e-046	6.72922e-051	1.71881e-052	3.68228e-057	1.86372e-059	2.91376e-064	4.80428e-067	5.70159e-072	4.69912e-075	4.22489e-080	4.87518e-083	8.49003e-085	
N24	1.84588e-025	4.23628e-022	6.64944e-019	3.20057e-016	7.28432e-016	7.87976e-017	5.75284e-018	6.25453e-017	1.60403e-013	3.82448e-010	4.31783e-007	0.000188414	0.0226186	0.38192	0.571621	0.0235102	0.000141808	2.39722e-007	1.5798e-010	4.94565e-014	8.38277e-018	8.45865e-022	5.59743e-026	2.26175e-029	1.19787e-032	6.73026e-035	2.59984e-038	8.28571e-041	2.23828e-044	4.11405e-047	7.86631e-051	8.33466e-054	1.01926e-057	6.16778e-061	3.41544e-065	1.12102e-068	2.5609e-073	2.6806e-077	3.60054e-082	2.25943e-086	1.88431e-091	9.06617e-096	5.59267e-101	4.93564e-105	1.05996e-108	
N25	4.36846e-025	2.84377e-022	1.29654e-019	3.31766e-017	7.72025e-016	1.28893e-015	9.18665e-016	1.36185e-015	6.53905e-013	7.38497e-010	4.56244e-007	0.000129164	0.0129952	0.289167	0.650801	0.0463276	0.0005769	2.28889e-006	3.89952e-009	3.40524e-012	1.71282e-015	5.63476e-019	2.70108e-022	2.0538e-023	8.42989e-026	6.1379e-027	1.73084e-029	7.31382e-031	1.40628e-033	3.54227e-035	4.02703e-038	6.27345e-040	2.89358e-043	2.79819e-045	4.84922e-049	2.13847e-051	2.02277e-055	2.58607e-058	1.62789e-062	1.16657e-065	4.90815e-070	2.65524e-073	9.3935e-078	2.2477e-080	1.59567e-082	
Crenetermes_albotarsalis	0	0	0	0	0	0	0	0	0	0	0	0	0	0	1	0	0	0	0	0	0	0	0	0	0	0	0	0	0	0	0	0	0	0	0	0	0	0	0	0	0	0	0	0	0	
Cubitermes_sp	0	0	0	0	0	0	0	0	0	0	0	0	0	0	1	0	0	0	0	0	0	0	0	0	0	0	0	0	0	0	0	0	0	0	0	0	0	0	0	0	0	0	0	0	0	
N26	4.68448e-024	3.03748e-021	9.8841e-019	3.50012e-017	4.82217e-017	1.81572e-017	1.29469e-016	8.95817e-015	8.29524e-012	8.1649e-009	4.08977e-006	0.000851751	0.0525805	0.451063	0.476553	0.0188013	0.000145653	3.86183e-007	4.60843e-010	2.91274e-013	1.08603e-016	2.58113e-020	4.27307e-024	2.64466e-026	1.02354e-028	1.07361e-029	2.99158e-032	1.90433e-033	3.77469e-036	1.49572e-037	1.94726e-040	4.9652e-042	3.39902e-045	5.79014e-047	1.38431e-050	1.44045e-052	1.1595e-056	2.79913e-059	1.55204e-063	1.5688e-066	6.07283e-071	3.97521e-074	1.12223e-078	1.37685e-081	1.03977e-083	
Procubitermes_sp	0	0	0	0	0	0	0	0	0	0	0	0	1	0	0	0	0	0	0	0	0	0	0	0	0	0	0	0	0	0	0	0	0	0	0	0	0	0	0	0	0	0	0	0	0	
Thoracotermes_macrothorax	0	0	0	0	0	0	0	0	0	0	0	0	0	0	1	0	0	0	0	0	0	0	0	0	0	0	0	0	0	0	0	0	0	0	0	0	0	0	0	0	0	0	0	0	0	
N27	2.65986e-025	1.7109e-021	7.24092e-018	1.32119e-014	9.51507e-014	4.40713e-015	8.89696e-017	1.3671e-018	1.71268e-016	6.09177e-013	1.22396e-009	1.20659e-006	0.000480138	0.0552853	0.916101	0.0279966	0.000135917	2.05647e-007	1.32271e-010	4.33186e-014	8.1283e-018	9.54494e-022	7.68613e-026	1.60062e-029	5.16451e-033	9.73865e-036	2.77269e-039	3.16943e-042	6.5335e-046	4.48244e-049	6.78345e-053	2.77365e-056	2.88952e-060	6.77929e-064	3.96158e-068	5.09928e-072	1.58095e-076	9.95185e-081	1.78683e-085	7.80419e-090	8.93688e-095	3.11654e-099	2.80287e-104	1.49507e-108	1.27363e-112	
N28	5.62159e-027	3.31319e-023	1.01104e-019	9.21195e-017	3.31681e-016	3.01519e-018	2.29618e-020	2.46109e-021	1.13157e-018	1.05363e-014	5.49011e-011	1.36907e-007	0.000131951	0.0335827	0.947425	0.018815	4.56885e-005	3.10679e-008	8.48146e-012	1.13779e-015	8.53509e-020	3.91938e-024	1.21408e-028	1.49895e-031	1.08352e-034	2.22369e-036	1.09214e-039	1.34297e-041	4.39643e-045	3.38378e-047	6.85446e-051	3.44718e-053	3.6502e-057	1.2397e-059	5.11749e-064	1.10858e-066	1.23882e-071	5.05058e-075	3.88294e-080	6.91796e-084	3.75099e-089	4.16329e-093	1.64697e-098	3.03649e-102	3.69391e-105	
Nasutitermes_graveolus	0	0	0	0	0	0	0	0	0	0	0	0	0	0	1	0	0	0	0	0	0	0	0	0	0	0	0	0	0	0	0	0	0	0	0	0	0	0	0	0	0	0	0	0	0	
Nasutitermes_triodiae	0	0	0	0	0	0	0	0	0	0	0	0	0	0	1	0	0	0	0	0	0	0	0	0	0	0	0	0	0	0	0	0	0	0	0	0	0	0	0	0	0	0	0	0	0	
N29	1.05989e-029	1.43759e-025	1.01239e-021	2.42592e-018	5.67269e-018	3.59653e-020	7.29534e-022	1.10128e-023	9.10881e-022	2.47934e-017	3.88386e-013	3.02768e-009	9.63084e-006	0.00874939	0.985498	0.00573889	4.35734e-006	9.76127e-010	9.12263e-014	4.31109e-018	1.16403e-022	1.95528e-027	2.20933e-032	1.92952e-036	2.72459e-040	6.34319e-043	6.67336e-047	9.12589e-050	6.83014e-054	5.53652e-057	2.93124e-061	1.40776e-064	4.75814e-069	1.35392e-072	2.16549e-077	3.55297e-081	1.49265e-086	4.8847e-091	1.19595e-096	2.11676e-101	3.12165e-107	3.90865e-112	3.96862e-118	9.85988e-123	7.4765e-127	
Nasutitermes_longipennis	0	0	0	0	0	0	0	0	0	0	0	0	0	0	1	0	0	0	0	0	0	0	0	0	0	0	0	0	0	0	0	0	0	0	0	0	0	0	0	0	0	0	0	0	0	
Tumulitermes_pastinator	0	0	0	0	0	0	0	0	0	0	0	0	0	0	1	0	0	0	0	0	0	0	0	0	0	0	0	0	0	0	0	0	0	0	0	0	0	0	0	0	0	0	0	0	0	
N30	3.25977e-023	7.94007e-020	1.38542e-016	1.08493e-013	7.76017e-013	6.63073e-014	2.5468e-015	8.35377e-017	7.39455e-015	1.19867e-011	1.14166e-008	5.56933e-006	0.00116509	0.0774582	0.874813	0.0461211	0.000435679	1.37199e-006	1.92087e-009	1.41503e-012	6.12716e-016	1.69465e-019	3.24758e-023	1.19383e-026	7.4942e-030	2.63989e-032	1.67475e-035	3.75893e-038	1.76616e-041	2.44724e-044	8.65323e-048	7.36711e-051	1.85839e-054	9.36957e-058	1.42518e-061	4.10852e-065	3.47854e-069	5.30289e-073	2.6769e-077	2.9226e-081	9.72399e-086	8.72216e-090	2.35001e-094	3.12523e-098	6.30389e-102	
Microcerotermes_boreus	0	0	0	0	0	0	0	0	0	0	0	0	0	0	1	0	0	0	0	0	0	0	0	0	0	0	0	0	0	0	0	0	0	0	0	0	0	0	0	0	0	0	0	0	0	
Microcerotermes_nervosus	0	0	0	0	0	0	0	0	0	0	0	0	0	0	1	0	0	0	0	0	0	0	0	0	0	0	0	0	0	0	0	0	0	0	0	0	0	0	0	0	0	0	0	0	0	
N31	2.38228e-014	1.32167e-012	5.13962e-011	5.59724e-010	5.01948e-010	7.69227e-011	2.64976e-011	1.05312e-010	1.19116e-008	1.48392e-006	0.000106676	0.00387906	0.0611745	0.335517	0.468129	0.121977	0.00895894	0.000252701	3.34965e-006	2.39161e-008	1.01349e-010	2.85589e-013	7.49638e-016	3.37415e-017	4.44386e-019	3.32544e-020	2.9867e-022	1.34471e-023	8.09936e-026	2.27255e-027	8.84265e-030	1.58065e-031	3.73544e-034	4.21531e-036	5.73705e-039	3.77201e-041	3.04623e-044	1.02501e-046	5.41612e-050	1.19509e-052	4.30951e-056	7.28126e-059	2.04773e-062	5.44352e-065	3.43952e-067	
Macrotermes_bellicosus	0	0	0	0	0	0	0	0	0	0	0	0	0	0	1	0	0	0	0	0	0	0	0	0	0	0	0	0	0	0	0	0	0	0	0	0	0	0	0	0	0	0	0	0	0	
N32	3.61058e-020	1.61557e-017	6.90446e-015	2.04695e-012	1.07804e-011	1.02474e-012	4.36248e-014	1.78754e-015	1.48909e-013	1.39229e-010	7.62423e-008	2.14304e-005	0.00262294	0.10677	0.828042	0.0616361	0.000902866	4.573e-006	1.04424e-008	1.25968e-011	8.9274e-015	4.04726e-018	1.28524e-021	8.00185e-025	7.28565e-028	2.81733e-030	2.45891e-033	6.07876e-036	3.77292e-039	5.82219e-042	2.54392e-045	2.49005e-048	7.36999e-052	4.60149e-055	8.82591e-059	3.494e-062	4.33682e-066	1.10201e-069	9.1457e-074	1.64302e-077	9.43382e-082	1.3222e-085	5.89713e-090	9.84866e-094	2.31454e-097	
Odontotermes_sp	0	0	0	0	0	0	0	0	0	0	0	0	0	0	1	0	0	0	0	0	0	0	0	0	0	0	0	0	0	0	0	0	0	0	0	0	0	0	0	0	0	0	0	0	0	
Pseudacanthotermes_militaris	0	0	0	0	0	0	0	0	0	0	0	0	0	0	1	0	0	0	0	0	0	0	0	0	0	0	0	0	0	0	0	0	0	0	0	0	0	0	0	0	0	0	0	0	0	
N33	5.36685e-011	1.49363e-009	2.58676e-008	1.0645e-007	5.86662e-008	1.62938e-008	1.73337e-008	2.70659e-007	1.46016e-005	0.000490201	0.0086919	0.0739636	0.272517	0.393537	0.20777	0.0398143	0.00308912	0.000110818	2.06136e-006	2.18863e-008	1.44067e-010	9.62392e-013	9.28014e-015	5.22608e-016	6.53607e-018	2.5805e-019	2.03618e-021	4.88259e-023	2.45457e-025	3.71333e-027	1.20285e-029	1.17469e-031	2.4882e-034	1.58485e-036	2.24017e-039	9.38425e-042	9.07667e-045	2.57901e-047	1.74536e-050	3.5804e-053	1.72874e-056	2.75143e-059	1.11189e-062	2.72121e-065	1.26701e-067	
N34	4.88506e-012	9.83749e-011	1.49289e-009	7.19038e-009	9.38371e-009	8.71737e-009	7.64201e-009	4.3919e-008	2.27526e-006	0.000104652	0.00267083	0.0335439	0.185124	0.39869	0.299585	0.0732185	0.00677483	0.000279603	5.87082e-006	6.99542e-008	5.29523e-010	1.11188e-011	2.54749e-013	3.78332e-014	6.17221e-016	5.55835e-017	5.4012e-019	3.02154e-020	1.76953e-022	6.31666e-024	2.26946e-026	5.18054e-028	1.18499e-030	1.71079e-032	2.62524e-035	2.40632e-037	2.59439e-040	1.56651e-042	1.22208e-045	5.17155e-048	2.9692e-051	9.43799e-054	4.6401e-057	2.70216e-059	3.91519e-061	
Coptotermes_acinaciformis	0	0	0	0	0	0	0	0	0	0	0	0	0	0	1	0	0	0	0	0	0	0	0	0	0	0	0	0	0	0	0	0	0	0	0	0	0	0	0	0	0	0	0	0	0	
N35	6.57611e-019	4.10328e-016	2.56519e-013	8.25226e-011	2.99929e-010	1.70588e-011	4.14797e-013	1.05086e-014	8.18525e-013	5.81499e-010	2.36676e-007	4.88195e-005	0.00437658	0.13294	0.807562	0.0543049	0.000762847	3.8401e-006	8.90611e-009	1.10634e-011	8.15404e-015	4.12713e-018	1.77287e-021	2.62553e-024	2.57073e-027	5.81542e-030	4.10656e-033	5.67576e-036	2.70828e-039	2.34111e-042	7.54702e-046	4.19598e-049	9.09703e-053	3.32978e-056	4.87588e-060	1.20839e-063	1.21257e-067	2.12741e-071	1.49137e-075	1.9643e-079	9.85368e-084	1.04168e-087	4.46246e-092	6.45114e-096	1.29559e-099	
Reticulitermes_flavipes	0	0	0	0	0	0	0	0	0	0	0	0	0	0	1	0	0	0	0	0	0	0	0	0	0	0	0	0	0	0	0	0	0	0	0	0	0	0	0	0	0	0	0	0	0	
N36	1.7009e-022	4.7918e-019	7.33054e-016	3.3632e-013	7.2108e-013	6.54293e-015	2.55116e-017	7.77926e-019	1.8168e-016	7.05435e-013	1.51143e-009	1.53251e-006	0.000601151	0.0646466	0.904593	0.0300194	0.000138002	1.85107e-007	1.01339e-010	2.74419e-014	4.16373e-018	3.89382e-022	2.69712e-026	7.53797e-029	5.83124e-032	7.09128e-034	3.46614e-037	2.61069e-039	7.83587e-043	3.84624e-045	6.74364e-049	2.22957e-051	2.11492e-055	4.69869e-058	2.1896e-062	2.95572e-065	6.12739e-070	2.75831e-073	3.89051e-078	8.82146e-082	8.93134e-087	1.27329e-090	9.55231e-096	1.42016e-099	7.74619e-103	
Reticulitermes_lucifugus	0	0	0	0	0	0	0	0	0	0	0	0	0	0	1	0	0	0	0	0	0	0	0	0	0	0	0	0	0	0	0	0	0	0	0	0	0	0	0	0	0	0	0	0	0	
Reticulitermes_urbis	0	0	0	0	0	0	0	0	0	0	0	0	0	0	1	0	0	0	0	0	0	0	0	0	0	0	0	0	0	0	0	0	0	0	0	0	0	0	0	0	0	0	0	0	0	
Schedorhinotermes_lamanianus	0	0	0	0	0	0	0	0	0	0	0	0	1	0	0	0	0	0	0	0	0	0	0	0	0	0	0	0	0	0	0	0	0	0	0	0	0	0	0	0	0	0	0	0	0	
N37	2.46117e-010	1.41777e-008	3.72114e-007	1.21772e-006	1.5528e-007	1.36753e-008	1.5031e-008	8.17544e-007	4.50516e-005	0.00140038	0.0217618	0.151034	0.403424	0.336256	0.079455	0.00640465	0.000213485	3.48004e-006	3.37337e-008	2.81299e-010	2.63124e-012	4.03842e-014	6.42299e-016	2.7003e-017	3.55273e-019	8.90955e-021	6.43417e-023	8.7206e-025	3.58537e-027	2.78581e-029	6.85955e-032	3.2363e-034	5.00819e-037	1.50889e-039	1.52123e-042	3.0427e-045	2.06198e-048	2.85436e-051	1.3288e-054	1.3147e-057	4.29385e-061	3.22314e-064	8.85673e-068	8.8783e-071	1.32589e-073	
N38	1.9291e-012	1.6956e-010	6.61886e-009	2.94203e-008	3.08035e-009	2.65383e-010	1.5265e-009	1.10678e-007	8.69887e-006	0.000371325	0.00808612	0.0911747	0.390445	0.409107	0.094559	0.00610838	0.000137845	1.2991e-006	5.91649e-009	1.58625e-011	3.29205e-014	8.15879e-016	3.55996e-018	1.59876e-019	3.63775e-022	9.4466e-024	1.13533e-026	1.76728e-028	1.17602e-031	1.1151e-033	4.37842e-037	2.5256e-039	6.28138e-043	2.20079e-045	3.68653e-049	7.91116e-052	9.34438e-056	1.26277e-058	1.08248e-062	9.63329e-066	6.09219e-070	3.7935e-073	2.04374e-077	2.5507e-080	9.1064e-083	
N39	1.62264e-013	1.1186e-011	4.98758e-010	2.04548e-009	3.8123e-010	7.62889e-011	7.51281e-010	1.16195e-007	9.97284e-006	0.000366456	0.00643839	0.0756952	0.387328	0.431133	0.0937129	0.00522063	9.41275e-005	6.52023e-007	1.97372e-009	2.92296e-012	2.39962e-015	9.99568e-018	2.66728e-020	1.68553e-021	2.43519e-024	9.09047e-026	6.14211e-029	1.34907e-030	4.3966e-034	5.84634e-036	9.76784e-040	7.77693e-042	7.29923e-046	3.3482e-048	1.95481e-052	4.9677e-055	1.97169e-059	2.75806e-062	7.90516e-067	6.34953e-070	1.3569e-074	6.74266e-078	1.12204e-082	6.10766e-086	1.36103e-088	
N40	3.04781e-012	2.1219e-011	2.49543e-010	1.93478e-009	2.43899e-008	6.99551e-007	2.62762e-005	0.000387632	0.00248579	0.00790541	0.0138586	0.0392365	0.185621	0.364364	0.275352	0.0934635	0.015819	0.00141016	6.72649e-005	1.6996e-006	2.30723e-008	8.39287e-010	3.96834e-011	1.103e-011	3.55808e-013	4.99255e-014	9.94464e-016	7.4613e-017	9.03288e-019	3.7807e-020	2.48765e-022	5.86626e-024	1.98033e-026	2.40148e-028	4.75599e-031	3.08728e-033	3.83169e-036	1.67302e-038	1.35894e-041	4.64135e-044	2.59161e-047	7.58479e-050	7.64541e-053	1.1236e-054	2.01572e-056	
Bifiditermes_improbus	0	0	0	0	0	0	0	0	0	0	0	1	0	0	0	0	0	0	0	0	0	0	0	0	0	0	0	0	0	0	0	0	0	0	0	0	0	0	0	0	0	0	0	0	0	
Neotermes_insularis	0	0	0	0	0	0	0	0	0	0	0	0	0	0	0	0	0	0	0	1	0	0	0	0	0	0	0	0	0	0	0	0	0	0	0	0	0	0	0	0	0	0	0	0	0	
N41	3.27132e-016	7.09907e-014	6.15953e-012	2.63878e-011	3.88528e-012	2.06799e-012	3.39349e-011	6.50126e-009	1.2395e-006	0.000113503	0.00471495	0.0842326	0.437387	0.413428	0.0585214	0.00158954	1.16983e-005	3.05698e-008	3.44928e-011	1.94156e-014	6.15594e-018	5.71304e-021	6.31043e-024	1.04354e-025	6.67103e-029	6.5525e-031	2.37054e-034	1.51822e-036	3.94951e-040	1.80518e-042	3.08391e-046	9.64388e-049	9.07562e-053	1.74396e-055	9.38717e-060	9.98484e-063	3.44505e-067	1.94424e-070	4.65415e-075	1.46403e-078	2.5034e-083	4.88665e-087	6.18294e-092	1.33523e-095	9.87995e-099	
N42	1.0216e-015	9.11753e-014	3.95884e-012	8.4701e-011	1.03827e-009	4.0589e-009	1.61995e-008	2.84696e-007	2.32471e-005	0.00115496	0.0233796	0.17692	0.44172	0.303774	0.0508035	0.00219117	3.32128e-005	2.22047e-007	7.64066e-010	1.50968e-012	1.86391e-015	2.25188e-018	5.1838e-021	1.15084e-022	4.33826e-025	6.54338e-027	1.70981e-029	1.52609e-031	2.75008e-034	1.47071e-036	1.70223e-039	5.43827e-042	3.57623e-045	6.54332e-048	2.48972e-051	2.48561e-054	5.91676e-058	3.85852e-061	5.98706e-065	3.00211e-068	3.19318e-072	1.3549e-075	1.65885e-079	2.15633e-082	4.06917e-085	
N43	2.77018e-014	8.60973e-013	9.07116e-012	1.78697e-010	1.77046e-009	1.02446e-008	8.14412e-008	3.71148e-006	0.000303629	0.00807129	0.0804494	0.310941	0.424687	0.163221	0.012077	0.000243449	1.85812e-006	6.67393e-009	1.30159e-011	1.52186e-014	1.14667e-017	6.22522e-021	4.06486e-024	1.13849e-025	4.31928e-028	1.6006e-029	4.14986e-032	1.00285e-033	1.68826e-036	2.7379e-038	2.76704e-041	3.03795e-043	1.70432e-046	1.21072e-048	3.8408e-052	1.5614e-054	3.17595e-058	6.79125e-061	9.81781e-065	1.25964e-067	1.33207e-071	1.19049e-074	9.73539e-079	1.12375e-081	4.09727e-084	
Cryptotermes_austrinus	0	0	0	0	0	0	0	0	0	0	0	0	0	1	0	0	0	0	0	0	0	0	0	0	0	0	0	0	0	0	0	0	0	0	0	0	0	0	0	0	0	0	0	0	0	
Cryptotermes_primus	0	0	0	0	0	0	0	0	1	0	0	0	0	0	0	0	0	0	0	0	0	0	0	0	0	0	0	0	0	0	0	0	0	0	0	0	0	0	0	0	0	0	0	0	0	
Cryptotermes_queenslandis	0	0	0	0	0	0	0	0	0	0	0	0	0	0	1	0	0	0	0	0	0	0	0	0	0	0	0	0	0	0	0	0	0	0	0	0	0	0	0	0	0	0	0	0	0	
N44	1.45723e-016	1.8556e-014	8.8033e-013	4.47712e-012	2.64894e-012	1.12952e-011	1.30821e-010	7.45058e-009	1.04286e-006	9.79909e-005	0.00451616	0.0839864	0.43677	0.415021	0.0580509	0.0015443	1.15423e-005	3.26344e-008	4.26254e-011	2.96471e-014	1.31378e-017	2.48849e-019	9.8785e-022	1.14089e-022	2.25805e-025	1.62615e-026	1.70162e-029	8.13939e-031	4.79306e-034	1.56594e-035	4.74757e-039	1.01462e-040	1.51559e-044	1.79477e-046	1.55331e-050	8.41257e-053	5.013e-057	1.22339e-059	5.38119e-064	6.86086e-067	2.24371e-071	1.79029e-074	4.93839e-079	1.59249e-081	2.20225e-083	
Cryptotermes_brevis	0	0	0	0	0	0	0	0	0	0	0	1	0	0	0	0	0	0	0	0	0	0	0	0	0	0	0	0	0	0	0	0	0	0	0	0	0	0	0	0	0	0	0	0	0	
N45	4.01037e-018	6.34093e-016	1.97195e-013	3.4078e-011	5.43649e-010	1.33547e-009	2.54766e-009	5.23241e-008	1.48749e-006	6.31505e-005	0.00198469	0.0432233	0.341979	0.497763	0.110232	0.00470408	4.88134e-005	1.60248e-007	2.0624e-010	1.25499e-013	5.4335e-017	7.54278e-019	1.69181e-021	3.2507e-023	3.56506e-026	3.37763e-028	1.83337e-031	9.43463e-034	2.47685e-037	7.2542e-040	8.77904e-044	1.40649e-046	8.29727e-051	6.22365e-054	2.13997e-058	7.16309e-062	1.57643e-066	2.85982e-070	4.09349e-075	4.97368e-079	4.70408e-084	4.38493e-088	7.98288e-093	7.18203e-096	6.83435e-099	
N46	5.79087e-017	2.5915e-015	4.03216e-013	3.68736e-011	1.14303e-009	2.63577e-008	3.26069e-007	1.84653e-006	1.55082e-005	0.000259215	0.00324154	0.0415851	0.295605	0.485732	0.159517	0.0136838	0.000355413	3.42294e-006	1.44281e-008	3.03823e-011	3.67432e-014	1.09216e-015	1.85486e-017	6.36982e-018	6.01502e-020	1.0917e-020	5.43392e-023	5.71703e-024	1.32238e-026	8.60832e-028	7.79889e-031	3.06386e-032	1.09253e-035	1.99741e-037	3.91351e-041	2.52171e-043	3.37113e-047	9.54596e-050	8.91781e-054	1.50484e-056	9.76478e-061	1.20646e-063	1.19129e-067	2.26122e-069	5.82825e-071	
Cryptotermes_cynocephalus	0	0	0	0	0	0	0	0	0	0	0	0	0	0	0	1	0	0	0	0	0	0	0	0	0	0	0	0	0	0	0	0	0	0	0	0	0	0	0	0	0	0	0	0	0	
N47	1.12176e-014	4.93891e-013	1.49019e-011	1.61627e-009	3.76237e-007	3.93507e-005	0.000609161	0.00334731	0.00715889	0.00535849	0.0153936	0.100385	0.307795	0.369829	0.160391	0.027638	0.00199621	5.70544e-005	5.01831e-007	1.97134e-009	4.20635e-012	5.93271e-015	9.43034e-018	3.20241e-019	2.0396e-021	7.57009e-023	3.35306e-025	7.26936e-027	2.23973e-029	2.89376e-031	5.7042e-034	4.43938e-036	4.73993e-039	2.15759e-041	1.26656e-044	3.04583e-047	1.13613e-050	1.60726e-053	4.00145e-057	3.96339e-060	6.76549e-064	5.36377e-067	8.00937e-071	1.45169e-073	5.45036e-076	
Cryptotermes_domesticus	0	0	0	0	0	0	0	0	1	0	0	0	0	0	0	0	0	0	0	0	0	0	0	0	0	0	0	0	0	0	0	0	0	0	0	0	0	0	0	0	0	0	0	0	0	
Procryptotermes_australiensis	0	0	0	0	0	0	0	0	0	0	0	0	0	0	0	0	0	1	0	0	0	0	0	0	0	0	0	0	0	0	0	0	0	0	0	0	0	0	0	0	0	0	0	0	0	
N48	5.81143e-016	7.69457e-014	7.05203e-012	1.80455e-010	5.2052e-010	4.21051e-010	3.7501e-010	7.19496e-009	5.88177e-007	4.41093e-005	0.00199018	0.0430834	0.316995	0.498346	0.131	0.00835609	0.000182744	1.73616e-006	8.40763e-009	2.39154e-011	4.87305e-014	1.71956e-015	1.48913e-017	2.01023e-018	1.53562e-020	1.53639e-021	8.30131e-024	5.83758e-025	2.19228e-027	1.06147e-028	2.27733e-031	7.23927e-033	7.43293e-036	1.31667e-037	7.60128e-041	6.25748e-043	2.41745e-046	9.86141e-049	2.65309e-052	6.68617e-055	1.24552e-058	2.37905e-061	4.45017e-065	4.73722e-067	1.073e-068	
Cryptotermes_dudleyi	0	0	0	0	0	0	0	0	0	0	0	0	0	1	0	0	0	0	0	0	0	0	0	0	0	0	0	0	0	0	0	0	0	0	0	0	0	0	0	0	0	0	0	0	0	
Cryptotermes_secundus	0	0	0	0	0	0	0	0	0	0	0	0	0	1	0	0	0	0	0	0	0	0	0	0	0	0	0	0	0	0	0	0	0	0	0	0	0	0	0	0	0	0	0	0	0	
Incisitermes_sp	0	0	0	0	0	0	0	0	0	0	0	0	0	0	1	0	0	0	0	0	0	0	0	0	0	0	0	0	0	0	0	0	0	0	0	0	0	0	0	0	0	0	0	0	0	
N49	1.00811e-010	2.22317e-009	1.57169e-008	2.16049e-008	1.76195e-008	4.40135e-008	1.73757e-007	1.80115e-006	9.85607e-005	0.00372943	0.0575222	0.251241	0.390048	0.238009	0.0547054	0.00445396	0.000171064	1.38691e-005	4.31423e-006	1.00918e-006	1.53046e-007	1.97296e-008	3.27368e-009	3.16153e-009	8.26347e-010	5.12492e-010	6.5065e-011	1.53158e-011	7.27142e-013	5.80219e-014	1.11401e-015	3.7927e-017	3.43173e-019	5.72993e-021	2.71586e-023	2.44121e-025	6.63575e-028	3.65647e-030	6.10137e-033	2.32796e-035	2.52677e-038	7.3892e-041	7.17397e-044	3.83777e-046	3.34921e-048	
N50	1.07846e-014	8.25817e-013	8.92183e-011	6.90382e-009	3.49794e-008	1.16011e-008	1.5734e-009	4.89188e-010	3.3808e-008	4.45623e-006	0.0002989	0.00877087	0.102514	0.416116	0.426453	0.0445602	0.00126792	1.48345e-005	9.83637e-008	7.62602e-010	9.67003e-012	2.55643e-013	5.22452e-015	1.08518e-016	1.42232e-018	1.40912e-020	8.91734e-023	4.0467e-025	1.11107e-027	2.27029e-030	2.96051e-033	2.95905e-036	2.02504e-039	1.19361e-042	4.72986e-046	2.21799e-049	5.85067e-053	3.21317e-056	6.38964e-060	4.12536e-063	1.21815e-066	3.29914e-069	1.10614e-071	3.14219e-074	6.9388e-077	
Glyptotermes_brevicornis	0	0	0	0	0	0	0	0	0	0	0	0	0	0	1	0	0	0	0	0	0	0	0	0	0	0	0	0	0	0	0	0	0	0	0	0	0	0	0	0	0	0	0	0	0	
Glyptotermes_iridipennis	0	0	0	0	0	0	0	0	0	0	0	0	0	0	1	0	0	0	0	0	0	0	0	0	0	0	0	0	0	0	0	0	0	0	0	0	0	0	0	0	0	0	0	0	0	
Kalotermes_flavicollis	0	0	0	0	0	0	0	0	0	0	0	0	0	0	0	0	0	0	0	0	0	0	0	0	0	0	0	1	0	0	0	0	0	0	0	0	0	0	0	0	0	0	0	0	0	
N51	6.19449e-006	1.15635e-005	4.25103e-005	0.000227022	0.00189105	0.0150682	0.0722797	0.148775	0.146427	0.0802911	0.0354872	0.0449068	0.0914093	0.130686	0.121495	0.0735344	0.0288826	0.00729564	0.00116067	0.00011555	7.15107e-006	3.46573e-007	1.39382e-008	8.80703e-010	3.63602e-011	1.99118e-012	5.57702e-014	1.94952e-015	3.62004e-017	8.36646e-019	1.06883e-020	1.71412e-022	1.55633e-024	1.80661e-026	1.19809e-028	1.04413e-030	5.17615e-033	3.49637e-035	1.32003e-037	7.10785e-040	2.09295e-042	9.54151e-045	2.79822e-047	1.75508e-049	1.49059e-051	
Stolotermes_sp	0	0	0	0	0	0	0	0	0	1	0	0	0	0	0	0	0	0	0	0	0	0	0	0	0	0	0	0	0	0	0	0	0	0	0	0	0	0	0	0	0	0	0	0	0	
N52	2.3516e-011	1.7188e-012	6.64247e-011	1.42307e-008	1.96758e-006	0.000141187	0.00291164	0.000355064	1.28165e-005	2.26838e-007	2.24363e-009	3.32611e-011	7.25039e-010	7.1945e-008	4.60354e-006	0.000179251	0.00396639	0.0467115	0.245443	0.609971	0.0827461	0.00737279	0.000177788	4.29918e-006	3.59067e-008	3.49013e-010	1.35962e-012	6.64955e-015	1.41168e-017	3.97275e-020	5.05533e-023	8.9851e-026	7.31765e-029	8.82374e-032	4.82785e-035	4.1854e-038	1.59821e-041	1.0467e-044	2.87697e-048	1.48731e-051	3.15145e-055	1.5792e-058	7.07049e-062	8.4132e-065	1.00083e-067	
Zootermopsis_angusticollis	0	0	0	0	0	0	0	0	0	0	0	0	0	0	0	0	0	0	0	1	0	0	0	0	0	0	0	0	0	0	0	0	0	0	0	0	0	0	0	0	0	0	0	0	0	
Zootermopsis_nevadensis	0	0	0	0	0	0	0	0	0	0	0	0	0	0	0	0	0	0	0	1	0	0	0	0	0	0	0	0	0	0	0	0	0	0	0	0	0	0	0	0	0	0	0	0	0	
N53	2.51221e-005	7.51898e-005	0.000277257	0.000850617	0.00206414	0.00463154	0.0108857	0.0251349	0.0501526	0.0824593	0.113019	0.135375	0.145756	0.14139	0.117912	0.0850363	0.0475136	0.0233325	0.00811225	0.00380786	0.00117842	0.000685076	0.000192683	9.94887e-005	2.26534e-005	9.31512e-006	1.68348e-006	5.54133e-007	8.04914e-008	2.18722e-008	2.61791e-009	6.16497e-010	6.54363e-011	1.50577e-011	1.62973e-012	4.11972e-013	4.90753e-014	1.30414e-014	1.42277e-015	3.10933e-016	2.77202e-017	5.40314e-018	5.79977e-019	1.93157e-019	8.28035e-020	
Mastotermes_darwiniensis	0	0	0	0	0	0	0	0	0	0	0	0	0	0	0	0	0	0	0	0	0	0	0	0	0	0	0	0	0	0	0	0	0	0	0	0	0	0	0	0	0	0	1	0	0	
Porotermes_adamsoni	0	0	0	0	0	0	0	0	0	0	0	0	0	1	0	0	0	0	0	0	0	0	0	0	0	0	0	0	0	0	0	0	0	0	0	0	0	0	0	0	0	0	0	0	0	
N54	0.00233159	0.012235	0.068368	0.224564	0.365289	0.253058	0.0651612	0.00821234	0.000669028	7.16919e-005	2.573e-005	1.10896e-005	3.61042e-006	8.56856e-007	1.45426e-007	1.76817e-008	1.48234e-009	8.74167e-011	3.4297e-012	1.04253e-013	2.30284e-015	4.59053e-017	6.75729e-019	9.52629e-021	9.72931e-023	9.73093e-025	7.0193e-027	5.06056e-029	2.6457e-031	1.41734e-033	5.5286e-036	2.27662e-038	6.82738e-041	2.23805e-043	5.3122e-046	1.4316e-048	2.77885e-051	6.37916e-054	1.05537e-056	2.1742e-059	3.51204e-062	7.8548e-065	1.7201e-067	4.84051e-070	1.46987e-072	
N55	0.0019842	0.0308916	0.280288	0.503475	0.165558	0.0170814	0.000707552	1.42028e-005	1.76298e-007	2.21813e-009	3.8638e-011	6.41345e-013	7.89371e-015	6.89839e-017	4.26891e-019	1.88079e-021	5.91647e-024	1.34114e-026	2.21067e-029	2.71469e-032	2.53208e-035	1.85151e-038	1.0747e-041	5.17147e-045	2.03464e-048	8.0342e-052	2.98509e-055	3.42742e-058	2.40115e-061	4.85726e-064	3.15113e-067	5.22834e-070	2.77112e-073	3.63906e-076	1.56062e-079	1.62642e-082	5.63631e-086	4.67934e-089	1.30565e-092	8.65339e-096	1.95109e-099	1.0467e-102	2.04959e-106	1.07068e-109	4.57016e-113	
Cryptocercus_primarius	0	0	0	1	0	0	0	0	0	0	0	0	0	0	0	0	0	0	0	0	0	0	0	0	0	0	0	0	0	0	0	0	0	0	0	0	0	0	0	0	0	0	0	0	0	
Cryptocercus_relictus	0	0	1	0	0	0	0	0	0	0	0	0	0	0	0	0	0	0	0	0	0	0	0	0	0	0	0	0	0	0	0	0	0	0	0	0	0	0	0	0	0	0	0	0	0	
Cryptocercus_punctulatus	0	0	0	0	0	0	0	0	0	0	0	0	0	0	0	0	0	1	0	0	0	0	0	0	0	0	0	0	0	0	0	0	0	0	0	0	0	0	0	0	0	0	0	0	0	
N56	0.00271331	0.00757253	0.0240396	0.0661413	0.140763	0.218299	0.237808	0.176971	0.0883266	0.0295046	0.00667854	0.00105272	0.000118729	1.07078e-005	8.31597e-007	1.25796e-007	1.58236e-008	4.1432e-009	4.51734e-010	8.87018e-011	7.01318e-012	9.70434e-013	5.44063e-014	5.29125e-015	2.08885e-016	1.4543e-017	4.06139e-019	2.10426e-020	4.21328e-022	1.70769e-023	2.49611e-025	8.30119e-027	9.23304e-029	2.79831e-030	2.53806e-032	7.66682e-034	8.84291e-036	4.34514e-037	4.57829e-039	1.73912e-040	2.72874e-042	1.39061e-043	2.57458e-045	1.45486e-046	9.96757e-048	
N57	6.00186e-005	0.000122294	0.000490235	0.00248014	0.0152032	0.0758269	0.218439	0.320644	0.237911	0.0960251	0.024806	0.00607693	0.00154172	0.000324022	4.3841e-005	4.76336e-006	3.2157e-007	1.93302e-008	6.55244e-010	2.00066e-011	3.40583e-013	5.45857e-015	5.02021e-017	4.59657e-019	2.47367e-021	1.40559e-023	4.80522e-026	5.84584e-028	1.4171e-028	6.7489e-029	1.71707e-029	4.56767e-030	5.55699e-031	8.41304e-032	6.71252e-033	8.47227e-034	6.54857e-035	8.75417e-036	6.69924e-037	8.62616e-038	7.5301e-039	1.13139e-039	1.38543e-040	2.57392e-041	5.13438e-042	
N58	3.63404e-005	9.8636e-005	0.000422935	0.00222204	0.0144997	0.075874	0.223221	0.325699	0.235622	0.0913811	0.0230218	0.00589135	0.00161202	0.000346126	4.67497e-005	4.80783e-006	2.99738e-007	2.26729e-008	5.43158e-010	1.12997e-010	6.979e-013	3.9615e-013	1.1617e-015	4.99034e-016	8.79256e-019	2.34269e-019	2.65553e-022	4.455e-023	3.46696e-026	3.82754e-027	2.13048e-030	1.57111e-031	6.65478e-035	3.60257e-036	1.1837e-039	4.66641e-041	1.283e-044	4.52318e-046	1.00318e-049	2.64606e-051	5.37816e-055	1.65223e-056	2.46455e-060	5.1831e-062	1.7082e-063	
N59	1.14882e-006	2.78707e-006	5.07294e-005	0.00136647	0.023143	0.171436	0.404556	0.288167	0.0779644	0.0140048	0.00609793	0.00576204	0.00452861	0.00218552	0.000611698	0.00010731	1.24411e-005	2.57944e-006	2.9996e-007	7.00333e-008	3.89632e-009	4.02621e-010	1.03334e-011	5.1579e-013	6.86725e-015	1.84787e-016	1.39732e-018	2.20456e-020	1.01445e-022	1.00988e-024	2.97787e-027	1.9948e-029	3.92951e-032	1.88967e-034	2.57655e-037	9.37579e-040	9.24737e-043	2.82608e-045	2.11773e-048	5.95431e-051	5.78276e-054	3.44524e-056	1.00387e-058	9.02942e-061	7.62078e-063	
N60	3.17507e-007	1.6118e-006	6.63321e-006	0.000288763	0.0113255	0.148681	0.431358	0.315779	0.0663918	0.00992002	0.00587674	0.0055336	0.00343647	0.00116568	0.000212334	2.15402e-005	1.31912e-006	6.10995e-008	1.93448e-009	4.52212e-011	5.453e-013	4.55391e-015	2.12144e-017	7.31822e-020	1.54486e-022	3.00714e-025	3.57107e-028	1.01366e-030	1.2577e-033	7.11841e-036	7.60044e-039	3.41483e-041	2.59184e-044	8.20081e-047	4.44577e-050	1.00316e-052	4.03416e-056	6.79589e-059	2.12993e-062	2.93552e-065	8.72088e-069	1.2544e-071	4.20816e-075	7.50375e-078	1.08111e-080	
Blatta_orientalis	0	0	0	0	0	0	0	0	0	0	0	0	0	0	0	0	0	1	0	0	0	0	0	0	0	0	0	0	0	0	0	0	0	0	0	0	0	0	0	0	0	0	0	0	0	
N61	1.91987e-007	6.63362e-007	1.50884e-006	2.97944e-005	0.00180344	0.0460598	0.303194	0.467894	0.151407	0.0213196	0.00622956	0.00179089	0.000251243	1.68113e-005	5.59066e-007	9.78284e-009	9.8261e-011	6.45261e-013	2.75985e-015	7.87036e-018	1.33527e-020	1.44431e-023	1.00668e-026	4.81485e-030	1.60001e-033	4.68873e-037	1.16233e-040	4.04718e-043	3.0887e-046	2.53179e-048	1.53532e-051	9.59892e-054	4.06456e-057	1.8887e-059	5.50855e-063	1.88953e-065	3.88809e-069	9.8254e-072	1.49989e-075	2.84742e-078	3.50618e-082	5.35851e-085	5.44665e-089	7.04446e-092	3.02431e-095	
N62	1.61731e-007	1.10101e-006	3.17857e-006	1.45341e-005	9.4756e-005	0.00333009	0.0693952	0.394137	0.401003	0.118304	0.0131272	0.000574572	1.51801e-005	2.30651e-007	1.89494e-009	2.67371e-011	1.7492e-013	4.63844e-015	1.59023e-017	2.24854e-019	3.72055e-022	2.54473e-024	2.33313e-027	8.15432e-030	4.60302e-033	1.06952e-035	4.39618e-039	9.69908e-042	3.97878e-045	9.52989e-048	3.71e-051	7.19012e-054	2.20043e-057	3.13721e-060	7.09377e-064	7.55804e-067	1.62527e-070	2.92391e-073	4.16592e-077	6.14882e-080	2.51136e-083	7.3712e-086	1.06338e-089	1.85653e-092	3.87325e-095	
Periplaneta_americana	0	0	0	0	0	0	0	0	0	0	1	0	0	0	0	0	0	0	0	0	0	0	0	0	0	0	0	0	0	0	0	0	0	0	0	0	0	0	0	0	0	0	0	0	0	
Periplaneta_brunnea	0	0	0	0	0	0	0	1	0	0	0	0	0	0	0	0	0	0	0	0	0	0	0	0	0	0	0	0	0	0	0	0	0	0	0	0	0	0	0	0	0	0	0	0	0	
N63	1.00199e-007	2.87682e-008	9.794e-009	6.3081e-007	0.000100548	0.00704912	0.160723	0.723111	0.105311	0.00364111	6.2863e-005	7.50307e-007	5.56995e-009	2.33248e-011	5.57292e-014	8.37159e-017	8.45913e-020	1.33027e-022	1.58009e-025	5.46239e-028	4.67935e-031	1.01643e-033	5.17554e-037	6.71211e-040	2.2561e-043	2.1293e-046	5.93831e-050	5.54604e-053	1.52005e-056	1.30101e-059	2.92258e-063	1.85574e-066	3.06711e-070	1.386e-073	1.66483e-077	5.52088e-081	4.88278e-085	1.28581e-088	8.47309e-093	1.93559e-096	1.27487e-100	5.19184e-104	5.95598e-108	4.46083e-111	3.27797e-114	
Periplaneta_australasiae	0	0	0	0	0	0	0	1	0	0	0	0	0	0	0	0	0	0	0	0	0	0	0	0	0	0	0	0	0	0	0	0	0	0	0	0	0	0	0	0	0	0	0	0	0	
Periplaneta_fuliginosa	0	0	0	0	0	0	0	1	0	0	0	0	0	0	0	0	0	0	0	0	0	0	0	0	0	0	0	0	0	0	0	0	0	0	0	0	0	0	0	0	0	0	0	0	0	
Deropeltis_erythrocephala	0	0	0	0	0	0	0	0	0	0	0	0	0	0	0	0	0	0	1	0	0	0	0	0	0	0	0	0	0	0	0	0	0	0	0	0	0	0	0	0	0	0	0	0	0	
N64	1.98185e-005	5.95616e-005	0.000206435	0.00121487	0.00229993	0.00232468	0.00918766	0.0931554	0.282172	0.34879	0.199963	0.0541776	0.00620915	0.000216802	3.71794e-006	5.25445e-008	5.43963e-010	6.78855e-012	4.88053e-014	3.92078e-016	1.70188e-018	8.30773e-021	2.24922e-023	7.1028e-026	1.26173e-028	2.75566e-031	3.36178e-034	5.39434e-037	4.7184e-040	5.87949e-043	3.83894e-046	3.88395e-049	1.98804e-052	1.73258e-055	7.28552e-059	5.71504e-062	2.27591e-065	1.93078e-068	7.44991e-072	6.14776e-075	2.95586e-078	2.96952e-081	2.07851e-084	2.3832e-087	2.60036e-090	
Eurycotis_floridana	0	0	0	0	0	0	0	1	0	0	0	0	0	0	0	0	0	0	0	0	0	0	0	0	0	0	0	0	0	0	0	0	0	0	0	0	0	0	0	0	0	0	0	0	0	
Pelmatosilpha_sp	0	0	0	0	0	0	0	0	0	0	0	0	1	0	0	0	0	0	0	0	0	0	0	0	0	0	0	0	0	0	0	0	0	0	0	0	0	0	0	0	0	0	0	0	0	
Periplaneta_japonica	0	0	0	0	0	0	0	0	0	0	1	0	0	0	0	0	0	0	0	0	0	0	0	0	0	0	0	0	0	0	0	0	0	0	0	0	0	0	0	0	0	0	0	0	0	
Lamproblatta_albipalpus	0	0	1	0	0	0	0	0	0	0	0	0	0	0	0	0	0	0	0	0	0	0	0	0	0	0	0	0	0	0	0	0	0	0	0	0	0	0	0	0	0	0	0	0	0	
N65	0.000201518	0.000561899	0.00246301	0.0123398	0.0518304	0.150956	0.274821	0.287732	0.162258	0.0483308	0.00771961	0.000734611	4.41961e-005	6.52115e-006	4.7794e-007	1.38128e-007	6.13137e-009	1.00962e-009	2.53637e-011	2.40191e-012	3.53564e-014	1.95646e-015	1.72821e-017	5.58612e-019	3.05044e-021	5.93474e-023	2.05435e-025	2.58816e-027	5.85664e-030	5.56433e-032	8.4973e-035	6.7311e-037	1.25593e-039	2.57574e-041	3.30626e-044	3.37788e-046	1.02582e-048	2.16333e-050	2.03546e-053	1.3825e-055	2.87082e-058	4.32138e-060	3.78506e-063	3.27219e-065	3.94553e-067	
N66	0.000700459	0.00176291	0.00398414	0.00768518	0.0185743	0.0570437	0.146371	0.251551	0.266684	0.168267	0.0619572	0.013485	0.00176362	0.000158616	1.02735e-005	7.83211e-007	4.49158e-008	3.2455e-009	1.26227e-010	5.6404e-012	1.32742e-013	3.62573e-015	5.32232e-017	9.36964e-019	8.90832e-021	1.06792e-022	6.80587e-025	5.85578e-027	2.58824e-029	1.68751e-031	5.33957e-034	2.76935e-036	6.65327e-039	3.04597e-041	6.0245e-044	2.60732e-046	5.51832e-049	2.78912e-051	5.56407e-054	2.38101e-056	5.49391e-059	2.61661e-061	7.78764e-064	4.116e-066	2.22314e-068	
N67	0.000288706	0.00160365	0.00552443	0.0067616	0.0059672	0.0186789	0.0775689	0.201365	0.298865	0.246322	0.108694	0.0251489	0.00298363	0.000217711	9.42932e-006	6.51886e-007	2.06394e-008	1.64882e-009	3.02456e-011	1.38308e-012	1.3698e-014	3.46412e-016	1.96055e-018	2.90243e-020	9.97944e-023	9.1718e-025	2.01512e-027	1.20978e-029	1.77627e-032	7.36835e-035	7.45706e-038	2.22157e-040	1.64207e-043	4.05711e-046	2.20344e-049	4.365e-052	2.49685e-055	8.12899e-058	3.19356e-061	6.24761e-064	4.09469e-067	1.47352e-069	6.80888e-073	2.1128e-075	7.45608e-078	
N68	2.09161e-005	0.000273396	0.00171	0.0022256	0.00135541	0.00312313	0.0216446	0.0927377	0.223276	0.306129	0.230605	0.0926629	0.0182552	0.00488558	0.000605766	0.000441676	3.39765e-005	1.36314e-005	4.48569e-007	7.32511e-008	1.00294e-009	7.00376e-011	4.49158e-013	1.50784e-014	5.21302e-017	9.66853e-019	2.08992e-021	2.49543e-023	3.8595e-026	3.39878e-028	3.78389e-031	2.38333e-033	2.26936e-036	2.31033e-038	1.38783e-041	7.81736e-044	1.19959e-046	1.91441e-048	7.27729e-052	2.70818e-054	2.79033e-057	2.91111e-059	8.7217e-063	3.82491e-065	2.62545e-067	
N69	3.28536e-007	8.16435e-006	4.7193e-005	4.33982e-005	3.21636e-005	0.000117074	0.00165092	0.0193016	0.11366	0.303881	0.345833	0.168358	0.0376068	0.00743882	0.00121143	0.000668899	9.00667e-005	4.83315e-005	2.43689e-006	6.64299e-007	1.17888e-008	1.42362e-009	1.5489e-011	2.38159e-012	4.16982e-014	5.54414e-015	5.62754e-017	3.86023e-018	2.1177e-020	7.86473e-022	2.41715e-024	4.95941e-026	1.00553e-028	1.75178e-030	2.20186e-033	2.22856e-035	3.26509e-038	5.37523e-040	3.07206e-043	1.49777e-045	1.28495e-048	1.45165e-050	4.28583e-054	1.99534e-056	1.61728e-058	
N70	1.67274e-008	3.54331e-007	1.14667e-006	1.53167e-006	2.7733e-006	1.77721e-005	0.000401585	0.00819826	0.0794919	0.291949	0.381319	0.186099	0.0412569	0.00815049	0.00205935	0.000734043	0.000225747	7.22112e-005	1.20933e-005	5.21493e-006	5.37961e-007	3.61497e-007	1.43414e-008	3.78394e-009	5.32706e-011	5.30667e-012	2.97724e-014	1.2397e-015	3.18076e-018	6.1297e-020	8.07437e-023	7.80315e-025	6.09681e-028	3.64057e-030	1.79701e-033	6.5742e-036	2.52722e-039	9.14387e-042	2.40155e-045	4.30125e-048	8.85306e-052	1.83373e-054	3.43306e-058	1.01171e-060	5.60256e-063	
N71	5.23523e-009	6.62828e-008	3.81252e-007	8.62523e-007	1.49097e-006	1.32739e-005	0.000402705	0.00925258	0.0906938	0.314732	0.374044	0.163268	0.0342604	0.00831224	0.00284341	0.00103504	0.000435768	0.000177963	5.27023e-005	4.92696e-005	2.33241e-005	0.0001809	4.09699e-005	0.000147669	1.20503e-005	1.80066e-005	5.53626e-007	3.51817e-007	4.55528e-009	1.27633e-009	7.93715e-012	1.01835e-012	3.49829e-015	2.27599e-016	4.72473e-019	1.66419e-020	2.29666e-023	5.40563e-025	5.1528e-028	7.33904e-030	4.97593e-033	5.16768e-035	3.94506e-038	1.74195e-039	1.47954e-040	
N72	9.74935e-010	1.29459e-008	1.18838e-007	9.40285e-007	5.9224e-006	2.48589e-005	0.000177581	0.00350906	0.0442339	0.219722	0.382832	0.254518	0.0769404	0.0136514	0.00218618	0.00071303	0.000480482	0.000286082	0.000138128	0.000105159	0.00011633	0.000167968	0.000107673	6.47995e-005	1.39524e-005	3.04976e-006	2.27773e-007	1.76156e-008	5.19407e-010	1.68964e-011	2.18635e-013	4.449e-015	2.99529e-017	6.39846e-019	3.24468e-021	7.95856e-023	3.39061e-025	6.78702e-027	2.14483e-029	3.003e-031	6.94256e-034	7.60937e-036	5.3878e-038	1.67635e-039	4.96155e-041	
N73	8.77992e-011	5.26851e-009	2.04178e-007	2.27089e-006	8.7281e-006	2.18689e-005	4.52177e-005	0.000125666	0.00188911	0.0251815	0.143824	0.332118	0.324217	0.140162	0.0281007	0.00314161	0.000418904	0.000197209	0.000182277	0.000182535	0.000119513	4.86547e-005	1.10306e-005	1.44355e-006	1.02649e-007	4.36061e-009	1.01504e-010	1.45344e-012	1.2519e-014	7.12621e-017	2.62202e-019	7.36837e-022	1.36762e-024	2.73264e-027	3.10903e-030	7.56321e-033	6.61382e-036	2.25141e-038	2.33982e-041	1.37914e-043	7.92586e-046	1.14519e-047	1.3397e-049	1.21711e-051	8.61985e-054	
N74	4.02839e-013	6.71964e-011	1.26523e-008	7.48292e-007	3.28735e-006	2.42722e-006	6.89111e-007	1.22985e-006	5.81917e-006	2.94013e-005	0.000598343	0.0149046	0.14158	0.380759	0.339538	0.108862	0.0129324	0.00073188	4.6494e-005	3.4988e-006	1.32495e-007	2.91863e-009	3.195e-011	2.32291e-013	8.71645e-016	3.09956e-018	5.34202e-021	1.61326e-023	1.70642e-026	4.07065e-029	2.70021e-032	4.1791e-035	1.76265e-038	1.82564e-041	5.08041e-045	3.8003e-048	7.25432e-052	4.21401e-055	5.80482e-059	2.87147e-062	4.15407e-066	4.52025e-069	6.80161e-072	1.32085e-074	2.12703e-077	
N75	1.33704e-013	5.2193e-011	1.2068e-008	2.05586e-007	5.15464e-007	2.21831e-007	2.75893e-007	4.94006e-007	4.88189e-007	3.12031e-006	0.00019967	0.0103604	0.151124	0.408997	0.331915	0.0894945	0.0076989	0.000200856	3.3847e-006	5.09841e-008	4.22062e-010	1.8804e-012	4.32289e-015	6.10145e-018	5.14597e-021	7.51572e-024	2.20847e-026	2.55787e-027	1.9757e-029	2.38861e-030	8.5825e-033	5.28318e-034	8.77522e-037	2.82176e-038	2.39153e-041	4.21118e-043	2.01573e-046	2.00096e-048	5.91033e-052	3.37051e-054	6.86449e-058	2.59272e-060	4.66742e-064	2.03212e-066	3.85851e-069	
Archimandrita_tessellata	0	0	0	0	0	0	0	0	0	0	0	0	0	0	0	0	1	0	0	0	0	0	0	0	0	0	0	0	0	0	0	0	0	0	0	0	0	0	0	0	0	0	0	0	0	
N76	2.12216e-014	9.65978e-012	2.11336e-009	2.0897e-009	1.17885e-010	2.60334e-012	3.99823e-012	1.8887e-010	1.01642e-008	3.11226e-006	0.00087212	0.0920615	0.71683	0.1786	0.0113798	0.000250606	2.04975e-006	6.87708e-009	1.19276e-011	1.95341e-014	1.87942e-015	3.45145e-016	4.31073e-017	3.67041e-018	2.15521e-019	2.50703e-020	5.37091e-021	1.01327e-020	1.6513e-021	1.24837e-021	6.18185e-023	4.23004e-024	1.95603e-026	3.72907e-028	6.3785e-031	5.53602e-033	4.3182e-036	1.93249e-038	7.65452e-042	1.7582e-044	3.99872e-048	4.73218e-051	7.06663e-055	5.90305e-058	2.32325e-061	
Blaberus_discoidalis	0	0	0	0	0	0	0	0	0	0	0	0	1	0	0	0	0	0	0	0	0	0	0	0	0	0	0	0	0	0	0	0	0	0	0	0	0	0	0	0	0	0	0	0	0	
Blaberus_giganteus	0	0	0	0	0	0	0	0	0	0	0	0	0	0	0	0	0	0	0	0	0	0	0	0	0	0	0	0	0	0	1	0	0	0	0	0	0	0	0	0	0	0	0	0	0	
Byrsotria_fumigata	0	0	0	0	0	0	0	0	0	0	0	0	0	0	0	0	0	1	0	0	0	0	0	0	0	0	0	0	0	0	0	0	0	0	0	0	0	0	0	0	0	0	0	0	0	
N77	1.60683e-009	5.66043e-008	3.19077e-007	6.03226e-007	2.31765e-006	1.12232e-005	3.80289e-005	0.000123829	0.000870539	0.0207078	0.167903	0.349621	0.305137	0.126839	0.0250509	0.00230329	0.000269551	0.00026738	0.000281252	0.00025535	0.000180591	9.24659e-005	3.01016e-005	1.09345e-005	2.36477e-006	1.13911e-006	1.17104e-007	1.78319e-008	4.95722e-010	2.57395e-011	2.96863e-013	7.13314e-015	4.21813e-017	5.47386e-019	1.86787e-021	1.45797e-023	3.11367e-026	1.62522e-028	2.35674e-031	9.33243e-034	1.05048e-036	3.69843e-039	4.82331e-042	2.67095e-044	1.81596e-046	
Eublaberus_distanti	0	0	0	0	0	0	0	0	0	0	0	0	0	0	0	0	0	0	0	0	0	0	0	0	0	0	1	0	0	0	0	0	0	0	0	0	0	0	0	0	0	0	0	0	0	
Eublaberus_posticus	0	0	0	0	0	0	0	0	0	0	0	0	0	0	0	1	0	0	0	0	0	0	0	0	0	0	0	0	0	0	0	0	0	0	0	0	0	0	0	0	0	0	0	0	0	
Gromphadorhina_portentosa	0	0	0	0	0	0	0	0	0	0	0	0	0	0	0	0	0	0	0	0	0	0	0	0	0	1	0	0	0	0	0	0	0	0	0	0	0	0	0	0	0	0	0	0	0	
N78	1.15914e-009	3.14287e-009	5.7536e-009	1.99264e-008	2.5565e-007	1.80346e-005	0.000755427	0.00713295	0.0152329	0.0125368	0.00215873	0.000100912	2.43876e-005	2.16654e-005	1.32183e-005	5.30499e-006	3.31799e-006	3.59911e-005	0.000410225	0.0032822	0.0169716	0.0802888	0.16416	0.315819	0.223665	0.130109	0.0246871	0.00247693	8.67649e-005	2.5474e-006	3.41194e-008	4.53079e-010	3.00958e-012	2.22404e-014	8.41352e-017	3.95081e-019	9.31784e-022	3.05604e-024	4.79951e-027	1.18325e-029	1.38005e-032	3.26103e-035	7.29824e-038	3.2999e-040	1.54258e-042	
Lanxoblatta_emarginata	0	0	0	0	0	0	0	0	0	0	0	0	0	0	0	0	0	0	0	0	0	0	0	0	0	0	1	0	0	0	0	0	0	0	0	0	0	0	0	0	0	0	0	0	0	
Phoetalia_sp	0	0	0	0	0	0	0	0	0	0	0	0	0	0	0	0	0	0	0	0	1	0	0	0	0	0	0	0	0	0	0	0	0	0	0	0	0	0	0	0	0	0	0	0	0	
N79	1.92063e-008	1.05872e-007	6.91676e-007	3.73666e-006	1.6928e-005	8.20751e-005	0.000463915	0.00386047	0.0296309	0.130618	0.28711	0.31121	0.172944	0.0527146	0.00978487	0.0013504	0.00017921	2.63765e-005	3.43909e-006	5.50463e-007	5.55673e-008	7.99149e-009	4.31546e-010	4.43942e-011	1.33106e-012	1.01348e-013	1.80092e-015	8.75809e-017	9.69736e-019	2.93637e-020	2.12588e-022	4.40024e-024	2.20498e-026	3.54209e-028	1.35237e-030	1.89438e-032	6.51589e-035	9.12284e-037	3.32938e-039	4.72304e-041	1.83672e-043	2.71917e-045	2.10627e-047	6.60434e-049	2.35377e-050	
Epilampra_sp	0	0	0	0	0	0	0	0	0	0	0	0	0	0	1	0	0	0	0	0	0	0	0	0	0	0	0	0	0	0	0	0	0	0	0	0	0	0	0	0	0	0	0	0	0	
Pycnoscelus_surinamensis	0	0	0	0	0	0	0	0	0	0	0	1	0	0	0	0	0	0	0	0	0	0	0	0	0	0	0	0	0	0	0	0	0	0	0	0	0	0	0	0	0	0	0	0	0	
N80	3.11829e-007	1.58502e-006	6.27222e-006	1.44125e-005	2.93949e-005	8.8523e-005	0.000596459	0.00561483	0.0375835	0.142754	0.289239	0.305959	0.165054	0.0452952	0.00683786	0.000809719	9.56906e-005	1.72657e-005	1.8239e-006	4.80114e-007	4.5591e-008	4.46196e-008	2.18751e-008	4.80519e-008	1.72277e-008	2.24939e-008	4.74345e-009	3.48141e-009	4.33929e-010	1.79108e-010	1.30602e-011	3.13688e-012	1.33368e-013	2.03095e-014	5.2927e-016	5.53518e-017	1.1007e-018	1.08497e-019	1.85693e-021	1.35741e-022	2.28612e-024	1.88969e-025	4.35936e-027	6.43649e-028	1.29608e-028	
Macropanesthia_rhinoceros	0	0	0	0	0	0	0	0	0	0	0	0	0	0	0	0	0	0	0	0	0	0	0	0	0	0	0	0	0	0	0	0	0	1	0	0	0	0	0	0	0	0	0	0	0	
Nauphoeta_cinerea	0	0	0	0	0	0	0	0	0	0	0	0	1	0	0	0	0	0	0	0	0	0	0	0	0	0	0	0	0	0	0	0	0	0	0	0	0	0	0	0	0	0	0	0	0	
N81	3.93107e-006	2.36341e-005	0.000268999	0.00207406	0.00943253	0.0303089	0.0747958	0.118183	0.137388	0.142212	0.137044	0.142399	0.122019	0.062796	0.0178506	0.00289326	0.000280955	2.37841e-005	1.66071e-006	2.13464e-007	1.1453e-008	8.70669e-010	2.35345e-011	8.66074e-013	1.21436e-014	2.33293e-016	1.79976e-018	1.95373e-020	8.77153e-023	5.83756e-025	1.60643e-027	7.13231e-030	1.27072e-032	4.10117e-035	5.01842e-038	1.25059e-040	1.12e-043	2.30252e-046	1.63353e-049	2.86274e-052	2.05476e-055	5.43583e-058	1.59197e-060	7.75256e-063	3.44195e-065	
N82	2.59443e-006	3.04419e-005	0.000349715	0.00182607	0.00577756	0.0216465	0.0603083	0.0814588	0.059812	0.0484222	0.0941957	0.172199	0.203054	0.151454	0.0682145	0.0234169	0.00509989	0.0023232	0.00031478	8.78513e-005	5.01332e-006	6.1822e-007	1.67755e-008	1.03985e-009	1.54216e-011	5.5008e-013	5.01939e-015	1.18848e-016	7.52327e-019	1.34354e-020	6.48693e-023	9.06987e-025	3.40324e-027	3.65032e-029	1.03488e-031	8.44137e-034	1.87039e-036	1.41372e-038	2.37701e-041	1.65724e-043	4.08968e-046	5.71244e-048	1.59784e-050	2.56985e-052	4.43978e-054	
Diploptera_punctata	0	0	0	0	0	0	0	0	0	0	0	0	0	0	0	0	0	1	0	0	0	0	0	0	0	0	0	0	0	0	0	0	0	0	0	0	0	0	0	0	0	0	0	0	0	
Panchlora_nivea	0	0	0	0	0	0	0	0	0	0	0	1	0	0	0	0	0	0	0	0	0	0	0	0	0	0	0	0	0	0	0	0	0	0	0	0	0	0	0	0	0	0	0	0	0	
N83	1.26131e-006	6.38911e-006	7.53591e-005	0.00101466	0.00993738	0.057417	0.15553	0.191559	0.128251	0.0638071	0.0645746	0.106011	0.115582	0.0729341	0.0267184	0.00577309	0.000745543	5.89966e-005	2.93418e-006	1.18165e-007	3.83739e-009	3.50588e-010	1.20483e-011	1.39195e-012	3.29751e-014	2.56326e-015	3.95101e-017	1.98632e-018	1.98458e-020	6.5001e-022	4.2963e-024	9.3204e-026	4.2101e-028	6.20256e-030	1.97649e-032	2.04665e-034	4.72759e-037	3.60158e-039	6.16861e-042	3.63049e-044	4.758e-047	2.34654e-049	3.31467e-052	3.64695e-054	7.04907e-056	
Galiblatta_sp	0	0	0	0	0	0	0	1	0	0	0	0	0	0	0	0	0	0	0	0	0	0	0	0	0	0	0	0	0	0	0	0	0	0	0	0	0	0	0	0	0	0	0	0	0	
Rhabdoblatta_sp	0	0	0	0	0	0	0	0	0	0	0	0	0	0	0	0	0	0	1	0	0	0	0	0	0	0	0	0	0	0	0	0	0	0	0	0	0	0	0	0	0	0	0	0	0	
N84	0.000961099	0.00185744	0.00380852	0.00899054	0.0273357	0.0824681	0.183462	0.265486	0.239274	0.131864	0.0441654	0.00906096	0.0011634	9.68246e-005	5.42555e-006	2.15839e-007	6.39659e-009	1.9955e-010	6.90709e-012	7.9001e-013	3.83162e-014	4.22988e-015	1.4919e-016	1.13376e-017	2.82152e-019	1.48718e-020	2.62227e-022	9.72724e-024	1.22637e-025	3.2667e-027	2.97784e-029	5.88334e-031	3.94055e-033	6.0811e-035	3.05311e-037	3.84902e-039	1.48827e-041	1.62469e-043	5.04258e-046	4.90024e-048	1.42699e-050	2.0468e-052	3.24004e-054	1.29283e-055	5.38373e-057	
Margattea_sp	0	0	0	0	0	0	0	0	0	1	0	0	0	0	0	0	0	0	0	0	0	0	0	0	0	0	0	0	0	0	0	0	0	0	0	0	0	0	0	0	0	0	0	0	0	
Supella_longipalpa	0	0	0	1	0	0	0	0	0	0	0	0	0	0	0	0	0	0	0	0	0	0	0	0	0	0	0	0	0	0	0	0	0	0	0	0	0	0	0	0	0	0	0	0	0	
N85	0.00133555	0.00341748	0.00960584	0.0210436	0.0381591	0.0740345	0.14419	0.21845	0.228213	0.159298	0.0738579	0.0228689	0.00476619	0.000685006	6.90792e-005	5.55779e-006	3.72329e-007	3.78685e-008	3.11165e-009	3.93385e-010	2.57989e-011	2.29998e-012	1.04375e-013	6.36473e-015	2.01752e-016	8.68684e-018	1.95853e-019	6.16715e-021	1.00755e-022	2.4078e-024	2.90294e-026	5.46237e-028	4.95856e-030	7.64741e-032	5.3312e-034	6.98161e-036	3.91969e-038	4.82125e-040	2.34792e-042	2.95969e-044	2.00731e-046	4.27343e-048	7.07747e-050	1.95108e-051	5.81985e-053	
Ectobius_pallidus	0	0	0	0	1	0	0	0	0	0	0	0	0	0	0	0	0	0	0	0	0	0	0	0	0	0	0	0	0	0	0	0	0	0	0	0	0	0	0	0	0	0	0	0	0	
Panchlora_viridis	0	0	0	0	0	0	0	0	0	0	0	0	1	0	0	0	0	0	0	0	0	0	0	0	0	0	0	0	0	0	0	0	0	0	0	0	0	0	0	0	0	0	0	0	0	
N86	0.000236737	0.000701332	0.0027818	0.0118938	0.045555	0.12913	0.240797	0.27722	0.190855	0.0782011	0.0193113	0.00298737	0.000299338	2.75616e-005	2.21965e-006	5.82224e-007	4.95956e-008	1.19032e-008	6.26501e-010	9.24669e-011	2.97985e-012	2.69981e-013	5.46305e-015	3.1003e-016	4.05872e-018	1.49451e-019	1.30148e-021	3.26779e-023	1.94658e-025	3.57113e-027	1.49442e-029	2.12795e-031	7.02076e-034	1.09244e-035	3.06965e-038	4.51894e-040	2.18532e-042	6.3881e-044	1.55319e-046	2.15402e-048	9.74183e-051	2.35731e-052	6.4246e-055	1.24902e-056	3.03247e-058	
N87	0.000828142	0.00236343	0.00797293	0.0252622	0.0713114	0.156724	0.239172	0.241718	0.159977	0.0697848	0.0202761	0.00400513	0.000546457	5.38948e-005	3.9172e-006	2.50709e-007	1.39347e-008	1.01483e-009	5.72551e-011	3.95193e-012	1.69448e-013	8.33168e-015	2.50554e-016	8.67259e-018	1.8511e-019	4.65402e-021	7.19581e-023	1.36002e-024	1.55568e-026	2.28972e-028	1.97639e-030	2.34183e-032	1.56193e-034	1.55286e-036	8.20874e-039	7.12055e-041	3.22211e-043	2.75263e-045	1.17539e-047	1.03924e-049	5.91948e-052	7.13756e-054	7.05468e-056	9.95313e-058	1.52017e-059	
N88	0.000226203	0.00131891	0.00984187	0.0526644	0.16933	0.299759	0.280326	0.140287	0.0391568	0.00640429	0.000642708	4.1324e-005	1.76503e-006	5.20829e-008	1.09097e-009	1.74112e-011	2.15165e-013	2.86259e-015	3.34783e-017	6.76448e-019	7.98742e-021	1.49656e-022	1.34599e-024	1.86836e-026	1.24055e-028	1.27504e-030	6.32669e-033	4.92198e-035	1.85224e-037	1.117e-039	3.23083e-042	1.54541e-044	3.48349e-047	1.35578e-049	2.41155e-052	7.8137e-055	1.1219e-057	3.16985e-060	3.75187e-063	9.5402e-066	1.09661e-068	3.58166e-071	9.38371e-074	6.00449e-076	4.02754e-078	
N89	3.42591e-005	0.000397008	0.00583922	0.051205	0.218881	0.390264	0.255297	0.0687531	0.00872359	0.000582705	2.22766e-005	5.28164e-007	8.15925e-009	1.02719e-010	1.03883e-012	2.19739e-014	2.52794e-016	6.13387e-018	5.0416e-020	8.32284e-022	4.63531e-024	5.22431e-026	2.0269e-028	1.61682e-030	4.48813e-033	2.62744e-035	5.33386e-038	2.37177e-040	3.59465e-043	1.26388e-045	1.45132e-048	4.16849e-051	3.83559e-054	1.06143e-056	8.06075e-060	2.16266e-062	2.20696e-065	1.02048e-067	7.64763e-071	2.28014e-073	2.60115e-076	1.14051e-078	1.13446e-081	4.86807e-084	2.27733e-086	
Blattella_bisignata	0	0	0	0	0	1	0	0	0	0	0	0	0	0	0	0	0	0	0	0	0	0	0	0	0	0	0	0	0	0	0	0	0	0	0	0	0	0	0	0	0	0	0	0	0	
Blattella_germanica	0	0	0	0	0	1	0	0	0	0	0	0	0	0	0	0	0	0	0	0	0	0	0	0	0	0	0	0	0	0	0	0	0	0	0	0	0	0	0	0	0	0	0	0	0	
Blattella_sauteri	0	0	0	0	0	1	0	0	0	0	0	0	0	0	0	0	0	0	0	0	0	0	0	0	0	0	0	0	0	0	0	0	0	0	0	0	0	0	0	0	0	0	0	0	0	
Loboptera_decipiens	0	0	0	0	0	0	0	0	0	0	1	0	0	0	0	0	0	0	0	0	0	0	0	0	0	0	0	0	0	0	0	0	0	0	0	0	0	0	0	0	0	0	0	0	0	
N90	0.000353116	0.000994429	0.00292726	0.00784301	0.0233537	0.068681	0.154636	0.238455	0.243058	0.162479	0.0712146	0.020967	0.00419343	0.000710401	0.000100041	2.80032e-005	4.28795e-006	1.18047e-006	1.20446e-007	2.104e-008	1.36575e-009	1.53021e-010	6.49093e-012	4.85288e-013	1.38384e-014	7.2094e-016	1.41765e-017	5.37727e-019	7.48603e-021	2.17777e-022	2.19574e-024	5.12295e-026	4.04365e-028	9.20067e-030	6.08942e-032	1.35936e-033	1.21704e-035	4.16004e-037	2.71908e-039	6.03781e-041	5.38328e-043	1.58068e-044	1.33477e-046	3.98213e-048	1.44756e-049	
N91	0.000106955	0.000303366	0.000767364	0.00141383	0.00272758	0.00777982	0.0275406	0.0843791	0.183622	0.262205	0.235761	0.133104	0.0466957	0.0113242	0.00187608	0.000342104	4.3154e-005	7.37691e-006	6.11413e-007	6.46522e-008	3.14318e-009	1.98486e-010	5.88374e-012	2.34475e-013	4.44792e-015	1.18362e-016	1.49595e-018	2.79222e-020	2.43923e-022	3.35801e-024	2.08813e-026	2.20924e-028	1.02932e-030	9.20637e-033	3.35737e-035	2.64061e-037	9.36586e-040	8.5559e-042	2.68116e-044	2.04996e-046	7.58966e-049	6.97868e-051	3.26067e-053	3.43103e-055	3.94065e-057	
N92	7.31759e-005	0.000223231	0.000673314	0.00139432	0.00240773	0.0056136	0.018416	0.0600084	0.150503	0.252072	0.262529	0.165642	0.063035	0.0148798	0.00225907	0.00024837	2.03927e-005	1.67219e-006	9.56126e-008	9.13672e-009	3.70754e-010	4.2253e-011	1.18503e-012	1.05851e-013	1.99694e-015	1.22204e-016	1.58195e-018	6.68525e-020	6.12689e-022	1.84136e-023	1.22745e-025	2.69987e-027	1.3528e-029	2.28332e-031	8.85337e-034	1.18745e-035	3.80029e-038	4.5287e-040	1.24094e-042	1.27195e-044	3.26941e-047	3.53697e-049	1.04622e-051	1.89525e-053	5.06276e-055	
N93	8.75195e-006	4.97163e-005	0.00059695	0.00473341	0.0131903	0.0172735	0.0193792	0.0561794	0.163989	0.276695	0.262257	0.138994	0.0401611	0.00602777	0.000446877	1.80746e-005	4.38703e-007	7.13077e-009	8.30241e-011	1.02764e-012	1.1787e-014	2.40992e-016	2.74529e-018	4.57883e-020	3.70003e-022	4.22147e-024	2.39838e-026	1.91786e-028	7.81757e-031	4.52694e-033	1.34902e-035	5.83765e-038	1.29424e-040	4.31897e-043	7.24457e-046	1.92289e-048	2.48311e-051	5.40867e-054	5.47292e-057	1.00764e-059	8.41226e-063	1.52694e-065	2.30238e-068	9.46001e-071	4.38919e-073	
Hemithyrsocera_sp	0	0	0	0	0	0	1	0	0	0	0	0	0	0	0	0	0	0	0	0	0	0	0	0	0	0	0	0	0	0	0	0	0	0	0	0	0	0	0	0	0	0	0	0	0	
Symplocodes_sp	0	0	0	0	0	0	0	0	0	0	0	0	0	1	0	0	0	0	0	0	0	0	0	0	0	0	0	0	0	0	0	0	0	0	0	0	0	0	0	0	0	0	0	0	0	
Xestoblatta_sp	0	0	0	0	0	0	0	0	0	0	0	0	1	0	0	0	0	0	0	0	0	0	0	0	0	0	0	0	0	0	0	0	0	0	0	0	0	0	0	0	0	0	0	0	0	
Lobopterella_dimidiatipes	0	0	0	0	0	0	0	0	0	0	0	0	1	0	0	0	0	0	0	0	0	0	0	0	0	0	0	0	0	0	0	0	0	0	0	0	0	0	0	0	0	0	0	0	0	
Symploce_sp	0	0	0	0	0	0	0	1	0	0	0	0	0	0	0	0	0	0	0	0	0	0	0	0	0	0	0	0	0	0	0	0	0	0	0	0	0	0	0	0	0	0	0	0	0	
