NODE	13	14	15	16	17	18	19	20	21	22	23	24	25	26	27	28	29	30	31	32	33	34	35	36	37	38	39	40	41	42	43	44	45	46	47	48	49	50	51	
N1	5.53917e-009	3.36701e-007	2.06314e-005	0.000633431	0.00868037	0.0542456	0.180447	0.352892	0.309495	0.0864437	0.00697403	0.000166757	1.33228e-006	4.30965e-009	6.67927e-012	1.74373e-017	3.91392e-019	7.02424e-021	1.03335e-022	1.26951e-024	1.32137e-026	1.17888e-028	9.10386e-031	6.13766e-033	3.64e-035	1.91206e-037	8.9519e-040	3.75689e-042	1.42086e-044	4.86711e-047	1.51765e-049	4.33109e-052	1.13842e-054	2.77831e-057	6.36092e-060	1.38319e-062	2.89248e-065	5.87396e-068	1.30794e-070	
N2	2.57727e-008	1.3157e-006	4.91975e-005	0.00102113	0.010741	0.0565294	0.16909	0.328451	0.315451	0.106206	0.0119747	0.000476754	7.49165e-006	6.02797e-008	3.06454e-010	3.0873e-012	9.08102e-014	5.23118e-014	1.47595e-015	6.08468e-016	1.05838e-017	3.14304e-018	3.35998e-020	7.33637e-021	5.0839e-023	8.22678e-024	3.92502e-026	4.75476e-027	1.66277e-029	1.60451e-030	5.29864e-033	4.21161e-034	1.27214e-036	5.81319e-038	1.14781e-040	2.56778e-042	3.00318e-045	6.25061e-047	4.70289e-048	
N3	1.95917e-008	1.36988e-006	6.07552e-005	0.00136713	0.0148608	0.0770811	0.20864	0.354085	0.274789	0.0643368	0.00465794	0.000118294	1.22297e-006	5.93598e-009	1.51973e-011	2.42678e-014	6.41754e-017	1.26075e-018	1.41508e-020	2.21321e-022	1.28796e-024	1.19469e-026	3.69894e-029	2.1518e-031	3.79194e-034	1.44579e-036	1.55683e-039	4.07118e-042	2.88973e-045	5.54806e-048	2.99693e-051	4.42262e-054	1.73113e-057	1.56176e-060	3.94095e-064	1.75465e-067	3.20274e-071	1.97499e-074	2.87369e-077	
N4	4.54776e-011	8.97472e-009	1.49108e-006	0.000113632	0.00359011	0.0442734	0.219662	0.444841	0.257236	0.029425	0.000850034	7.94989e-006	3.04302e-008	6.09189e-011	8.23843e-014	5.63982e-016	2.10618e-018	1.26953e-019	2.88375e-022	9.97335e-024	1.16019e-026	2.22981e-028	1.4669e-031	1.66569e-033	7.20357e-037	5.56852e-039	1.91409e-042	1.22116e-044	3.37464e-048	1.71146e-050	3.16598e-054	1.05239e-056	1.25827e-060	2.41796e-063	1.97912e-067	2.16382e-070	1.27493e-074	9.17208e-078	4.64243e-081	
N5	3.2251e-016	8.62644e-014	9.8979e-011	5.89543e-008	1.59534e-005	0.00167802	0.0561185	0.437655	0.474506	0.0296722	0.000352365	1.30988e-006	2.00613e-009	1.519e-012	6.67152e-016	7.81535e-019	1.09453e-021	7.16349e-024	6.83354e-027	2.38171e-029	1.29647e-032	2.5389e-035	7.88578e-039	9.15762e-042	1.68461e-045	1.20381e-048	1.39013e-052	6.2694e-056	4.60129e-060	1.27511e-063	6.0473e-068	1.02853e-071	3.19864e-076	3.65399e-080	7.52993e-085	6.49245e-089	1.26583e-093	2.86699e-097	1.04955e-100	
N6	1.37453e-018	5.59283e-016	1.38901e-012	1.87674e-009	1.19163e-006	0.000297147	0.0223782	0.342808	0.594934	0.0391632	0.000417104	1.27152e-006	1.51268e-009	8.51077e-013	2.58358e-016	1.15962e-019	2.23024e-022	1.0274e-023	1.76408e-026	4.45821e-028	4.21399e-031	6.22594e-033	3.04198e-036	2.79833e-038	6.50868e-042	3.78878e-044	4.02285e-048	1.36623e-050	7.2506e-055	1.15263e-057	3.78723e-062	2.52107e-065	5.7257e-070	2.01267e-073	3.19918e-078	7.38433e-082	9.59844e-087	7.49724e-090	1.9514e-092	
N7	4.10711e-020	7.28817e-018	2.26414e-014	4.26724e-011	4.31119e-008	2.01981e-005	0.00350283	0.152776	0.803833	0.0395325	0.000334525	8.92419e-007	1.01147e-009	5.8178e-013	1.91004e-016	4.04021e-020	8.84893e-024	9.27385e-026	1.39292e-028	1.9562e-030	2.00907e-033	1.6214e-035	1.1455e-038	5.42137e-041	2.42451e-044	6.86469e-047	1.58175e-050	2.6812e-053	2.70371e-057	2.27402e-060	1.25324e-064	4.40876e-068	1.66183e-072	4.79736e-076	2.74086e-080	4.91849e-083	1.0336e-085	7.59083e-087	1.41158e-087	
N8	1.01301e-025	1.68239e-023	4.97797e-019	8.35929e-015	7.00017e-011	2.47276e-007	0.000281056	0.062793	0.921009	0.0158884	2.80938e-005	1.2171e-008	1.92207e-012	1.38498e-016	5.24618e-021	1.15889e-025	1.92324e-030	2.67136e-033	7.28727e-037	1.43224e-035	2.24642e-035	1.51794e-034	5.49607e-036	3.14167e-036	7.14948e-038	3.01712e-038	3.7045e-040	1.15011e-040	6.08805e-043	1.14483e-043	3.21548e-046	2.26132e-047	4.74566e-050	1.71374e-051	2.76944e-054	6.84579e-056	8.90995e-059	3.79512e-060	7.99974e-061	
N9	8.6438e-025	4.08731e-023	5.68912e-019	5.03615e-015	2.54104e-011	6.47136e-008	6.88279e-005	0.0218501	0.961936	0.0161062	3.82909e-005	2.77053e-008	8.5012e-012	1.33284e-015	1.2029e-019	6.80149e-024	2.61407e-028	3.90621e-032	1.03557e-035	2.67283e-038	5.76627e-042	8.90113e-045	1.38504e-048	1.28179e-051	1.48342e-055	8.14778e-059	6.84825e-063	2.1396e-066	1.06834e-070	1.78439e-074	2.84445e-079	1.31082e-083	1.09552e-088	3.40692e-093	1.70689e-098	4.15945e-103	1.63207e-108	8.12374e-113	7.36606e-117	
N10	2.87643e-029	2.43497e-027	1.45663e-022	5.51289e-018	1.17831e-013	1.25342e-009	5.43368e-006	0.00668547	0.988054	0.00525169	3.44104e-006	6.49695e-010	5.0487e-014	1.96616e-018	4.34646e-023	5.94471e-028	5.44983e-033	1.01978e-036	2.02018e-040	1.06137e-042	1.48042e-046	4.56494e-049	4.52468e-053	8.28866e-056	5.81995e-060	6.34082e-063	2.83727e-067	1.85266e-070	3.69779e-075	1.45987e-078	4.73969e-084	2.50959e-088	4.96458e-094	1.26743e-098	1.52802e-104	2.66696e-109	2.28912e-115	1.31594e-119	2.57413e-123	
Amitermes_darwini	0	0	0	0	0	0	0	0	1	0	0	0	0	0	0	0	0	0	0	0	0	0	0	0	0	0	0	0	0	0	0	0	0	0	0	0	0	0	0	
Amitermes_germanus	0	0	0	0	0	0	0	0	1	0	0	0	0	0	0	0	0	0	0	0	0	0	0	0	0	0	0	0	0	0	0	0	0	0	0	0	0	0	0	
N11	2.54042e-029	2.06597e-027	1.2631e-022	4.88711e-018	1.06828e-013	1.16279e-009	5.16185e-006	0.00651093	0.988359	0.00512137	3.27594e-006	6.04391e-010	4.59226e-014	1.74946e-018	3.78447e-023	5.06643e-028	4.54685e-033	8.12561e-037	1.55818e-040	7.84568e-043	1.06032e-046	3.1342e-049	3.01151e-053	5.2887e-056	3.60559e-060	3.76415e-063	1.64139e-067	1.02552e-070	2.00686e-075	7.56744e-079	2.41272e-084	1.22347e-088	2.37166e-094	5.83388e-099	6.88338e-105	1.16121e-109	9.76989e-116	5.4305e-120	1.01523e-123	
Amitermes_parvus	0	0	0	0	0	0	0	0	1	0	0	0	0	0	0	0	0	0	0	0	0	0	0	0	0	0	0	0	0	0	0	0	0	0	0	0	0	0	0	
Drepanotermes_septentrionalis	0	0	0	0	0	0	0	0	1	0	0	0	0	0	0	0	0	0	0	0	0	0	0	0	0	0	0	0	0	0	0	0	0	0	0	0	0	0	0	
N12	5.44845e-028	9.60139e-025	4.7153e-020	1.30679e-015	1.78223e-011	1.00101e-007	0.00017345	0.0543944	0.931917	0.0134976	1.71126e-005	4.94614e-009	5.00731e-013	2.2585e-017	5.28304e-022	7.11859e-027	7.14898e-032	1.22696e-033	6.50435e-037	3.66288e-038	1.09674e-041	3.7993e-043	5.98359e-047	1.3666e-048	9.73917e-053	1.54817e-054	3.83745e-059	4.31637e-061	2.56783e-066	1.68112e-068	3.14668e-074	3.668e-077	4.90087e-083	1.65162e-086	1.69709e-092	2.73714e-096	2.78645e-102	9.33791e-106	9.14451e-108	
N13	7.28645e-029	7.55779e-026	5.17811e-021	2.0134e-016	3.90695e-012	3.1856e-008	8.24325e-005	0.039853	0.950652	0.00940428	8.03182e-006	1.59401e-009	1.12722e-013	3.59832e-018	6.0149e-023	5.82762e-028	3.69828e-033	2.10703e-036	4.17586e-040	3.1077e-039	1.38457e-039	5.13901e-039	1.36e-040	8.50155e-041	1.71334e-042	7.25509e-043	9.8345e-045	2.8793e-045	1.27717e-047	2.58484e-048	2.88268e-051	8.53785e-053	6.92937e-056	1.01305e-057	5.75786e-061	6.78372e-063	3.31031e-066	2.30331e-067	5.64204e-068	
N14	2.4641e-028	2.13032e-024	7.43415e-020	1.51755e-015	1.61217e-011	7.63441e-008	0.000124874	0.0435482	0.945503	0.0108104	1.30672e-005	4.13778e-009	5.06108e-013	2.95912e-017	9.43698e-022	1.79312e-026	2.27678e-031	3.65153e-033	4.8808e-036	8.23723e-037	7.34868e-040	7.2745e-041	4.28224e-044	2.61904e-045	9.09858e-049	3.65002e-050	5.63173e-054	1.58572e-055	5.41691e-060	1.07522e-061	4.47525e-067	5.97261e-070	1.86188e-075	7.55828e-079	1.72103e-084	3.84263e-088	6.6625e-094	1.1557e-096	1.76375e-098	
N15	1.64001e-028	1.89056e-024	1.04734e-019	3.23213e-015	4.95336e-011	3.1406e-007	0.000572782	0.10307	0.890672	0.00568168	4.01762e-006	7.57801e-010	5.55366e-014	1.92006e-018	3.49488e-023	3.69898e-028	2.65878e-032	6.25999e-034	2.49063e-035	2.0577e-035	7.31019e-037	4.33358e-037	1.32862e-038	5.60321e-039	1.50643e-040	4.41055e-041	1.00386e-042	1.95421e-043	2.81906e-045	3.58238e-046	1.09043e-048	2.37779e-050	4.63973e-053	7.37478e-055	9.95448e-058	1.42478e-059	1.80186e-062	1.0625e-063	1.52504e-064	
Crenetermes_albotarsalis	0	0	0	0	0	0	0	0	1	0	0	0	0	0	0	0	0	0	0	0	0	0	0	0	0	0	0	0	0	0	0	0	0	0	0	0	0	0	0	
N16	1.03942e-029	2.93704e-025	2.82556e-020	1.46782e-015	3.57012e-011	3.28479e-007	0.000757426	0.113541	0.881314	0.00438532	2.03107e-006	2.26619e-010	9.19402e-015	1.70044e-019	1.64485e-024	9.08972e-030	3.21059e-035	8.33251e-038	2.6461e-041	1.31676e-042	2.42676e-046	7.20178e-048	7.32169e-052	1.37327e-053	6.83102e-058	5.18828e-055	1.13809e-055	6.84218e-053	1.81552e-053	3.88818e-051	5.08296e-053	2.57463e-052	1.12476e-055	8.82388e-057	1.25818e-060	3.93e-062	4.69924e-066	2.44104e-067	3.28097e-067	
Cubitermes_sp	0	0	0	0	0	0	0	0	1	0	0	0	0	0	0	0	0	0	0	0	0	0	0	0	0	0	0	0	0	0	0	0	0	0	0	0	0	0	0	
N17	1.05731e-024	4.0658e-021	7.94904e-017	9.04652e-013	5.23083e-009	1.25787e-005	0.00841136	0.233072	0.755312	0.00318973	2.41628e-006	6.23899e-010	7.31119e-014	4.57855e-018	1.70246e-022	4.04494e-027	6.5972e-032	1.01136e-034	8.19454e-038	3.89501e-039	2.26732e-042	6.56426e-044	2.85246e-047	5.07904e-049	1.67102e-052	1.81828e-054	4.08137e-058	2.739e-060	2.42143e-064	1.08754e-066	9.03583e-072	2.92555e-075	1.64019e-080	2.44773e-084	8.83455e-090	1.00219e-093	3.09395e-099	3.71105e-102	1.2754e-104	
Procubitermes_sp	0	0	0	0	0	0	1	0	0	0	0	0	0	0	0	0	0	0	0	0	0	0	0	0	0	0	0	0	0	0	0	0	0	0	0	0	0	0	0	
Thoracotermes_macrothorax	0	0	0	0	0	0	0	0	1	0	0	0	0	0	0	0	0	0	0	0	0	0	0	0	0	0	0	0	0	0	0	0	0	0	0	0	0	0	0	
N18	2.8113e-024	2.0558e-022	2.2021e-018	1.51855e-014	6.0286e-011	1.2204e-007	0.000104232	0.0267982	0.95243	0.0206044	6.27478e-005	5.83824e-008	2.31891e-011	4.74107e-015	5.62336e-019	4.2109e-023	2.15975e-027	5.64176e-031	2.5151e-034	1.30461e-036	4.63846e-040	1.46712e-042	3.85456e-046	7.51066e-049	1.51292e-052	1.80451e-055	2.75348e-059	1.93575e-062	1.83208e-066	7.18798e-070	1.90831e-074	1.77987e-078	2.59257e-083	1.74166e-087	1.60659e-092	9.04195e-097	7.12843e-102	1.03281e-105	2.97945e-109	
Tuberculitermes_bycanistes	0	0	0	0	0	0	0	0	1	0	0	0	0	0	0	0	0	0	0	0	0	0	0	0	0	0	0	0	0	0	0	0	0	0	0	0	0	0	0	
Unguitermes_sp	0	0	0	0	0	0	0	0	1	0	0	0	0	0	0	0	0	0	0	0	0	0	0	0	0	0	0	0	0	0	0	0	0	0	0	0	0	0	0	
N19	4.2228e-026	3.59451e-024	8.10758e-020	1.13651e-015	8.83394e-012	3.33869e-008	4.98788e-005	0.0203333	0.966289	0.0133046	2.29142e-005	1.12475e-008	2.24711e-012	2.22889e-016	1.24495e-020	4.27537e-025	9.8741e-030	2.59467e-033	7.45952e-037	3.28602e-039	6.63346e-043	1.67462e-045	2.35812e-049	3.42923e-052	3.45847e-056	6.00096e-058	7.5991e-059	7.44739e-057	5.63148e-056	2.16813e-054	1.805e-054	4.67651e-054	5.87879e-055	1.35455e-055	1.99392e-058	2.58794e-060	3.48665e-063	1.75377e-064	1.94707e-065	
N20	7.52137e-029	2.98314e-026	1.51449e-021	4.69625e-017	7.87674e-013	6.20866e-009	1.84002e-005	0.0136752	0.977171	0.00912649	8.90226e-006	2.26644e-009	2.22254e-013	1.04107e-017	2.66851e-022	4.10974e-027	4.18465e-032	5.29981e-035	2.38377e-038	5.72706e-040	1.71585e-043	2.41998e-045	4.81167e-049	4.15532e-051	5.06427e-055	2.80168e-057	1.70318e-061	6.3315e-064	1.22764e-068	3.03897e-071	9.48115e-077	2.84267e-080	6.17004e-086	6.51827e-090	9.847e-096	5.91118e-100	6.42311e-106	1.09551e-109	1.56608e-112	
N21	1.49949e-028	3.41401e-026	1.39314e-021	3.61302e-017	5.30732e-013	3.88625e-009	1.1595e-005	0.00978679	0.982634	0.00756079	7.20132e-006	1.98103e-009	2.24821e-013	1.28225e-017	4.16595e-022	8.40952e-027	1.14371e-031	6.02025e-035	2.51951e-038	3.96523e-040	1.17211e-043	1.10566e-045	2.3933e-049	1.37351e-051	2.22314e-055	7.73747e-058	8.64648e-062	1.82995e-064	9.13809e-069	1.23829e-071	7.58703e-077	9.96969e-081	3.94852e-086	2.68545e-090	6.8077e-096	3.5653e-100	7.51674e-106	2.56239e-109	2.56612e-112	
Ephelotermes_melachoma	0	0	0	0	0	0	0	0	1	0	0	0	0	0	0	0	0	0	0	0	0	0	0	0	0	0	0	0	0	0	0	0	0	0	0	0	0	0	0	
Ephelotermes_taylori	0	0	0	0	0	0	0	0	1	0	0	0	0	0	0	0	0	0	0	0	0	0	0	0	0	0	0	0	0	0	0	0	0	0	0	0	0	0	0	
Macrognathotermes_sunteri	0	0	0	0	0	0	0	0	1	0	0	0	0	0	0	0	0	0	0	0	0	0	0	0	0	0	0	0	0	0	0	0	0	0	0	0	0	0	0	
Lophotermes_septentrionalis	0	0	0	0	0	0	0	0	1	0	0	0	0	0	0	0	0	0	0	0	0	0	0	0	0	0	0	0	0	0	0	0	0	0	0	0	0	0	0	
N22	9.53372e-024	9.50996e-022	9.16454e-018	5.5404e-014	1.87379e-010	3.1156e-007	0.000208257	0.039204	0.933129	0.0273523	0.000106097	1.19533e-007	5.53394e-011	1.28035e-014	1.67817e-018	1.36178e-022	7.46449e-027	2.49389e-030	1.24866e-033	7.43694e-036	2.8343e-039	1.00472e-041	2.77662e-045	5.93607e-048	1.23474e-051	1.58127e-054	2.42748e-058	1.79133e-061	1.58852e-065	6.52123e-069	1.60385e-073	1.50039e-077	2.01339e-082	1.31225e-086	1.09331e-091	5.83313e-096	4.06345e-101	5.68266e-105	1.61102e-108	
N23	5.90015e-026	2.06324e-023	3.67062e-019	4.08025e-015	2.51307e-011	7.4993e-008	8.77615e-005	0.0275176	0.952328	0.0200171	4.90188e-005	3.3047e-008	8.8831e-012	1.17006e-015	8.60982e-020	3.87668e-024	1.1686e-028	1.45917e-031	1.22031e-034	3.3707e-036	1.95319e-039	3.21558e-041	1.29107e-044	1.31052e-046	3.44296e-050	2.23331e-052	3.21917e-056	1.3888e-058	7.44618e-063	2.10067e-065	2.40971e-070	1.17196e-073	9.22124e-079	1.81871e-082	9.96405e-088	1.22471e-091	4.91044e-097	1.34373e-100	2.35244e-103	
Microcerotermes_boreus	0	0	0	0	0	0	0	0	1	0	0	0	0	0	0	0	0	0	0	0	0	0	0	0	0	0	0	0	0	0	0	0	0	0	0	0	0	0	0	
Pericapritermes_sp	0	0	0	0	0	0	0	0	1	0	0	0	0	0	0	0	0	0	0	0	0	0	0	0	0	0	0	0	0	0	0	0	0	0	0	0	0	0	0	
Microcerotermes_nervosus	0	0	0	0	0	0	0	0	1	0	0	0	0	0	0	0	0	0	0	0	0	0	0	0	0	0	0	0	0	0	0	0	0	0	0	0	0	0	0	
N24	3.71526e-029	1.46647e-028	1.57649e-023	9.8866e-019	3.28109e-014	5.11975e-010	3.08724e-006	0.00502557	0.991772	0.00319753	1.32506e-006	1.54298e-010	7.14132e-015	1.58517e-019	1.8886e-024	1.30316e-029	5.60443e-035	5.76042e-040	8.6923e-045	2.20967e-043	2.49196e-039	1.02436e-035	1.23408e-035	6.08555e-035	6.86265e-035	2.69553e-034	2.80416e-034	8.31319e-034	6.63652e-034	1.38425e-033	6.41149e-034	7.07954e-034	2.27642e-034	2.11115e-034	5.22856e-035	4.70423e-035	1.11967e-035	1.9757e-035	6.11399e-035	
N25	2.87228e-032	1.35007e-029	1.89921e-024	1.6397e-019	7.77552e-015	1.78303e-010	1.60588e-006	0.00386942	0.993406	0.00272177	8.47783e-007	7.30189e-011	2.51908e-015	4.25283e-020	3.97117e-025	2.22391e-030	8.124e-036	1.25635e-038	3.8399e-042	1.13277e-043	2.34017e-047	3.95622e-049	5.63058e-053	5.62368e-055	5.22313e-059	3.18843e-061	1.59194e-065	6.25265e-068	1.04411e-072	2.76527e-075	3.19315e-081	4.11143e-085	3.20291e-091	1.56256e-095	7.84654e-102	2.30719e-106	8.64467e-113	3.12719e-116	4.29346e-119	
Nasutitermes_graveolus	0	0	0	0	0	0	0	0	1	0	0	0	0	0	0	0	0	0	0	0	0	0	0	0	0	0	0	0	0	0	0	0	0	0	0	0	0	0	0	
Nasutitermes_triodiae	0	0	0	0	0	0	0	0	1	0	0	0	0	0	0	0	0	0	0	0	0	0	0	0	0	0	0	0	0	0	0	0	0	0	0	0	0	0	0	
N26	2.88133e-032	1.35076e-029	1.89941e-024	1.63925e-019	7.77088e-015	1.78159e-010	1.60451e-006	0.00386693	0.99341	0.00272079	8.47483e-007	7.30095e-011	2.51967e-015	4.25573e-020	3.97582e-025	2.22762e-030	8.14116e-036	1.25402e-038	3.82833e-042	1.12616e-043	2.32407e-047	3.91768e-049	5.57151e-053	5.54786e-055	5.15191e-059	3.13457e-061	1.56616e-065	6.12893e-068	1.02496e-072	2.70405e-075	3.12712e-081	4.01158e-085	3.12886e-091	1.52223e-095	7.65047e-102	2.24518e-106	8.42281e-113	3.04497e-116	4.16474e-119	
Nasutitermes_longipennis	0	0	0	0	0	0	0	0	1	0	0	0	0	0	0	0	0	0	0	0	0	0	0	0	0	0	0	0	0	0	0	0	0	0	0	0	0	0	0	
Tumulitermes_pastinator	0	0	0	0	0	0	0	0	1	0	0	0	0	0	0	0	0	0	0	0	0	0	0	0	0	0	0	0	0	0	0	0	0	0	0	0	0	0	0	
N27	2.23945e-016	6.13507e-014	4.15201e-011	1.76364e-008	4.15597e-006	0.000476845	0.0218567	0.287774	0.595214	0.0916307	0.0030092	3.39302e-005	1.70334e-007	4.47286e-010	6.85103e-013	6.78341e-016	6.54058e-019	4.11566e-020	3.61621e-022	3.69462e-023	2.26583e-025	1.3595e-026	5.90789e-029	2.12399e-030	6.10159e-033	1.34284e-034	2.0693e-037	2.83628e-039	1.82514e-042	1.32348e-044	4.14832e-048	9.59228e-051	1.90727e-054	2.68298e-057	3.50155e-061	3.86077e-064	4.25759e-068	1.5035e-070	1.36494e-072	
N28	7.08582e-021	3.21149e-019	1.18476e-015	2.78774e-012	3.73359e-009	2.52342e-006	0.000717084	0.0629548	0.897551	0.0384879	0.000286061	6.94486e-007	7.38303e-010	4.08011e-013	1.31222e-016	2.6822e-020	3.87548e-024	1.9884e-027	1.27052e-030	4.33788e-033	2.28969e-036	4.77345e-039	1.8255e-042	2.32981e-045	6.40104e-049	5.01827e-052	9.21362e-056	4.39199e-059	4.75144e-063	2.63412e-066	9.86553e-069	4.91201e-070	1.27282e-071	6.27197e-073	2.16191e-075	2.12779e-077	5.32081e-080	8.09206e-082	2.1151e-083	
Macrotermes_bellicosus	0	0	0	0	0	0	0	0	1	0	0	0	0	0	0	0	0	0	0	0	0	0	0	0	0	0	0	0	0	0	0	0	0	0	0	0	0	0	0	
N29	9.26545e-035	3.096e-034	2.0243e-028	1.0415e-022	2.40519e-017	2.35147e-012	8.42342e-008	0.0008401	0.998586	0.00057365	4.14794e-008	8.65392e-013	6.74848e-018	2.25645e-023	3.40288e-029	7.83704e-035	2.20888e-038	1.22634e-040	7.29467e-043	7.38654e-044	3.58968e-046	2.39498e-047	8.8907e-050	3.8201e-051	9.99023e-054	2.68355e-055	4.11064e-058	6.58555e-060	4.16549e-063	3.42e-065	5.11985e-069	6.85297e-072	2.86139e-076	2.01295e-035	1.94907e-036	2.03467e-036	1.70953e-037	3.79976e-037	3.25957e-036	
N30	3.30715e-041	2.71674e-040	1.85539e-033	6.38799e-027	1.03868e-020	7.43459e-015	2.0059e-009	0.000142221	0.999757	0.000100376	1.07774e-009	3.14472e-015	3.50987e-021	1.72614e-027	3.9895e-034	4.47361e-041	1.80691e-047	4.90219e-052	3.2596e-057	1.83725e-060	1.71557e-066	1.4627e-042	1.4048e-042	2.30751e-040	1.96514e-040	2.55235e-038	1.52563e-038	1.66362e-036	3.90456e-037	3.82269e-035	4.3853e-037	1.44544e-036	1.46748e-038	2.14432e-038	1.77944e-040	1.97326e-040	1.63692e-042	8.82093e-041	1.34363e-038	
Microtermes_sp	0	0	0	0	0	0	0	0	1	0	0	0	0	0	0	0	0	0	0	0	0	0	0	0	0	0	0	0	0	0	0	0	0	0	0	0	0	0	0	
Odontotermes_sp	0	0	0	0	0	0	0	0	1	0	0	0	0	0	0	0	0	0	0	0	0	0	0	0	0	0	0	0	0	0	0	0	0	0	0	0	0	0	0	
Protermes_sp	0	0	0	0	0	0	0	0	1	0	0	0	0	0	0	0	0	0	0	0	0	0	0	0	0	0	0	0	0	0	0	0	0	0	0	0	0	0	0	
Pseudacanthotermes_militaris	0	0	0	0	0	0	0	0	1	0	0	0	0	0	0	0	0	0	0	0	0	0	0	0	0	0	0	0	0	0	0	0	0	0	0	0	0	0	0	
N31	8.02151e-016	2.21633e-013	2.09725e-010	1.081e-007	2.64815e-005	0.00258116	0.0767218	0.470456	0.417902	0.0318153	0.00049468	2.49816e-006	5.34012e-009	5.71395e-012	3.4325e-015	1.29067e-018	4.45322e-022	6.9275e-024	1.86503e-026	4.7578e-028	8.49722e-031	1.23828e-032	1.46894e-035	1.2703e-037	9.4093e-041	4.99504e-043	2.02917e-046	6.66846e-049	1.26388e-052	2.28283e-055	2.09365e-059	1.34395e-062	7.7463e-067	2.85937e-070	1.07031e-074	2.92751e-078	8.5005e-083	5.31214e-086	9.08236e-089	
N32	5.71625e-016	2.08992e-013	1.64614e-010	7.59741e-008	1.77181e-005	0.00176594	0.058198	0.426792	0.463951	0.0481815	0.00108547	8.26485e-006	2.74509e-008	4.67712e-011	4.57335e-014	6.90593e-017	5.67331e-019	1.70729e-019	1.32041e-021	2.36053e-022	1.03589e-024	1.16167e-025	2.68624e-028	1.99132e-029	2.14929e-032	1.0636e-033	4.84721e-037	1.43693e-038	3.21001e-042	4.45788e-044	6.178e-048	3.118e-050	3.12196e-054	8.07964e-057	5.95132e-061	9.95206e-064	6.0784e-068	3.53801e-070	9.25782e-072	
Coptotermes_acinaciformis	0	0	0	0	0	0	0	0	1	0	0	0	0	0	0	0	0	0	0	0	0	0	0	0	0	0	0	0	0	0	0	0	0	0	0	0	0	0	0	
N33	4.65039e-024	5.17644e-023	7.34553e-019	6.47755e-015	3.16709e-011	7.58713e-008	7.38558e-005	0.0213908	0.968987	0.0095317	1.62894e-005	9.16886e-009	2.26786e-012	2.91423e-016	2.17111e-020	1.04965e-024	4.10902e-029	1.12428e-032	1.67241e-036	9.64446e-040	1.00455e-043	3.28549e-047	2.31181e-051	4.28454e-055	1.95817e-059	2.99295e-063	2.7818e-065	8.05649e-064	7.22474e-063	1.04323e-061	2.78562e-061	9.58731e-061	4.4933e-061	1.39791e-061	2.94303e-064	1.8928e-066	3.70353e-069	4.60633e-071	9.1657e-073	
Reticulitermes_flavipes	0	0	0	0	0	0	0	0	1	0	0	0	0	0	0	0	0	0	0	0	0	0	0	0	0	0	0	0	0	0	0	0	0	0	0	0	0	0	0	
N34	2.03779e-030	2.54286e-028	2.58705e-023	1.59913e-018	5.30618e-014	8.20476e-010	4.73071e-006	0.00683006	0.989721	0.0034426	1.36614e-006	1.48191e-010	6.36098e-015	1.32673e-019	1.53157e-024	1.07213e-029	5.43203e-035	8.56676e-038	1.50983e-041	1.19576e-043	1.33142e-047	6.27412e-050	4.26154e-054	1.25747e-056	4.70236e-061	9.10046e-064	1.55829e-068	2.03655e-071	1.19576e-076	9.94761e-080	1.18291e-085	1.20139e-089	9.63041e-096	3.77767e-100	2.05735e-106	4.40522e-111	1.66953e-117	8.06678e-122	3.15398e-125	
Reticulitermes_lucifugus	0	0	0	0	0	0	0	0	1	0	0	0	0	0	0	0	0	0	0	0	0	0	0	0	0	0	0	0	0	0	0	0	0	0	0	0	0	0	0	
Reticulitermes_urbis	0	0	0	0	0	0	0	0	1	0	0	0	0	0	0	0	0	0	0	0	0	0	0	0	0	0	0	0	0	0	0	0	0	0	0	0	0	0	0	
Schedorhinotermes_lamanianus	0	0	0	0	0	0	1	0	0	0	0	0	0	0	0	0	0	0	0	0	0	0	0	0	0	0	0	0	0	0	0	0	0	0	0	0	0	0	0	
N35	6.4054e-012	2.31687e-009	6.24305e-007	7.86715e-005	0.00372557	0.0563161	0.30741	0.489408	0.136617	0.00636313	8.01945e-005	1.11704e-006	4.4519e-008	1.22249e-009	1.92098e-011	1.99589e-013	2.52173e-015	6.95575e-016	2.66754e-017	5.56471e-018	9.28212e-020	7.72583e-021	4.69666e-023	1.51516e-024	3.77227e-027	6.32127e-029	1.47052e-031	6.72829e-033	3.74195e-035	1.60758e-036	4.94739e-039	1.01984e-040	1.86952e-043	1.98851e-045	2.31509e-048	1.54008e-050	1.22634e-053	9.04756e-056	1.72503e-057	
N36	1.81222e-012	8.22669e-010	3.03173e-007	4.18877e-005	0.00186953	0.0315724	0.255946	0.536777	0.165567	0.00813246	9.30125e-005	4.6889e-007	3.38232e-009	2.21004e-011	7.32793e-014	1.4563e-016	4.98441e-019	8.14203e-021	5.2771e-023	6.3295e-025	8.90525e-026	4.95212e-026	3.75028e-027	7.16712e-028	2.25952e-029	2.077e-030	3.74016e-032	1.94238e-033	2.08514e-035	8.78118e-037	5.04128e-039	3.1632e-040	1.04101e-042	8.94114e-044	2.40575e-046	2.86293e-047	1.31098e-048	1.58715e-048	1.39198e-048	
N37	7.82013e-012	3.09655e-009	7.06671e-007	6.39336e-005	0.00204952	0.0291065	0.244375	0.542264	0.17259	0.00941926	0.000130792	6.88084e-007	2.54924e-009	8.71275e-012	1.77188e-014	2.36371e-017	4.58641e-020	7.24204e-021	1.75664e-023	2.92711e-024	2.73067e-027	2.75945e-028	8.83563e-032	5.53343e-033	6.96883e-037	2.61516e-038	1.57824e-042	3.27547e-044	1.09757e-048	1.05422e-050	2.29466e-055	8.38447e-058	1.33864e-062	2.15549e-065	2.63015e-070	2.70974e-073	2.83619e-078	7.23459e-081	8.20238e-083	
N38	1.76314e-005	0.000264398	0.00211106	0.0082013	0.0148572	0.0214833	0.118357	0.351218	0.333256	0.126196	0.022054	0.00190187	8.12013e-005	1.60513e-006	1.27392e-008	1.1787e-010	2.2418e-012	3.73592e-013	6.25803e-015	5.33708e-016	5.58344e-018	2.53164e-019	1.69275e-021	4.25297e-023	1.63663e-025	2.34203e-027	4.45432e-030	3.42647e-032	3.46097e-035	1.26096e-037	7.7688e-041	1.73837e-043	6.80887e-047	1.16471e-049	3.07282e-053	4.46831e-056	1.8745e-059	1.31523e-061	1.14316e-063	
Bifiditermes_improbus	0	0	0	0	0	1	0	0	0	0	0	0	0	0	0	0	0	0	0	0	0	0	0	0	0	0	0	0	0	0	0	0	0	0	0	0	0	0	0	
Neotermes_insularis	0	0	0	0	0	0	0	0	0	0	0	0	0	1	0	0	0	0	0	0	0	0	0	0	0	0	0	0	0	0	0	0	0	0	0	0	0	0	0	
N39	1.32708e-013	7.49141e-011	3.01366e-008	6.19948e-006	0.000590226	0.0228802	0.274608	0.58128	0.116694	0.00390581	3.62198e-005	1.28071e-007	2.11788e-010	1.8831e-013	1.00217e-016	7.8352e-020	1.52996e-022	2.83212e-024	5.32343e-027	5.83249e-029	6.38512e-032	4.34883e-034	2.99298e-037	1.36829e-039	6.50105e-043	2.0179e-045	5.65555e-049	1.10446e-051	1.69715e-055	1.78971e-058	1.69045e-062	9.16129e-066	5.72043e-070	1.94988e-073	8.20187e-078	2.1112e-081	7.55491e-086	4.97132e-089	7.30719e-092	
N40	1.83427e-013	5.74167e-011	2.96929e-008	7.20983e-006	0.000720727	0.0258905	0.26991	0.564262	0.135606	0.00357815	2.51083e-005	6.83693e-008	8.93064e-011	6.41313e-014	2.79197e-017	1.22135e-020	1.25888e-023	1.7234e-025	2.80369e-028	2.46201e-030	2.74473e-033	1.42029e-035	1.07932e-038	3.36111e-041	1.61283e-044	3.03728e-047	7.84637e-051	8.53026e-054	1.14366e-057	5.96347e-061	4.94939e-065	1.53118e-068	8.22511e-073	1.87348e-076	6.80255e-081	1.282e-084	5.49049e-089	3.93154e-092	4.04866e-095	
N41	3.93227e-013	7.30533e-010	8.83728e-007	0.00011706	0.0050356	0.0789479	0.406075	0.478597	0.0311207	0.000105766	9.0563e-008	3.05911e-011	5.09973e-015	4.80362e-019	2.79981e-023	1.11088e-027	4.80491e-032	1.60167e-034	6.29937e-038	3.11637e-040	8.56051e-044	2.617e-046	4.83943e-050	9.41006e-053	1.05533e-056	1.33807e-059	7.62932e-064	6.22384e-067	1.58265e-071	6.90829e-075	9.26798e-080	1.50955e-083	1.35101e-088	1.19039e-092	7.27774e-098	4.40173e-102	2.03695e-107	2.46381e-111	1.01795e-114	
N42	5.12006e-017	3.92668e-014	1.30118e-010	1.31734e-007	4.40456e-005	0.00474892	0.140048	0.755917	0.0988835	0.000357667	3.09642e-007	1.01714e-010	2.116e-014	4.05536e-016	7.42315e-019	2.35811e-020	2.10089e-023	3.24084e-025	7.57733e-029	6.42731e-031	6.20125e-035	2.96859e-037	1.48372e-041	3.93552e-044	1.16818e-048	1.62071e-051	3.1365e-056	2.07441e-059	2.78075e-064	8.30951e-068	7.7369e-073	1.28889e-076	8.03174e-082	9.85903e-086	4.18405e-091	4.71109e-095	1.97289e-098	5.70702e-101	1.20301e-103	
Cryptotermes_austrinus	0	0	0	0	0	0	0	1	0	0	0	0	0	0	0	0	0	0	0	0	0	0	0	0	0	0	0	0	0	0	0	0	0	0	0	0	0	0	0	
Cryptotermes_queenslandis	0	0	0	0	0	0	0	0	1	0	0	0	0	0	0	0	0	0	0	0	0	0	0	0	0	0	0	0	0	0	0	0	0	0	0	0	0	0	0	
Cryptotermes_primus	0	0	1	0	0	0	0	0	0	0	0	0	0	0	0	0	0	0	0	0	0	0	0	0	0	0	0	0	0	0	0	0	0	0	0	0	0	0	0	
Incisitermes_sp	0	0	0	0	0	0	0	0	1	0	0	0	0	0	0	0	0	0	0	0	0	0	0	0	0	0	0	0	0	0	0	0	0	0	0	0	0	0	0	
N43	1.18136e-013	3.31058e-011	1.67887e-008	3.43108e-006	0.000327866	0.0190595	0.28313	0.618689	0.0776714	0.0011163	2.92901e-006	2.4735e-009	8.98661e-013	1.66895e-016	1.77579e-020	2.05545e-024	7.18907e-028	4.09666e-030	2.31082e-033	3.7678e-033	1.08784e-033	7.14156e-034	3.00978e-035	9.26133e-036	2.48519e-037	5.58325e-038	8.76024e-040	1.32956e-040	1.21997e-042	1.00753e-043	6.5142e-046	3.03533e-047	1.45672e-049	4.83143e-051	1.73807e-053	4.83306e-055	1.79382e-057	1.99077e-058	4.62082e-059	
Cryptotermes_brevis	0	0	0	0	0	1	0	0	0	0	0	0	0	0	0	0	0	0	0	0	0	0	0	0	0	0	0	0	0	0	0	0	0	0	0	0	0	0	0	
N44	6.13777e-013	6.83935e-011	2.81737e-008	4.23051e-006	0.000251315	0.0120482	0.236691	0.653994	0.0953903	0.00161695	3.82637e-006	2.27107e-009	4.56498e-013	3.9396e-017	3.38213e-021	1.43966e-022	8.3965e-026	2.94823e-027	6.77717e-031	5.05067e-032	3.64852e-033	1.17768e-032	7.27249e-035	9.02763e-035	1.74892e-037	1.3112e-037	1.34424e-040	4.89729e-041	3.45971e-044	4.97447e-045	2.81608e-048	1.84843e-049	8.65922e-053	3.24853e-054	1.25616e-057	3.18991e-059	2.08022e-062	1.51944e-062	1.53107e-062	
N45	1.63103e-013	6.44309e-012	2.2785e-009	6.74172e-007	7.92469e-005	0.00632766	0.181405	0.683249	0.12571	0.00321601	1.21865e-005	1.33425e-008	6.09722e-012	1.60352e-013	4.64398e-016	1.35133e-016	1.26773e-019	1.99638e-020	6.44516e-024	5.79988e-025	8.43887e-029	4.52299e-030	5.19553e-034	2.14937e-035	1.46896e-039	4.02472e-041	1.29468e-045	1.48422e-047	2.96949e-052	1.06568e-054	1.56074e-059	2.14705e-062	2.3422e-067	1.64159e-070	1.30428e-075	5.88597e-079	1.95694e-083	4.99181e-085	1.10191e-086	
Cryptotermes_cynocephalus	0	0	0	0	0	0	0	0	0	1	0	0	0	0	0	0	0	0	0	0	0	0	0	0	0	0	0	0	0	0	0	0	0	0	0	0	0	0	0	
N46	5.92469e-018	1.26974e-014	2.08775e-011	1.96344e-008	9.31383e-006	0.00182609	0.103659	0.817774	0.0757007	0.00102779	4.01553e-006	6.31906e-009	4.885e-012	2.11296e-015	5.62022e-019	1.72251e-022	1.79368e-025	3.41719e-027	5.10897e-030	6.22617e-032	6.31074e-035	4.79634e-037	3.36289e-040	1.60314e-042	6.92224e-046	2.05821e-048	4.13791e-052	7.12868e-055	7.12915e-059	5.67562e-062	3.57838e-066	1.42551e-069	5.93583e-074	1.54299e-077	4.25992e-082	8.97316e-086	2.67652e-090	2.7247e-093	4.61241e-096	
Cryptotermes_dudleyi	0	0	0	0	0	0	0	1	0	0	0	0	0	0	0	0	0	0	0	0	0	0	0	0	0	0	0	0	0	0	0	0	0	0	0	0	0	0	0	
Cryptotermes_secundus	0	0	0	0	0	0	0	1	0	0	0	0	0	0	0	0	0	0	0	0	0	0	0	0	0	0	0	0	0	0	0	0	0	0	0	0	0	0	0	
N47	0.000344085	0.00193766	0.00431578	0.00126367	0.00611213	0.0662564	0.300129	0.455085	0.147467	0.0163717	0.000707276	1.05543e-005	1.74967e-008	1.14377e-011	3.92514e-015	1.12222e-018	8.85629e-022	1.91095e-023	2.98829e-026	4.07274e-028	4.44174e-031	3.50518e-033	2.7676e-036	1.27293e-038	6.69354e-042	1.78984e-044	4.50456e-048	6.89593e-051	6.83044e-055	3.64636e-058	2.19852e-062	6.43096e-066	2.44036e-070	5.47047e-074	1.38979e-078	2.67272e-082	1.08811e-086	1.30363e-089	1.8775e-092	
Cryptotermes_domesticus	0	0	1	0	0	0	0	0	0	0	0	0	0	0	0	0	0	0	0	0	0	0	0	0	0	0	0	0	0	0	0	0	0	0	0	0	0	0	0	
Procryptotermes_australiensis	0	0	0	0	0	0	0	0	0	0	0	1	0	0	0	0	0	0	0	0	0	0	0	0	0	0	0	0	0	0	0	0	0	0	0	0	0	0	0	
N48	1.82551e-016	7.78099e-015	6.23865e-012	3.19332e-009	9.27538e-007	0.000136501	0.00862816	0.180294	0.750332	0.0595801	0.00102135	6.42329e-006	1.90291e-008	3.09438e-011	3.08222e-014	3.06555e-017	4.38509e-020	2.88927e-022	5.63452e-025	2.58901e-027	3.44711e-030	9.55061e-033	8.75822e-036	1.50758e-038	9.38145e-042	1.00985e-044	4.03859e-048	2.70372e-051	6.77078e-055	2.85439e-058	4.6008e-062	1.37718e-065	1.49526e-069	3.53913e-073	2.72569e-077	5.61923e-081	5.37912e-085	2.65697e-088	1.6306e-091	
Glyptotermes_brevicornis	0	0	0	0	0	0	0	0	1	0	0	0	0	0	0	0	0	0	0	0	0	0	0	0	0	0	0	0	0	0	0	0	0	0	0	0	0	0	0	
Glyptotermes_iridipennis	0	0	0	0	0	0	0	0	1	0	0	0	0	0	0	0	0	0	0	0	0	0	0	0	0	0	0	0	0	0	0	0	0	0	0	0	0	0	0	
Kalotermes_flavicollis	0	0	0	0	0	0	0	0	0	0	0	0	0	0	0	0	0	0	0	0	0	1	0	0	0	0	0	0	0	0	0	0	0	0	0	0	0	0	0	
N49	0.0208525	0.0731594	0.133896	0.107215	0.0347243	0.0142646	0.0531114	0.148186	0.206675	0.14476	0.052325	0.00985287	0.000936379	4.04455e-005	6.28584e-007	4.84394e-009	2.37727e-011	3.29493e-013	4.15369e-015	1.61843e-016	1.51229e-018	3.41035e-020	2.16387e-022	2.90784e-024	1.26524e-026	1.03824e-028	2.98936e-031	1.51191e-033	2.73497e-036	8.56622e-039	9.85161e-042	2.00469e-044	1.51615e-047	2.23675e-050	1.16121e-053	1.37726e-056	6.05015e-060	1.04741e-062	2.70386e-065	
Stolotermes_sp	0	0	0	1	0	0	0	0	0	0	0	0	0	0	0	0	0	0	0	0	0	0	0	0	0	0	0	0	0	0	0	0	0	0	0	0	0	0	0	
N50	0.0084768	0.00113109	5.34262e-005	1.12425e-006	1.13506e-008	8.78169e-011	7.79889e-010	1.03745e-007	7.91413e-006	0.000328501	0.00706117	0.071415	0.28838	0.568874	0.0472932	0.00684792	0.000125359	4.54864e-006	2.72845e-008	3.65451e-010	9.29709e-013	5.7256e-015	7.19234e-018	2.30495e-020	1.59891e-023	2.9027e-026	1.20492e-029	1.3325e-032	3.49734e-036	2.53944e-039	4.37893e-043	2.25838e-046	2.63962e-050	1.03755e-053	8.54808e-058	2.93874e-061	8.02071e-065	1.26797e-067	1.84811e-070	
Zootermopsis_angusticollis	0	0	0	0	0	0	0	0	0	0	0	0	0	1	0	0	0	0	0	0	0	0	0	0	0	0	0	0	0	0	0	0	0	0	0	0	0	0	0	
Zootermopsis_nevadensis	0	0	0	0	0	0	0	0	0	0	0	0	0	1	0	0	0	0	0	0	0	0	0	0	0	0	0	0	0	0	0	0	0	0	0	0	0	0	0	
Mastotermes_darwiniensis	0	0	0	0	0	0	0	0	0	0	0	0	0	0	0	0	0	0	0	0	0	0	0	0	0	0	0	0	0	0	0	0	0	0	0	0	1	0	0	
Porotermes_adamsoni	0	0	0	0	0	0	0	1	0	0	0	0	0	0	0	0	0	0	0	0	0	0	0	0	0	0	0	0	0	0	0	0	0	0	0	0	0	0	0	
