NODE	13	14	15	16	17	18	19	20	21	22	23	24	25	26	27	28	29	30	31	32	33	34	35	36	37	38	39	40	41	42	43	44	45	46	47	48	49	50	51	
N1	4.50168e-011	1.01286e-010	1.00554e-008	1.43692e-006	0.000109494	0.0036576	0.0477923	0.224379	0.375754	0.253002	0.0808804	0.0132681	0.00110786	4.70193e-005	1.05027e-006	1.30329e-008	9.51109e-011	4.30181e-013	8.24837e-018	3.67106e-019	1.36507e-020	4.30244e-022	1.16374e-023	2.73045e-025	5.6093e-027	1.01726e-028	1.64038e-030	2.36716e-032	3.07444e-034	3.61237e-036	3.85761e-038	3.75989e-040	3.35758e-042	2.75677e-044	2.08786e-046	1.46294e-048	9.51058e-051	5.75691e-053	3.55454e-055	
N2	1.07143e-008	4.89824e-008	1.9876e-006	7.37777e-005	0.00165758	0.0202864	0.120555	0.30859	0.32116	0.162815	0.053801	0.0101654	0.00085906	3.32789e-005	7.3808e-007	1.07536e-008	1.19466e-010	5.83418e-012	3.02433e-013	7.24959e-014	3.27492e-015	5.35246e-016	1.8677e-017	2.09783e-018	5.51037e-020	4.34097e-021	8.15047e-023	4.60879e-024	5.91073e-026	2.45739e-027	2.20294e-029	7.3716e-031	5.92292e-033	2.22177e-034	1.89717e-036	5.93194e-038	3.34449e-040	7.61534e-042	1.53511e-043	
N3	3.27119e-008	2.00266e-008	1.07027e-006	5.7348e-005	0.0016377	0.0231186	0.147874	0.381419	0.333779	0.088895	0.0199152	0.00310611	0.000192044	4.53008e-006	4.84033e-008	2.72624e-010	9.90358e-013	7.22994e-015	1.16515e-016	2.8582e-018	3.43282e-020	5.04472e-022	3.6755e-024	3.3277e-026	1.49783e-028	8.60072e-031	2.38028e-033	8.87683e-036	1.50373e-038	3.75237e-041	4.12992e-044	7.6447e-047	7.18377e-050	1.27646e-052	1.08484e-055	1.49819e-058	8.38042e-062	9.6772e-065	1.01951e-067	
N4	1.82037e-012	3.09457e-012	5.14822e-010	2.13277e-007	3.99639e-005	0.00287636	0.0659176	0.384039	0.460995	0.0796407	0.00624807	0.000240362	3.3645e-006	1.78541e-008	4.14282e-011	1.87685e-013	4.17393e-016	1.16908e-017	1.56479e-020	2.76403e-022	1.95118e-025	2.16463e-027	8.61792e-031	6.24649e-033	1.51337e-036	7.37793e-039	1.18899e-042	4.04825e-045	4.83658e-049	1.24914e-051	1.29621e-055	3.03687e-058	3.40758e-062	8.43658e-065	8.75778e-069	1.89285e-071	1.35539e-075	2.19042e-078	1.13068e-081	
N5	7.89131e-016	1.02974e-016	3.03409e-014	6.5716e-011	7.17844e-008	3.29765e-005	0.00497631	0.169438	0.736956	0.0866823	0.00189998	1.37481e-005	4.15355e-008	6.02981e-011	4.81373e-014	1.14407e-016	3.778e-019	7.97084e-021	1.87826e-023	2.1383e-025	3.13493e-028	2.01927e-030	1.78594e-033	6.8477e-036	3.3258e-039	7.91219e-042	1.9286e-045	2.83766e-048	3.65457e-052	3.17558e-055	2.53832e-059	1.38209e-062	7.79093e-067	3.13984e-070	1.31474e-074	4.02878e-078	2.28851e-082	2.02592e-085	2.17698e-088	
N6	1.78735e-018	2.30137e-019	6.40172e-017	3.19436e-013	8.78716e-010	1.12418e-006	0.000533775	0.0634849	0.85377	0.081135	0.00107128	3.99426e-006	5.89082e-009	4.18439e-012	1.63049e-015	6.03339e-019	9.87531e-022	4.42603e-023	1.14583e-025	2.98652e-027	5.14881e-030	7.71998e-032	8.91836e-035	7.9569e-037	5.62607e-040	3.10753e-042	1.07687e-045	3.83543e-048	5.07121e-052	1.06805e-054	6.19543e-059	5.64136e-062	2.08205e-066	1.02416e-069	2.5823e-074	8.46771e-078	2.4505e-082	3.48983e-085	7.39015e-088	
N7	5.78787e-025	4.50868e-027	6.83481e-024	5.25834e-019	2.15735e-014	4.11766e-010	2.94464e-006	0.0053086	0.973574	0.021077	3.71856e-005	1.485e-008	2.08118e-012	1.3009e-016	4.20368e-021	8.34766e-026	2.68898e-030	5.93019e-033	9.73548e-037	1.95899e-039	9.23769e-040	4.48863e-039	7.45176e-041	8.88252e-042	1.06672e-043	8.61659e-045	7.41136e-047	4.04227e-048	1.71311e-050	6.3677e-052	8.36893e-055	1.28967e-056	1.09022e-059	9.1367e-062	5.37528e-065	3.51497e-067	3.82971e-070	4.42265e-071	1.22403e-071	
N8	6.08417e-028	1.95731e-028	1.86894e-024	1.8706e-019	9.96141e-015	2.44383e-010	2.2065e-006	0.00484671	0.976394	0.0187308	2.63195e-005	8.09265e-009	8.59358e-013	4.03784e-017	9.77753e-022	1.3524e-026	1.44853e-031	3.00231e-033	2.26743e-036	1.16788e-037	5.84117e-041	1.68925e-042	5.8479e-046	9.84454e-048	2.30245e-051	2.33345e-053	3.09536e-057	1.99916e-059	8.88637e-064	3.97509e-066	1.00049e-071	7.19445e-075	1.21779e-080	2.49667e-084	2.99466e-090	3.06478e-094	3.32309e-100	3.53177e-103	9.90006e-106	
N9	4.49002e-024	3.33665e-025	5.24243e-022	1.62846e-017	2.854e-013	2.46509e-009	8.57403e-006	0.00834294	0.966336	0.0252431	6.96176e-005	5.0165e-008	1.39122e-011	1.84087e-015	1.33161e-019	5.97072e-024	4.07724e-028	6.58436e-030	5.15075e-033	7.5684e-035	3.89241e-038	3.29786e-040	1.17715e-043	5.84296e-046	1.49873e-049	4.4122e-052	3.04107e-055	8.12526e-056	2.65239e-055	1.18535e-053	4.07869e-054	1.23786e-053	7.36253e-055	1.79974e-055	1.52669e-058	2.08174e-060	3.96031e-063	6.05326e-064	9.07833e-065	
N10	1.60702e-024	8.3328e-026	4.15703e-022	1.20723e-017	2.02651e-013	1.73906e-009	6.30717e-006	0.00684799	0.97893	0.0141898	2.63746e-005	1.43954e-008	3.27309e-012	3.76265e-016	2.47276e-020	1.05792e-024	7.02565e-029	5.90819e-031	3.4015e-034	2.68431e-036	1.05592e-039	4.97548e-042	1.40429e-045	4.00243e-048	8.36294e-052	1.42612e-054	2.19365e-058	2.1519e-061	2.06131e-065	1.07913e-068	1.23973e-073	1.35571e-077	8.70596e-083	5.36454e-087	2.01268e-092	9.29949e-097	6.64167e-102	2.07873e-105	6.15244e-109	
Amitermes_darwini	0	0	0	0	0	0	0	0	1	0	0	0	0	0	0	0	0	0	0	0	0	0	0	0	0	0	0	0	0	0	0	0	0	0	0	0	0	0	0	
Amitermes_germanus	0	0	0	0	0	0	0	0	1	0	0	0	0	0	0	0	0	0	0	0	0	0	0	0	0	0	0	0	0	0	0	0	0	0	0	0	0	0	0	
N11	6.87131e-024	3.68204e-024	1.05221e-020	1.84038e-016	1.84915e-012	9.3481e-009	1.95907e-005	0.0120151	0.958272	0.029585	0.000108417	1.10874e-007	4.56616e-011	9.28095e-015	1.05871e-018	7.47636e-023	6.08346e-027	3.80564e-028	8.7963e-031	7.09604e-032	1.13801e-034	5.50884e-036	6.45413e-039	1.91148e-040	1.66809e-043	3.02988e-045	1.83859e-048	2.06049e-050	6.0639e-054	4.40467e-056	8.76154e-061	9.68575e-064	1.28874e-068	5.94574e-072	5.32867e-077	1.6419e-080	2.14693e-085	9.2119e-088	5.00367e-090	
Amitermes_parvus	0	0	0	0	0	0	0	0	1	0	0	0	0	0	0	0	0	0	0	0	0	0	0	0	0	0	0	0	0	0	0	0	0	0	0	0	0	0	0	
Drepanotermes_septentrionalis	0	0	0	0	0	0	0	0	1	0	0	0	0	0	0	0	0	0	0	0	0	0	0	0	0	0	0	0	0	0	0	0	0	0	0	0	0	0	0	
N12	8.59694e-024	2.59462e-023	1.34751e-019	1.7568e-015	1.26647e-011	4.38547e-008	5.89774e-005	0.0213136	0.95309	0.0254486	8.85035e-005	8.91233e-008	3.68817e-011	7.63559e-015	8.96754e-019	6.60019e-023	5.86538e-027	3.02538e-028	6.41802e-031	4.10938e-032	6.04518e-035	2.35194e-036	2.53661e-039	6.11322e-041	5.02603e-044	7.46827e-046	4.70375e-049	4.1858e-051	1.67192e-054	8.69328e-057	2.03268e-061	1.48133e-064	2.23739e-069	7.70508e-073	7.40098e-078	1.96657e-081	4.19404e-086	1.68759e-088	6.77795e-091	
N13	5.20053e-026	8.98068e-028	5.07812e-024	3.41587e-019	1.271e-014	2.32416e-010	1.73035e-006	0.00369894	0.987811	0.00847986	8.55236e-006	2.39114e-009	2.66818e-013	1.4478e-017	4.31301e-022	8.31843e-027	3.43744e-031	1.35842e-033	2.8891e-037	1.52548e-039	8.1368e-039	2.68139e-037	7.28362e-039	1.97889e-039	4.45956e-041	8.45817e-042	1.55349e-043	1.99498e-044	2.25997e-046	1.93651e-047	3.70271e-050	7.99659e-052	1.01039e-054	1.40502e-056	1.22788e-059	1.47187e-061	2.75959e-064	2.69274e-065	2.76983e-066	
N14	2.4323e-030	3.50434e-031	9.03795e-027	1.94011e-021	2.2751e-016	1.28106e-011	2.81293e-007	0.00163638	0.993515	0.00484645	2.16543e-006	2.3992e-010	9.94822e-015	1.92899e-019	2.00539e-024	1.22801e-029	7.24596e-035	1.11876e-036	3.88605e-040	8.96636e-042	2.0393e-045	2.61405e-047	3.96274e-051	2.88704e-053	2.75964e-057	1.17421e-059	1.27422e-063	7.25645e-064	3.5939e-063	3.38139e-060	1.10393e-060	5.61882e-059	3.5816e-060	7.40778e-060	1.19096e-063	1.73799e-065	2.9754e-069	6.45162e-070	3.16524e-070	
Ephelotermes_melachoma	0	0	0	0	0	0	0	0	1	0	0	0	0	0	0	0	0	0	0	0	0	0	0	0	0	0	0	0	0	0	0	0	0	0	0	0	0	0	0	
N15	8.92736e-030	1.10991e-030	2.91861e-026	4.35573e-021	3.71221e-016	1.59939e-011	2.87375e-007	0.00151373	0.995024	0.0034604	1.40015e-006	1.59621e-010	7.4034e-015	1.70769e-019	2.22089e-024	1.79057e-029	1.96899e-034	3.38667e-036	1.27132e-039	2.32954e-041	5.95492e-045	6.43604e-047	1.17666e-050	7.60601e-053	1.0249e-056	3.92223e-059	3.83169e-063	8.44647e-066	4.5526e-070	5.84795e-073	1.12967e-078	1.211e-082	1.46455e-088	6.7842e-093	4.91131e-099	1.58989e-103	3.14749e-109	2.46969e-112	1.64973e-115	
Ephelotermes_taylori	0	0	0	0	0	0	0	0	1	0	0	0	0	0	0	0	0	0	0	0	0	0	0	0	0	0	0	0	0	0	0	0	0	0	0	0	0	0	0	
Macrognathotermes_sunteri	0	0	0	0	0	0	0	0	1	0	0	0	0	0	0	0	0	0	0	0	0	0	0	0	0	0	0	0	0	0	0	0	0	0	0	0	0	0	0	
Lophotermes_septentrionalis	0	0	0	0	0	0	0	0	1	0	0	0	0	0	0	0	0	0	0	0	0	0	0	0	0	0	0	0	0	0	0	0	0	0	0	0	0	0	0	
N16	1.78868e-026	1.39893e-025	6.25236e-021	6.58041e-016	3.47472e-011	7.64995e-007	0.00471512	0.17096	0.823524	0.000800411	1.51039e-007	1.00532e-011	3.07052e-016	4.97847e-021	4.69433e-026	2.97804e-031	3.19368e-036	1.83327e-039	8.94322e-044	4.57297e-046	4.96621e-045	1.30203e-043	1.24823e-045	8.72716e-047	7.21694e-049	3.53969e-050	2.50429e-052	8.16705e-054	4.22278e-056	8.13515e-058	8.31324e-061	4.79527e-063	2.96758e-066	1.22304e-068	4.99061e-072	1.80017e-074	1.60837e-077	3.21022e-079	6.28723e-081	
Procubitermes_sp	0	0	0	0	0	0	1	0	0	0	0	0	0	0	0	0	0	0	0	0	0	0	0	0	0	0	0	0	0	0	0	0	0	0	0	0	0	0	0	
N17	4.1392e-030	2.27512e-031	3.04324e-026	2.04107e-020	6.91326e-015	9.79037e-010	3.86431e-005	0.0226761	0.976858	0.000427673	2.47651e-008	4.2212e-013	2.97015e-018	1.03573e-023	2.0816e-029	2.42909e-032	4.05811e-036	5.49329e-038	5.37594e-042	3.56632e-044	2.09266e-048	6.85e-051	2.2423e-055	3.57106e-058	4.7465e-063	3.6084e-066	1.18178e-072	2.443e-076	2.62845e-083	1.07488e-087	3.56992e-095	9.25619e-101	3.37729e-109	4.33639e-038	4.0009e-040	4.38438e-040	3.06192e-040	2.73204e-038	1.83063e-036	
Tuberculitermes_bycanistes	0	0	0	0	0	0	0	0	1	0	0	0	0	0	0	0	0	0	0	0	0	0	0	0	0	0	0	0	0	0	0	0	0	0	0	0	0	0	0	
Unguitermes_sp	0	0	0	0	0	0	0	0	1	0	0	0	0	0	0	0	0	0	0	0	0	0	0	0	0	0	0	0	0	0	0	0	0	0	0	0	0	0	0	
N18	4.85714e-025	7.48716e-026	1.61833e-022	5.86644e-018	1.21112e-013	1.24445e-009	5.23258e-006	0.00633347	0.971807	0.0218034	5.10317e-005	3.10684e-008	7.28007e-012	8.1531e-016	5.00068e-020	1.86811e-024	8.43262e-029	2.11517e-030	2.09916e-033	6.02133e-035	3.9472e-038	6.506e-040	2.95736e-043	2.82912e-045	9.14472e-049	5.02766e-051	2.10464e-054	6.15084e-055	3.44427e-054	1.07311e-051	9.6523e-052	1.78938e-050	2.73329e-051	2.63689e-051	2.2908e-054	5.13255e-056	7.91864e-059	2.6891e-059	1.02689e-059	
N19	5.9045e-026	9.61695e-027	3.3301e-023	1.67117e-018	4.70082e-014	6.47517e-010	3.56499e-006	0.005441	0.975538	0.0189818	3.592e-005	1.71226e-008	3.07878e-012	2.60798e-016	1.19679e-020	3.29903e-025	9.44551e-030	2.04203e-031	1.76447e-034	5.35786e-036	3.12371e-039	5.54406e-041	2.30356e-044	2.44318e-046	7.37549e-050	4.69684e-052	9.56968e-056	3.69374e-058	3.51652e-062	8.66326e-065	5.53329e-070	2.17844e-073	9.09766e-079	1.38012e-082	3.81115e-088	3.66105e-092	1.30141e-097	1.56948e-100	2.56588e-103	
N20	1.77157e-024	5.83623e-025	1.86569e-021	4.27799e-017	5.66747e-013	3.80641e-009	1.06923e-005	0.00888844	0.96875	0.0222887	6.16213e-005	4.80053e-008	1.51585e-011	2.37421e-015	2.09686e-019	1.15517e-023	7.84236e-028	3.48592e-029	5.83398e-032	3.11778e-033	3.60971e-036	1.16473e-037	9.85324e-041	1.95477e-042	1.24814e-045	1.51688e-047	7.11475e-051	5.21906e-053	1.35673e-056	6.12739e-059	9.90275e-064	6.34632e-067	6.72279e-072	1.9375e-075	1.33637e-080	2.78102e-084	3.568e-089	1.12215e-091	3.79097e-094	
Crenetermes_albotarsalis	0	0	0	0	0	0	0	0	1	0	0	0	0	0	0	0	0	0	0	0	0	0	0	0	0	0	0	0	0	0	0	0	0	0	0	0	0	0	0	
N21	1.9159e-026	6.48332e-028	6.66689e-024	3.91435e-019	1.32363e-014	2.28058e-010	1.65302e-006	0.00355959	0.988958	0.00747383	7.06203e-006	1.93979e-009	2.20661e-013	1.26404e-017	4.12712e-022	8.68594e-027	2.78263e-031	1.49098e-033	4.8427e-037	2.48361e-039	5.50635e-043	1.68249e-045	2.67331e-049	4.92818e-052	5.77709e-056	6.35625e-059	5.41064e-063	3.43195e-066	1.73472e-070	6.0506e-074	3.31307e-079	2.24718e-083	7.03531e-089	2.54796e-093	4.70678e-099	1.2438e-103	4.15171e-109	8.32362e-113	1.61588e-116	
Cubitermes_sp	0	0	0	0	0	0	0	0	1	0	0	0	0	0	0	0	0	0	0	0	0	0	0	0	0	0	0	0	0	0	0	0	0	0	0	0	0	0	0	
Thoracotermes_macrothorax	0	0	0	0	0	0	0	0	1	0	0	0	0	0	0	0	0	0	0	0	0	0	0	0	0	0	0	0	0	0	0	0	0	0	0	0	0	0	0	
N22	2.49423e-028	1.73733e-030	2.64546e-026	4.13217e-021	3.59461e-016	1.55702e-011	2.7969e-007	0.00147796	0.99498	0.00354069	1.53186e-006	1.88639e-010	9.42543e-015	2.31181e-019	3.12738e-024	2.65981e-029	3.53296e-034	4.76796e-037	4.1638e-041	6.34662e-044	1.05515e-043	1.61854e-042	1.68666e-044	1.74382e-045	1.52422e-047	1.0929e-048	8.24279e-051	7.65557e-052	3.30815e-052	1.52478e-051	2.11108e-052	3.80023e-052	3.41552e-052	4.16454e-051	3.32757e-052	3.13155e-052	6.1543e-053	4.84267e-052	3.89564e-051	
N23	2.65592e-032	6.98231e-034	5.44754e-029	2.32109e-023	5.61044e-018	6.85005e-013	3.50125e-008	0.00052839	0.998391	0.00108093	1.43048e-007	5.49506e-012	8.72649e-017	6.93334e-022	3.10053e-027	8.58984e-033	3.81483e-038	1.51776e-040	1.41724e-044	4.83808e-047	2.78051e-051	5.01818e-054	1.79501e-058	1.6592e-061	3.61751e-066	1.58754e-069	1.94172e-074	3.52128e-078	1.7338e-083	1.03448e-087	1.0204e-094	1.77883e-100	1.72283e-108	6.97497e-037	1.66382e-038	1.63345e-038	1.71951e-039	4.37023e-038	1.01626e-036	
Nasutitermes_graveolus	0	0	0	0	0	0	0	0	1	0	0	0	0	0	0	0	0	0	0	0	0	0	0	0	0	0	0	0	0	0	0	0	0	0	0	0	0	0	0	
Nasutitermes_triodiae	0	0	0	0	0	0	0	0	1	0	0	0	0	0	0	0	0	0	0	0	0	0	0	0	0	0	0	0	0	0	0	0	0	0	0	0	0	0	0	
N24	1.19809e-031	1.86208e-032	9.53645e-028	2.66885e-022	4.15754e-017	3.20817e-012	1.01377e-007	0.000917813	0.996891	0.0021905	5.32874e-007	3.56085e-011	9.51523e-016	1.24362e-020	8.98544e-026	3.90854e-031	1.93814e-036	3.5233e-038	1.03745e-041	2.28163e-043	4.57127e-047	5.74813e-049	8.20665e-053	6.03032e-055	6.22065e-059	2.68433e-061	1.85117e-065	4.74355e-068	1.47675e-072	2.38919e-075	2.25384e-081	2.66784e-085	1.66163e-091	7.40621e-096	2.92486e-102	8.03008e-107	6.36408e-113	5.6057e-116	4.64735e-119	
Nasutitermes_longipennis	0	0	0	0	0	0	0	0	1	0	0	0	0	0	0	0	0	0	0	0	0	0	0	0	0	0	0	0	0	0	0	0	0	0	0	0	0	0	0	
Tumulitermes_pastinator	0	0	0	0	0	0	0	0	1	0	0	0	0	0	0	0	0	0	0	0	0	0	0	0	0	0	0	0	0	0	0	0	0	0	0	0	0	0	0	
N25	1.3423e-026	1.01324e-028	1.17796e-024	9.07713e-020	4.02335e-015	9.11495e-011	8.75642e-007	0.00253962	0.992429	0.00502673	3.40151e-006	6.89649e-010	5.89118e-014	2.55858e-018	6.36095e-023	1.08249e-027	3.32166e-032	4.99884e-035	6.98457e-039	8.308e-042	7.61872e-046	5.17383e-049	3.2273e-053	1.25041e-056	5.40059e-061	1.71858e-064	5.15469e-067	2.01604e-068	1.59835e-069	3.13137e-067	2.58561e-066	5.90853e-065	7.22867e-065	1.38373e-064	7.50055e-068	3.40811e-070	4.42076e-073	1.08282e-074	2.53458e-076	
N26	5.57559e-034	1.59367e-035	2.31805e-030	1.80203e-024	7.79139e-019	1.66151e-013	1.43746e-008	0.000351019	0.998807	0.000841405	7.62162e-008	1.87032e-012	1.81585e-017	8.54953e-023	2.21171e-028	3.43811e-034	6.14594e-040	1.98477e-042	1.39901e-046	5.09917e-049	2.20798e-053	4.18399e-056	1.11784e-060	1.06903e-063	1.67184e-068	7.59222e-072	5.75279e-077	1.13736e-080	2.38436e-086	1.78793e-090	8.22403e-098	2.22377e-103	1.10478e-111	4.90607e-037	8.64098e-039	9.66787e-039	3.12401e-040	9.06697e-039	3.4559e-037	
Microcerotermes_boreus	0	0	0	0	0	0	0	0	1	0	0	0	0	0	0	0	0	0	0	0	0	0	0	0	0	0	0	0	0	0	0	0	0	0	0	0	0	0	0	
Pericapritermes_sp	0	0	0	0	0	0	0	0	1	0	0	0	0	0	0	0	0	0	0	0	0	0	0	0	0	0	0	0	0	0	0	0	0	0	0	0	0	0	0	
Microcerotermes_nervosus	0	0	0	0	0	0	0	0	1	0	0	0	0	0	0	0	0	0	0	0	0	0	0	0	0	0	0	0	0	0	0	0	0	0	0	0	0	0	0	
N27	1.65433e-018	3.06172e-019	1.10191e-016	3.89193e-013	8.00166e-010	8.29628e-007	0.000358539	0.0462811	0.859546	0.0923784	0.00142862	6.57482e-006	1.25508e-008	1.202e-011	6.53413e-015	2.45755e-018	1.93731e-021	8.50244e-023	2.99418e-025	1.00487e-026	2.45021e-029	4.9332e-031	8.77095e-034	1.07977e-035	1.42177e-038	1.06905e-040	9.69374e-044	4.40442e-046	2.02462e-049	5.61573e-052	6.45756e-056	6.04092e-059	4.1638e-063	2.2276e-066	9.8541e-071	4.02836e-074	2.58182e-078	5.28505e-081	1.28004e-083	
N28	1.92123e-023	3.09098e-025	1.2784e-021	3.02867e-017	4.13647e-013	2.88644e-009	8.53863e-006	0.00767869	0.976459	0.0158179	3.53504e-005	2.35726e-008	6.57316e-012	9.26928e-016	7.46803e-020	4.09522e-024	3.34547e-028	9.30312e-031	3.43345e-034	8.6327e-037	2.18488e-040	3.2756e-043	5.94392e-047	5.39069e-050	7.14595e-054	3.89124e-057	3.61632e-061	1.14576e-064	6.15357e-069	1.07419e-072	1.59746e-077	1.06976e-081	8.66863e-087	3.33998e-091	1.59385e-096	4.47192e-101	2.66473e-106	2.47442e-110	2.51309e-114	
Macrotermes_bellicosus	0	0	0	0	0	0	0	0	1	0	0	0	0	0	0	0	0	0	0	0	0	0	0	0	0	0	0	0	0	0	0	0	0	0	0	0	0	0	0	
Odontotermes_sp	0	0	0	0	0	0	0	0	1	0	0	0	0	0	0	0	0	0	0	0	0	0	0	0	0	0	0	0	0	0	0	0	0	0	0	0	0	0	0	
N29	1.3891e-025	3.64787e-028	2.06232e-024	2.63444e-019	1.66637e-014	4.42618e-010	3.85043e-006	0.00701873	0.965761	0.0271624	5.38063e-005	2.12688e-008	2.65616e-012	1.35665e-016	3.33976e-021	4.65929e-026	9.11243e-031	5.65914e-032	2.46583e-033	1.16929e-033	4.32061e-035	1.46437e-035	4.61557e-037	1.11367e-037	2.96585e-039	5.01846e-040	1.03588e-041	1.20745e-042	1.46137e-044	1.16427e-045	3.99633e-048	1.34373e-049	3.00586e-052	5.8391e-054	9.2429e-057	1.38638e-058	2.57667e-061	1.56698e-062	1.43252e-063	
N30	8.65321e-027	1.32307e-028	1.71259e-024	2.27983e-019	1.50393e-014	4.15272e-010	3.73158e-006	0.00695952	0.966017	0.0269673	5.24611e-005	2.02111e-008	2.44612e-012	1.20585e-016	2.85807e-021	3.7724e-026	6.27036e-031	3.13453e-033	1.86616e-036	1.59869e-036	3.91488e-040	3.51806e-040	4.28024e-044	2.70846e-044	1.48458e-048	6.92177e-049	1.39409e-053	4.9682e-054	2.34646e-059	6.36607e-060	2.26836e-066	1.25429e-067	3.06415e-074	4.43454e-076	8.61781e-083	4.82334e-085	7.65908e-092	2.08112e-094	1.70217e-096	
Microtermes_sp	0	0	0	0	0	0	0	0	1	0	0	0	0	0	0	0	0	0	0	0	0	0	0	0	0	0	0	0	0	0	0	0	0	0	0	0	0	0	0	
Protermes_sp	0	0	0	0	0	0	0	0	1	0	0	0	0	0	0	0	0	0	0	0	0	0	0	0	0	0	0	0	0	0	0	0	0	0	0	0	0	0	0	
Pseudacanthotermes_militaris	0	0	0	0	0	0	0	0	1	0	0	0	0	0	0	0	0	0	0	0	0	0	0	0	0	0	0	0	0	0	0	0	0	0	0	0	0	0	0	
N31	7.5276e-018	9.96004e-018	5.33469e-015	2.32005e-011	4.70745e-008	3.55735e-005	0.00719056	0.214145	0.705462	0.0721041	0.00105866	4.14914e-006	6.0132e-009	3.93438e-012	1.32978e-015	2.93757e-019	1.36487e-022	2.80479e-024	4.39439e-027	6.33826e-029	4.69896e-031	3.20611e-031	2.50111e-032	1.39662e-032	8.96156e-034	3.56839e-034	1.62437e-035	4.64185e-036	1.11829e-037	2.25958e-038	1.95856e-040	1.74307e-041	1.02679e-043	5.63586e-045	2.43045e-047	1.04193e-048	5.64774e-051	1.03932e-051	2.84163e-052	
N32	2.32411e-018	8.5178e-018	5.38941e-015	2.12721e-011	4.17127e-008	3.14386e-005	0.00654802	0.207285	0.709634	0.0753304	0.00116661	4.89847e-006	7.7238e-009	5.58136e-012	2.11328e-015	1.29201e-018	8.00446e-021	1.333e-020	6.37093e-023	6.75219e-023	1.55224e-025	1.11733e-025	1.13226e-028	5.84845e-029	2.18737e-032	8.32741e-033	8.54316e-037	2.2437e-037	8.21368e-042	1.23516e-042	2.04264e-047	9.4985e-049	1.14515e-053	2.14002e-055	2.05992e-060	1.91057e-062	1.53784e-067	1.67414e-069	1.76381e-070	
Coptotermes_acinaciformis	0	0	0	0	0	0	0	0	1	0	0	0	0	0	0	0	0	0	0	0	0	0	0	0	0	0	0	0	0	0	0	0	0	0	0	0	0	0	0	
N33	5.57533e-025	8.45454e-028	2.08504e-024	2.35347e-019	1.23052e-014	2.76081e-010	2.27088e-006	0.00466206	0.98556	0.00976551	9.67292e-006	2.38861e-009	2.18129e-013	9.00953e-018	1.86851e-022	3.94962e-027	1.10155e-030	1.80278e-031	5.33353e-033	7.84319e-034	1.94384e-035	2.03884e-036	4.30345e-038	3.20232e-039	5.61661e-041	2.89964e-042	3.79593e-044	1.32169e-045	1.02327e-047	2.35966e-049	9.3157e-052	1.20198e-053	3.07061e-056	2.96777e-058	5.29557e-061	4.68163e-063	1.76019e-065	5.94249e-067	2.03471e-068	
N34	8.69369e-028	3.84496e-030	1.12831e-025	2.14073e-020	2.06255e-015	8.64896e-011	1.23459e-006	0.00386752	0.987297	0.00882774	6.69574e-006	1.13492e-009	6.57915e-014	1.65928e-018	2.12574e-023	1.84834e-028	2.42161e-033	2.90213e-035	1.26505e-038	1.73207e-039	4.19072e-043	3.67693e-044	4.66468e-048	2.82212e-049	1.68296e-053	7.46218e-055	1.718e-059	5.80386e-061	3.52573e-066	8.96328e-068	4.85426e-074	2.04984e-076	8.00227e-083	1.04474e-085	3.24822e-092	1.83778e-095	4.63401e-102	2.50765e-105	2.15923e-107	
Reticulitermes_flavipes	0	0	0	0	0	0	0	0	1	0	0	0	0	0	0	0	0	0	0	0	0	0	0	0	0	0	0	0	0	0	0	0	0	0	0	0	0	0	0	
Reticulitermes_lucifugus	0	0	0	0	0	0	0	0	1	0	0	0	0	0	0	0	0	0	0	0	0	0	0	0	0	0	0	0	0	0	0	0	0	0	0	0	0	0	0	
Reticulitermes_urbis	0	0	0	0	0	0	0	0	1	0	0	0	0	0	0	0	0	0	0	0	0	0	0	0	0	0	0	0	0	0	0	0	0	0	0	0	0	0	0	
Schedorhinotermes_lamanianus	0	0	0	0	0	0	1	0	0	0	0	0	0	0	0	0	0	0	0	0	0	0	0	0	0	0	0	0	0	0	0	0	0	0	0	0	0	0	0	
N35	2.45375e-015	1.46e-013	5.82535e-011	6.74981e-008	3.21395e-005	0.00379916	0.0914227	0.451823	0.406427	0.0452324	0.00125091	1.20641e-005	4.5627e-008	8.04825e-011	1.18736e-013	3.48659e-016	1.66869e-018	2.45903e-019	4.795e-021	5.65639e-022	5.02278e-024	2.46817e-025	9.96409e-028	2.2441e-029	4.12167e-032	4.78564e-034	3.94286e-037	2.56982e-039	9.34451e-043	3.4549e-045	5.5205e-049	1.0179e-051	1.03464e-055	1.2456e-058	8.6802e-063	6.9965e-066	3.58236e-070	2.70033e-073	3.10962e-076	
N36	4.19703e-016	1.77458e-013	4.48796e-010	5.38215e-007	0.000208934	0.0129182	0.162508	0.487273	0.311805	0.0248745	0.000410656	2.02073e-006	4.17562e-009	2.68614e-011	5.60249e-013	7.03822e-015	5.47081e-017	2.04483e-017	2.46568e-018	5.0026e-018	2.54353e-019	1.67995e-019	2.33059e-021	4.21739e-022	1.779e-024	1.35137e-025	1.89873e-028	7.52978e-030	3.21059e-033	7.02992e-035	9.07219e-039	8.69569e-041	5.90725e-045	2.58547e-047	1.11918e-051	2.47337e-054	7.45055e-059	1.10605e-061	3.03526e-064	
N37	4.1518e-014	3.0448e-012	3.35826e-009	1.65728e-006	0.000291641	0.0143356	0.164982	0.472623	0.315984	0.0310996	0.000677587	4.47825e-006	1.1145e-008	1.38173e-011	2.34427e-014	1.55467e-016	1.20372e-018	1.49135e-019	2.39624e-021	1.03366e-022	1.35973e-024	2.2051e-026	6.71477e-029	5.0175e-031	3.52873e-034	1.31644e-036	2.83347e-040	6.16806e-043	4.80666e-047	8.22807e-050	2.7064e-054	3.33851e-057	6.40357e-062	4.95812e-065	6.53004e-070	3.09479e-073	4.48143e-077	2.66834e-079	1.09757e-081	
N38	3.79552e-005	0.000935247	0.0119759	0.0742453	0.205935	0.198209	0.0303698	0.0769832	0.186818	0.153479	0.0522997	0.00812535	0.000570535	1.53084e-005	5.7453e-008	4.6962e-010	4.80769e-012	2.50255e-013	1.57964e-015	4.10902e-017	1.61874e-019	2.32046e-021	6.21698e-024	5.14673e-026	9.41697e-029	4.53216e-031	5.04395e-034	1.39085e-036	6.81836e-040	1.03427e-042	2.59707e-046	2.08776e-049	3.10814e-053	1.84964e-056	1.79846e-060	9.73577e-064	3.45133e-067	7.60536e-070	1.47748e-072	
Bifiditermes_improbus	0	0	0	0	0	1	0	0	0	0	0	0	0	0	0	0	0	0	0	0	0	0	0	0	0	0	0	0	0	0	0	0	0	0	0	0	0	0	0	
Neotermes_insularis	0	0	0	0	0	0	0	0	0	0	0	0	0	1	0	0	0	0	0	0	0	0	0	0	0	0	0	0	0	0	0	0	0	0	0	0	0	0	0	
N39	3.31183e-015	4.68593e-014	8.7236e-011	9.49024e-008	3.86508e-005	0.00450751	0.112206	0.530285	0.332403	0.0203411	0.000217684	6.62513e-007	7.73139e-010	4.2838e-013	1.654e-016	3.44425e-018	1.20871e-020	5.32963e-022	9.92999e-025	2.43356e-026	2.18113e-029	3.24584e-031	1.20417e-034	1.14259e-036	1.71716e-040	1.00667e-042	8.15757e-047	3.19804e-049	2.66368e-053	2.05916e-055	3.75384e-059	3.59558e-061	5.34111e-065	2.81028e-067	3.02968e-071	9.07439e-074	1.01972e-077	1.13996e-079	2.50458e-081	
N40	6.85237e-011	1.09478e-009	1.76815e-006	0.000176915	0.00590688	0.077251	0.372479	0.498866	0.0451308	0.000187267	2.2101e-007	1.09953e-010	2.81516e-014	4.20546e-018	4.05706e-022	7.92583e-026	3.4604e-029	9.98176e-032	4.27467e-035	7.76229e-038	2.42548e-041	2.7478e-044	6.37304e-048	4.52209e-051	7.51433e-055	3.30643e-058	3.5103e-062	9.48156e-066	5.27295e-070	8.54102e-074	2.41372e-078	2.12008e-082	3.56767e-087	2.13608e-091	2.28478e-096	1.14326e-100	2.63673e-105	4.66965e-109	7.73212e-113	
N41	5.5974e-017	5.39819e-016	2.22931e-012	5.08173e-009	3.58682e-006	0.000839558	0.0579778	0.812946	0.127992	0.0002415	1.0946e-007	2.61115e-011	6.98287e-013	3.55024e-014	4.74147e-017	1.00316e-018	6.12665e-022	6.23782e-024	5.61408e-028	2.95839e-030	1.07397e-034	3.02608e-037	5.80885e-042	8.80241e-045	1.01835e-049	8.16691e-053	6.13213e-058	2.52324e-061	1.27906e-066	2.6571e-070	9.15033e-076	1.04738e-079	2.3946e-085	1.78375e-089	3.50137e-095	2.04619e-098	3.15791e-101	3.79442e-104	3.07533e-107	
Cryptotermes_austrinus	0	0	0	0	0	0	0	1	0	0	0	0	0	0	0	0	0	0	0	0	0	0	0	0	0	0	0	0	0	0	0	0	0	0	0	0	0	0	0	
Cryptotermes_queenslandis	0	0	0	0	0	0	0	0	1	0	0	0	0	0	0	0	0	0	0	0	0	0	0	0	0	0	0	0	0	0	0	0	0	0	0	0	0	0	0	
Cryptotermes_primus	0	0	1	0	0	0	0	0	0	0	0	0	0	0	0	0	0	0	0	0	0	0	0	0	0	0	0	0	0	0	0	0	0	0	0	0	0	0	0	
N42	1.03799e-017	4.29599e-016	1.12705e-013	2.3468e-010	6.20129e-007	0.000448653	0.0451297	0.532081	0.400302	0.0219049	0.000132578	1.88023e-007	9.25589e-011	2.04713e-014	3.85908e-018	7.27915e-020	1.16896e-022	2.25723e-024	3.34239e-027	2.42351e-026	7.38115e-027	1.05686e-026	4.42289e-028	3.35724e-028	5.99375e-030	3.3005e-030	2.88331e-032	1.04563e-032	5.87255e-035	1.37603e-035	5.33149e-038	6.88732e-039	2.01921e-041	1.49147e-042	3.37723e-045	1.73675e-046	1.28958e-048	8.19608e-049	4.99325e-049	
N43	8.76709e-018	3.38795e-017	4.84133e-014	2.69739e-010	7.24346e-007	0.000517032	0.0478874	0.549908	0.384652	0.0169547	7.95322e-005	8.71801e-008	3.35731e-011	5.79434e-015	5.78175e-019	1.03561e-021	7.25262e-025	5.78501e-027	3.45591e-030	3.02623e-031	3.06175e-034	2.93444e-035	1.40225e-038	9.23561e-040	1.60285e-043	7.62192e-045	4.26864e-049	1.44924e-050	3.0688e-055	6.8611e-057	6.03174e-062	6.6762e-064	3.26014e-069	1.10918e-071	3.98984e-077	5.32986e-080	1.49432e-085	1.36255e-088	7.97589e-091	
Cryptotermes_brevis	0	0	0	0	0	1	0	0	0	0	0	0	0	0	0	0	0	0	0	0	0	0	0	0	0	0	0	0	0	0	0	0	0	0	0	0	0	0	0	
N44	1.07067e-017	4.34533e-016	2.04677e-013	7.31307e-011	5.37635e-008	5.60402e-005	0.0157253	0.540267	0.425963	0.0178766	0.000111454	1.79631e-007	1.03177e-010	2.63416e-014	3.57391e-018	8.63379e-021	1.94833e-023	7.00872e-025	9.56863e-028	1.75072e-029	1.52246e-032	1.48487e-034	7.8909e-038	4.25994e-040	9.7717e-044	3.24757e-046	2.43742e-050	4.9179e-053	1.45859e-057	1.48297e-060	2.32228e-065	9.30671e-069	9.59276e-074	1.86822e-077	1.46721e-082	2.79079e-086	1.16561e-090	4.39464e-093	1.59719e-095	
N45	2.06743e-010	6.47856e-010	2.0213e-008	2.05225e-007	9.7423e-007	0.000109835	0.012637	0.335205	0.581277	0.0690182	0.00174116	1.07718e-005	5.84952e-009	1.05909e-012	8.94318e-017	5.3515e-020	5.26099e-023	1.77091e-024	2.55311e-025	5.18457e-025	4.50661e-026	3.48012e-026	1.83101e-027	8.61073e-028	3.3995e-029	1.04241e-029	2.163e-031	4.49547e-032	2.0211e-034	1.68944e-035	4.69078e-038	1.71138e-039	3.28608e-042	8.48027e-044	1.14985e-046	2.65444e-048	3.217e-050	8.89113e-051	1.99759e-051	
N46	2.27861e-010	3.74334e-010	1.69691e-008	2.31545e-007	1.00831e-005	0.000933434	0.035177	0.39062	0.54297	0.0299727	0.000315553	7.7327e-007	2.61618e-010	3.31193e-014	2.09395e-018	1.0595e-022	1.24019e-026	3.78208e-029	6.07617e-033	3.53563e-035	3.81317e-039	1.89812e-040	1.41819e-043	7.25364e-045	4.23459e-048	1.43409e-049	4.28885e-053	1.01027e-054	6.27285e-059	1.09159e-060	2.26362e-065	2.68424e-067	2.66194e-072	1.92021e-074	1.08623e-079	3.77134e-082	1.35936e-087	9.03328e-091	8.65241e-095	
Cryptotermes_domesticus	0	0	1	0	0	0	0	0	0	0	0	0	0	0	0	0	0	0	0	0	0	0	0	0	0	0	0	0	0	0	0	0	0	0	0	0	0	0	0	
Incisitermes_sp	0	0	0	0	0	0	0	0	1	0	0	0	0	0	0	0	0	0	0	0	0	0	0	0	0	0	0	0	0	0	0	0	0	0	0	0	0	0	0	
Procryptotermes_australiensis	0	0	0	0	0	0	0	0	0	0	0	1	0	0	0	0	0	0	0	0	0	0	0	0	0	0	0	0	0	0	0	0	0	0	0	0	0	0	0	
N47	9.01871e-021	6.95678e-018	3.56237e-014	1.08191e-010	1.6771e-007	0.000109674	0.0219535	0.689032	0.281312	0.00755083	4.2334e-005	8.25702e-008	7.29241e-011	3.42053e-014	9.48138e-018	2.2458e-021	3.11804e-024	2.68426e-025	9.27174e-028	5.162e-029	1.28411e-031	4.3626e-033	7.98461e-036	1.65517e-037	2.06194e-040	2.64688e-042	1.65523e-045	1.40227e-047	2.79263e-051	1.4739e-053	1.02607e-057	1.9066e-060	8.51765e-065	7.03327e-068	2.13135e-072	1.16394e-075	4.48082e-080	1.78164e-082	9.97419e-085	
Cryptotermes_dudleyi	0	0	0	0	0	0	0	1	0	0	0	0	0	0	0	0	0	0	0	0	0	0	0	0	0	0	0	0	0	0	0	0	0	0	0	0	0	0	0	
Cryptotermes_secundus	0	0	0	0	0	0	0	1	0	0	0	0	0	0	0	0	0	0	0	0	0	0	0	0	0	0	0	0	0	0	0	0	0	0	0	0	0	0	0	
Cryptotermes_cynocephalus	0	0	0	0	0	0	0	0	0	1	0	0	0	0	0	0	0	0	0	0	0	0	0	0	0	0	0	0	0	0	0	0	0	0	0	0	0	0	0	
Kalotermes_flavicollis	0	0	0	0	0	0	0	0	0	0	0	0	0	0	0	0	0	0	0	0	0	1	0	0	0	0	0	0	0	0	0	0	0	0	0	0	0	0	0	
N48	4.55631e-013	8.73611e-014	7.34549e-012	3.99381e-009	1.23867e-006	0.000185368	0.0110556	0.196554	0.655715	0.13071	0.00569103	8.75997e-005	6.13985e-007	2.35525e-009	6.49185e-012	1.61677e-013	2.0718e-015	1.1496e-016	9.91354e-019	3.12281e-020	1.85019e-022	3.42883e-024	1.39513e-026	1.54583e-028	3.98735e-031	2.69612e-033	3.88085e-036	1.63022e-038	1.26665e-041	3.20313e-044	1.46332e-047	2.27185e-050	6.59427e-054	7.58202e-057	1.49485e-060	1.57525e-063	1.28784e-066	5.5001e-069	2.06531e-071	
Glyptotermes_brevicornis	0	0	0	0	0	0	0	0	1	0	0	0	0	0	0	0	0	0	0	0	0	0	0	0	0	0	0	0	0	0	0	0	0	0	0	0	0	0	0	
Glyptotermes_iridipennis	0	0	0	0	0	0	0	0	1	0	0	0	0	0	0	0	0	0	0	0	0	0	0	0	0	0	0	0	0	0	0	0	0	0	0	0	0	0	0	
N49	0.0302432	0.147779	0.354553	0.321863	0.0706846	0.00628042	0.000544015	0.00233416	0.00994425	0.0208948	0.0215086	0.0107198	0.00243987	0.000208703	2.49515e-006	1.21378e-008	3.62546e-011	4.10242e-013	3.16592e-015	7.18976e-017	3.73615e-019	4.85211e-021	1.70708e-023	1.33859e-025	3.31979e-028	1.62426e-030	2.81629e-033	8.70263e-036	1.00094e-038	1.96518e-041	1.39498e-044	1.7895e-047	8.0968e-051	7.15427e-054	2.15493e-057	1.42179e-060	3.69879e-064	3.24173e-067	3.27914e-070	
Stolotermes_sp	0	0	0	1	0	0	0	0	0	0	0	0	0	0	0	0	0	0	0	0	0	0	0	0	0	0	0	0	0	0	0	0	0	0	0	0	0	0	0	
N50	0.0658581	0.0241328	0.002731	0.000121189	2.12257e-006	1.61406e-008	1.22668e-010	2.8413e-009	3.33928e-007	1.96415e-005	0.000550003	0.00675511	0.0354055	0.657789	0.137938	0.0666282	0.00187445	0.000193085	1.61174e-006	6.01185e-008	1.61981e-010	2.81901e-012	3.14374e-015	2.89241e-017	1.61202e-020	8.38502e-023	2.65383e-026	8.11994e-029	1.593e-032	2.96062e-035	3.82067e-039	4.51161e-042	3.97568e-046	3.20323e-049	2.00552e-053	1.4537e-056	1.80628e-059	8.25042e-062	2.86633e-064	
Zootermopsis_angusticollis	0	0	0	0	0	0	0	0	0	0	0	0	0	1	0	0	0	0	0	0	0	0	0	0	0	0	0	0	0	0	0	0	0	0	0	0	0	0	0	
Zootermopsis_nevadensis	0	0	0	0	0	0	0	0	0	0	0	0	0	1	0	0	0	0	0	0	0	0	0	0	0	0	0	0	0	0	0	0	0	0	0	0	0	0	0	
Mastotermes_darwiniensis	0	0	0	0	0	0	0	0	0	0	0	0	0	0	0	0	0	0	0	0	0	0	0	0	0	0	0	0	0	0	0	0	0	0	0	0	1	0	0	
Porotermes_adamsoni	0	0	0	0	0	0	0	1	0	0	0	0	0	0	0	0	0	0	0	0	0	0	0	0	0	0	0	0	0	0	0	0	0	0	0	0	0	0	0	
