NODE	9	10	11	12	13	14	15	16	17	18	19	20	21	22	23	24	25	26	27	28	29	30	31	32	33	34	35	36	37	38	39	40	41	42	
N1	0.128016	0.123615	0.115615	0.105124	0.0932489	0.0809645	0.0690072	0.0578575	0.0477823	0.0389	0.0312355	0.0247584	0.0194158	0.0151386	0.0117287	0.00902832	0.00690818	0.00525945	0.00398956	0.00301996	0.00228481	0.00173009	0.0013125	0.000998134	0.000761062	0.000581769	0.000445763	0.000342342	0.000263599	0.000203664	0.000158154	0.000123867	9.87802e-005	8.29289e-005	
N2	0.385384	0.134079	0.067173	0.049839	0.0454241	0.0440292	0.0429441	0.0414884	0.0396428	0.037603	0.0213055	0.0167066	0.0110691	0.00937714	0.00710383	0.00640757	0.00513663	0.00476891	0.00387645	0.00362896	0.00294465	0.00275727	0.00223689	0.00209952	0.00172282	0.00163463	0.00137647	0.00133383	0.00116514	0.00115955	0.00110835	0.00113791	0.00113206	0.00120391	
N3	0.369185	0.124354	0.0589979	0.0426589	0.0401964	0.0428225	0.0477612	0.0527393	0.055437	0.0544831	0.0290283	0.0206488	0.0117985	0.00846877	0.00540381	0.00413817	0.00303797	0.00279772	0.00261594	0.00298547	0.0031599	0.00360483	0.00345025	0.00330774	0.00256126	0.00193296	0.00117213	0.000686482	0.000325905	0.000149198	5.86432e-005	2.16462e-005	7.1319e-006	2.58256e-006	
N4	0.358663	0.120404	0.0579393	0.043988	0.0445591	0.0503	0.0566047	0.0598879	0.0584996	0.0529629	0.0248357	0.0159006	0.00793112	0.005437	0.00347624	0.00318897	0.00299745	0.00373546	0.00414656	0.00511249	0.00496811	0.00495294	0.00369465	0.00279896	0.00153831	0.000886235	0.000354748	0.000159812	4.67694e-005	1.85574e-005	6.50313e-006	2.94688e-006	1.15976e-006	5.19235e-007	
N5	0.317176	0.116846	0.0692301	0.0649935	0.0701692	0.068159	0.0554596	0.0384887	0.0241352	0.0152064	0.00609968	0.00537232	0.00530992	0.00881855	0.0123231	0.0197528	0.022515	0.0261045	0.0206028	0.0165098	0.00888214	0.0049902	0.00185235	0.000741937	0.000192455	5.60115e-005	1.04057e-005	2.2873e-006	3.22081e-007	5.61181e-008	7.70312e-009	1.08865e-009	1.25923e-010	1.60868e-011	
N6	0.315406	0.118987	0.0730251	0.0684539	0.0704029	0.0635143	0.047525	0.0306402	0.0189723	0.0139735	0.00591847	0.00672026	0.00674211	0.012323	0.0161956	0.0256443	0.0266623	0.0292989	0.0207347	0.0156843	0.00735499	0.0039703	0.0012155	0.0004971	9.78433e-005	3.40051e-005	4.31017e-006	1.52418e-006	9.89528e-008	2.77531e-008	1.84002e-009	6.76247e-010	1.35682e-010	7.79776e-011	
N7	0.279998	0.106809	0.055893	0.0388967	0.0316676	0.0244429	0.0171294	0.0121165	0.0107924	0.0184374	0.0238655	0.0525154	0.0622629	0.0804278	0.0609988	0.0515033	0.0332098	0.0235675	0.0102101	0.00411284	0.000907923	0.000205742	2.50326e-005	3.60597e-006	2.65493e-007	2.50772e-008	1.09628e-009	6.6414e-011	1.57706e-012	6.74649e-014	1.95361e-015	6.73743e-017	1.62084e-018	4.18824e-020	
N8	0.278724	0.107066	0.0563175	0.0391615	0.0316029	0.0239659	0.0164722	0.0114622	0.0103049	0.0175286	0.0241719	0.0524685	0.0641218	0.0815227	0.0625994	0.0522218	0.0333142	0.02276	0.00952579	0.00370409	0.000779512	0.000180003	1.97404e-005	3.91477e-006	2.03094e-007	7.66475e-008	1.30984e-009	1.48509e-009	6.9757e-012	8.65492e-012	3.90458e-014	4.88356e-014	3.7391e-016	5.50064e-016	
N9	0.23511	0.0957389	0.0478047	0.0263366	0.014322	0.00702115	0.00346603	0.00285446	0.00632642	0.0243727	0.051251	0.105166	0.120428	0.119349	0.0743064	0.0425041	0.0159096	0.00591215	0.00135736	0.000382659	6.22084e-005	1.6109e-005	2.09871e-006	4.60892e-007	4.66495e-008	7.85743e-009	5.82017e-010	7.27502e-011	3.49301e-012	3.39095e-013	1.8888e-014	1.76475e-015	1.13449e-016	9.90612e-018	
Acanthoxyla_geisovii	0	0	0	0	0	0	0	0	0	0	1	0	0	0	0	0	0	0	0	0	0	0	0	0	0	0	0	0	0	0	0	0	0	0	
N10	0.0595433	0.00767206	0.000495962	2.86343e-005	1.70237e-006	3.52143e-007	1.3126e-005	0.00101139	0.0368678	0.416164	0.347187	0.114658	0.0150385	0.00125767	5.88109e-005	2.13772e-006	5.002e-008	1.14353e-009	1.78178e-011	3.45522e-013	4.27688e-015	7.09421e-017	6.87291e-019	8.7443e-021	6.38191e-023	6.01264e-025	3.29185e-027	2.3536e-029	1.00964e-031	5.81805e-034	2.45362e-036	1.1698e-038	4.29214e-041	1.68587e-043	
Acanthoxyla_inermis	0	0	0	0	0	0	0	0	0	1	0	0	0	0	0	0	0	0	0	0	0	0	0	0	0	0	0	0	0	0	0	0	0	0	
Clitarchus_hookeri	0	0	0	0	0	0	0	0	0	1	0	0	0	0	0	0	0	0	0	0	0	0	0	0	0	0	0	0	0	0	0	0	0	0	
Extatosoma_tiaratum	0	0	0	0	0	0	0	0	0	1	0	0	0	0	0	0	0	0	0	0	0	0	0	0	0	0	0	0	0	0	0	0	0	0	
N11	0.185709	0.0569333	0.0261459	0.0220205	0.0226414	0.0202591	0.0192072	0.0292574	0.0659289	0.133756	0.0918334	0.0962936	0.0655508	0.0445186	0.0299437	0.0297398	0.0265184	0.0197402	0.00900845	0.00371679	0.000871574	0.000313197	5.43949e-005	2.86821e-005	5.57771e-006	3.41453e-006	5.9995e-007	2.78115e-007	2.33062e-008	8.0998e-009	1.36278e-009	4.54133e-010	9.24822e-011	2.30485e-011	
Ctenomorpha_sp	0	0	0	0	0	0	0	1	0	0	0	0	0	0	0	0	0	0	0	0	0	0	0	0	0	0	0	0	0	0	0	0	0	0	
Phobaeticus_sp	0	0	0	0	0	0	0	0	0	0	0	0	0	0	0	0	0	1	0	0	0	0	0	0	0	0	0	0	0	0	0	0	0	0	
Podacanthus_wilkinsoni	0	0	0	0	0	0	0	0	0	1	0	0	0	0	0	0	0	0	0	0	0	0	0	0	0	0	0	0	0	0	0	0	0	0	
Acrophylla_titan	0	0	0	0	0	0	0	0	0	1	0	0	0	0	0	0	0	0	0	0	0	0	0	0	0	0	0	0	0	0	0	0	0	0	
N12	0.347196	0.124871	0.0694656	0.0594806	0.0600918	0.0590715	0.0535936	0.0457967	0.0385326	0.0332659	0.0164785	0.0135034	0.0102458	0.011702	0.0115384	0.0127198	0.0107395	0.00908637	0.00577053	0.00367337	0.00176396	0.000882385	0.000332078	0.000136886	4.17444e-005	1.47068e-005	3.78528e-006	1.17283e-006	2.66817e-007	7.19297e-008	1.6169e-008	3.63471e-009	6.98082e-010	1.49961e-010	
N13	0.378497	0.142619	0.0764603	0.0538479	0.0424816	0.0356552	0.032562	0.0341388	0.0403889	0.0489479	0.0317672	0.0278554	0.0190666	0.0147941	0.00919456	0.00576301	0.00302715	0.00164524	0.000758886	0.000348992	0.000123609	4.27202e-005	1.06732e-005	2.80673e-006	5.08576e-007	1.10042e-007	1.52487e-008	2.93675e-009	3.56716e-010	7.06141e-011	1.15727e-011	2.02714e-012	2.78886e-013	4.01457e-014	
N14	0.0892783	0.0258029	0.0155937	0.0178088	0.0192429	0.0177206	0.031005	0.087626	0.188596	0.268415	0.116428	0.0581797	0.0158417	0.00861037	0.00731957	0.0106375	0.00873414	0.00758514	0.00337752	0.00163822	0.000413738	0.00012226	1.93239e-005	3.80313e-006	4.01232e-007	5.50512e-008	3.84373e-009	3.74441e-010	1.58866e-011	1.18422e-012	6.14858e-014	4.29856e-015	2.23852e-016	1.40648e-017	
N15	0.0186902	0.00428977	0.000750066	9.02199e-005	1.16959e-005	6.33265e-005	0.00225666	0.0422486	0.273749	0.419608	0.175696	0.050449	0.00982983	0.00199882	0.000243826	2.36525e-005	1.40674e-006	6.57407e-008	2.01608e-009	5.03785e-011	8.60862e-013	1.27113e-014	1.30174e-016	1.256e-018	8.2352e-021	5.80627e-023	2.61575e-025	1.58626e-027	6.76436e-030	5.94709e-032	5.33981e-034	5.1114e-036	3.90119e-038	2.57591e-040	
N16	0.00348828	0.000362482	2.18413e-005	1.10661e-006	2.3895e-007	9.24173e-006	0.000944822	0.0384018	0.389697	0.436616	0.114885	0.0144827	0.00103126	5.63131e-005	1.78366e-006	4.38799e-008	5.94215e-010	1.15941e-011	1.31941e-013	7.12372e-015	8.49226e-017	3.85022e-018	2.96273e-020	8.91249e-022	4.10595e-024	8.4306e-026	2.25943e-028	3.25065e-030	5.08217e-033	5.23969e-035	6.83736e-038	6.24209e-040	1.453e-042	1.66417e-044	
Bacillus_atticus	0	0	0	0	0	0	0	0	1	0	0	0	0	0	0	0	0	0	0	0	0	0	0	0	0	0	0	0	0	0	0	0	0	0	
Bacillus_grandii_grandii	0	0	0	0	0	0	0	0	1	0	0	0	0	0	0	0	0	0	0	0	0	0	0	0	0	0	0	0	0	0	0	0	0	0	
Bacillus_grandii_benazzii	0	0	0	0	0	0	0	0	1	0	0	0	0	0	0	0	0	0	0	0	0	0	0	0	0	0	0	0	0	0	0	0	0	0	
Bacillus_lynceorum	0	0	0	0	0	0	0	0	0	0	0	0	0	0	0	0	0	1	0	0	0	0	0	0	0	0	0	0	0	0	0	0	0	0	
N17	0.406256	0.252448	0.158306	0.0665626	0.0190518	0.00587802	0.00983156	0.0223304	0.0309922	0.0226799	0.0048777	0.000721715	5.96654e-005	4.03043e-006	1.82809e-007	7.42826e-009	2.16486e-010	6.23883e-012	1.30741e-013	2.94563e-015	4.74912e-017	8.56844e-019	1.08817e-020	1.56546e-022	1.59608e-024	1.85767e-026	1.58016e-028	1.56249e-030	1.48984e-032	3.72552e-034	1.39253e-035	5.19901e-037	1.46123e-038	3.94069e-040	
N18	0.000680081	1.82098e-006	2.00462e-007	2.08021e-008	1.22484e-009	2.15928e-008	4.88836e-006	0.000502951	0.0316363	0.964101	0.00306349	9.57904e-006	6.97653e-009	5.96294e-011	3.50731e-012	5.72508e-013	2.44442e-013	2.64872e-013	5.38468e-014	4.40729e-015	7.24958e-017	2.56059e-018	4.79913e-019	6.88532e-019	3.01568e-019	4.50419e-018	9.1679e-017	3.1732e-015	1.73641e-016	2.78993e-017	1.58642e-018	1.86644e-019	1.04e-020	7.53448e-022	
N19	3.94647e-006	1.36712e-006	3.15882e-007	3.70617e-008	2.9853e-009	4.30396e-007	6.99057e-005	0.0050676	0.140588	0.854168	9.97411e-005	6.72129e-009	3.12658e-010	8.46943e-011	8.01739e-012	3.34999e-012	3.07568e-013	3.43648e-013	5.4886e-014	3.18273e-016	1.32355e-019	1.62264e-021	8.49272e-025	4.65601e-027	1.01186e-029	1.88645e-032	1.81334e-035	7.96721e-039	2.01936e-044	6.67532e-050	8.0306e-056	1.17809e-061	2.60871e-066	2.43148e-070	
Clonopsis_felicitatis	0	0	0	0	0	0	0	0	0	1	0	0	0	0	0	0	0	0	0	0	0	0	0	0	0	0	0	0	0	0	0	0	0	0	
Clonopsis_gallica	0	0	0	0	0	0	0	0	0	0	0	0	0	0	0	0	0	0	1	0	0	0	0	0	0	0	0	0	0	0	0	0	0	0	
Clonopsis_soumiae	0	0	0	0	0	0	0	0	0	0	0	0	0	0	0	0	0	0	0	0	0	0	0	0	0	0	0	1	0	0	0	0	0	0	
Clonopsis_maroccana	0	0	1	0	0	0	0	0	0	0	0	0	0	0	0	0	0	0	0	0	0	0	0	0	0	0	0	0	0	0	0	0	0	0	
N20	0.0102274	0.0135884	0.00242387	0.000214835	1.43075e-005	8.87664e-007	1.04011e-006	1.31964e-005	0.00084219	0.0334803	0.219849	0.465939	0.198732	0.0488359	0.00535236	0.000462548	2.26258e-005	9.6946e-007	2.58606e-008	6.42612e-010	1.04727e-011	1.66298e-013	1.79152e-015	1.95324e-017	1.48063e-019	1.17703e-021	6.63971e-024	4.05349e-026	1.79196e-028	8.75177e-031	3.55961e-033	1.44738e-035	5.01808e-038	1.74226e-040	
N21	0.00319555	0.00203296	0.000166705	5.40004e-006	1.06399e-007	3.69791e-009	2.86022e-008	7.73399e-006	0.00142344	0.0787729	0.470675	0.371408	0.0669656	0.00516862	0.000174396	3.66736e-006	4.25883e-008	3.87425e-010	1.97957e-012	1.26752e-014	3.35262e-017	4.63116e-019	2.021e-021	8.0322e-023	4.61499e-025	1.37768e-026	5.55097e-029	1.10997e-030	2.48065e-033	3.54856e-035	5.90788e-038	6.32179e-040	9.97854e-043	9.26108e-045	
Leptynia_attenuata	0	0	0	0	0	0	0	0	0	1	0	0	0	0	0	0	0	0	0	0	0	0	0	0	0	0	0	0	0	0	0	0	0	0	
Leptynia_montana	0	0	0	0	0	0	0	0	0	0	1	0	0	0	0	0	0	0	0	0	0	0	0	0	0	0	0	0	0	0	0	0	0	0	
Leptynia_caprai	0	0	0	0	0	0	0	0	0	0	0	1	0	0	0	0	0	0	0	0	0	0	0	0	0	0	0	0	0	0	0	0	0	0	
N22	0.313958	0.109744	0.0561305	0.0449241	0.0464266	0.0511558	0.0549093	0.0560026	0.0548398	0.0528625	0.026512	0.0202223	0.0117974	0.0102941	0.00767735	0.00839436	0.00784435	0.00976483	0.00944351	0.0110024	0.0092639	0.00909246	0.00622836	0.00506792	0.00279257	0.0019162	0.00084751	0.000505946	0.000182821	0.000103162	4.77845e-005	2.69671e-005	1.25554e-005	6.40188e-006	
Carausius_morosus	0	0	0	0	0	0	0	0	0	0	0	0	0	0	0	0	0	0	0	0	0	0	0	0	1	0	0	0	0	0	0	0	0	0	
N23	0.316627	0.111098	0.0587033	0.0487233	0.0507863	0.0549818	0.0568929	0.0551435	0.0503666	0.0440085	0.0230716	0.0166261	0.0106516	0.0094503	0.0083649	0.00952638	0.010159	0.0121025	0.0120481	0.0122658	0.0098288	0.00790698	0.0048898	0.00308495	0.00147583	0.000744242	0.000284452	0.000121455	4.13039e-005	1.63238e-005	5.62227e-006	1.90465e-006	5.52205e-007	1.72255e-007	
N24	0.307986	0.110536	0.0602949	0.0504774	0.0509531	0.0519885	0.050905	0.0485657	0.0466703	0.0460726	0.0240957	0.0194307	0.012745	0.0132206	0.0122843	0.0151473	0.0151176	0.0169261	0.0142688	0.0127471	0.00829518	0.00578887	0.00285144	0.00160073	0.000604425	0.000290255	8.61931e-005	3.71095e-005	8.02754e-006	3.03621e-006	8.56165e-007	4.19896e-007	1.81223e-007	9.84255e-008	
Orxines_sp	0	0	0	0	0	0	0	0	0	0	1	0	0	0	0	0	0	0	0	0	0	0	0	0	0	0	0	0	0	0	0	0	0	0	
N25	0.0527637	0.024389	0.0234186	0.0359859	0.0604248	0.0909289	0.11798	0.133307	0.134112	0.125295	0.0672148	0.0549175	0.0352891	0.0234415	0.0114949	0.00563672	0.00215586	0.000847073	0.00026866	9.21057e-005	2.57254e-005	8.16388e-006	2.09279e-006	6.35892e-007	1.54643e-007	4.57257e-008	1.08378e-008	3.11348e-009	7.31165e-010	2.06586e-010	5.4778e-011	1.60275e-011	4.32779e-012	1.19946e-012	
Pseudophasma_sp	0	0	0	1	0	0	0	0	0	0	0	0	0	0	0	0	0	0	0	0	0	0	0	0	0	0	0	0	0	0	0	0	0	0	
Sipyloidea_sipylus	0	0	0	0	0	0	0	0	0	0	0	0	0	0	0	0	0	0	0	0	0	0	0	0	0	0	0	0	0	0	0	1	0	0	
Phalces_sp	0	0	0	0	0	0	0	0	0	1	0	0	0	0	0	0	0	0	0	0	0	0	0	0	0	0	0	0	0	0	0	0	0	0	
N26	0.385039	0.133907	0.0668961	0.0494892	0.0450014	0.0435076	0.0423159	0.0407954	0.0391247	0.0387514	0.0211606	0.0171444	0.0109789	0.0096088	0.00705755	0.00660618	0.0051172	0.00496947	0.00386856	0.00383311	0.00294179	0.00296378	0.00223869	0.00230862	0.00173077	0.00184779	0.00139202	0.00155698	0.00117563	0.00128544	0.00111513	0.00124724	0.00120092	0.00182219	
N27	0.182331	0.0645647	0.034333	0.028904	0.0313707	0.0364964	0.0417842	0.0456573	0.0474738	0.0475818	0.0272524	0.0224614	0.016121	0.0156422	0.0143812	0.0163893	0.0174496	0.0212491	0.023029	0.0270919	0.0276219	0.0300054	0.0281557	0.0280654	0.0243421	0.0224408	0.0182043	0.0156985	0.0120724	0.00986543	0.00760453	0.00602164	0.00458431	0.003753	
Bacillus_rossius	0	0	0	0	0	0	0	0	0	1	0	0	0	0	0	0	0	0	0	0	0	0	0	0	0	0	0	0	0	0	0	0	0	0	
Baculum_sp	0	0	0	0	0	0	0	0	0	0	0	0	0	0	0	0	0	0	0	0	0	0	0	0	0	0	0	1	0	0	0	0	0	0	
Phyllium_bioculatum	0	0	0	0	0	0	0	0	1	0	0	0	0	0	0	0	0	0	0	0	0	0	0	0	0	0	0	0	0	0	0	0	0	0	
N28	0.000685254	0.00402931	0.0405667	0.24292	0.380843	0.238224	0.0762081	0.0145294	0.00182526	0.000161945	7.27481e-006	3.29246e-007	1.09059e-008	3.42278e-010	8.48277e-012	1.921e-013	3.54567e-015	5.98248e-017	8.42182e-019	1.09483e-020	1.21029e-022	1.24798e-024	1.11168e-026	9.31157e-029	6.82846e-031	4.73764e-033	2.91103e-035	1.70015e-037	8.88225e-040	4.42632e-042	2.0128e-044	8.67843e-047	3.4409e-049	1.34793e-051	
Timema_poppensis	0	0	0	1	0	0	0	0	0	0	0	0	0	0	0	0	0	0	0	0	0	0	0	0	0	0	0	0	0	0	0	0	0	0	
Timema_shepardi	0	0	0	1	0	0	0	0	0	0	0	0	0	0	0	0	0	0	0	0	0	0	0	0	0	0	0	0	0	0	0	0	0	0	
