NODE	13	14	15	16	17	18	19	20	21	22	23	24	25	26	27	28	29	30	31	32	33	34	35	36	37	38	39	40	41	42	43	44	45	46	47	48	49	50	51	
N1	3.07835e-018	2.7764e-018	7.41645e-013	2.61081e-009	2.64112e-006	0.000613631	0.0257959	0.17089	0.441083	0.282545	0.0751878	0.00386286	1.77788e-005	1.39322e-008	3.51843e-012	4.24898e-018	3.29055e-020	1.96531e-022	9.36209e-025	3.63713e-027	1.17211e-029	3.27961e-032	1.89649e-034	1.1435e-035	1.02659e-036	8.81562e-038	7.17512e-039	5.5565e-040	4.16363e-041	3.29816e-042	3.29973e-043	3.9249e-044	4.81238e-045	8.45636e-046	1.5753e-046	2.32631e-047	2.23644e-048	1.18419e-049	4.65935e-051	
N2	5.31548e-014	1.00233e-012	4.80816e-010	1.7078e-007	2.74734e-005	0.00172879	0.0347174	0.17206	0.423946	0.278798	0.0830514	0.00562173	4.88856e-005	8.72771e-008	8.08715e-011	4.80284e-014	2.65927e-017	8.74298e-018	1.88392e-019	1.3267e-019	2.09258e-021	9.09046e-022	9.66426e-024	2.69583e-024	1.45608e-026	2.32218e-022	5.76871e-023	4.13476e-021	6.02368e-021	8.71673e-019	2.38293e-019	7.59746e-018	6.68173e-019	1.49952e-017	1.59746e-018	1.49225e-017	7.23181e-019	1.47421e-018	8.79785e-018	
N3	1.4836e-012	4.297e-012	2.21706e-009	6.57074e-007	7.4968e-005	0.00320593	0.0456944	0.180394	0.45061	0.259658	0.057697	0.00264696	1.75735e-005	2.67514e-008	1.24209e-011	2.39866e-015	2.57787e-019	6.97458e-022	4.80434e-024	7.00134e-026	2.69512e-028	2.17383e-030	4.41836e-033	2.12954e-035	1.90633e-038	5.88242e-041	1.69934e-044	3.50919e-047	3.59315e-051	4.7506e-054	2.00666e-058	1.48383e-061	5.05101e-066	3.47713e-069	1.19194e-073	5.93677e-077	8.92483e-082	1.4851e-085	6.03271e-089	
N4	1.46774e-018	1.45629e-017	3.52611e-014	1.69375e-010	2.7069e-007	0.000110911	0.00968973	0.158691	0.738145	0.091129	0.00222483	9.27544e-006	6.68878e-009	1.5004e-012	1.53999e-016	4.1243e-020	1.35778e-022	1.26391e-023	3.49167e-026	1.43059e-027	1.17725e-030	2.03981e-032	5.13962e-036	3.96938e-038	3.52454e-042	1.27997e-044	4.97109e-049	1.7725e-051	6.08025e-052	1.29386e-050	1.22175e-051	1.64741e-051	2.1968e-053	4.81137e-054	6.86493e-057	4.95629e-058	3.82365e-061	1.12784e-062	5.44962e-065	
N5	1.97162e-023	4.52e-025	2.22723e-021	9.48559e-017	1.96383e-012	1.63753e-008	4.08756e-005	0.0193084	0.966406	0.0142187	2.55379e-005	1.10105e-008	1.67436e-012	1.13577e-016	4.02141e-021	2.87164e-025	7.99385e-029	3.05127e-031	6.96763e-035	1.38006e-037	1.97359e-041	2.06309e-044	1.73437e-048	9.83e-052	3.8624e-056	1.36799e-059	4.49088e-063	2.42161e-064	1.61908e-064	2.37686e-062	7.56116e-062	2.25197e-060	1.08994e-060	1.83832e-060	1.22867e-063	9.70443e-066	6.78546e-069	2.19191e-070	1.12956e-071	
N6	2.29825e-028	9.24148e-030	3.70784e-026	8.47559e-021	1.00868e-015	5.30546e-011	9.52492e-007	0.00360214	0.989757	0.00663661	3.57827e-006	4.31909e-010	1.81856e-014	3.40744e-019	3.30592e-024	2.0866e-029	1.01268e-033	1.6578e-035	3.74381e-039	3.34828e-041	4.72979e-045	2.2413e-047	1.94905e-051	4.98938e-054	2.28513e-058	7.88282e-061	1.78701e-063	4.17748e-064	4.57645e-067	1.75546e-067	7.77978e-067	5.03273e-064	4.63214e-064	5.5039e-063	7.04484e-067	5.64127e-069	8.61853e-073	9.40651e-074	1.7979e-074	
N7	4.24181e-035	7.09783e-038	4.24204e-034	2.74513e-027	7.34843e-021	7.72568e-015	2.70421e-009	0.00020011	0.998327	0.00147249	1.00756e-007	1.21257e-012	4.39928e-018	6.26551e-024	3.95816e-030	1.20304e-036	8.36308e-043	6.85441e-043	6.5736e-043	3.61092e-041	3.64559e-041	1.6767e-039	1.6942e-039	6.3326e-038	6.33651e-038	1.84867e-036	1.66848e-036	3.68302e-035	1.75442e-035	3.16377e-034	1.03208e-035	2.70673e-035	7.18844e-037	8.61095e-037	1.76552e-038	1.77693e-038	1.138e-039	3.33227e-038	9.6854e-037	
N8	1.71743e-031	3.01526e-033	1.05716e-028	5.21885e-023	1.23241e-017	1.29834e-012	5.34607e-008	0.000648163	0.997215	0.00213598	4.78215e-007	2.87674e-011	6.73861e-016	7.12005e-021	3.68043e-026	2.04154e-031	1.26303e-034	1.4495e-037	1.03924e-040	6.92971e-042	3.39773e-045	3.99464e-046	1.41282e-049	8.35529e-051	2.21118e-054	6.94101e-056	1.37684e-059	2.37092e-061	2.65997e-065	2.77541e-067	2.71312e-073	9.05656e-077	6.21077e-083	7.42332e-087	7.11971e-092	1.16884e-093	7.88818e-097	1.81878e-096	2.92106e-096	
N9	1.8493e-030	6.24027e-032	1.43342e-027	3.78312e-022	5.62466e-017	4.14447e-012	1.23701e-007	0.00103439	0.996973	0.00199201	4.6916e-007	3.12121e-011	8.43429e-016	1.13005e-020	8.50888e-026	4.06387e-031	5.15264e-036	4.46186e-038	7.57242e-042	4.69354e-044	5.2149e-048	1.8508e-050	1.40649e-054	2.87537e-057	1.53304e-061	8.06168e-064	7.10097e-066	8.71994e-066	1.80755e-064	3.57766e-061	1.41494e-059	1.38773e-056	5.54321e-055	1.9078e-052	5.41549e-054	5.38751e-054	1.08544e-054	2.80809e-053	6.04564e-052	
N10	3.21993e-032	1.62095e-034	3.03904e-030	2.26464e-024	9.29849e-019	1.87599e-013	1.53934e-008	0.000359532	0.99868	0.000960425	1.01729e-007	2.93474e-012	3.35215e-017	1.85179e-022	5.58431e-028	1.06623e-033	6.47748e-039	1.07752e-041	4.38073e-046	1.62839e-047	5.08833e-047	1.01001e-045	6.66386e-048	8.61338e-049	4.45379e-051	3.73501e-052	4.2777e-054	4.95062e-053	5.64518e-050	1.97503e-045	2.8923e-043	4.34209e-040	1.09991e-038	1.61713e-036	5.18326e-038	5.02043e-038	1.33412e-038	2.43639e-037	3.73108e-036	
N11	2.31262e-033	5.66784e-034	2.4273e-029	1.23226e-023	3.48713e-018	4.90479e-013	2.84798e-008	0.000480998	0.998394	0.00112456	1.47291e-007	5.4347e-012	8.13304e-017	5.99624e-022	2.45073e-027	6.03162e-033	2.64199e-038	1.46273e-039	4.83225e-043	2.23282e-044	5.01961e-048	1.32363e-049	2.12561e-053	3.27326e-055	3.85304e-059	3.47098e-061	3.10003e-065	1.58594e-066	8.08788e-069	3.68368e-069	3.14275e-073	5.41854e-075	3.42724e-079	2.78535e-081	1.2291e-085	7.53787e-088	2.61504e-091	1.37158e-091	5.49889e-092	
N12	7.74812e-037	1.43721e-039	4.73708e-034	1.5681e-027	2.72214e-021	2.26738e-015	7.73653e-010	7.84519e-005	0.999771	0.000150374	2.83617e-009	1.58659e-014	3.62948e-020	3.97765e-026	2.28284e-032	7.55138e-039	7.02087e-045	2.45348e-048	1.25095e-053	1.22961e-057	8.80711e-064	3.02439e-039	3.06935e-039	8.99405e-038	9.15082e-038	2.14402e-036	2.17568e-036	3.82914e-035	3.52894e-035	4.17843e-034	1.98313e-035	2.19852e-035	7.2141e-037	6.99976e-037	1.71712e-038	1.67371e-038	4.32685e-039	1.00818e-037	1.92916e-036	
Amitermes_darwini	0	0	0	0	0	0	0	0	1	0	0	0	0	0	0	0	0	0	0	0	0	0	0	0	0	0	0	0	0	0	0	0	0	0	0	0	0	0	0	
Pericapritermes_sp	0	0	0	0	0	0	0	0	1	0	0	0	0	0	0	0	0	0	0	0	0	0	0	0	0	0	0	0	0	0	0	0	0	0	0	0	0	0	0	
Amitermes_germanus	0	0	0	0	0	0	0	0	1	0	0	0	0	0	0	0	0	0	0	0	0	0	0	0	0	0	0	0	0	0	0	0	0	0	0	0	0	0	0	
N13	9.80281e-032	6.57157e-033	1.87892e-028	6.38433e-023	1.24497e-017	1.2358e-012	5.16295e-008	0.000639591	0.998073	0.00128705	2.0707e-007	9.80223e-012	1.94138e-016	1.94855e-021	1.11715e-026	4.06123e-032	4.19519e-037	7.62282e-039	1.68272e-042	2.2248e-044	3.34219e-048	2.61576e-050	2.80931e-054	1.3216e-056	1.04932e-060	2.93837e-063	1.74927e-067	2.80368e-070	1.11447e-074	9.6353e-078	8.84468e-084	3.59614e-088	1.89484e-094	4.65867e-099	1.44272e-105	2.71825e-110	8.42807e-116	5.26694e-119	2.33838e-122	
Amitermes_parvus	0	0	0	0	0	0	0	0	1	0	0	0	0	0	0	0	0	0	0	0	0	0	0	0	0	0	0	0	0	0	0	0	0	0	0	0	0	0	0	
Drepanotermes_septentrionalis	0	0	0	0	0	0	0	0	1	0	0	0	0	0	0	0	0	0	0	0	0	0	0	0	0	0	0	0	0	0	0	0	0	0	0	0	0	0	0	
N14	4.17936e-031	4.29368e-031	2.03375e-026	4.13314e-021	4.50777e-016	2.29029e-011	4.32285e-007	0.00202215	0.99597	0.00200668	4.88568e-007	3.37141e-011	9.44315e-016	1.30811e-020	1.01423e-025	4.8471e-031	4.79304e-036	1.48265e-037	4.98671e-041	1.22079e-042	2.71015e-046	3.78337e-048	5.77961e-052	4.62601e-054	4.9519e-058	2.23443e-060	3.06601e-064	1.15584e-064	2.3266e-063	1.25494e-058	5.6842e-057	1.49216e-053	1.39375e-052	2.40695e-050	3.00426e-052	3.03623e-052	2.57873e-053	1.38398e-051	6.29656e-050	
N15	7.71883e-031	4.19227e-032	7.68498e-028	2.17085e-022	3.46551e-017	2.76622e-012	9.09852e-008	0.000863683	0.997499	0.00163715	3.28957e-007	1.91306e-011	4.59089e-016	5.51357e-021	3.73605e-026	1.62393e-031	3.11986e-036	5.33752e-038	1.16874e-041	1.25669e-043	1.7983e-047	1.08472e-049	1.05163e-053	3.55348e-056	2.3557e-060	4.33506e-063	2.033e-067	7.33022e-069	1.73288e-067	1.16863e-062	1.75999e-060	8.3868e-057	2.44875e-055	8.81857e-053	1.45735e-054	1.44171e-054	1.93747e-055	7.41898e-054	2.36816e-052	
N16	1.41432e-033	3.45439e-035	1.74993e-030	1.3943e-024	6.10492e-019	1.31841e-013	1.17509e-008	0.000307393	0.999008	0.000684922	5.6772e-008	1.35414e-012	1.31739e-017	6.28154e-023	1.63952e-028	2.56846e-034	9.97739e-040	6.09286e-042	4.30394e-046	7.7198e-048	2.14507e-046	1.004e-043	1.38003e-045	8.52423e-046	9.97822e-048	4.2283e-048	4.15008e-050	1.16172e-050	7.46467e-053	1.3709e-053	2.72446e-057	3.21885e-059	4.39604e-063	3.03201e-065	2.7973e-069	1.59266e-071	1.06615e-074	2.25276e-075	3.73026e-076	
N17	6.73761e-037	2.13162e-038	2.859e-033	6.94672e-027	9.05534e-021	5.72335e-015	1.47437e-009	0.000110018	0.999613	0.000276598	8.77968e-009	7.76411e-014	2.73997e-019	4.64403e-025	4.21049e-031	2.19928e-037	2.1855e-043	1.65283e-045	7.79276e-050	3.1345e-050	3.99263e-049	1.35811e-046	1.41725e-048	1.23904e-048	1.0931e-050	6.44975e-051	4.72569e-053	1.83947e-053	8.44486e-056	2.21209e-056	1.7536e-060	1.8601e-062	1.05928e-066	5.86482e-069	2.28426e-073	1.00283e-075	3.54535e-079	1.08535e-079	2.50708e-080	
N18	1.9129e-036	1.99405e-037	2.84741e-032	4.48207e-026	3.87062e-020	1.65269e-014	2.92773e-009	0.000153155	0.999526	0.000321298	1.26284e-008	1.44443e-013	6.80326e-019	1.58003e-024	2.01226e-030	1.51188e-036	2.55307e-042	6.39531e-044	6.9729e-048	1.1766e-049	7.88867e-054	6.7118e-056	2.79807e-060	1.17901e-062	2.99559e-067	5.86477e-070	8.42315e-075	6.74969e-078	3.96951e-083	1.05962e-086	2.99566e-094	6.19616e-100	1.75981e-108	1.46689e-038	8.66863e-041	8.65978e-041	1.08397e-041	1.18598e-039	9.98933e-038	
Ephelotermes_melachoma	0	0	0	0	0	0	0	0	1	0	0	0	0	0	0	0	0	0	0	0	0	0	0	0	0	0	0	0	0	0	0	0	0	0	0	0	0	0	0	
Macrognathotermes_sunteri	0	0	0	0	0	0	0	0	1	0	0	0	0	0	0	0	0	0	0	0	0	0	0	0	0	0	0	0	0	0	0	0	0	0	0	0	0	0	0	
Ephelotermes_taylori	0	0	0	0	0	0	0	0	1	0	0	0	0	0	0	0	0	0	0	0	0	0	0	0	0	0	0	0	0	0	0	0	0	0	0	0	0	0	0	
Lophotermes_septentrionalis	0	0	0	0	0	0	0	0	1	0	0	0	0	0	0	0	0	0	0	0	0	0	0	0	0	0	0	0	0	0	0	0	0	0	0	0	0	0	0	
N19	3.58551e-035	5.07989e-038	1.00262e-032	1.98971e-026	2.07172e-020	1.03564e-014	2.12275e-009	0.000129542	0.999627	0.000243857	7.51573e-009	6.89092e-014	2.58864e-019	4.66571e-025	4.40946e-031	2.48454e-037	4.10647e-043	1.12644e-046	6.54872e-052	4.94706e-056	4.04696e-062	2.0974e-038	2.14262e-038	4.25371e-037	4.36089e-037	6.92751e-036	7.08325e-036	8.45895e-035	7.80432e-035	6.1908e-034	4.42859e-035	4.64841e-035	2.24059e-036	2.13065e-036	7.6657e-038	7.40017e-038	2.22351e-038	3.49099e-037	4.61203e-036	
Microtermes_sp	0	0	0	0	0	0	0	0	1	0	0	0	0	0	0	0	0	0	0	0	0	0	0	0	0	0	0	0	0	0	0	0	0	0	0	0	0	0	0	
Protermes_sp	0	0	0	0	0	0	0	0	1	0	0	0	0	0	0	0	0	0	0	0	0	0	0	0	0	0	0	0	0	0	0	0	0	0	0	0	0	0	0	
N20	5.44166e-034	2.52148e-030	8.70369e-027	6.44698e-022	5.75841e-015	8.13401e-009	0.000850068	0.0784815	0.920617	5.12485e-005	5.32205e-010	1.92518e-015	1.26712e-021	1.68151e-028	1.96941e-035	1.68423e-039	7.38131e-043	3.53172e-044	4.61236e-047	2.19461e-036	2.24756e-036	4.07313e-035	4.18674e-035	6.32317e-034	6.52937e-034	7.90175e-033	8.15038e-033	7.42273e-032	6.92242e-032	4.11988e-031	3.97e-032	4.02714e-032	2.57126e-033	2.40213e-033	1.14408e-034	1.09487e-034	3.66342e-035	4.3354e-034	4.40974e-033	
Procubitermes_sp	0	0	0	0	0	0	1	0	0	0	0	0	0	0	0	0	0	0	0	0	0	0	0	0	0	0	0	0	0	0	0	0	0	0	0	0	0	0	0	
N21	1.45801e-038	9.77832e-040	4.86291e-033	1.37479e-025	1.04815e-018	3.20532e-012	2.65527e-006	0.00630669	0.993669	2.21446e-005	6.23462e-011	5.14788e-017	1.31096e-023	1.11546e-030	1.19432e-036	4.49058e-041	8.98317e-046	3.03016e-048	2.06298e-053	5.76112e-056	5.43497e-062	5.67186e-038	5.23011e-038	9.7397e-036	6.43041e-036	9.40261e-034	5.86435e-036	3.50901e-034	1.52514e-036	3.40678e-035	1.26027e-037	2.40631e-037	7.38278e-040	8.90048e-040	1.65591e-042	1.76001e-042	2.31379e-045	1.91608e-039	4.19554e-037	
Tuberculitermes_bycanistes	0	0	0	0	0	0	0	0	1	0	0	0	0	0	0	0	0	0	0	0	0	0	0	0	0	0	0	0	0	0	0	0	0	0	0	0	0	0	0	
Unguitermes_sp	0	0	0	0	0	0	0	0	1	0	0	0	0	0	0	0	0	0	0	0	0	0	0	0	0	0	0	0	0	0	0	0	0	0	0	0	0	0	0	
N22	3.1687e-026	4.81398e-028	2.68571e-024	1.80565e-019	7.02956e-015	1.40268e-010	1.18563e-006	0.00300216	0.991394	0.00559902	4.12299e-006	9.09313e-010	8.49342e-014	4.06543e-018	1.12508e-022	2.28758e-027	1.54075e-031	7.11011e-034	1.77074e-037	5.50563e-040	9.35846e-044	1.7415e-046	2.12372e-050	2.39718e-053	2.17124e-057	1.47114e-060	1.0065e-064	3.92001e-068	1.8458e-072	3.57719e-076	1.86061e-081	6.25069e-086	1.649e-091	4.0653e-096	6.26128e-102	1.25323e-106	9.00983e-112	1.30106e-115	1.45906e-119	
Microcerotermes_boreus	0	0	0	0	0	0	0	0	1	0	0	0	0	0	0	0	0	0	0	0	0	0	0	0	0	0	0	0	0	0	0	0	0	0	0	0	0	0	0	
Microcerotermes_nervosus	0	0	0	0	0	0	0	0	1	0	0	0	0	0	0	0	0	0	0	0	0	0	0	0	0	0	0	0	0	0	0	0	0	0	0	0	0	0	0	
N23	1.95381e-030	6.22446e-033	1.45624e-030	3.86773e-024	3.55421e-018	6.74942e-013	3.53933e-008	0.000535835	0.997266	0.00219726	4.48792e-007	2.32296e-011	4.22354e-016	2.21631e-021	4.3544e-027	1.77424e-030	2.83183e-033	3.53158e-036	3.52568e-039	3.57818e-042	2.42459e-045	6.79925e-046	3.29924e-049	1.44059e-049	5.17392e-053	5.621e-054	1.44366e-057	6.26756e-059	7.54378e-063	2.13203e-064	1.4399e-070	9.01673e-074	8.24585e-080	3.51891e-082	5.34587e-087	3.27919e-089	2.16589e-094	7.26166e-093	8.3474e-093	
N24	5.49456e-027	4.06683e-028	9.21735e-025	8.21948e-020	4.15467e-015	1.03945e-010	1.05156e-006	0.00298002	0.988874	0.00813827	7.13439e-006	1.67117e-009	1.53693e-013	6.85493e-018	1.69331e-022	2.6572e-027	1.23933e-031	2.9364e-033	1.46323e-036	2.39429e-038	7.86615e-042	7.46053e-044	1.70468e-047	9.51826e-050	1.56714e-053	5.57703e-055	1.25708e-056	6.55316e-057	2.68253e-056	4.16482e-054	1.59459e-054	7.94815e-054	4.95893e-055	2.31008e-055	1.06044e-058	1.63408e-060	5.985e-063	2.01611e-063	5.44314e-064	
Crenetermes_albotarsalis	0	0	0	0	0	0	0	0	1	0	0	0	0	0	0	0	0	0	0	0	0	0	0	0	0	0	0	0	0	0	0	0	0	0	0	0	0	0	0	
N25	7.00119e-027	2.79997e-027	1.2234e-023	6.75161e-019	2.13475e-014	3.38617e-010	2.21483e-006	0.00418815	0.985637	0.0101602	1.21468e-005	4.04481e-009	5.42827e-013	3.5993e-017	1.3407e-021	3.10022e-026	1.23806e-030	1.07908e-031	1.44421e-034	1.14359e-035	1.06054e-038	5.03596e-040	3.40876e-043	9.896e-045	4.98701e-048	8.87803e-050	3.1034e-053	3.42231e-055	5.66763e-059	4.12204e-061	2.5188e-066	1.62402e-069	6.8794e-075	1.83712e-078	5.27641e-084	9.49198e-088	7.44669e-093	4.25417e-095	2.26294e-097	
Cubitermes_sp	0	0	0	0	0	0	0	0	1	0	0	0	0	0	0	0	0	0	0	0	0	0	0	0	0	0	0	0	0	0	0	0	0	0	0	0	0	0	0	
Thoracotermes_macrothorax	0	0	0	0	0	0	0	0	1	0	0	0	0	0	0	0	0	0	0	0	0	0	0	0	0	0	0	0	0	0	0	0	0	0	0	0	0	0	0	
N26	1.62493e-031	1.64938e-034	8.04208e-030	5.10446e-024	1.71714e-018	2.79513e-013	1.87793e-008	0.000378853	0.998884	0.000737192	7.0936e-008	2.04496e-012	2.43349e-017	1.40406e-022	4.30959e-028	8.88529e-034	5.022e-039	1.17403e-042	1.30867e-047	2.05497e-050	2.04538e-044	7.60541e-037	7.9613e-037	7.64004e-036	8.01364e-036	6.18014e-035	6.47286e-035	3.76778e-034	3.50242e-034	1.30652e-033	2.04911e-034	1.96098e-034	1.98538e-035	1.78659e-035	1.35143e-036	1.27224e-036	5.23371e-037	3.94307e-036	2.64701e-035	
N27	3.9945e-039	6.38097e-041	3.63738e-035	2.00387e-028	5.58511e-022	7.24919e-016	3.75281e-010	5.59751e-005	0.999814	0.000130213	1.9197e-009	7.90421e-015	1.27548e-020	9.49867e-027	3.56559e-033	7.05866e-040	2.08811e-046	4.94443e-049	5.39552e-054	4.31467e-057	6.65164e-063	8.87732e-042	8.8928e-042	9.05357e-040	8.91981e-040	7.11813e-038	6.3179e-038	3.90506e-036	2.10992e-036	1.05995e-034	1.17963e-036	2.97472e-036	2.81409e-038	3.61211e-038	2.74215e-040	2.88822e-040	1.45087e-041	1.33403e-039	1.03181e-037	
Nasutitermes_graveolus	0	0	0	0	0	0	0	0	1	0	0	0	0	0	0	0	0	0	0	0	0	0	0	0	0	0	0	0	0	0	0	0	0	0	0	0	0	0	0	
Nasutitermes_triodiae	0	0	0	0	0	0	0	0	1	0	0	0	0	0	0	0	0	0	0	0	0	0	0	0	0	0	0	0	0	0	0	0	0	0	0	0	0	0	0	
N28	8.85163e-042	1.06759e-043	3.91724e-038	1.50423e-030	1.62675e-023	5.88141e-017	6.79506e-011	2.34133e-005	0.999928	4.87167e-005	2.88769e-010	5.03628e-016	2.78717e-022	5.14343e-029	2.67397e-036	2.92265e-045	5.09692e-047	4.92918e-045	4.94949e-045	5.28559e-043	5.31213e-043	4.62171e-041	4.64927e-041	3.24633e-039	3.26152e-039	1.77777e-037	1.73465e-037	7.09835e-036	5.34945e-036	1.62126e-034	2.97945e-036	4.70701e-036	6.73769e-038	7.16491e-038	7.81075e-040	7.78293e-040	9.59876e-041	5.65833e-039	2.66274e-037	
Nasutitermes_longipennis	0	0	0	0	0	0	0	0	1	0	0	0	0	0	0	0	0	0	0	0	0	0	0	0	0	0	0	0	0	0	0	0	0	0	0	0	0	0	0	
Tumulitermes_pastinator	0	0	0	0	0	0	0	0	1	0	0	0	0	0	0	0	0	0	0	0	0	0	0	0	0	0	0	0	0	0	0	0	0	0	0	0	0	0	0	
N29	1.09186e-023	4.48129e-024	5.29703e-021	9.93844e-017	1.09321e-012	6.1254e-009	1.44512e-005	0.0102016	0.969266	0.0204608	5.75894e-005	4.81629e-008	1.68678e-011	2.99596e-015	3.04935e-019	2.03698e-023	4.67945e-027	5.70358e-028	1.38772e-030	1.18631e-031	1.99988e-034	1.03663e-035	1.28069e-038	4.10157e-040	3.8614e-043	7.59921e-045	5.46201e-048	6.4158e-050	2.77641e-053	1.94859e-055	4.01135e-060	2.44331e-063	3.11494e-068	1.15202e-071	9.29784e-077	2.83692e-080	1.42509e-084	9.65794e-087	5.25178e-089	
N30	2.8128e-025	6.52524e-027	2.50571e-023	1.16893e-018	3.14943e-014	4.33322e-010	2.51573e-006	0.00436041	0.986773	0.00885386	1.02466e-005	3.50673e-009	5.02648e-013	3.6574e-017	1.52614e-021	4.40209e-026	3.19679e-030	2.06833e-032	7.59497e-036	3.58389e-038	8.98471e-042	2.52986e-044	4.54816e-048	7.74202e-051	1.02821e-054	1.04707e-057	1.01505e-061	5.95716e-065	3.52213e-069	1.11216e-072	8.0928e-078	5.27763e-082	2.12473e-087	8.23087e-092	1.94484e-097	5.72181e-102	3.6387e-107	7.75142e-111	1.40738e-114	
Macrotermes_bellicosus	0	0	0	0	0	0	0	0	1	0	0	0	0	0	0	0	0	0	0	0	0	0	0	0	0	0	0	0	0	0	0	0	0	0	0	0	0	0	0	
Odontotermes_sp	0	0	0	0	0	0	0	0	1	0	0	0	0	0	0	0	0	0	0	0	0	0	0	0	0	0	0	0	0	0	0	0	0	0	0	0	0	0	0	
Pseudacanthotermes_militaris	0	0	0	0	0	0	0	0	1	0	0	0	0	0	0	0	0	0	0	0	0	0	0	0	0	0	0	0	0	0	0	0	0	0	0	0	0	0	0	
N31	2.96273e-024	3.28243e-023	2.27756e-019	4.33849e-015	4.36957e-011	1.92187e-007	0.000267731	0.0535958	0.930911	0.0151929	3.28651e-005	2.06988e-008	5.35821e-012	6.9234e-016	5.0574e-020	2.41085e-024	3.20036e-028	1.29808e-029	1.54925e-032	4.54588e-034	3.72253e-037	6.52428e-039	3.86777e-042	4.12108e-044	1.81583e-047	1.17324e-049	3.65595e-053	1.42598e-055	2.38158e-059	5.68865e-062	7.31854e-067	2.51026e-070	2.02769e-075	3.559e-079	1.82283e-084	2.38173e-088	3.47993e-093	6.59058e-096	1.12302e-098	
Coptotermes_acinaciformis	0	0	0	0	0	0	0	0	1	0	0	0	0	0	0	0	0	0	0	0	0	0	0	0	0	0	0	0	0	0	0	0	0	0	0	0	0	0	0	
N32	1.80519e-023	9.63768e-022	5.90882e-018	9.81946e-014	8.42281e-010	3.05171e-006	0.0031491	0.144732	0.84538	0.00672608	9.1367e-006	4.12449e-009	8.31476e-013	8.86382e-017	5.57636e-021	2.29024e-025	1.60705e-029	5.98217e-031	7.36913e-034	2.62182e-035	2.30223e-038	5.0516e-040	3.30434e-043	4.52461e-045	2.2355e-048	1.90463e-050	6.61135e-054	3.50888e-056	6.00902e-060	2.07098e-062	2.83345e-067	1.69585e-070	1.53491e-075	4.02248e-079	2.44652e-084	4.37716e-088	4.72674e-093	1.13963e-095	3.04544e-098	
N33	1.33476e-031	2.92834e-032	9.91699e-030	1.5292e-024	1.77619e-018	6.42142e-013	5.48911e-008	0.000824844	0.998539	0.000635738	3.98852e-008	6.17976e-013	3.06541e-018	5.68939e-024	4.8282e-030	1.35146e-033	2.25421e-035	6.52861e-036	9.52622e-038	1.88658e-038	2.27673e-040	3.0703e-041	3.10364e-043	2.77912e-044	2.18184e-046	1.23868e-047	4.25283e-050	1.69799e-051	2.36975e-054	6.03265e-056	3.24237e-059	2.02458e-061	6.84292e-065	3.12213e-067	7.06319e-071	2.86233e-073	5.49646e-076	2.52462e-077	9.1006e-079	
N34	9.54658e-035	1.88849e-037	4.97327e-032	1.52989e-025	2.02607e-019	1.03801e-013	1.69963e-008	0.000533831	0.998931	0.000535595	2.34286e-008	2.38513e-013	8.42712e-019	1.2485e-024	8.94759e-031	8.52294e-036	2.33618e-039	6.47884e-043	1.13897e-046	2.27447e-048	1.93971e-052	1.32854e-053	6.53436e-058	2.32898e-059	5.65285e-064	1.13158e-065	9.08886e-071	1.20079e-072	1.7327e-078	1.64081e-080	9.33352e-088	3.42359e-091	1.37135e-098	1.29665e-102	3.40561e-110	1.44156e-114	2.34356e-122	5.63455e-127	5.76111e-127	
Reticulitermes_flavipes	0	0	0	0	0	0	0	0	1	0	0	0	0	0	0	0	0	0	0	0	0	0	0	0	0	0	0	0	0	0	0	0	0	0	0	0	0	0	0	
Reticulitermes_lucifugus	0	0	0	0	0	0	0	0	1	0	0	0	0	0	0	0	0	0	0	0	0	0	0	0	0	0	0	0	0	0	0	0	0	0	0	0	0	0	0	
Reticulitermes_urbis	0	0	0	0	0	0	0	0	1	0	0	0	0	0	0	0	0	0	0	0	0	0	0	0	0	0	0	0	0	0	0	0	0	0	0	0	0	0	0	
Schedorhinotermes_lamanianus	0	0	0	0	0	0	1	0	0	0	0	0	0	0	0	0	0	0	0	0	0	0	0	0	0	0	0	0	0	0	0	0	0	0	0	0	0	0	0	
N35	3.73443e-018	2.4259e-017	2.49309e-014	2.20105e-010	7.0469e-007	0.000196947	0.0129105	0.216767	0.733717	0.0361753	0.000232352	2.76492e-007	1.04069e-010	1.95766e-013	2.11058e-015	1.35776e-017	6.67904e-020	9.6937e-020	1.16532e-020	2.72268e-020	1.27127e-021	7.78554e-022	4.97907e-024	4.33183e-025	5.9637e-028	2.11504e-029	7.87057e-032	2.80209e-031	1.93797e-030	1.5302e-027	3.36203e-027	5.80714e-025	2.29324e-025	1.20573e-024	4.44383e-027	8.76237e-028	1.85906e-030	2.06471e-031	7.96316e-032	
N36	2.69265e-019	5.45837e-020	8.86238e-017	1.00571e-012	4.35818e-009	5.20237e-006	0.00182338	0.153279	0.803459	0.0412297	0.000203861	2.07763e-007	6.72936e-011	9.45806e-015	1.36319e-018	1.33105e-020	2.76281e-023	1.04095e-024	3.64356e-027	4.59685e-029	1.903e-031	7.97736e-034	3.76408e-037	6.09394e-040	5.05556e-044	3.97019e-047	7.04242e-050	6.58294e-049	1.38183e-049	8.95315e-049	1.7166e-050	1.65247e-050	3.75295e-052	5.15701e-053	3.47935e-056	7.96888e-058	1.07684e-059	4.49696e-060	1.2984e-060	
N37	8.81998e-021	1.74316e-018	8.81386e-015	2.65805e-011	2.8244e-008	8.35369e-006	0.000984258	0.163121	0.780842	0.0545612	0.00048202	9.83964e-007	5.98069e-010	1.18397e-013	7.73842e-018	5.09671e-022	3.77464e-025	1.30846e-026	8.23654e-030	1.26527e-031	4.46567e-035	3.30576e-037	6.54859e-041	2.48278e-043	2.29383e-047	5.91415e-050	1.68041e-051	7.5736e-050	1.81662e-049	4.93761e-047	1.45408e-047	3.04338e-047	9.5658e-050	1.95516e-051	5.38023e-055	5.80637e-057	2.97405e-060	5.6108e-061	1.18883e-061	
N38	3.10518e-012	5.29241e-010	5.47923e-008	2.77087e-006	6.45315e-005	0.000581147	0.00174791	0.0599554	0.587589	0.308505	0.0397191	0.00180298	3.16604e-005	1.88932e-007	1.19902e-010	1.90866e-013	1.28911e-015	1.94916e-016	7.53425e-019	5.32669e-020	1.23145e-022	4.57319e-024	7.03924e-027	1.43978e-028	1.52205e-031	1.72488e-033	1.01664e-036	6.54066e-039	5.18806e-043	1.55261e-045	4.83582e-050	2.68147e-053	4.95363e-058	1.7986e-061	2.07706e-066	6.27702e-070	8.60642e-074	4.13993e-076	1.51586e-078	
N39	1.81016e-016	1.11493e-015	1.1029e-012	2.2685e-009	2.03716e-006	0.000994915	0.0293436	0.30153	0.651289	0.0167486	9.16207e-005	1.60426e-007	1.07481e-010	3.01669e-014	3.83493e-018	2.62944e-022	1.2861e-026	6.87372e-030	1.29894e-033	2.69928e-036	2.94306e-040	4.56035e-043	3.10593e-047	4.03676e-050	3.68828e-054	5.65071e-057	7.39395e-061	7.821e-064	6.4559e-068	4.15098e-071	1.19541e-075	4.81106e-079	6.67373e-084	1.65054e-087	1.28752e-092	1.88195e-096	8.95697e-102	7.54167e-106	1.1384e-110	
Bifiditermes_improbus	0	0	0	0	0	1	0	0	0	0	0	0	0	0	0	0	0	0	0	0	0	0	0	0	0	0	0	0	0	0	0	0	0	0	0	0	0	0	0	
Incisitermes_sp	0	0	0	0	0	0	0	0	1	0	0	0	0	0	0	0	0	0	0	0	0	0	0	0	0	0	0	0	0	0	0	0	0	0	0	0	0	0	0	
Neotermes_insularis	0	0	0	0	0	0	0	0	0	0	0	0	0	1	0	0	0	0	0	0	0	0	0	0	0	0	0	0	0	0	0	0	0	0	0	0	0	0	0	
N40	1.17735e-024	7.6789e-022	2.95492e-018	5.53928e-014	1.13917e-009	8.33332e-006	0.00550748	0.414401	0.569708	0.0103686	6.46428e-006	7.07766e-010	2.36164e-014	3.21415e-019	2.13267e-024	7.81015e-030	2.26517e-035	1.61663e-038	1.18488e-042	1.70468e-045	6.58196e-050	5.4681e-053	1.07068e-057	6.05552e-061	8.39542e-066	1.28729e-053	4.9116e-051	3.8764e-047	8.00766e-045	1.05016e-040	5.99457e-039	2.31428e-035	9.50704e-035	1.2274e-033	5.88845e-035	1.09433e-034	3.41476e-036	8.59788e-036	1.11128e-034	
N41	9.41848e-022	2.44968e-017	4.19308e-013	2.87247e-009	6.56862e-006	0.00363189	0.125415	0.642744	0.226681	0.00152034	7.81216e-007	1.2247e-010	8.39708e-015	3.02643e-019	6.4221e-024	8.67753e-029	9.56211e-034	1.72277e-035	1.55704e-038	9.37331e-040	6.09321e-043	2.24681e-044	1.09403e-047	2.47803e-049	9.24397e-053	1.2601e-054	3.37887e-058	2.69291e-060	2.14456e-064	1.18729e-066	7.25473e-072	1.32513e-074	4.30633e-080	1.06139e-083	2.29471e-089	2.98e-093	5.82638e-099	9.74067e-102	3.60349e-104	
N42	1.98785e-014	9.1988e-013	6.5034e-009	2.68527e-006	0.000344463	0.0155677	0.220062	0.677146	0.0867614	0.000115566	3.31589e-008	3.60501e-012	1.91403e-016	5.74028e-021	1.07525e-025	1.64133e-029	8.57095e-033	1.05095e-034	4.11414e-038	2.96807e-040	8.43938e-044	3.61272e-046	7.41854e-050	1.87111e-052	2.1232e-056	3.46234e-059	1.72897e-063	1.92126e-066	3.30736e-071	2.28138e-074	1.16954e-079	1.54777e-083	5.0197e-089	3.29302e-093	6.57676e-099	3.40448e-103	3.60694e-108	3.02237e-111	2.01323e-114	
N43	3.63905e-019	3.04549e-018	1.41003e-014	9.66083e-011	2.21019e-007	0.000157134	0.0281203	0.79697	0.174427	0.000325012	1.27598e-007	1.79903e-011	3.69545e-015	1.64189e-016	2.53239e-019	6.67384e-021	5.55336e-024	6.65718e-026	1.46181e-029	1.02159e-031	8.08375e-036	3.49069e-038	1.18609e-042	3.12828e-045	5.10554e-050	7.59626e-053	6.65031e-058	4.76761e-061	2.50276e-066	6.83025e-070	2.3134e-075	2.29051e-079	4.59084e-085	3.13597e-089	3.9404e-095	4.77282e-099	4.91191e-102	6.21056e-105	5.29662e-108	
Cryptotermes_austrinus	0	0	0	0	0	0	0	1	0	0	0	0	0	0	0	0	0	0	0	0	0	0	0	0	0	0	0	0	0	0	0	0	0	0	0	0	0	0	0	
Cryptotermes_queenslandis	0	0	0	0	0	0	0	0	1	0	0	0	0	0	0	0	0	0	0	0	0	0	0	0	0	0	0	0	0	0	0	0	0	0	0	0	0	0	0	
Cryptotermes_primus	0	0	1	0	0	0	0	0	0	0	0	0	0	0	0	0	0	0	0	0	0	0	0	0	0	0	0	0	0	0	0	0	0	0	0	0	0	0	0	
Cryptotermes_brevis	0	0	0	0	0	1	0	0	0	0	0	0	0	0	0	0	0	0	0	0	0	0	0	0	0	0	0	0	0	0	0	0	0	0	0	0	0	0	0	
N44	4.94605e-019	2.5184e-017	3.33071e-015	9.09955e-013	6.98809e-010	7.99506e-007	0.0016173	0.394321	0.584436	0.0196048	2.07597e-005	3.60531e-009	1.69358e-013	3.143e-018	2.87062e-023	1.69005e-026	8.58466e-030	2.16426e-031	6.06709e-035	7.25543e-037	1.11775e-039	6.16166e-039	3.91013e-040	3.00359e-040	2.14479e-042	1.0828e-042	2.23983e-045	8.76435e-046	4.77816e-049	9.88368e-050	2.62259e-053	8.48438e-055	1.73009e-058	2.46347e-060	3.622e-064	3.949e-066	6.5496e-069	3.57981e-069	1.52358e-069	
N45	1.26845e-012	9.74242e-012	3.06269e-011	1.037e-009	5.89257e-008	3.83791e-006	0.00191516	0.308706	0.61489	0.0741033	0.000381168	3.53848e-007	5.5753e-011	2.95595e-015	7.01514e-020	4.34258e-023	6.94804e-026	7.9726e-027	7.19434e-030	3.96643e-031	2.23054e-034	6.34914e-036	2.33048e-039	3.53934e-041	7.52628e-045	1.04416e-033	2.10586e-035	2.39174e-035	1.49909e-038	3.88452e-039	1.60682e-042	6.44759e-044	1.95573e-047	4.76938e-049	1.032e-052	2.13587e-054	2.54003e-056	3.30912e-056	3.1687e-056	
Cryptotermes_cynocephalus	0	0	0	0	0	0	0	0	0	1	0	0	0	0	0	0	0	0	0	0	0	0	0	0	0	0	0	0	0	0	0	0	0	0	0	0	0	0	0	
N46	6.84781e-009	4.15324e-007	9.55298e-006	1.48502e-005	1.04454e-005	0.000292333	0.016262	0.318632	0.575961	0.086761	0.00204371	1.21879e-005	4.33758e-009	5.4635e-013	3.38214e-017	1.287e-021	2.64992e-025	3.72846e-026	6.58903e-029	5.77927e-030	7.04306e-033	3.64185e-034	3.24843e-037	1.00424e-038	6.68832e-042	1.2192e-043	5.24035e-047	5.56654e-049	2.20711e-053	1.42266e-055	1.57944e-060	2.72803e-063	1.94655e-068	6.97233e-072	3.21856e-077	7.5577e-081	6.14018e-086	3.42848e-088	2.1183e-090	
Cryptotermes_domesticus	0	0	1	0	0	0	0	0	0	0	0	0	0	0	0	0	0	0	0	0	0	0	0	0	0	0	0	0	0	0	0	0	0	0	0	0	0	0	0	
Procryptotermes_australiensis	0	0	0	0	0	0	0	0	0	0	0	1	0	0	0	0	0	0	0	0	0	0	0	0	0	0	0	0	0	0	0	0	0	0	0	0	0	0	0	
N47	2.61462e-025	5.01443e-022	1.24471e-017	1.82323e-013	1.39132e-009	4.62789e-006	0.00491504	0.830262	0.163563	0.00125395	1.6636e-006	7.38982e-010	1.47752e-013	1.57406e-017	9.96777e-022	4.52824e-026	7.07768e-030	1.39144e-031	1.16805e-034	1.63419e-036	9.82426e-040	8.45787e-042	3.80747e-045	2.02813e-047	6.9701e-051	2.2565e-053	5.39854e-057	1.03788e-059	9.53269e-064	1.18084e-066	2.2267e-071	8.88275e-075	9.85733e-080	1.39862e-083	9.34027e-089	1.03518e-092	1.22606e-097	1.21922e-100	1.29078e-103	
Cryptotermes_dudleyi	0	0	0	0	0	0	0	1	0	0	0	0	0	0	0	0	0	0	0	0	0	0	0	0	0	0	0	0	0	0	0	0	0	0	0	0	0	0	0	
Cryptotermes_secundus	0	0	0	0	0	0	0	1	0	0	0	0	0	0	0	0	0	0	0	0	0	0	0	0	0	0	0	0	0	0	0	0	0	0	0	0	0	0	0	
N48	5.62713e-019	6.60255e-020	2.66042e-017	1.3857e-013	4.10751e-010	5.96451e-007	0.000343195	0.0531408	0.894457	0.0516312	0.000426507	1.0584e-006	1.10113e-009	5.80638e-013	1.75903e-016	8.47039e-020	2.02146e-022	8.23785e-024	2.02478e-026	4.81377e-028	8.22054e-031	1.16328e-032	1.44186e-035	1.23201e-037	1.09451e-040	5.63576e-043	3.101e-046	9.56747e-049	1.8263e-052	3.33204e-055	2.19306e-059	1.31536e-062	5.22406e-067	1.84188e-070	4.59941e-075	1.30958e-078	1.04466e-082	2.24351e-085	4.28063e-088	
Glyptotermes_brevicornis	0	0	0	0	0	0	0	0	1	0	0	0	0	0	0	0	0	0	0	0	0	0	0	0	0	0	0	0	0	0	0	0	0	0	0	0	0	0	0	
Glyptotermes_iridipennis	0	0	0	0	0	0	0	0	1	0	0	0	0	0	0	0	0	0	0	0	0	0	0	0	0	0	0	0	0	0	0	0	0	0	0	0	0	0	0	
Kalotermes_flavicollis	0	0	0	0	0	0	0	0	0	0	0	0	0	0	0	0	0	0	0	0	0	1	0	0	0	0	0	0	0	0	0	0	0	0	0	0	0	0	0	
N49	0.000319945	0.00619834	0.0507126	0.150118	0.0907711	0.0206894	0.00328222	0.0265238	0.21129	0.281384	0.131932	0.0248227	0.00190538	5.07461e-005	1.45089e-007	1.58248e-010	1.17591e-013	4.44246e-015	2.9124e-017	1.90245e-018	7.69491e-021	2.7673e-022	7.63198e-025	1.59595e-026	3.16074e-029	3.90831e-031	5.38287e-034	3.91466e-036	2.91269e-039	1.2615e-041	2.19818e-045	3.95152e-048	4.10957e-052	4.13396e-055	2.82805e-059	1.74825e-062	1.09763e-066	1.90214e-069	5.70384e-072	
Stolotermes_sp	0	0	0	1	0	0	0	0	0	0	0	0	0	0	0	0	0	0	0	0	0	0	0	0	0	0	0	0	0	0	0	0	0	0	0	0	0	0	0	
N50	0.0327829	0.0163885	0.00255918	0.000170302	5.12142e-006	7.11523e-008	7.41423e-010	1.80009e-008	3.68428e-006	0.000259534	0.00725536	0.0813598	0.318058	0.46991	0.0448479	0.0256032	0.000705763	9.00567e-005	8.36339e-007	3.80644e-008	1.3862e-010	2.9696e-012	4.61916e-015	5.42556e-017	3.90987e-020	2.70147e-022	9.60767e-026	3.91686e-028	7.20672e-032	1.59328e-034	1.59753e-038	1.54108e-041	9.47973e-046	5.8263e-049	2.30972e-053	1.17086e-056	6.17078e-060	2.58024e-062	8.22244e-065	
Zootermopsis_angusticollis	0	0	0	0	0	0	0	0	0	0	0	0	0	1	0	0	0	0	0	0	0	0	0	0	0	0	0	0	0	0	0	0	0	0	0	0	0	0	0	
Zootermopsis_nevadensis	0	0	0	0	0	0	0	0	0	0	0	0	0	1	0	0	0	0	0	0	0	0	0	0	0	0	0	0	0	0	0	0	0	0	0	0	0	0	0	
Mastotermes_darwiniensis	0	0	0	0	0	0	0	0	0	0	0	0	0	0	0	0	0	0	0	0	0	0	0	0	0	0	0	0	0	0	0	0	0	0	0	0	1	0	0	
Porotermes_adamsoni	0	0	0	0	0	0	0	1	0	0	0	0	0	0	0	0	0	0	0	0	0	0	0	0	0	0	0	0	0	0	0	0	0	0	0	0	0	0	0	
