NODE	7	8	9	10	11	12	13	14	15	16	17	18	19	20	21	22	23	24	25	26	27	28	29	30	31	32	33	34	35	36	37	38	39	40	41	42	43	44	45	46	47	48	49	50	51	
N1	0.000289833	0.000756858	0.00295631	0.0118731	0.0417305	0.120876	0.252207	0.311292	0.194094	0.0561675	0.00731554	0.000429158	1.15511e-005	1.46787e-007	9.11282e-010	2.86721e-012	1.79628e-017	5.39751e-019	1.21898e-020	2.10344e-022	2.8163e-024	2.96802e-026	2.49502e-028	1.69379e-030	9.39263e-033	4.29983e-035	1.641e-037	5.26863e-040	1.43506e-042	3.34205e-045	6.70288e-048	1.16556e-050	1.76822e-053	2.3539e-056	2.76464e-059	2.87921e-062	2.67137e-065	2.21783e-068	1.65441e-071	1.11313e-074	6.7797e-078	3.75064e-081	1.89067e-084	8.71087e-088	3.866e-091	
N2	0.000333656	0.000965271	0.00382893	0.0144761	0.0464966	0.122818	0.240472	0.294167	0.195991	0.0672093	0.0119965	0.00117368	6.68536e-005	3.63941e-006	1.77928e-007	2.86422e-007	1.70175e-008	2.54889e-008	9.14937e-010	8.78685e-010	1.85627e-011	1.08508e-011	1.3776e-013	4.58621e-014	3.70475e-016	6.6803e-017	3.63801e-019	3.54527e-020	1.34792e-022	7.52377e-024	2.01511e-026	7.11898e-028	1.38719e-030	5.52539e-032	7.89773e-035	3.00669e-036	2.88958e-038	8.04036e-039	9.11775e-042	3.5953e-043	3.2382e-045	6.73317e-046	6.87784e-049	4.69392e-050	8.02985e-051	
N3	0.000975955	0.00360653	0.0129068	0.0302165	0.0468393	0.0699787	0.125339	0.196424	0.219292	0.166927	0.0865879	0.0311111	0.00786756	0.00155865	0.00025979	7.94686e-005	1.92424e-005	8.43433e-006	1.54226e-006	4.41186e-007	5.12437e-008	9.15154e-009	6.71973e-010	7.67522e-011	3.61616e-012	2.76218e-013	8.54749e-015	4.61854e-016	9.65793e-018	3.91834e-019	5.70322e-021	1.83055e-022	1.95577e-024	5.57184e-026	4.76891e-028	1.32359e-029	1.4314e-031	6.03243e-033	5.82018e-035	1.80395e-036	2.34565e-038	8.99793e-040	1.24827e-041	5.06185e-043	2.49035e-044	
N4	2.94209e-006	2.50365e-005	0.000166757	0.000418043	0.000471811	0.00115837	0.00505138	0.0181198	0.0500487	0.108567	0.181211	0.225391	0.19331	0.123947	0.0544222	0.0266354	0.00779373	0.00273701	0.00043274	8.26447e-005	7.29376e-006	8.34715e-007	4.60677e-008	3.49225e-009	1.29424e-010	6.96705e-012	1.81635e-013	7.33871e-015	1.4121e-016	4.60734e-018	6.97393e-020	2.0115e-021	2.71812e-023	8.22657e-025	1.05109e-026	3.188e-028	4.48278e-030	1.61758e-031	1.90946e-033	5.09393e-035	6.33801e-037	1.85212e-038	2.48751e-040	7.82254e-042	2.38784e-043	
N5	1.47513e-006	1.01453e-005	6.2389e-005	0.000182644	0.000282277	0.000760203	0.00351664	0.0137735	0.0416069	0.0983997	0.177565	0.233188	0.207954	0.131483	0.0578858	0.0243082	0.00683955	0.00186617	0.000272934	3.82119e-005	2.94502e-006	2.3064e-007	1.04526e-008	5.05523e-010	1.45238e-011	4.65099e-013	8.92106e-015	2.00111e-016	2.69828e-018	4.55814e-020	4.61278e-022	6.43904e-024	5.52772e-026	7.48692e-028	5.8465e-030	7.56743e-032	6.22723e-034	8.73445e-036	5.85869e-038	6.1216e-040	4.08552e-042	4.4381e-044	3.1631e-046	3.94387e-048	5.49865e-050	
N6	8.75593e-008	1.14107e-006	1.26162e-005	4.93204e-005	7.16497e-005	0.000174628	0.00114467	0.00566956	0.0194729	0.0554604	0.136452	0.242842	0.267898	0.176138	0.0711594	0.0193668	0.00358087	0.000464524	3.87424e-005	2.23841e-006	8.27893e-008	2.41623e-009	4.39434e-011	9.79151e-013	1.04972e-014	2.84604e-016	2.08436e-018	5.25203e-020	2.63449e-022	4.77645e-024	1.66265e-026	2.12411e-028	5.33934e-031	5.02329e-033	9.49207e-036	6.88962e-038	1.05438e-040	6.41451e-043	7.9552e-046	3.89012e-048	4.03218e-051	1.66446e-053	1.47093e-056	5.6708e-059	1.72841e-061	
N7	8.36384e-009	1.30204e-007	1.24749e-006	3.18193e-006	3.24487e-006	7.96938e-006	6.4402e-005	0.000699378	0.00560552	0.0309388	0.114331	0.255584	0.31195	0.198953	0.0673529	0.0128844	0.00149845	0.000115484	6.13263e-006	2.45764e-007	6.75422e-009	2.1872e-010	4.10552e-012	2.43021e-013	3.73708e-015	2.07196e-016	2.26735e-018	9.04043e-020	6.96316e-022	1.94984e-023	1.05108e-025	2.05554e-027	7.86119e-030	1.09294e-031	3.04888e-034	3.11107e-036	6.55626e-039	5.10451e-041	8.31929e-044	5.02428e-046	6.4376e-049	3.06816e-051	3.19871e-054	1.38575e-056	5.34905e-059	
N8	4.99706e-012	2.85932e-010	1.25789e-008	1.53652e-007	1.32281e-007	2.33202e-008	9.88428e-009	2.09675e-007	1.13018e-005	0.000373976	0.00683924	0.0629416	0.259081	0.412209	0.217733	0.0380863	0.00263754	8.53864e-005	1.46405e-006	1.51982e-008	1.06349e-010	8.82922e-013	6.77594e-015	8.97038e-017	5.67893e-019	5.00592e-021	2.02653e-023	1.1186e-025	2.97243e-028	1.0715e-030	1.91988e-033	4.6959e-036	5.80012e-039	9.99909e-042	8.69882e-045	1.10032e-047	6.89217e-051	6.66273e-054	3.07108e-057	2.35801e-060	8.21763e-064	5.33594e-067	1.89676e-070	1.94489e-073	2.62274e-076	
N9	3.74056e-015	6.50865e-013	6.54011e-011	1.33603e-009	8.70997e-010	1.04245e-010	2.26283e-011	7.84282e-010	1.46589e-007	1.57639e-005	0.000839894	0.0196008	0.171525	0.460508	0.299767	0.0455976	0.00210899	3.7283e-005	2.98112e-007	1.22619e-009	2.88427e-012	7.98233e-015	3.01684e-017	9.12565e-019	3.22117e-021	6.13874e-023	1.22755e-025	1.38962e-027	1.63192e-030	1.14117e-032	8.12996e-036	3.56958e-038	1.60122e-041	4.42038e-044	1.30522e-047	2.27451e-050	4.61736e-054	5.21612e-057	7.51953e-061	5.79114e-064	6.05335e-068	3.37685e-071	2.7136e-075	1.64116e-078	1.94751e-081	
N10	1.05086e-016	1.8707e-014	1.87554e-012	3.83545e-011	2.38403e-011	3.67765e-012	1.77444e-012	7.70277e-011	2.25558e-008	3.87693e-006	0.000322846	0.0112652	0.137528	0.466123	0.334329	0.0484552	0.00194444	2.80848e-005	1.76388e-007	5.53075e-010	9.61121e-013	1.29621e-015	3.05373e-018	2.70872e-019	1.16702e-021	7.83772e-023	1.81436e-025	7.57231e-027	9.48231e-030	2.54179e-031	1.74718e-034	3.00067e-036	1.1805e-039	1.24969e-041	3.03428e-045	1.87431e-047	3.06416e-051	1.07634e-053	1.26578e-057	2.61585e-060	2.29005e-064	2.99964e-067	2.00117e-071	2.14038e-074	4.61366e-077	
N11	1.53259e-018	3.12888e-016	3.54946e-014	8.57421e-013	7.47794e-013	3.36916e-013	2.20729e-013	7.9901e-012	3.45965e-009	9.00064e-007	0.000113897	0.00597021	0.104842	0.464305	0.372466	0.0505642	0.00171735	2.00213e-005	9.9434e-008	2.44677e-010	3.32937e-013	2.93092e-016	3.1202e-019	1.56109e-020	6.96634e-023	3.60363e-024	9.09253e-027	2.84931e-028	3.95332e-031	7.8568e-033	5.83217e-036	7.41022e-038	2.97342e-041	2.31178e-043	5.41048e-047	2.38004e-049	3.62469e-053	8.67434e-056	9.30656e-060	1.27699e-062	9.97367e-067	8.72506e-070	5.07573e-074	3.94829e-077	7.38976e-080	
N12	1.94897e-021	9.50909e-019	2.37111e-016	1.36217e-014	3.85928e-014	1.7343e-014	4.90777e-015	3.02689e-013	2.68634e-010	1.36451e-007	3.19176e-005	0.00287831	0.0782197	0.459439	0.408841	0.04936	0.00122073	9.00665e-006	2.57214e-008	3.40057e-011	2.36366e-014	9.76284e-018	3.52105e-021	5.67148e-023	1.28272e-025	3.31817e-027	4.23951e-030	6.34508e-032	4.42326e-035	4.05235e-037	1.46302e-040	8.37665e-043	1.52816e-046	5.24682e-049	5.16924e-053	9.61609e-056	5.85158e-060	5.55162e-063	2.30361e-067	1.19035e-070	3.4931e-075	1.11733e-078	2.37012e-083	6.60027e-087	4.25431e-090	
N13	4.25173e-023	1.93783e-020	5.84345e-018	4.03824e-016	1.77992e-015	1.379e-015	1.7216e-015	3.20534e-013	2.5901e-010	1.26587e-007	2.89469e-005	0.00260241	0.0724396	0.447242	0.42274	0.0535404	0.0013963	1.09164e-005	3.30953e-008	4.64252e-011	3.41668e-014	1.46595e-017	4.94006e-021	1.15645e-022	4.00051e-025	2.07922e-026	4.19275e-029	1.23121e-030	1.37736e-033	2.44048e-035	1.36797e-038	1.5214e-040	3.8541e-044	2.59599e-046	3.07381e-050	1.05648e-052	7.21296e-057	1.07863e-059	4.9812e-064	3.62122e-067	1.17418e-071	5.101e-075	1.18043e-079	4.93587e-083	7.54512e-086	
N14	3.29092e-022	8.53453e-019	1.49065e-015	1.01219e-012	4.12993e-012	2.00602e-013	4.01035e-015	1.87646e-016	1.02272e-013	1.24407e-010	8.33651e-008	2.69998e-005	0.00350528	0.134075	0.806596	0.0551385	0.000655692	2.50145e-006	4.09215e-009	3.40977e-012	1.62263e-015	4.81769e-019	9.70818e-023	2.84069e-026	1.2807e-029	2.40565e-032	1.17753e-035	1.42418e-038	4.93161e-042	3.59391e-045	8.73704e-049	3.85609e-052	6.23363e-056	1.65785e-059	1.65642e-063	2.6439e-067	1.64108e-071	1.66127e-075	6.59868e-080	4.79534e-084	1.27926e-088	7.35712e-093	1.49894e-097	1.00181e-101	8.52525e-106	
N15	9.0991e-024	2.37242e-020	3.23358e-017	1.17013e-014	3.16767e-014	6.43733e-016	5.68388e-018	1.44864e-018	1.94093e-015	5.72924e-012	8.92583e-009	6.30827e-006	0.00162852	0.106714	0.845667	0.0456566	0.000327328	6.46405e-007	4.96504e-010	1.81461e-013	3.60092e-017	4.26546e-021	3.36589e-025	9.36626e-028	1.15965e-030	4.12345e-032	3.07085e-035	6.8512e-037	2.94293e-040	4.35727e-042	1.01334e-045	1.03209e-047	1.18079e-051	8.24228e-054	4.16367e-058	1.76848e-060	3.73265e-065	4.81821e-068	7.11281e-073	4.10688e-076	4.52777e-081	1.48303e-084	1.23942e-089	3.1044e-093	2.2006e-096	
N16	2.55906e-026	5.19251e-023	5.63414e-020	1.80124e-017	3.47489e-017	3.01882e-018	4.10624e-019	7.53702e-020	6.43157e-017	2.83394e-013	7.04543e-010	8.58123e-007	0.000416793	0.0559748	0.912547	0.0309187	0.000141775	1.90679e-007	1.06027e-010	2.95952e-014	4.69691e-018	4.62445e-022	3.04557e-026	1.15976e-029	9.46195e-033	1.33342e-034	8.51383e-038	7.13988e-040	3.2876e-043	1.66431e-045	5.38941e-049	1.66788e-051	3.27898e-055	6.31871e-058	5.40848e-062	6.16036e-065	1.86103e-069	5.49275e-073	1.05858e-077	1.61612e-081	2.02763e-086	2.25337e-090	1.98075e-095	3.10976e-099	1.74563e-102	
Amitermes_darwini	0	0	0	0	0	0	0	0	0	0	0	0	0	0	1	0	0	0	0	0	0	0	0	0	0	0	0	0	0	0	0	0	0	0	0	0	0	0	0	0	0	0	0	0	0	
Amitermes_germanus	0	0	0	0	0	0	0	0	0	0	0	0	0	0	1	0	0	0	0	0	0	0	0	0	0	0	0	0	0	0	0	0	0	0	0	0	0	0	0	0	0	0	0	0	0	
Drepanotermes_septentrionalis	0	0	0	0	0	0	0	0	0	0	0	0	0	0	1	0	0	0	0	0	0	0	0	0	0	0	0	0	0	0	0	0	0	0	0	0	0	0	0	0	0	0	0	0	0	
N17	1.29096e-025	3.52824e-022	5.37684e-019	2.78926e-016	5.37976e-016	1.72596e-017	6.36586e-019	2.21823e-020	8.319e-018	4.75434e-014	1.55581e-010	2.54969e-007	0.000172538	0.0343528	0.944614	0.0207939	6.65044e-005	6.496e-008	2.69103e-011	5.69466e-015	6.93946e-019	5.29886e-023	2.72311e-027	3.26623e-031	1.04345e-034	3.90942e-037	1.20025e-040	2.75178e-043	6.15403e-047	8.59813e-050	1.39745e-053	1.19565e-056	1.29993e-060	6.78566e-064	3.9941e-068	1.21104e-071	2.95516e-076	3.03474e-080	4.47935e-085	2.85625e-089	2.7219e-094	1.34168e-098	9.13301e-104	5.70081e-108	7.71162e-112	
Amitermes_parvus	0	0	0	0	0	0	0	0	0	0	0	0	0	0	1	0	0	0	0	0	0	0	0	0	0	0	0	0	0	0	0	0	0	0	0	0	0	0	0	0	0	0	0	0	0	
Pericapritermes_sp	0	0	0	0	0	0	0	0	0	0	0	0	0	0	1	0	0	0	0	0	0	0	0	0	0	0	0	0	0	0	0	0	0	0	0	0	0	0	0	0	0	0	0	0	0	
N18	1.35593e-022	2.41271e-020	2.8202e-018	1.11235e-016	9.64001e-016	3.9372e-015	3.54407e-014	4.02072e-012	1.66851e-009	4.48185e-007	6.15238e-005	0.00370935	0.0792944	0.437135	0.41748	0.0601989	0.00209468	2.52122e-005	1.32238e-007	3.52659e-010	5.33097e-013	4.98127e-016	3.62322e-019	2.97724e-020	3.44266e-022	9.35036e-023	6.65404e-025	1.10607e-025	4.5271e-028	4.87588e-029	1.01264e-031	7.32876e-033	6.61994e-036	3.1067e-037	1.19895e-040	2.92058e-042	6.32552e-046	6.07635e-048	9.27008e-052	3.99993e-054	4.50472e-058	1.11228e-060	9.32303e-065	2.09663e-067	2.24442e-069	
N19	1.8782e-020	1.28092e-017	6.32336e-015	1.19631e-012	6.94516e-012	2.02472e-012	2.60412e-013	1.79754e-013	5.34031e-011	2.03422e-008	4.32583e-006	0.000450661	0.0192094	0.252901	0.631931	0.0925157	0.0029547	3.27876e-005	1.6246e-007	4.20541e-010	6.33091e-013	6.04473e-016	4.05943e-019	7.76597e-022	1.95964e-024	2.27562e-026	4.87762e-029	3.42818e-031	5.20778e-034	2.20838e-036	2.32589e-039	5.99343e-042	4.05733e-045	6.32474e-048	2.54743e-051	2.32135e-054	5.78977e-058	3.20545e-061	5.16907e-065	2.02947e-068	2.21151e-072	6.90881e-076	5.72984e-080	2.20097e-083	1.30245e-086	
N20	1.03197e-024	3.21483e-021	6.08969e-018	3.40909e-015	9.1262e-015	3.64003e-016	1.36442e-017	4.64107e-018	1.06645e-014	2.72647e-011	3.52073e-008	1.95489e-005	0.0036913	0.160855	0.774314	0.060528	0.000590426	1.474e-006	1.35054e-009	5.62854e-013	1.22892e-016	1.55769e-020	1.27961e-024	7.48159e-028	4.56051e-031	2.85486e-033	1.14545e-036	5.00451e-039	5.33358e-040	3.06801e-040	7.67557e-042	1.99403e-042	3.09962e-044	5.84459e-045	5.67808e-047	2.6668e-047	3.98698e-048	5.12479e-048	2.12712e-049	2.98739e-050	1.14787e-052	3.25847e-054	8.52313e-057	2.27183e-058	1.04302e-059	
N21	5.05473e-025	7.64455e-022	6.20297e-019	1.23866e-016	3.05461e-016	1.59517e-017	1.32267e-018	3.74319e-018	6.65972e-015	1.73836e-011	2.37383e-008	1.43777e-005	0.00304261	0.149989	0.786125	0.0602583	0.000569648	1.40527e-006	1.30744e-009	5.68815e-013	1.33043e-016	1.84573e-020	1.71313e-024	2.01432e-026	5.26951e-029	7.06492e-030	1.08585e-032	9.1992e-034	7.81802e-037	4.45523e-038	1.87485e-041	7.50512e-043	1.32905e-046	3.72355e-048	2.37526e-052	3.92203e-054	1.02781e-058	4.74848e-061	8.85072e-066	1.49731e-068	2.13615e-073	1.80786e-076	1.98303e-081	1.22853e-084	3.96977e-087	
Ephelotermes_melachoma	0	0	0	0	0	0	0	0	0	0	0	0	0	0	1	0	0	0	0	0	0	0	0	0	0	0	0	0	0	0	0	0	0	0	0	0	0	0	0	0	0	0	0	0	0	
Ephelotermes_taylori	0	0	0	0	0	0	0	0	0	0	0	0	0	0	1	0	0	0	0	0	0	0	0	0	0	0	0	0	0	0	0	0	0	0	0	0	0	0	0	0	0	0	0	0	0	
Macrognathotermes_sunteri	0	0	0	0	0	0	0	0	0	0	0	0	0	0	1	0	0	0	0	0	0	0	0	0	0	0	0	0	0	0	0	0	0	0	0	0	0	0	0	0	0	0	0	0	0	
Lophotermes_septentrionalis	0	0	0	0	0	0	0	0	0	0	0	0	0	0	1	0	0	0	0	0	0	0	0	0	0	0	0	0	0	0	0	0	0	0	0	0	0	0	0	0	0	0	0	0	0	
N22	2.09503e-019	2.31982e-016	1.59549e-013	8.908e-012	5.94521e-012	2.85478e-013	7.91697e-014	3.4559e-013	1.10162e-010	7.00487e-008	2.35634e-005	0.00349509	0.161337	0.508922	0.318655	0.00751479	5.19356e-005	1.51901e-007	2.2673e-010	1.94456e-013	1.04115e-016	3.71292e-020	9.33105e-024	2.35787e-027	8.54305e-031	1.52151e-033	9.50761e-037	1.40086e-039	6.59876e-043	6.23593e-046	2.18198e-049	1.32529e-052	3.30108e-056	1.27903e-059	2.1216e-063	5.24111e-067	5.67609e-071	9.25458e-075	6.68189e-079	7.9837e-083	4.01441e-087	3.86084e-091	1.50938e-095	1.60696e-099	2.00186e-103	
Procubitermes_sp	0	0	0	0	0	0	0	0	0	0	0	0	1	0	0	0	0	0	0	0	0	0	0	0	0	0	0	0	0	0	0	0	0	0	0	0	0	0	0	0	0	0	0	0	0	
N23	3.13846e-027	3.5858e-023	1.90818e-019	2.99231e-016	7.81093e-016	1.78985e-017	2.36527e-019	1.97085e-021	3.22637e-019	6.20621e-015	6.14564e-011	2.57504e-007	0.000323595	0.0491207	0.948104	0.00245035	1.12963e-006	1.76162e-010	1.23225e-014	4.55183e-019	9.96798e-024	6.19501e-028	9.32334e-032	1.97706e-034	2.29184e-038	2.69894e-041	1.9461e-045	1.31846e-048	5.55576e-053	2.2279e-056	4.58987e-061	1.0654e-064	6.9998e-070	5.63027e-074	2.19711e-079	8.24639e-084	2.07913e-089	4.44603e-094	7.33044e-100	1.0304e-104	1.11225e-110	1.12792e-115	1.38542e-121	8.72999e-126	7.77742e-130	
Tuberculitermes_bycanistes	0	0	0	0	0	0	0	0	0	0	0	0	0	0	1	0	0	0	0	0	0	0	0	0	0	0	0	0	0	0	0	0	0	0	0	0	0	0	0	0	0	0	0	0	0	
Unguitermes_sp	0	0	0	0	0	0	0	0	0	0	0	0	0	0	1	0	0	0	0	0	0	0	0	0	0	0	0	0	0	0	0	0	0	0	0	0	0	0	0	0	0	0	0	0	0	
N24	4.28092e-021	2.60568e-018	1.57791e-015	3.09015e-013	1.93907e-012	5.3336e-013	8.30981e-014	1.13875e-012	4.84694e-010	1.48873e-007	2.36578e-005	0.0016855	0.0446072	0.335365	0.50048	0.112099	0.00564825	9.08762e-005	5.93421e-007	1.8551e-009	3.1242e-012	3.12064e-015	2.07354e-018	4.41284e-021	1.12529e-023	1.37851e-025	2.68357e-028	1.83677e-030	2.68504e-033	1.51632e-034	1.16187e-035	2.53419e-036	1.43224e-037	2.27357e-038	2.02344e-039	1.69173e-039	3.75098e-040	1.34064e-040	8.06314e-042	7.33935e-043	1.134e-044	4.78797e-046	5.00392e-048	2.8657e-049	2.81194e-050	
N25	1.42629e-020	4.51542e-018	9.45118e-016	5.69738e-014	2.93433e-013	1.45801e-013	6.29323e-014	1.22824e-012	4.56159e-010	1.37567e-007	2.17995e-005	0.00156715	0.0423218	0.327666	0.506027	0.116254	0.00604014	0.000101145	6.94499e-007	2.30614e-009	4.16493e-012	4.48844e-015	3.30773e-018	1.55161e-019	9.99317e-022	3.74621e-022	1.31943e-024	3.30888e-025	6.18667e-028	1.07837e-028	1.02813e-031	1.25584e-032	5.86221e-036	4.78296e-037	1.11717e-040	5.23777e-042	7.20602e-046	1.60037e-047	1.57114e-051	1.70515e-053	1.29585e-057	7.69326e-060	4.66896e-064	1.74056e-066	3.78913e-069	
Crenetermes_albotarsalis	0	0	0	0	0	0	0	0	0	0	0	0	0	0	1	0	0	0	0	0	0	0	0	0	0	0	0	0	0	0	0	0	0	0	0	0	0	0	0	0	0	0	0	0	0	
Thoracotermes_macrothorax	0	0	0	0	0	0	0	0	0	0	0	0	0	0	1	0	0	0	0	0	0	0	0	0	0	0	0	0	0	0	0	0	0	0	0	0	0	0	0	0	0	0	0	0	0	
Cubitermes_sp	0	0	0	0	0	0	0	0	0	0	0	0	0	0	1	0	0	0	0	0	0	0	0	0	0	0	0	0	0	0	0	0	0	0	0	0	0	0	0	0	0	0	0	0	0	
N26	2.00305e-018	9.71311e-016	3.63268e-013	5.75056e-011	2.10514e-010	2.3058e-011	1.11191e-012	1.29628e-013	1.95517e-011	6.90669e-009	1.45824e-006	0.000164997	0.00866363	0.167004	0.728166	0.0932125	0.00275637	3.08544e-005	1.65417e-007	4.89164e-010	8.77608e-013	1.03091e-015	8.47929e-019	7.27293e-022	8.10248e-025	2.95467e-027	4.72933e-030	1.37616e-032	1.62279e-035	3.03321e-038	2.58966e-041	3.13989e-044	1.88486e-047	1.49122e-050	6.07303e-054	3.19229e-057	8.79207e-061	3.23861e-064	6.16873e-068	1.72321e-071	2.36132e-075	5.4173e-079	6.09581e-083	1.61992e-086	5.13744e-090	
Microcerotermes_boreus	0	0	0	0	0	0	0	0	0	0	0	0	0	0	1	0	0	0	0	0	0	0	0	0	0	0	0	0	0	0	0	0	0	0	0	0	0	0	0	0	0	0	0	0	0	
Microcerotermes_nervosus	0	0	0	0	0	0	0	0	0	0	0	0	0	0	1	0	0	0	0	0	0	0	0	0	0	0	0	0	0	0	0	0	0	0	0	0	0	0	0	0	0	0	0	0	0	
N27	4.55033e-022	1.69415e-018	4.38432e-015	5.16556e-012	1.35658e-011	1.38753e-013	6.52872e-016	2.40007e-018	2.26297e-016	5.82199e-013	8.85384e-010	7.16099e-007	0.000266017	0.0353394	0.945704	0.0186142	7.56397e-005	1.13234e-007	8.02686e-011	3.11506e-014	7.28412e-018	1.10872e-021	1.17218e-025	1.18271e-029	1.37169e-033	4.1637e-037	6.87802e-041	1.7646e-044	2.09434e-048	3.40164e-052	2.8049e-056	2.90461e-060	1.62742e-064	1.08351e-068	4.02824e-073	1.75573e-077	4.31004e-082	1.28021e-086	2.10301e-091	4.49595e-096	5.07196e-101	8.3133e-106	7.32378e-111	1.27549e-115	2.42371e-120	
N28	1.22525e-026	1.6181e-022	1.0402e-018	1.94258e-015	3.21398e-015	3.11123e-018	1.01255e-021	5.2707e-024	3.3055e-021	7.51853e-017	9.63243e-013	6.06898e-009	1.54333e-005	0.0111134	0.98234	0.00652599	5.50563e-006	1.35345e-009	1.37504e-013	7.00629e-018	2.02455e-022	3.61322e-027	4.30491e-032	7.75147e-036	1.77668e-039	9.81843e-042	1.55013e-045	5.08944e-048	5.31888e-052	1.07532e-054	7.08901e-059	9.09869e-062	3.37402e-066	2.80007e-069	4.63027e-074	2.38389e-077	8.56353e-083	6.50898e-087	1.47998e-092	5.40002e-097	7.93607e-103	1.83313e-107	1.79698e-113	5.6427e-118	9.55064e-122	
Nasutitermes_graveolus	0	0	0	0	0	0	0	0	0	0	0	0	0	0	1	0	0	0	0	0	0	0	0	0	0	0	0	0	0	0	0	0	0	0	0	0	0	0	0	0	0	0	0	0	0	
Nasutitermes_triodiae	0	0	0	0	0	0	0	0	0	0	0	0	0	0	1	0	0	0	0	0	0	0	0	0	0	0	0	0	0	0	0	0	0	0	0	0	0	0	0	0	0	0	0	0	0	
N29	1.76128e-026	2.23985e-022	1.38155e-018	2.45202e-015	4.13708e-015	4.39297e-018	1.53409e-021	7.55055e-024	5.07883e-021	1.09083e-016	1.31102e-012	7.6992e-009	1.81431e-005	0.0120513	0.980921	0.00700363	6.34326e-006	1.66786e-009	1.80335e-013	9.72401e-018	2.95601e-022	5.5173e-027	6.84241e-032	1.42282e-035	3.45816e-039	2.08051e-041	3.42222e-045	1.21971e-047	1.3096e-051	2.88017e-054	1.92432e-058	2.70507e-061	1.00613e-065	9.24179e-069	1.52824e-073	8.82131e-077	3.21647e-082	2.77576e-086	6.5637e-092	2.73289e-096	4.3078e-102	1.15078e-106	1.25191e-112	4.55241e-117	9.47037e-121	
Nasutitermes_longipennis	0	0	0	0	0	0	0	0	0	0	0	0	0	0	1	0	0	0	0	0	0	0	0	0	0	0	0	0	0	0	0	0	0	0	0	0	0	0	0	0	0	0	0	0	0	
Tumulitermes_pastinator	0	0	0	0	0	0	0	0	0	0	0	0	0	0	1	0	0	0	0	0	0	0	0	0	0	0	0	0	0	0	0	0	0	0	0	0	0	0	0	0	0	0	0	0	0	
N30	5.32267e-015	1.84931e-013	8.05941e-012	1.96051e-010	9.63953e-010	9.68002e-010	6.63177e-010	5.44757e-009	3.61567e-007	1.97915e-005	0.000646576	0.0113891	0.0961102	0.333894	0.398536	0.140433	0.0179318	0.00101033	2.90887e-005	4.76581e-007	4.81633e-009	3.2595e-011	1.66066e-013	2.25529e-015	3.42991e-017	1.64322e-018	2.13061e-020	6.41018e-022	5.91909e-024	1.10934e-025	7.15454e-028	8.44931e-030	3.64494e-032	2.72688e-034	7.62415e-037	3.64039e-039	6.69431e-042	2.17142e-044	2.69912e-047	6.58206e-050	5.75132e-053	1.14964e-055	8.1131e-059	2.05356e-061	7.71642e-064	
Macrotermes_bellicosus	0	0	0	0	0	0	0	0	0	0	0	0	0	0	1	0	0	0	0	0	0	0	0	0	0	0	0	0	0	0	0	0	0	0	0	0	0	0	0	0	0	0	0	0	0	
N31	1.46315e-026	3.759e-022	6.79202e-018	5.51701e-014	1.65044e-013	4.50818e-016	5.21148e-019	4.21076e-022	1.67786e-019	2.14083e-015	1.46261e-011	4.71353e-008	5.92323e-005	0.020873	0.969765	0.00928975	1.26718e-005	5.12644e-009	8.46797e-013	6.85295e-017	3.05494e-021	8.18097e-026	1.41629e-030	2.56578e-035	6.95147e-040	1.55942e-040	5.37382e-041	1.2332e-041	9.7848e-044	1.55705e-045	9.14151e-048	1.054e-049	4.72316e-052	3.959e-054	1.3239e-056	8.09607e-059	2.00631e-061	9.1165e-064	1.68423e-066	5.93716e-069	8.27476e-072	2.3852e-074	2.66614e-077	8.02505e-080	2.5823e-082	
N32	1.01688e-027	1.2201e-023	7.08688e-020	1.12307e-016	2.36547e-016	2.21737e-019	7.21601e-023	2.89899e-024	5.11253e-021	1.14422e-016	1.43594e-012	8.76094e-009	2.1068e-005	0.0136714	0.978803	0.0074977	6.98764e-006	1.85412e-009	2.00688e-013	1.08184e-017	3.2974e-022	6.2051e-027	7.79905e-032	4.26546e-035	1.9463e-038	3.90901e-040	1.24377e-043	1.48444e-045	3.32139e-049	2.42777e-051	3.63754e-055	1.68429e-057	1.42284e-061	4.36272e-064	1.39619e-068	2.85857e-071	1.43692e-076	2.74224e-080	9.42376e-086	8.30444e-090	1.92761e-095	1.17712e-099	1.97276e-105	3.66392e-109	4.84342e-112	
Microtermes_sp	0	0	0	0	0	0	0	0	0	0	0	0	0	0	1	0	0	0	0	0	0	0	0	0	0	0	0	0	0	0	0	0	0	0	0	0	0	0	0	0	0	0	0	0	0	
Protermes_sp	0	0	0	0	0	0	0	0	0	0	0	0	0	0	1	0	0	0	0	0	0	0	0	0	0	0	0	0	0	0	0	0	0	0	0	0	0	0	0	0	0	0	0	0	0	
N33	2.02064e-027	3.46448e-023	3.02175e-019	6.80922e-016	1.82632e-015	3.55507e-018	2.09424e-021	4.87373e-024	1.30113e-020	2.88097e-016	3.40331e-012	1.84306e-008	3.67561e-005	0.0184061	0.972789	0.0087589	8.97588e-006	2.45634e-009	2.59844e-013	1.30859e-017	3.58358e-022	5.85094e-027	6.31423e-032	2.45662e-034	1.47011e-037	8.76135e-039	3.11127e-042	1.17584e-043	2.38565e-047	6.09439e-049	6.50234e-053	1.18046e-054	5.74945e-059	7.63605e-061	1.3099e-065	1.22511e-067	3.30296e-073	2.69453e-076	5.44992e-082	1.68255e-085	2.60439e-091	4.28928e-095	5.08022e-101	1.03294e-104	3.98562e-107	
Odontotermes_sp	0	0	0	0	0	0	0	0	0	0	0	0	0	0	1	0	0	0	0	0	0	0	0	0	0	0	0	0	0	0	0	0	0	0	0	0	0	0	0	0	0	0	0	0	0	
Pseudacanthotermes_militaris	0	0	0	0	0	0	0	0	0	0	0	0	0	0	1	0	0	0	0	0	0	0	0	0	0	0	0	0	0	0	0	0	0	0	0	0	0	0	0	0	0	0	0	0	0	
N34	6.29283e-014	2.43458e-012	7.28045e-011	3.85546e-010	2.41931e-010	1.39859e-010	5.67624e-010	2.57573e-008	2.31321e-006	0.000128347	0.00359919	0.04561	0.231752	0.419207	0.248384	0.0478526	0.00336395	9.92119e-005	1.38903e-006	1.02172e-008	4.28633e-011	1.15392e-013	2.48477e-016	2.37615e-018	1.36075e-020	2.16404e-022	8.07659e-025	7.22421e-027	1.68188e-029	9.93135e-032	1.1047e-033	2.03418e-034	2.06665e-035	1.0321e-035	1.96668e-036	6.83399e-037	5.68321e-038	7.71372e-039	2.55022e-040	1.62759e-041	2.88947e-043	1.32393e-044	1.87097e-046	1.09243e-047	9.77335e-049	
N35	7.33761e-014	1.82753e-012	2.99283e-011	1.24099e-010	1.20085e-010	1.25897e-010	7.27731e-010	3.93882e-008	3.17135e-006	0.000158287	0.0040825	0.0485793	0.2361	0.415395	0.244122	0.0479112	0.00353357	0.000112813	1.7652e-006	1.49705e-008	7.45657e-011	2.41976e-013	6.54202e-016	1.69982e-016	1.92767e-018	1.44094e-018	9.11776e-021	4.72675e-021	1.65598e-023	6.05009e-024	1.17226e-026	2.98595e-027	3.25836e-030	5.50275e-031	3.59106e-034	3.67333e-035	1.58843e-038	9.03165e-040	2.87127e-043	9.08725e-045	2.2584e-048	4.20803e-050	8.43557e-054	1.01495e-055	4.6723e-058	
Coptotermes_acinaciformis	0	0	0	0	0	0	0	0	0	0	0	0	0	0	1	0	0	0	0	0	0	0	0	0	0	0	0	0	0	0	0	0	0	0	0	0	0	0	0	0	0	0	0	0	0	
Schedorhinotermes_lamanianus	0	0	0	0	0	0	0	0	0	0	0	0	1	0	0	0	0	0	0	0	0	0	0	0	0	0	0	0	0	0	0	0	0	0	0	0	0	0	0	0	0	0	0	0	0	
N36	2.55991e-017	7.71398e-015	1.91952e-012	1.80384e-010	6.88817e-010	1.51137e-010	1.41747e-011	1.20737e-011	2.15817e-009	3.82422e-007	3.80315e-005	0.00189439	0.0407795	0.304855	0.543219	0.104073	0.0050479	9.17437e-005	7.77835e-007	3.54071e-009	9.54843e-012	1.7291e-014	2.54955e-017	1.2627e-019	4.66922e-022	4.16169e-024	1.12893e-026	6.07247e-029	1.10757e-031	3.66473e-034	4.46207e-037	9.32329e-040	7.50025e-043	1.01206e-045	5.4058e-049	4.86301e-052	1.75623e-055	1.1136e-058	2.78173e-062	1.33125e-065	2.36356e-069	9.14077e-073	1.32765e-076	6.49959e-080	4.44451e-083	
Reticulitermes_flavipes	0	0	0	0	0	0	0	0	0	0	0	0	0	0	1	0	0	0	0	0	0	0	0	0	0	0	0	0	0	0	0	0	0	0	0	0	0	0	0	0	0	0	0	0	0	
N37	3.53759e-019	1.32552e-016	3.11099e-014	2.22426e-012	4.65294e-012	4.32746e-013	4.66739e-014	4.5795e-014	1.60501e-011	7.85938e-009	2.11914e-006	0.000274994	0.0143552	0.227674	0.660738	0.0943183	0.0026134	2.36037e-005	9.14059e-008	1.79701e-010	2.01034e-013	1.40302e-016	7.0711e-020	3.81386e-022	1.21403e-024	3.32686e-026	6.97746e-029	1.18628e-030	1.55277e-033	1.70667e-035	1.35718e-038	9.86141e-041	4.619e-044	2.18848e-046	5.98243e-050	1.71747e-052	2.85733e-056	4.34353e-059	4.97262e-063	4.48039e-066	3.6924e-070	2.24728e-073	1.3747e-077	7.31348e-081	5.71612e-084	
Reticulitermes_lucifugus	0	0	0	0	0	0	0	0	0	0	0	0	0	0	1	0	0	0	0	0	0	0	0	0	0	0	0	0	0	0	0	0	0	0	0	0	0	0	0	0	0	0	0	0	0	
Reticulitermes_urbis	0	0	0	0	0	0	0	0	0	0	0	0	0	0	1	0	0	0	0	0	0	0	0	0	0	0	0	0	0	0	0	0	0	0	0	0	0	0	0	0	0	0	0	0	0	
N38	2.39447e-010	3.9691e-009	2.90887e-008	4.81272e-008	5.22807e-008	2.13577e-007	4.67166e-006	0.000124469	0.00223815	0.0228947	0.120273	0.299107	0.335828	0.170297	0.0419366	0.00627564	0.000880742	0.000125705	1.3129e-005	8.75072e-007	3.71423e-008	1.34787e-009	4.61519e-011	5.28841e-012	2.11228e-013	1.96728e-014	4.57027e-016	2.39035e-017	3.20551e-019	9.60731e-021	7.60525e-023	1.34691e-024	6.48959e-027	7.04098e-029	2.14132e-031	1.48353e-033	2.9549e-036	1.36901e-038	1.84528e-041	5.98825e-044	5.6166e-047	1.33895e-049	9.50063e-053	2.28398e-055	7.22121e-058	
N39	1.75867e-013	1.58976e-011	8.61523e-010	4.26556e-009	2.20914e-009	1.33099e-009	3.63325e-008	2.14876e-006	0.00010731	0.00320285	0.0446317	0.241696	0.431833	0.234107	0.0414732	0.00285409	9.02745e-005	1.51604e-006	1.51816e-008	9.88132e-011	4.35214e-013	1.58888e-015	4.87787e-018	3.34326e-020	1.18099e-022	7.9174e-025	1.82023e-027	7.3237e-030	1.04772e-032	2.57915e-035	2.35163e-038	3.69054e-041	2.207e-044	2.30969e-047	9.34191e-051	6.87288e-054	1.94761e-057	1.07132e-060	2.2305e-064	9.7886e-068	1.5975e-071	5.93211e-075	9.35546e-079	4.58207e-082	2.87836e-085	
N40	2.22085e-012	2.59752e-011	2.52235e-010	1.83249e-009	2.05612e-008	3.23659e-007	3.62309e-006	2.78631e-005	0.000292005	0.0041816	0.0390264	0.17776	0.351405	0.293532	0.110862	0.0207174	0.00206997	0.000117758	4.02079e-006	8.79143e-008	1.42275e-009	1.3655e-010	9.29892e-012	2.87252e-012	1.31144e-013	2.29148e-014	6.42863e-016	6.56964e-017	1.08962e-018	6.64903e-020	6.34026e-022	2.26958e-023	1.29516e-025	2.65595e-027	9.73222e-030	1.22684e-031	3.00111e-034	2.64042e-036	4.4348e-039	3.02206e-041	3.59218e-044	2.04858e-046	3.17686e-049	7.16152e-051	2.51857e-052	
Bifiditermes_improbus	0	0	0	0	0	0	0	0	0	0	0	1	0	0	0	0	0	0	0	0	0	0	0	0	0	0	0	0	0	0	0	0	0	0	0	0	0	0	0	0	0	0	0	0	0	
N41	6.22743e-015	2.65909e-014	9.2872e-012	2.63547e-008	2.12553e-006	5.47988e-006	5.77131e-006	1.99904e-008	5.86177e-009	1.2591e-008	1.53438e-008	1.12602e-008	1.04435e-006	0.000652624	0.147999	0.375127	0.328428	0.125367	0.0211127	0.00129883	9.90111e-007	4.57865e-010	1.7169e-013	1.0541e-016	3.02916e-020	1.07388e-023	1.73848e-027	3.36241e-031	3.23204e-035	3.66474e-039	2.1727e-043	1.52579e-047	5.732e-052	2.62048e-056	6.39491e-061	2.00104e-065	3.24987e-070	7.29617e-075	8.05855e-080	1.35071e-084	1.04271e-089	1.39989e-094	1.09064e-099	2.22419e-104	5.11373e-109	
Incisitermes_sp	0	0	0	0	0	0	0	0	0	0	0	0	0	0	1	0	0	0	0	0	0	0	0	0	0	0	0	0	0	0	0	0	0	0	0	0	0	0	0	0	0	0	0	0	0	
Neotermes_insularis	0	0	0	0	0	0	0	0	0	0	0	0	0	0	0	0	0	0	0	1	0	0	0	0	0	0	0	0	0	0	0	0	0	0	0	0	0	0	0	0	0	0	0	0	0	
N42	3.26438e-016	8.36207e-014	5.30733e-012	2.5908e-011	3.42497e-011	1.66105e-010	4.13754e-009	3.31898e-007	3.06361e-005	0.0016233	0.0349487	0.243147	0.465994	0.225564	0.0277181	0.000963038	1.11219e-005	5.04294e-008	1.03626e-010	1.086e-013	6.38671e-017	4.68233e-020	4.00824e-023	4.76979e-025	3.41534e-028	2.53219e-030	9.3979e-034	4.03336e-036	8.01531e-040	2.05218e-042	2.29821e-046	3.53728e-049	2.3845e-053	2.20136e-056	9.56746e-061	5.32844e-064	1.58246e-068	5.45485e-072	1.15453e-076	2.57878e-080	4.00068e-085	6.13044e-089	7.26112e-094	1.00832e-097	2.3471e-101	
N43	5.76361e-015	1.82422e-013	2.5128e-012	1.01722e-011	2.2548e-011	3.76514e-010	3.59261e-008	3.21425e-006	0.00017332	0.00479552	0.0594445	0.282869	0.435766	0.191545	0.0243288	0.00105521	1.9124e-005	1.70039e-007	8.33953e-010	2.46074e-012	4.68794e-015	2.62581e-017	4.86796e-019	2.1721e-019	3.27768e-021	9.28192e-022	8.20724e-024	1.52221e-024	7.00531e-027	8.73068e-028	1.91948e-030	1.54813e-031	1.69979e-034	7.74043e-036	5.0431e-039	1.10826e-040	5.00933e-044	5.28774e-046	1.75893e-049	1.03588e-051	2.53766e-055	1.00184e-057	1.9619e-061	2.04719e-063	1.08856e-064	
N44	2.28893e-012	7.18792e-011	1.73272e-009	7.63068e-008	8.20677e-007	2.89038e-006	6.59652e-006	0.000104424	0.00287787	0.0332801	0.164885	0.355832	0.320734	0.109633	0.0121626	0.000472791	8.21101e-006	7.49592e-008	4.01256e-010	1.36647e-012	3.16927e-015	7.37074e-018	2.45535e-020	3.81663e-022	2.03847e-024	2.48652e-026	9.52087e-029	7.27851e-031	1.94631e-033	9.44953e-036	1.70291e-038	5.30178e-041	6.29579e-044	1.27416e-046	1.00953e-049	1.40103e-052	7.58681e-056	7.87051e-059	3.00734e-062	2.51774e-065	7.02768e-069	5.08264e-072	1.43978e-075	2.00568e-078	4.10973e-081	
N45	1.19366e-014	4.3771e-012	1.12253e-009	9.44471e-008	1.38572e-007	2.16277e-008	1.67644e-009	2.18915e-009	2.71375e-007	2.90002e-005	0.00144559	0.0308947	0.24859	0.568354	0.146268	0.00437702	4.09939e-005	1.91151e-007	7.10436e-010	1.63137e-011	1.01928e-013	2.04815e-015	6.55183e-018	6.75308e-020	1.12948e-022	6.38356e-025	6.04185e-028	1.97066e-030	1.14158e-033	2.25547e-036	8.47911e-040	1.07218e-042	2.71858e-046	2.35049e-049	4.12289e-053	2.61763e-056	3.24293e-060	1.61228e-063	1.44055e-067	5.90002e-071	4.0338e-075	1.90521e-078	1.26772e-081	3.14201e-084	6.48736e-087	
Cryptotermes_austrinus	0	0	0	0	0	0	0	0	0	0	0	0	0	1	0	0	0	0	0	0	0	0	0	0	0	0	0	0	0	0	0	0	0	0	0	0	0	0	0	0	0	0	0	0	0	
Cryptotermes_queenslandis	0	0	0	0	0	0	0	0	0	0	0	0	0	0	1	0	0	0	0	0	0	0	0	0	0	0	0	0	0	0	0	0	0	0	0	0	0	0	0	0	0	0	0	0	0	
Cryptotermes_primus	0	0	0	0	0	0	0	0	1	0	0	0	0	0	0	0	0	0	0	0	0	0	0	0	0	0	0	0	0	0	0	0	0	0	0	0	0	0	0	0	0	0	0	0	0	
Cryptotermes_brevis	0	0	0	0	0	0	0	0	0	0	0	1	0	0	0	0	0	0	0	0	0	0	0	0	0	0	0	0	0	0	0	0	0	0	0	0	0	0	0	0	0	0	0	0	0	
N46	9.52946e-017	7.57773e-015	4.65333e-013	1.30863e-011	2.40884e-010	2.36848e-009	2.90948e-008	6.3218e-007	2.25419e-005	0.000871047	0.0210306	0.184048	0.45131	0.289064	0.0508151	0.00278206	5.46662e-005	4.42914e-007	1.67754e-009	4.32215e-012	2.32634e-014	4.38545e-015	3.7297e-017	4.02736e-018	1.56926e-020	9.14778e-022	1.60814e-024	5.35872e-026	4.32551e-029	8.12909e-031	3.31838e-034	3.26301e-036	7.78108e-040	3.76017e-042	5.8636e-046	1.43235e-048	1.53734e-052	2.12765e-055	1.5887e-059	1.43428e-062	7.452e-067	4.9623e-070	4.61487e-074	3.63669e-076	3.4911e-078	
Cryptotermes_cynocephalus	0	0	0	0	0	0	0	0	0	0	0	0	0	0	0	1	0	0	0	0	0	0	0	0	0	0	0	0	0	0	0	0	0	0	0	0	0	0	0	0	0	0	0	0	0	
N47	8.27136e-017	6.23754e-015	7.53871e-013	4.51184e-011	7.73148e-010	5.79169e-009	9.39282e-008	2.78365e-006	5.78612e-005	0.0011752	0.0220003	0.178425	0.439734	0.297528	0.057401	0.00359137	8.37078e-005	8.20406e-007	3.7531e-009	8.90079e-012	1.30339e-014	1.84825e-016	1.40919e-018	1.8543e-019	8.43952e-022	7.17888e-023	1.57847e-025	7.97958e-027	7.97142e-030	2.42303e-031	1.1266e-034	1.95438e-036	4.83149e-040	4.38044e-042	6.737e-046	3.08967e-048	3.27263e-052	7.9697e-055	6.0909e-059	8.66504e-062	4.85006e-066	4.50324e-069	2.01473e-073	4.06983e-076	3.6805e-078	
N48	2.15591e-015	6.40751e-014	3.00227e-012	2.37136e-010	1.84711e-008	8.13388e-007	1.46927e-005	0.000119473	0.000567506	0.00376255	0.0363476	0.19141	0.395928	0.286483	0.0763124	0.00858728	0.000454294	1.20638e-005	1.69117e-007	1.34407e-009	6.59698e-012	1.18567e-013	4.22867e-015	1.87792e-015	4.87658e-017	1.24617e-017	1.91287e-019	2.96236e-020	2.4398e-022	2.37651e-023	9.63564e-026	5.69786e-027	1.20727e-029	3.82065e-031	5.00972e-034	7.93342e-036	7.17835e-039	6.313e-041	4.0547e-044	2.34535e-046	1.07423e-049	4.7087e-052	1.98534e-055	3.47871e-057	1.65784e-058	
Cryptotermes_domesticus	0	0	0	0	0	0	0	0	1	0	0	0	0	0	0	0	0	0	0	0	0	0	0	0	0	0	0	0	0	0	0	0	0	0	0	0	0	0	0	0	0	0	0	0	0	
Procryptotermes_australiensis	0	0	0	0	0	0	0	0	0	0	0	0	0	0	0	0	0	1	0	0	0	0	0	0	0	0	0	0	0	0	0	0	0	0	0	0	0	0	0	0	0	0	0	0	0	
N49	7.60895e-014	4.12623e-012	1.80947e-010	2.50665e-009	4.04589e-009	2.40159e-009	3.2072e-009	1.19934e-007	8.21576e-006	0.000351175	0.00796684	0.083402	0.337533	0.424251	0.132252	0.0136318	0.000590571	1.2702e-005	1.52521e-007	1.12094e-009	5.48937e-012	3.4898e-014	3.43027e-016	1.45702e-017	1.65477e-019	4.76965e-021	3.75344e-023	6.646e-025	3.52444e-027	3.86349e-029	1.31933e-031	9.00862e-034	1.96263e-036	8.45203e-039	1.20903e-041	3.49109e-044	3.37696e-047	7.16969e-050	4.83588e-053	8.19194e-056	3.98397e-059	5.77726e-062	2.94538e-065	9.43177e-068	4.65806e-070	
Cryptotermes_dudleyi	0	0	0	0	0	0	0	0	0	0	0	0	0	1	0	0	0	0	0	0	0	0	0	0	0	0	0	0	0	0	0	0	0	0	0	0	0	0	0	0	0	0	0	0	0	
Cryptotermes_secundus	0	0	0	0	0	0	0	0	0	0	0	0	0	1	0	0	0	0	0	0	0	0	0	0	0	0	0	0	0	0	0	0	0	0	0	0	0	0	0	0	0	0	0	0	0	
N50	1.60645e-010	1.10867e-009	5.48754e-009	1.79401e-008	7.7424e-008	6.66051e-007	1.01874e-005	0.000209728	0.00328466	0.0299475	0.139103	0.305263	0.313334	0.156473	0.0416069	0.00787378	0.00203741	0.000661316	0.00016152	2.66316e-005	3.08928e-006	1.05193e-006	3.64515e-007	9.02499e-007	2.18352e-007	3.19311e-007	4.24293e-008	3.49934e-008	2.48413e-009	1.14398e-009	4.38022e-011	1.12544e-011	2.44517e-013	3.53132e-014	4.6704e-016	3.89822e-017	3.34045e-019	1.70058e-020	9.86665e-023	3.28321e-024	1.32788e-026	3.10491e-028	9.62222e-031	2.97452e-032	2.7926e-033	
N51	3.04175e-011	9.11784e-010	2.60655e-008	3.13121e-007	7.26919e-007	3.62797e-007	1.30587e-007	5.64873e-007	1.54346e-005	0.000347524	0.00486256	0.0392809	0.169485	0.353137	0.312127	0.104366	0.0151973	0.0011285	4.86045e-005	1.40127e-006	3.16993e-008	9.02105e-010	2.97977e-011	1.16325e-012	3.23489e-014	7.87245e-016	1.34158e-017	1.92547e-019	1.9957e-021	1.75034e-023	1.13021e-025	6.34789e-028	2.64519e-030	1.01569e-032	2.86399e-035	8.25918e-038	1.67672e-040	4.09571e-043	6.43431e-046	1.48464e-048	2.17316e-051	6.72473e-054	2.40227e-056	1.25834e-058	6.60396e-061	
Glyptotermes_brevicornis	0	0	0	0	0	0	0	0	0	0	0	0	0	0	1	0	0	0	0	0	0	0	0	0	0	0	0	0	0	0	0	0	0	0	0	0	0	0	0	0	0	0	0	0	0	
Glyptotermes_iridipennis	0	0	0	0	0	0	0	0	0	0	0	0	0	0	1	0	0	0	0	0	0	0	0	0	0	0	0	0	0	0	0	0	0	0	0	0	0	0	0	0	0	0	0	0	0	
Kalotermes_flavicollis	0	0	0	0	0	0	0	0	0	0	0	0	0	0	0	0	0	0	0	0	0	0	0	0	0	0	0	1	0	0	0	0	0	0	0	0	0	0	0	0	0	0	0	0	0	
N52	1.3963e-007	7.18935e-007	4.9738e-006	3.37516e-005	0.000241048	0.00152339	0.00626271	0.0149538	0.0231093	0.0361174	0.0801088	0.1656	0.237145	0.222234	0.136868	0.0564028	0.0158406	0.00308449	0.000421999	4.36934e-005	3.71178e-006	7.97532e-007	1.21116e-007	4.94049e-008	5.46131e-009	1.42301e-009	1.01114e-010	1.67431e-011	7.80655e-013	8.45964e-014	2.65209e-015	1.93514e-016	4.1907e-018	2.13081e-019	3.27653e-021	1.21064e-022	1.35873e-024	3.81879e-026	3.20675e-028	7.10567e-030	4.55664e-032	8.28153e-034	5.08208e-036	1.57802e-037	9.7871e-039	
Stolotermes_sp	0	0	0	0	0	0	0	0	0	1	0	0	0	0	0	0	0	0	0	0	0	0	0	0	0	0	0	0	0	0	0	0	0	0	0	0	0	0	0	0	0	0	0	0	0	
N53	1.33943e-009	1.04696e-008	2.07939e-007	3.60408e-006	4.18441e-005	0.000264403	0.000642967	0.00046444	0.000138565	2.57773e-005	8.81296e-006	3.7909e-005	0.000401515	0.00337818	0.0195823	0.0753628	0.185184	0.279975	0.246575	0.130831	0.0415484	0.0124504	0.00248758	0.000529454	5.82027e-005	6.48708e-006	3.8377e-007	2.37912e-008	8.28079e-010	3.13295e-011	6.89081e-013	1.71099e-014	2.50749e-016	4.33075e-018	4.40631e-020	5.55791e-022	4.05953e-024	3.9017e-026	2.10481e-028	1.60342e-030	6.70456e-033	4.52379e-035	2.27862e-037	2.46561e-039	3.46567e-041	
Zootermopsis_angusticollis	0	0	0	0	0	0	0	0	0	0	0	0	0	0	0	0	0	0	0	1	0	0	0	0	0	0	0	0	0	0	0	0	0	0	0	0	0	0	0	0	0	0	0	0	0	
Zootermopsis_nevadensis	0	0	0	0	0	0	0	0	0	0	0	0	0	0	0	0	0	0	0	1	0	0	0	0	0	0	0	0	0	0	0	0	0	0	0	0	0	0	0	0	0	0	0	0	0	
Porotermes_adamsoni	0	0	0	0	0	0	0	0	0	0	0	0	0	1	0	0	0	0	0	0	0	0	0	0	0	0	0	0	0	0	0	0	0	0	0	0	0	0	0	0	0	0	0	0	0	
Mastotermes_darwiniensis	0	0	0	0	0	0	0	0	0	0	0	0	0	0	0	0	0	0	0	0	0	0	0	0	0	0	0	0	0	0	0	0	0	0	0	0	0	0	0	0	0	0	1	0	0	
N54	0.00919688	0.0241355	0.0710764	0.16485	0.254624	0.237073	0.131448	0.0509529	0.0217437	0.0144277	0.0103846	0.00611021	0.00274794	0.000935531	0.000239782	4.64499e-005	6.76953e-006	7.59442e-007	6.55717e-008	4.73842e-009	2.82568e-010	1.65676e-011	8.21133e-013	4.2539e-014	1.7034e-015	6.94156e-017	2.08507e-018	6.34882e-020	1.41858e-021	3.25811e-023	5.50595e-025	9.77659e-027	1.27615e-028	1.79965e-030	1.85197e-032	2.12832e-034	1.76293e-036	1.69575e-038	1.15968e-040	9.69802e-043	5.96785e-045	5.05208e-047	4.00419e-049	4.6141e-051	6.63488e-053	
N55	0.00429665	0.0528597	0.363424	0.464066	0.105867	0.00906662	0.000407171	1.1789e-005	2.46382e-007	3.83761e-009	4.42496e-011	3.75925e-013	2.36325e-015	1.11156e-017	3.96057e-020	1.08318e-022	2.30138e-025	3.84639e-028	5.11443e-031	5.48069e-034	4.78548e-037	3.45919e-040	2.0906e-043	1.09026e-046	4.93753e-050	2.21572e-053	9.55575e-057	5.94755e-060	3.26599e-063	2.64188e-066	1.41427e-069	1.01275e-072	4.57791e-076	2.69398e-079	1.00982e-082	4.88415e-086	1.51878e-089	6.09173e-093	1.57677e-096	5.31057e-100	1.16271e-103	3.43435e-107	7.32594e-111	2.41748e-114	8.34836e-118	
Cryptocercus_primarius	0	0	0	1	0	0	0	0	0	0	0	0	0	0	0	0	0	0	0	0	0	0	0	0	0	0	0	0	0	0	0	0	0	0	0	0	0	0	0	0	0	0	0	0	0	
Cryptocercus_relictus	0	0	1	0	0	0	0	0	0	0	0	0	0	0	0	0	0	0	0	0	0	0	0	0	0	0	0	0	0	0	0	0	0	0	0	0	0	0	0	0	0	0	0	0	0	
Cryptocercus_punctulatus	0	0	0	0	0	0	0	0	0	0	0	0	0	0	0	0	0	1	0	0	0	0	0	0	0	0	0	0	0	0	0	0	0	0	0	0	0	0	0	0	0	0	0	0	0	
N56	0.00331043	0.00671447	0.0184437	0.053183	0.125965	0.209321	0.233432	0.178549	0.101378	0.0466028	0.0172646	0.00477969	0.000922182	0.000122244	1.11704e-005	7.46007e-007	3.72472e-008	1.62101e-009	5.96902e-011	2.31517e-012	7.26924e-014	2.33393e-015	5.48555e-017	1.28056e-018	2.1529e-020	3.64088e-022	4.44703e-024	5.61647e-026	5.11311e-028	4.99163e-030	3.47117e-032	2.70516e-034	1.47112e-036	9.44606e-039	4.10422e-041	2.23309e-043	7.98703e-046	3.84363e-048	1.19678e-050	5.51987e-053	1.92371e-055	1.13055e-057	6.66921e-060	5.63685e-062	7.49353e-064	
N57	3.50048e-005	0.00012769	0.000918905	0.00682105	0.0411075	0.147717	0.265583	0.240673	0.138115	0.0805495	0.0483162	0.0225461	0.00587918	0.00142197	0.000157758	2.84174e-005	1.42915e-006	1.27006e-007	2.73627e-009	1.09412e-010	1.10266e-012	2.18374e-014	1.13819e-016	1.22846e-018	3.63071e-021	2.45453e-023	1.46387e-025	2.51982e-026	1.88381e-027	4.01801e-028	2.49105e-029	4.58753e-030	2.7786e-031	6.76182e-032	3.36779e-033	6.35769e-034	4.41323e-035	1.5287e-035	6.87989e-037	1.24525e-037	8.32033e-039	2.74664e-039	1.37712e-040	3.66074e-041	1.30088e-041	
N58	2.14142e-005	9.95531e-005	0.000783694	0.00619859	0.0391591	0.14595	0.266894	0.241366	0.137025	0.0803887	0.0499892	0.0239352	0.00646063	0.00152239	0.00017124	3.32973e-005	1.47097e-006	3.26447e-007	3.25353e-009	1.7361e-009	4.19841e-012	3.28409e-012	3.82572e-015	1.96871e-015	1.38296e-018	4.23953e-019	1.92999e-022	3.56564e-023	1.14267e-026	1.42537e-027	3.27481e-031	2.61024e-032	4.96427e-036	3.90967e-037	5.50505e-041	2.62954e-042	3.79217e-046	2.92529e-047	2.66563e-051	8.0263e-053	9.56313e-057	7.85159e-058	4.13381e-062	6.75409e-064	2.36483e-065	
N59	4.16837e-006	2.51067e-005	0.000353781	0.00485277	0.0419074	0.172627	0.290252	0.209897	0.0971705	0.0614226	0.0563479	0.0410707	0.0180658	0.00493587	0.000838672	0.00018588	2.39577e-005	1.72767e-005	1.38975e-006	6.34888e-007	2.44144e-008	5.50887e-009	1.07455e-010	1.25345e-011	1.35373e-013	8.69877e-015	5.59339e-017	2.08229e-018	8.54362e-021	1.99946e-022	5.47544e-025	8.35409e-027	1.61698e-029	1.88865e-031	2.70365e-034	2.3061e-036	2.87662e-039	3.61237e-041	3.29341e-044	2.71548e-046	6.04156e-049	1.58309e-050	1.59353e-053	3.01647e-055	7.95236e-057	
N60	1.89475e-006	9.22736e-006	0.000116295	0.00256215	0.0317569	0.161655	0.294438	0.211969	0.0985847	0.0701702	0.0638058	0.0427992	0.0173218	0.00412983	0.000606388	6.648e-005	6.44634e-006	6.7131e-007	4.40537e-008	2.3422e-009	6.46166e-011	1.42421e-012	1.76113e-014	1.84934e-016	1.151e-018	8.50542e-021	3.35912e-023	3.44621e-025	1.13054e-027	1.26584e-029	3.10524e-032	2.57102e-034	4.55982e-037	2.73248e-039	3.59327e-042	1.64247e-044	1.78947e-047	7.53727e-050	7.38422e-053	3.04142e-055	3.58097e-058	1.67051e-060	1.83725e-063	8.66803e-066	3.78759e-068	
Blatta_orientalis	0	0	0	0	0	0	0	0	0	0	0	0	0	0	0	0	0	1	0	0	0	0	0	0	0	0	0	0	0	0	0	0	0	0	0	0	0	0	0	0	0	0	0	0	0	
N61	8.53314e-007	4.16773e-006	3.37182e-005	0.000665473	0.0108458	0.0823593	0.249581	0.302415	0.185858	0.10086	0.0497038	0.0150097	0.0024356	0.00021591	1.12315e-005	3.90756e-007	1.04176e-008	2.26444e-010	3.484e-012	3.75194e-014	2.59162e-016	1.21718e-018	3.88993e-021	8.98949e-024	1.50094e-026	2.6432e-029	4.01641e-032	3.86053e-034	8.58537e-037	1.10706e-038	1.88884e-041	1.83811e-043	2.31472e-046	1.67465e-048	1.59357e-051	8.77503e-054	6.71906e-057	3.03231e-059	2.00047e-062	7.99457e-065	4.82239e-068	1.75671e-070	9.35621e-074	3.1575e-076	6.094e-079	
N62	9.79893e-007	4.32488e-006	2.10327e-005	9.14402e-005	0.000812804	0.0118055	0.0908096	0.290062	0.353959	0.193392	0.0520462	0.00656548	0.000415784	1.43157e-005	2.8396e-007	4.34092e-009	4.78308e-011	1.15543e-012	1.14589e-014	2.59819e-016	1.57166e-018	2.15381e-020	8.2007e-023	7.46406e-025	2.01799e-027	1.4266e-029	3.08513e-032	1.80829e-034	3.18194e-037	1.46862e-039	2.00368e-042	6.98467e-045	7.20195e-048	1.92221e-050	1.48977e-053	3.14591e-056	1.94007e-059	3.97829e-062	1.96145e-065	3.80119e-068	2.66878e-071	9.92715e-074	6.87319e-077	2.6872e-079	1.19396e-081	
Periplaneta_americana	0	0	0	0	0	0	0	0	0	0	1	0	0	0	0	0	0	0	0	0	0	0	0	0	0	0	0	0	0	0	0	0	0	0	0	0	0	0	0	0	0	0	0	0	0	
Periplaneta_brunnea	0	0	0	0	0	0	0	1	0	0	0	0	0	0	0	0	0	0	0	0	0	0	0	0	0	0	0	0	0	0	0	0	0	0	0	0	0	0	0	0	0	0	0	0	0	
N63	4.87406e-007	1.27119e-007	1.11719e-007	6.70745e-006	0.000447332	0.0145246	0.184847	0.623827	0.163503	0.0124178	0.000418892	7.48783e-006	7.67683e-008	4.76076e-010	1.86673e-012	4.91933e-015	9.06728e-018	1.4669e-020	2.06903e-023	5.01576e-026	7.80498e-029	1.93212e-031	2.23852e-034	4.10004e-037	3.53832e-040	5.05115e-043	3.44791e-046	3.91022e-049	2.1086e-052	1.84905e-055	7.64886e-059	5.1233e-062	1.60076e-065	8.32539e-069	1.96602e-072	8.19041e-076	1.48158e-079	5.16805e-083	7.28965e-087	2.21922e-090	2.71394e-094	9.41362e-098	2.25686e-101	1.71814e-104	1.34783e-107	
Periplaneta_australasiae	0	0	0	0	0	0	0	1	0	0	0	0	0	0	0	0	0	0	0	0	0	0	0	0	0	0	0	0	0	0	0	0	0	0	0	0	0	0	0	0	0	0	0	0	0	
Periplaneta_fuliginosa	0	0	0	0	0	0	0	1	0	0	0	0	0	0	0	0	0	0	0	0	0	0	0	0	0	0	0	0	0	0	0	0	0	0	0	0	0	0	0	0	0	0	0	0	0	
Deropeltis_erythrocephala	0	0	0	0	0	0	0	0	0	0	0	0	0	0	0	0	0	0	1	0	0	0	0	0	0	0	0	0	0	0	0	0	0	0	0	0	0	0	0	0	0	0	0	0	0	
Periplaneta_japonica	0	0	0	0	0	0	0	0	0	0	1	0	0	0	0	0	0	0	0	0	0	0	0	0	0	0	0	0	0	0	0	0	0	0	0	0	0	0	0	0	0	0	0	0	0	
N64	7.71973e-006	1.92838e-005	2.56802e-005	7.56586e-005	0.000116012	8.94096e-005	0.000116586	0.0676006	0.259219	0.362507	0.232823	0.0696267	0.00776924	4.3496e-006	9.86429e-010	1.32482e-013	1.15484e-017	8.48982e-022	4.51582e-026	2.33088e-030	7.91282e-035	2.57163e-039	5.12464e-044	9.77039e-049	1.10845e-053	1.2125e-058	7.57664e-064	4.51241e-069	1.41669e-074	3.93724e-080	4.71088e-086	3.41299e-092	2.26176e-055	2.88462e-058	1.93271e-061	1.28783e-064	3.03683e-068	1.70031e-028	1.06909e-028	1.10098e-028	8.30917e-029	1.15041e-028	1.50314e-028	3.05653e-028	6.27868e-028	
Eurycotis_floridana	0	0	0	0	0	0	0	1	0	0	0	0	0	0	0	0	0	0	0	0	0	0	0	0	0	0	0	0	0	0	0	0	0	0	0	0	0	0	0	0	0	0	0	0	0	
Pelmatosilpha_sp	0	0	0	0	0	0	0	0	0	0	0	0	1	0	0	0	0	0	0	0	0	0	0	0	0	0	0	0	0	0	0	0	0	0	0	0	0	0	0	0	0	0	0	0	0	
Lamproblatta_albipalpus	0	0	1	0	0	0	0	0	0	0	0	0	0	0	0	0	0	0	0	0	0	0	0	0	0	0	0	0	0	0	0	0	0	0	0	0	0	0	0	0	0	0	0	0	0	
N65	0.000254717	0.000725259	0.00277776	0.0106915	0.0374467	0.109279	0.228846	0.295571	0.212904	0.082236	0.0171251	0.00199868	0.000135577	7.6091e-006	3.45886e-007	8.71675e-008	4.44864e-009	1.00384e-009	2.97877e-011	3.88548e-012	6.59506e-014	4.92898e-015	4.86081e-017	2.06774e-018	1.22684e-020	3.01052e-022	1.11476e-024	1.65528e-026	3.93302e-029	3.84188e-031	5.96807e-034	4.17253e-036	4.61041e-039	3.48341e-041	2.99302e-044	2.08949e-046	4.34352e-049	8.89319e-051	6.76133e-054	4.46058e-056	8.55418e-059	1.30794e-060	1.032e-063	1.01627e-065	1.32043e-067	
N66	0.000506767	0.00168579	0.00570954	0.0155576	0.0385138	0.0940404	0.189511	0.260648	0.225228	0.119734	0.0394207	0.00821766	0.00111009	0.000107153	7.86614e-006	1.34013e-006	1.43052e-007	4.44155e-008	3.25198e-009	6.27422e-010	2.77032e-011	3.22037e-012	8.77873e-014	6.29502e-015	1.09486e-016	5.02005e-018	5.75155e-020	1.77237e-021	1.37557e-023	3.02446e-025	1.62875e-027	2.70568e-029	1.05078e-031	1.48443e-033	4.37302e-036	5.66268e-038	2.14322e-040	5.88025e-042	1.71842e-044	2.90567e-046	1.62951e-048	4.695e-050	1.87515e-052	4.90796e-054	1.63337e-055	
N67	0.000496874	0.00195225	0.00689598	0.0155799	0.0267613	0.0570236	0.131018	0.221774	0.246639	0.177171	0.0825346	0.0256259	0.00532827	0.000984533	0.000134677	6.6668e-005	8.88907e-006	4.56162e-006	3.59645e-007	1.08217e-007	5.01642e-009	8.94972e-010	2.55572e-011	2.80766e-012	5.17395e-014	3.65306e-015	4.51942e-017	2.14499e-018	1.84445e-020	6.21903e-022	3.80434e-024	9.47646e-026	4.43535e-028	1.07265e-029	3.79032e-032	7.65933e-034	4.41513e-036	2.32876e-037	6.54813e-040	1.32005e-041	8.1263e-044	3.77158e-045	1.04498e-047	2.98851e-049	1.34162e-050	
N68	1.37162e-005	7.72329e-005	0.00036486	0.00113358	0.00240013	0.00478644	0.0165845	0.058752	0.1438	0.228239	0.234829	0.165798	0.0825499	0.0370299	0.0127925	0.00769192	0.00209564	0.000910843	0.000123505	2.60137e-005	1.72804e-006	1.85449e-007	6.53657e-009	3.91754e-010	7.94918e-012	2.91128e-013	3.64603e-015	8.82485e-017	7.25628e-019	1.25834e-020	7.08588e-023	9.25894e-025	3.94249e-027	4.88419e-029	1.64071e-031	1.76486e-033	7.21671e-036	1.12762e-037	3.13448e-040	2.84591e-042	9.94132e-045	1.20747e-046	3.46504e-049	3.79917e-051	4.87981e-053	
N69	3.88949e-007	2.44703e-006	1.27983e-005	5.6299e-005	0.000189847	0.000602117	0.00310059	0.0174637	0.0683595	0.162344	0.230563	0.212524	0.148691	0.088609	0.0424827	0.0174338	0.00527067	0.00186169	0.00032025	0.000101585	8.9982e-006	2.03722e-006	1.0455e-007	1.65299e-008	6.36095e-010	7.68089e-011	2.08813e-012	1.60185e-013	2.64839e-015	1.21308e-016	1.21185e-018	3.43306e-020	2.186e-022	4.18711e-024	1.81016e-026	2.49023e-028	8.29067e-031	9.99745e-033	2.63157e-035	2.39004e-037	5.7107e-040	5.74301e-042	1.33338e-044	1.81572e-046	3.33579e-048	
N70	6.99673e-008	2.89567e-007	9.69672e-007	5.12908e-006	3.91245e-005	0.000337739	0.0026861	0.0165802	0.0680532	0.160629	0.210683	0.172944	0.121801	0.0964885	0.0753064	0.0463305	0.0201587	0.00623518	0.00137234	0.000283791	4.44663e-005	1.70572e-005	2.23736e-006	8.06616e-007	5.92072e-008	1.18307e-008	4.73819e-010	5.23618e-011	1.19919e-012	7.67671e-014	1.0594e-015	4.12914e-017	3.61312e-019	9.05901e-021	5.26085e-023	8.98183e-025	3.63399e-027	4.53494e-029	1.33952e-031	1.27636e-033	2.91979e-036	2.33638e-038	5.46853e-041	7.47775e-043	1.76004e-044	
N71	5.17792e-009	3.58834e-008	2.29984e-007	1.46463e-006	1.40884e-005	0.000175218	0.00217121	0.0185389	0.0840188	0.183591	0.196908	0.125792	0.0789953	0.0662079	0.0662422	0.0690424	0.05703	0.0321767	0.0120713	0.00383006	0.00106392	0.0012224	0.000386552	0.000408888	6.8942e-005	3.80532e-005	3.31791e-006	9.54444e-007	4.42649e-008	6.83688e-009	1.76563e-010	1.5266e-011	2.31239e-013	1.17577e-014	1.09778e-016	3.46369e-018	2.08349e-020	4.31467e-022	1.73725e-024	2.49044e-026	6.9539e-029	7.32183e-031	1.80177e-033	3.3401e-035	1.27517e-036	
N72	2.81676e-009	2.62111e-008	3.13862e-007	3.23179e-006	2.28063e-005	0.000145057	0.00139586	0.0124819	0.0641907	0.164657	0.210597	0.155449	0.0909318	0.0580169	0.052463	0.0622688	0.0606024	0.0398197	0.0175533	0.00583257	0.00187371	0.000982811	0.000436283	0.000210296	5.16593e-005	1.27661e-005	1.56783e-006	1.90216e-007	1.20568e-008	7.58115e-010	2.59659e-011	1.13193e-012	2.31807e-014	1.63164e-015	2.51166e-017	2.57095e-018	2.91232e-020	2.30777e-021	1.87555e-023	1.04947e-024	6.26346e-027	2.52302e-028	1.34014e-030	6.40481e-032	4.06831e-033	
N73	2.67471e-010	1.00243e-008	2.60645e-007	2.21718e-006	5.47572e-006	6.88142e-006	7.0523e-006	3.74829e-005	0.000552352	0.00647336	0.0437996	0.15363	0.275014	0.265451	0.158528	0.0662971	0.0210964	0.00648582	0.0020109	0.00049885	9.05848e-005	1.20439e-005	1.12231e-006	7.05246e-008	2.90575e-009	7.89368e-011	1.42064e-012	1.73401e-014	1.45471e-016	8.65113e-019	3.68407e-021	1.17532e-023	2.7962e-026	5.54184e-029	8.72869e-032	1.6772e-034	2.83531e-037	8.87201e-040	1.72659e-042	5.55606e-045	1.20445e-047	4.45888e-050	1.52102e-052	5.44349e-055	1.75489e-057	
N74	3.42094e-011	1.22517e-009	3.42214e-008	3.32951e-007	9.28941e-007	1.1317e-006	2.46906e-006	1.78612e-005	0.00010345	0.000910369	0.0108299	0.0738726	0.231996	0.328131	0.231038	0.0926498	0.024341	0.00508887	0.000893923	0.000112981	9.27455e-006	4.93922e-007	1.66161e-008	3.6054e-010	4.79275e-012	4.56992e-014	2.50351e-016	1.93161e-018	5.22595e-021	8.5218e-023	1.54789e-025	2.58971e-027	3.45502e-030	4.33858e-032	4.70643e-035	4.9605e-037	4.79796e-040	4.66741e-042	4.19457e-045	3.92154e-047	3.45971e-050	3.39643e-052	4.32403e-055	6.80231e-057	8.69575e-059	
N75	1.43126e-012	1.30884e-010	7.23369e-009	3.84939e-008	3.87969e-008	2.6368e-008	1.26409e-007	4.8724e-007	3.07455e-006	0.000101763	0.00339482	0.0521912	0.260144	0.388819	0.227304	0.0598482	0.00766497	0.000507999	1.96422e-005	4.60858e-007	6.61078e-009	6.6249e-011	1.01428e-012	3.31688e-014	8.98578e-016	1.81913e-017	2.8067e-019	1.55192e-020	2.97997e-022	1.885e-023	1.92776e-025	6.28618e-027	3.36203e-029	5.92498e-031	1.81575e-033	1.89951e-035	3.67331e-038	2.50614e-040	3.336e-043	1.6243e-045	1.62296e-048	6.18188e-051	5.45304e-054	2.07275e-056	5.61256e-059	
Archimandrita_tessellata	0	0	0	0	0	0	0	0	0	0	0	0	0	0	0	0	1	0	0	0	0	0	0	0	0	0	0	0	0	0	0	0	0	0	0	0	0	0	0	0	0	0	0	0	0	
N76	1.51399e-013	1.22471e-011	4.96241e-010	7.32647e-010	1.40303e-010	4.02988e-011	4.91008e-010	1.67829e-008	1.52007e-006	0.00014484	0.0075208	0.148625	0.517355	0.27542	0.0473513	0.00345953	0.000120319	2.15918e-006	2.28791e-008	7.58512e-010	2.20629e-010	5.01507e-011	7.55977e-012	7.67289e-013	5.33091e-014	4.1562e-015	5.43694e-016	7.15918e-016	9.99407e-017	6.63306e-017	3.30706e-018	5.84493e-019	7.53507e-021	4.81865e-022	2.62059e-024	8.29027e-026	2.34975e-028	4.17765e-030	6.94852e-033	7.38125e-035	7.84308e-038	5.20285e-040	3.84624e-043	1.80154e-045	3.37248e-048	
Blaberus_discoidalis	0	0	0	0	0	0	0	0	0	0	0	0	1	0	0	0	0	0	0	0	0	0	0	0	0	0	0	0	0	0	0	0	0	0	0	0	0	0	0	0	0	0	0	0	0	
Blaberus_giganteus	0	0	0	0	0	0	0	0	0	0	0	0	0	0	0	0	0	0	0	0	0	0	0	0	0	0	0	0	0	0	1	0	0	0	0	0	0	0	0	0	0	0	0	0	0	
Byrsotria_fumigata	0	0	0	0	0	0	0	0	0	0	0	0	0	0	0	0	0	1	0	0	0	0	0	0	0	0	0	0	0	0	0	0	0	0	0	0	0	0	0	0	0	0	0	0	0	
N77	6.70268e-010	1.87758e-008	6.39953e-008	8.19143e-008	3.89725e-007	2.39792e-006	1.076e-005	3.67926e-005	0.000334038	0.011275	0.11116	0.273919	0.316671	0.194417	0.061739	0.00944415	0.00236915	0.00454981	0.00604802	0.00478006	0.0023407	0.000730884	0.000147455	2.10579e-005	2.29888e-006	4.61477e-007	4.68552e-008	4.76148e-009	1.31255e-010	4.5736e-012	5.5384e-014	9.32323e-016	6.18189e-018	5.97145e-020	2.44045e-022	1.50347e-024	4.08132e-027	1.71615e-029	3.23446e-032	9.67636e-035	1.29936e-037	2.87352e-040	2.96037e-043	5.98679e-046	1.21476e-048	
Eublaberus_distanti	0	0	0	0	0	0	0	0	0	0	0	0	0	0	0	0	0	0	0	0	0	0	0	0	0	0	1	0	0	0	0	0	0	0	0	0	0	0	0	0	0	0	0	0	0	
Eublaberus_posticus	0	0	0	0	0	0	0	0	0	0	0	0	0	0	0	1	0	0	0	0	0	0	0	0	0	0	0	0	0	0	0	0	0	0	0	0	0	0	0	0	0	0	0	0	0	
Gromphadorhina_portentosa	0	0	0	0	0	0	0	0	0	0	0	0	0	0	0	0	0	0	0	0	0	0	0	0	0	1	0	0	0	0	0	0	0	0	0	0	0	0	0	0	0	0	0	0	0	
N78	1.09224e-009	2.72269e-009	7.56377e-009	2.38972e-008	4.09788e-007	1.62313e-005	0.000359952	0.00225359	0.00398618	0.00287415	0.000560275	5.19606e-005	3.34563e-005	3.43795e-005	2.47932e-005	1.3103e-005	2.41056e-005	0.000334592	0.00365832	0.0249274	0.0933548	0.186469	0.221414	0.233414	0.141898	0.0684991	0.0140334	0.00167444	8.61967e-005	3.47225e-006	7.46901e-008	1.45188e-009	1.65341e-011	1.86068e-013	1.27943e-015	9.33971e-018	4.22853e-020	2.16701e-022	6.87791e-025	2.62744e-027	6.2595e-030	1.98084e-032	4.79563e-035	1.90993e-037	9.06737e-040	
Lanxoblatta_emarginata	0	0	0	0	0	0	0	0	0	0	0	0	0	0	0	0	0	0	0	0	0	0	0	0	0	0	1	0	0	0	0	0	0	0	0	0	0	0	0	0	0	0	0	0	0	
Phoetalia_sp	0	0	0	0	0	0	0	0	0	0	0	0	0	0	0	0	0	0	0	0	1	0	0	0	0	0	0	0	0	0	0	0	0	0	0	0	0	0	0	0	0	0	0	0	0	
N79	5.70245e-008	4.38122e-007	2.74032e-006	6.72592e-006	9.14526e-006	1.67299e-005	4.33245e-005	0.000304808	0.00303532	0.0212252	0.091077	0.225209	0.306258	0.229937	0.0963579	0.022922	0.00327492	0.0002995	1.83754e-005	7.96951e-007	2.51203e-008	6.20779e-010	1.21094e-011	2.19301e-013	3.34617e-015	5.54745e-017	7.17262e-019	1.02723e-020	1.04047e-022	1.17513e-024	9.11516e-027	8.09693e-029	4.93047e-031	3.53995e-033	1.7477e-035	1.03637e-037	4.23337e-040	2.08997e-042	7.10998e-045	2.93985e-047	8.5035e-050	3.11745e-052	9.18652e-055	3.92111e-057	1.97732e-059	
Epilampra_sp	0	0	0	0	0	0	0	0	0	0	0	0	0	0	1	0	0	0	0	0	0	0	0	0	0	0	0	0	0	0	0	0	0	0	0	0	0	0	0	0	0	0	0	0	0	
Pycnoscelus_surinamensis	0	0	0	0	0	0	0	0	0	0	0	1	0	0	0	0	0	0	0	0	0	0	0	0	0	0	0	0	0	0	0	0	0	0	0	0	0	0	0	0	0	0	0	0	0	
N80	2.2426e-008	1.87493e-007	1.78403e-006	8.57703e-006	2.64024e-005	0.000116224	0.000577231	0.00230175	0.00807351	0.029233	0.091893	0.199671	0.272062	0.227019	0.117821	0.0399633	0.00933286	0.00163877	0.000219542	3.07619e-005	5.23941e-006	2.58718e-006	1.03111e-006	6.58288e-007	1.79143e-007	7.20011e-008	1.14096e-008	2.67995e-009	2.47297e-010	3.47329e-011	1.91513e-012	1.67483e-013	5.72301e-015	3.24221e-016	7.14414e-018	2.70889e-019	4.00841e-021	1.05331e-022	1.08636e-024	2.04415e-026	1.55393e-028	2.28755e-030	1.7517e-032	3.5044e-034	9.98371e-036	
N81	2.34316e-008	1.51091e-007	1.10745e-006	5.60763e-006	2.13715e-005	9.10042e-005	0.000443419	0.00190728	0.00736004	0.0279838	0.0898714	0.199557	0.2766	0.230872	0.117182	0.038067	0.00843826	0.00138768	0.000177403	2.36696e-005	4.90953e-006	2.54671e-006	1.18221e-006	6.77743e-007	2.14403e-007	8.71883e-008	1.54647e-008	8.41211e-009	6.80883e-010	1.11087e-009	4.84504e-011	9.23914e-011	2.65048e-012	3.52361e-012	6.86297e-014	6.11892e-014	8.29757e-016	5.07568e-016	4.93319e-018	2.12982e-018	1.54652e-020	4.95255e-021	2.80985e-023	7.54189e-024	7.23992e-025	
Macropanesthia_rhinoceros	0	0	0	0	0	0	0	0	0	0	0	0	0	0	0	0	0	0	0	0	0	0	0	0	0	0	0	0	0	0	0	0	0	1	0	0	0	0	0	0	0	0	0	0	0	
Nauphoeta_cinerea	0	0	0	0	0	0	0	0	0	0	0	0	1	0	0	0	0	0	0	0	0	0	0	0	0	0	0	0	0	0	0	0	0	0	0	0	0	0	0	0	0	0	0	0	0	
Rhabdoblatta_sp	0	0	0	0	0	0	0	0	0	0	0	0	0	0	0	0	0	0	1	0	0	0	0	0	0	0	0	0	0	0	0	0	0	0	0	0	0	0	0	0	0	0	0	0	0	
N82	2.28576e-006	8.30951e-006	3.84532e-005	0.000163444	0.000664122	0.00249022	0.0075848	0.01926	0.0478624	0.112282	0.202582	0.249123	0.201369	0.107202	0.0381468	0.00936575	0.00162417	0.0002088	1.97205e-005	1.51665e-006	8.73313e-008	5.10844e-009	2.18271e-010	1.11345e-011	3.49723e-013	1.28655e-014	2.69968e-016	6.63897e-018	9.30239e-020	1.5691e-021	1.51553e-023	1.83276e-025	1.26762e-027	1.15074e-029	5.93731e-032	4.22423e-034	1.70331e-036	9.87768e-039	3.24035e-041	1.56086e-043	4.34619e-046	1.86556e-048	5.8393e-051	3.38555e-053	2.49592e-055	
N83	1.70757e-006	5.83391e-006	2.90326e-005	0.000157601	0.000793582	0.00314161	0.00873503	0.0186771	0.0414117	0.0985832	0.18904	0.247801	0.213034	0.120069	0.0448894	0.0113681	0.00198852	0.000249005	2.23702e-005	1.79065e-006	9.68459e-008	1.99771e-008	8.30015e-010	3.73287e-010	1.02479e-011	3.45262e-012	6.31602e-014	1.45397e-014	1.84179e-016	2.94201e-017	2.67528e-019	3.02599e-020	2.04223e-022	1.67247e-023	8.62602e-026	5.23551e-027	2.12036e-029	9.81582e-031	3.19146e-033	1.15455e-034	3.08299e-037	9.03875e-039	2.06292e-041	5.9163e-043	2.15337e-044	
Diploptera_punctata	0	0	0	0	0	0	0	0	0	0	0	0	0	0	0	0	0	1	0	0	0	0	0	0	0	0	0	0	0	0	0	0	0	0	0	0	0	0	0	0	0	0	0	0	0	
N84	5.84597e-007	1.40917e-006	6.1205e-006	2.22362e-005	5.32357e-005	0.00032837	0.00517455	0.0490357	0.190364	0.339404	0.287931	0.109983	0.0164524	0.00119273	4.84157e-005	1.20807e-006	1.97593e-008	2.22363e-010	1.78633e-012	1.0598e-014	4.76117e-017	1.69972e-019	4.95003e-022	1.43767e-024	4.07974e-027	1.70256e-029	5.68474e-032	2.4496e-034	6.86799e-037	2.31588e-039	5.0571e-042	1.30863e-044	2.2274e-047	4.49022e-050	6.00848e-053	9.61165e-056	1.02092e-058	1.32088e-061	1.12509e-064	1.20172e-067	8.36226e-071	7.72133e-074	5.06902e-077	5.4169e-080	6.75052e-083	
Galiblatta_sp	0	0	0	0	0	0	0	1	0	0	0	0	0	0	0	0	0	0	0	0	0	0	0	0	0	0	0	0	0	0	0	0	0	0	0	0	0	0	0	0	0	0	0	0	0	
Panchlora_nivea	0	0	0	0	0	0	0	0	0	0	0	1	0	0	0	0	0	0	0	0	0	0	0	0	0	0	0	0	0	0	0	0	0	0	0	0	0	0	0	0	0	0	0	0	0	
Panchlora_viridis	0	0	0	0	0	0	0	0	0	0	0	0	1	0	0	0	0	0	0	0	0	0	0	0	0	0	0	0	0	0	0	0	0	0	0	0	0	0	0	0	0	0	0	0	0	
N85	0.00474584	0.0087097	0.0165877	0.0405377	0.104276	0.198775	0.252725	0.210172	0.11342	0.0395868	0.00896399	0.00134977	0.000139342	1.02298e-005	5.48969e-007	2.23369e-008	7.02216e-010	1.7982e-011	3.78765e-013	7.33965e-015	1.2649e-016	2.30889e-018	3.67988e-020	6.22806e-022	8.41011e-024	1.16654e-025	1.24781e-027	1.36813e-029	1.15104e-031	1.00613e-033	6.73099e-036	4.77842e-038	2.5795e-040	1.51839e-042	6.71118e-045	3.3418e-047	1.22912e-049	5.29855e-052	1.66186e-054	6.46803e-057	1.93059e-059	8.14271e-062	3.3659e-064	1.93102e-066	1.27828e-068	
Margattea_sp	0	0	0	0	0	0	0	0	0	1	0	0	0	0	0	0	0	0	0	0	0	0	0	0	0	0	0	0	0	0	0	0	0	0	0	0	0	0	0	0	0	0	0	0	0	
Supella_longipalpa	0	0	0	1	0	0	0	0	0	0	0	0	0	0	0	0	0	0	0	0	0	0	0	0	0	0	0	0	0	0	0	0	0	0	0	0	0	0	0	0	0	0	0	0	0	
Ectobius_pallidus	0	0	0	0	1	0	0	0	0	0	0	0	0	0	0	0	0	0	0	0	0	0	0	0	0	0	0	0	0	0	0	0	0	0	0	0	0	0	0	0	0	0	0	0	0	
N86	0.00028225	0.000783392	0.00282202	0.0105113	0.0354438	0.0950132	0.184852	0.247548	0.221805	0.131807	0.0521623	0.0139861	0.00258414	0.000354381	3.76857e-005	6.07897e-006	8.758e-007	2.73013e-007	3.42054e-008	7.64937e-009	6.39675e-010	9.3302e-011	5.16219e-012	4.97995e-013	1.84106e-014	1.211e-015	3.0386e-017	1.42253e-018	2.47007e-020	8.6596e-022	1.06238e-023	2.92507e-025	2.62593e-027	6.18031e-029	4.26061e-031	9.13937e-033	6.73407e-035	2.186e-036	1.55115e-038	4.11939e-040	4.42285e-042	1.63245e-043	1.9717e-045	7.85991e-047	3.70535e-048	
N87	0.000664907	0.00191649	0.00669011	0.0229178	0.0684718	0.153296	0.235548	0.241435	0.164579	0.0752789	0.0233621	0.00500235	0.000750383	8.07828e-005	6.34284e-006	3.78415e-007	1.73989e-008	6.86321e-010	2.30818e-011	8.3604e-013	2.62731e-014	9.26639e-016	2.44377e-017	6.82917e-019	1.35615e-020	2.84021e-022	4.2149e-024	6.70733e-026	7.5566e-028	9.3676e-030	8.15421e-032	8.07367e-034	5.52521e-036	4.48101e-038	2.44961e-040	1.66553e-042	7.41757e-045	4.35996e-047	1.62979e-049	8.71644e-052	3.22737e-054	2.04751e-056	1.27623e-058	1.15249e-060	1.18661e-062	
N88	0.000197763	0.00118626	0.00882992	0.0475757	0.15657	0.2886	0.285969	0.154291	0.0471778	0.0085648	0.000964331	7.00528e-005	3.39776e-006	1.13646e-007	2.69166e-009	4.67713e-011	6.07431e-013	6.65178e-015	6.0806e-017	8.51457e-019	9.20013e-021	1.91787e-022	1.83395e-024	3.09424e-026	2.23064e-028	2.81469e-030	1.53244e-032	1.46849e-034	6.12133e-037	4.54637e-039	1.46939e-041	8.6273e-044	2.1875e-046	1.03609e-048	2.08235e-051	8.1092e-054	1.30717e-056	4.28863e-059	5.59747e-062	1.5769e-064	1.74181e-067	4.83645e-070	8.10061e-073	5.09183e-075	4.01771e-077	
N89	9.59669e-006	0.000171944	0.00350797	0.0405509	0.216824	0.432043	0.248773	0.0528119	0.00504984	0.000249627	7.02391e-006	1.21587e-007	1.36714e-009	1.11142e-011	6.79394e-014	5.49892e-016	3.69912e-018	4.80029e-020	2.79169e-022	2.73563e-024	1.1013e-026	7.44938e-029	2.10108e-031	1.01345e-033	2.05249e-036	7.31975e-039	1.08736e-041	2.96659e-044	3.29501e-047	7.12033e-050	6.00706e-053	1.06028e-055	6.98891e-059	1.08144e-061	5.72457e-065	8.11798e-068	4.39822e-071	8.60191e-074	4.41079e-077	7.50111e-080	5.47174e-083	1.29732e-085	1.07257e-088	2.8156e-091	7.63782e-094	
Blattella_bisignata	0	0	0	0	0	1	0	0	0	0	0	0	0	0	0	0	0	0	0	0	0	0	0	0	0	0	0	0	0	0	0	0	0	0	0	0	0	0	0	0	0	0	0	0	0	
Blattella_germanica	0	0	0	0	0	1	0	0	0	0	0	0	0	0	0	0	0	0	0	0	0	0	0	0	0	0	0	0	0	0	0	0	0	0	0	0	0	0	0	0	0	0	0	0	0	
Blattella_sauteri	0	0	0	0	0	1	0	0	0	0	0	0	0	0	0	0	0	0	0	0	0	0	0	0	0	0	0	0	0	0	0	0	0	0	0	0	0	0	0	0	0	0	0	0	0	
Loboptera_decipiens	0	0	0	0	0	0	0	0	0	0	1	0	0	0	0	0	0	0	0	0	0	0	0	0	0	0	0	0	0	0	0	0	0	0	0	0	0	0	0	0	0	0	0	0	0	
N90	0.000118135	0.000275403	0.000800838	0.00261902	0.0090347	0.0287296	0.074654	0.147452	0.213183	0.222154	0.165475	0.0886322	0.0341508	0.00993133	0.00218839	0.000478913	9.10302e-005	2.55182e-005	4.56815e-006	1.08448e-006	1.36748e-007	2.22153e-008	1.90312e-009	2.1326e-010	1.26392e-011	1.00965e-012	4.22944e-014	2.49173e-015	7.54125e-017	3.39654e-018	7.57523e-020	2.69437e-021	4.55546e-023	1.34936e-024	1.78068e-026	4.56876e-028	5.31936e-030	1.43775e-031	1.56894e-033	4.0451e-035	5.432e-037	1.77747e-038	3.5153e-040	1.40783e-041	6.92131e-043	
N91	3.2797e-005	8.51074e-005	0.00024675	0.000671013	0.00199878	0.00721557	0.0260907	0.0764737	0.162592	0.238579	0.235883	0.155921	0.0688132	0.0205298	0.00418816	0.000609666	6.43836e-005	5.67452e-006	4.03636e-007	3.28611e-008	2.04029e-009	1.60153e-010	7.69353e-012	4.59585e-013	1.57361e-014	6.76176e-016	1.65702e-017	5.19369e-019	9.2969e-021	2.18362e-022	2.91541e-024	5.27442e-026	5.36112e-028	7.68483e-030	6.06009e-032	7.06236e-034	4.42776e-036	4.3462e-038	2.22442e-040	1.89649e-042	8.7098e-045	7.76424e-047	5.58429e-049	8.48203e-051	1.59078e-052	
N92	5.96812e-006	2.92168e-005	0.000233395	0.00129914	0.00358361	0.00652413	0.017823	0.0671344	0.1761	0.275624	0.255488	0.140617	0.0457514	0.00873461	0.000980884	6.73273e-005	2.96021e-006	8.88968e-008	1.89797e-009	3.50364e-011	5.54972e-013	1.3791e-014	2.41814e-016	6.53317e-018	8.92535e-020	1.76413e-021	1.73646e-023	2.46956e-025	1.77993e-027	1.87135e-029	1.00707e-031	8.04085e-034	3.28636e-036	2.04375e-038	6.43822e-041	3.19375e-043	7.86363e-046	3.18725e-048	6.21441e-051	2.10557e-053	3.33403e-056	1.01126e-058	1.84786e-061	9.61862e-064	6.84009e-066	
N93	3.53942e-008	2.32337e-009	5.12694e-009	6.07177e-007	0.000104977	0.00986558	0.318711	0.604194	0.0649563	0.00213722	3.06843e-005	2.26612e-007	9.47595e-010	2.39371e-012	3.83726e-015	4.06775e-018	2.95566e-021	1.52096e-024	5.70285e-028	1.61713e-031	3.58371e-035	8.0418e-039	1.98917e-042	1.17852e-045	4.34509e-049	2.69347e-052	7.89009e-056	3.59717e-059	7.99067e-063	2.68923e-066	4.5349e-070	1.14471e-073	1.4691e-077	2.83077e-081	2.77635e-085	4.17191e-089	3.14785e-093	3.78563e-097	2.21753e-101	2.19563e-105	1.01226e-109	8.61136e-114	3.70583e-118	4.26774e-122	6.35518e-126	
Hemithyrsocera_sp	0	0	0	0	0	0	1	0	0	0	0	0	0	0	0	0	0	0	0	0	0	0	0	0	0	0	0	0	0	0	0	0	0	0	0	0	0	0	0	0	0	0	0	0	0	
Symploce_sp	0	0	0	0	0	0	0	1	0	0	0	0	0	0	0	0	0	0	0	0	0	0	0	0	0	0	0	0	0	0	0	0	0	0	0	0	0	0	0	0	0	0	0	0	0	
Symplocodes_sp	0	0	0	0	0	0	0	0	0	0	0	0	0	1	0	0	0	0	0	0	0	0	0	0	0	0	0	0	0	0	0	0	0	0	0	0	0	0	0	0	0	0	0	0	0	
Lobopterella_dimidiatipes	0	0	0	0	0	0	0	0	0	0	0	0	1	0	0	0	0	0	0	0	0	0	0	0	0	0	0	0	0	0	0	0	0	0	0	0	0	0	0	0	0	0	0	0	0	
Xestoblatta_sp	0	0	0	0	0	0	0	0	0	0	0	0	1	0	0	0	0	0	0	0	0	0	0	0	0	0	0	0	0	0	0	0	0	0	0	0	0	0	0	0	0	0	0	0	0	
