NODE	13	14	15	16	17	18	19	20	21	22	23	24	25	26	27	28	29	30	31	32	33	34	35	36	37	38	39	40	41	42	43	44	45	46	47	48	49	50	51	
N1	2.91122e-017	1.43651e-017	4.9195e-013	1.14886e-009	1.4512e-006	0.000473998	0.030631	0.295812	0.498751	0.153424	0.0201818	0.000720209	4.66603e-006	7.05233e-009	3.33863e-012	5.00249e-018	4.62649e-020	3.09304e-022	1.56907e-024	6.27772e-027	2.04336e-029	5.54657e-032	1.28009e-034	2.54909e-037	4.42818e-040	6.76534e-043	9.14654e-046	1.09965e-048	1.18055e-051	1.13588e-054	9.82798e-058	7.67065e-061	5.41625e-064	3.46925e-067	2.0208e-070	1.07289e-073	5.20333e-077	2.31074e-080	9.75535e-084	
N2	1.85806e-013	8.0115e-013	5.91179e-010	2.39474e-007	4.01584e-005	0.00263327	0.0588475	0.342819	0.484073	0.101622	0.0097356	0.000228963	1.27639e-006	2.20116e-009	1.40416e-012	4.00042e-016	5.9525e-020	6.74157e-023	1.6612e-025	7.1482e-027	1.13773e-029	2.53261e-031	2.53263e-034	3.07409e-036	1.7395e-039	1.23409e-041	2.94362e-045	1.33769e-047	1.18719e-051	3.44528e-054	1.46261e-058	2.63123e-061	7.10544e-066	8.52299e-069	1.34084e-073	8.22949e-077	8.22544e-082	2.19855e-085	3.31525e-089	
N3	3.17206e-019	5.80425e-018	2.11794e-014	1.15172e-010	2.2833e-007	0.000128511	0.0144997	0.281958	0.662783	0.0400328	0.000595948	1.7581e-006	1.24389e-009	3.03031e-013	3.26715e-017	8.03283e-021	4.67146e-024	5.18683e-026	1.81652e-029	1.27239e-031	2.31479e-035	1.24809e-037	1.30901e-041	5.57681e-044	3.10792e-048	8.89432e-051	2.48753e-055	4.09025e-058	7.30087e-063	7.77936e-066	1.51784e-070	1.76289e-073	2.6997e-078	2.41662e-081	1.96021e-086	9.09713e-090	4.53352e-095	9.69948e-099	1.0638e-102	
N4	8.21423e-022	1.72956e-022	5.08678e-019	9.7963e-015	9.12474e-011	3.3837e-007	0.000365014	0.0666933	0.913189	0.0196968	5.50864e-005	4.08865e-008	1.13913e-011	1.46984e-015	1.01998e-019	2.94663e-023	2.14646e-026	2.04074e-028	1.03234e-031	5.12336e-034	1.65855e-037	4.41699e-040	8.82349e-044	1.28773e-046	1.2741e-050	1.12257e-053	3.31735e-057	3.17267e-058	1.90978e-058	1.3862e-056	1.93355e-056	2.43871e-055	5.39168e-056	4.10615e-056	4.51657e-059	6.12178e-061	1.11338e-063	1.1317e-064	1.29938e-065	
N5	1.4715e-024	1.45864e-025	3.12401e-022	1.8434e-017	5.58019e-013	7.22543e-009	3.01111e-005	0.0233221	0.958526	0.01809	3.14328e-005	1.27948e-008	1.85032e-012	1.20147e-016	4.06586e-021	1.40626e-025	6.68932e-029	2.45222e-030	1.57188e-033	3.05196e-035	1.25165e-038	1.33742e-040	3.46352e-044	2.12771e-046	2.94481e-050	1.10948e-052	5.37257e-057	1.33735e-059	1.41352e-064	6.33274e-067	1.65716e-070	1.02097e-071	2.15367e-074	2.54855e-075	6.35226e-079	6.26502e-081	1.88066e-084	2.70496e-085	5.3932e-086	
N6	2.38089e-030	1.0401e-032	8.70837e-029	5.02534e-023	1.45469e-017	1.88675e-012	8.94733e-008	0.00101982	0.995555	0.00342426	8.98376e-007	5.27554e-011	1.08395e-015	9.83652e-021	4.49915e-026	1.20852e-031	8.43496e-037	6.40039e-039	5.676e-041	1.37814e-041	1.16187e-043	1.88992e-044	1.28449e-046	1.36912e-047	7.42236e-050	5.11698e-051	1.48307e-052	1.61374e-051	4.3541e-049	9.46475e-045	1.1017e-042	1.92183e-039	3.94039e-038	3.88973e-036	1.70256e-037	1.66241e-037	1.4581e-038	1.84297e-037	2.68259e-036	
N7	5.00125e-031	1.75601e-031	4.67617e-027	1.19267e-021	1.53349e-016	9.06707e-012	2.11151e-007	0.00136062	0.994425	0.00421204	1.75448e-006	1.88676e-010	7.75326e-015	1.46509e-019	1.40703e-024	7.84288e-030	8.28319e-034	4.91702e-036	4.25698e-039	6.34902e-040	3.7346e-043	3.33047e-044	1.40036e-047	6.66299e-049	2.02541e-052	5.3838e-054	1.05666e-057	1.68932e-059	1.24998e-063	1.36436e-065	1.86317e-071	1.01054e-074	9.88429e-081	1.68831e-084	1.10841e-090	1.14053e-094	4.19641e-100	3.05034e-100	3.16597e-100	
N8	1.65916e-026	4.97933e-028	2.8577e-024	1.97313e-019	7.8083e-015	1.56312e-010	1.30438e-006	0.00319456	0.98938	0.00741731	6.7854e-006	1.77579e-009	1.90053e-013	1.01382e-017	3.05679e-022	6.02366e-027	2.55689e-031	1.91738e-033	6.45477e-037	3.75449e-039	8.50904e-043	2.93063e-045	4.72427e-049	9.8069e-052	1.16884e-055	1.45176e-058	1.3048e-062	9.32129e-066	5.78517e-070	2.11629e-073	1.07305e-078	5.36065e-083	1.45157e-088	5.06823e-093	8.13553e-099	2.28774e-103	1.29132e-108	3.46699e-112	7.67246e-116	
N9	9.82393e-028	1.24558e-028	1.64418e-024	1.23916e-019	5.36209e-015	1.17661e-010	1.0792e-006	0.00291142	0.990832	0.00625095	4.79996e-006	1.05962e-009	9.62565e-014	4.38407e-018	1.1342e-022	1.84747e-027	4.67204e-032	9.07659e-034	4.97771e-037	9.35238e-039	3.49488e-042	3.89953e-044	1.04252e-047	6.99134e-050	1.37473e-053	5.48175e-056	7.73284e-060	1.78761e-062	1.39054e-066	1.86723e-069	7.25922e-075	1.00613e-078	2.38553e-084	1.59515e-088	2.28048e-094	1.07336e-098	3.58188e-104	2.84614e-107	2.02544e-110	
Amitermes_darwini	0	0	0	0	0	0	0	0	1	0	0	0	0	0	0	0	0	0	0	0	0	0	0	0	0	0	0	0	0	0	0	0	0	0	0	0	0	0	0	
Amitermes_germanus	0	0	0	0	0	0	0	0	1	0	0	0	0	0	0	0	0	0	0	0	0	0	0	0	0	0	0	0	0	0	0	0	0	0	0	0	0	0	0	
N10	6.25836e-028	4.91187e-029	7.40175e-025	6.32161e-020	3.10602e-015	7.76346e-011	8.14363e-007	0.00252497	0.992213	0.00525763	3.44204e-006	6.54428e-010	5.15564e-014	2.04656e-018	4.6317e-023	6.65643e-028	1.58237e-032	2.00087e-034	8.15925e-038	9.52944e-040	2.64823e-043	1.8403e-045	3.66062e-049	1.53249e-051	2.24905e-055	5.60833e-058	6.00599e-062	8.63398e-065	5.44523e-069	4.4017e-072	1.56291e-077	1.4046e-081	2.95326e-087	1.39078e-091	1.73984e-097	5.97388e-102	1.89352e-107	9.39476e-111	4.06042e-114	
Amitermes_parvus	0	0	0	0	0	0	0	0	1	0	0	0	0	0	0	0	0	0	0	0	0	0	0	0	0	0	0	0	0	0	0	0	0	0	0	0	0	0	0	
Drepanotermes_septentrionalis	0	0	0	0	0	0	0	0	1	0	0	0	0	0	0	0	0	0	0	0	0	0	0	0	0	0	0	0	0	0	0	0	0	0	0	0	0	0	0	
N11	2.35404e-026	1.86346e-027	1.14532e-023	6.13616e-019	1.89251e-014	2.97013e-010	1.96239e-006	0.00386254	0.987817	0.00830921	8.88978e-006	2.78693e-009	3.63176e-013	2.38486e-017	8.90862e-022	2.13527e-026	1.02712e-030	1.69048e-032	9.43183e-036	1.24243e-037	4.58341e-041	3.48687e-043	8.8768e-047	3.91998e-049	7.05662e-053	1.76834e-055	2.36262e-059	4.93495e-061	1.17043e-059	5.53995e-057	1.30142e-056	5.69212e-055	6.55459e-054	7.07997e-052	2.61974e-053	2.51986e-053	4.33646e-054	6.78586e-053	9.58548e-052	
N12	1.61161e-029	1.08203e-030	2.11645e-026	3.44594e-021	3.17001e-016	1.45563e-011	2.74722e-007	0.00149337	0.994681	0.00382344	1.67038e-006	2.01064e-010	9.66263e-015	2.27204e-019	2.96832e-024	2.37656e-029	2.52179e-034	2.63426e-036	7.54103e-040	8.21312e-042	1.55016e-045	9.57548e-048	1.23887e-051	4.35886e-054	3.88662e-058	7.70644e-061	1.37931e-064	4.58859e-065	1.03845e-063	1.71948e-060	3.95193e-060	2.98986e-058	1.20059e-058	4.61764e-058	1.4622e-061	1.86203e-063	1.11697e-066	2.7514e-067	7.76023e-068	
N13	5.71457e-033	2.3692e-034	1.26706e-029	7.65382e-024	2.5321e-018	4.07593e-013	2.63265e-008	0.000475318	0.998053	0.0014715	2.17752e-007	8.33429e-012	1.22327e-016	8.50213e-022	3.18008e-027	7.0036e-033	1.78696e-038	1.03929e-040	1.11339e-044	2.85175e-045	2.76198e-044	4.01178e-042	7.91536e-044	7.23425e-044	1.19319e-045	7.58263e-046	1.00673e-047	4.39572e-048	3.2408e-050	1.01861e-050	2.87006e-054	8.58493e-056	1.83601e-059	2.44628e-061	3.82135e-065	3.79852e-067	1.38337e-070	4.43534e-071	1.48662e-071	
N14	8.82205e-034	2.26073e-034	1.95046e-029	1.04969e-023	3.12287e-018	4.58609e-013	2.75898e-008	0.000477473	0.998249	0.0012736	1.75459e-007	6.57223e-012	9.7765e-017	7.05964e-022	2.79125e-027	6.54749e-033	1.64384e-038	4.77016e-040	1.31493e-043	4.75532e-045	8.55516e-049	1.68284e-050	2.04456e-054	2.20216e-056	1.81285e-060	1.05055e-062	6.12907e-067	5.50723e-068	8.09107e-069	2.95787e-065	1.41015e-065	9.45083e-064	8.58877e-065	2.58151e-064	1.43106e-068	1.02082e-070	1.85509e-074	9.48932e-075	4.27307e-075	
N15	5.32557e-033	1.68839e-034	1.6322e-029	8.48378e-024	2.49544e-018	3.70948e-013	2.31563e-008	0.000428896	0.998739	0.00083242	8.65689e-008	2.65434e-012	3.40097e-017	2.19409e-022	7.98571e-028	1.80101e-033	7.84868e-039	4.16146e-041	3.88378e-045	1.57539e-047	9.04945e-052	1.93058e-054	6.90461e-059	7.53111e-062	1.74677e-066	1.43725e-068	5.04007e-071	3.74054e-072	8.79207e-075	3.03131e-076	1.01256e-079	3.00089e-077	5.35742e-077	2.98859e-037	5.75175e-039	5.62934e-039	7.87783e-040	2.38997e-038	6.13601e-037	
N16	1.93502e-044	1.4969e-042	1.01042e-040	5.78316e-039	2.73665e-037	2.21079e-019	1.61082e-012	3.59091e-006	0.99999	6.86707e-006	5.85513e-012	1.51975e-018	3.35462e-038	4.15341e-040	4.24279e-042	3.73277e-044	9.07385e-046	4.93521e-044	4.96981e-044	3.33811e-042	3.36531e-042	1.91579e-040	1.93409e-040	9.09965e-039	9.19749e-039	3.44408e-037	3.44679e-037	9.69446e-036	8.33788e-036	1.64365e-034	4.77191e-036	6.01603e-036	1.27056e-037	1.27166e-037	2.01876e-039	1.98425e-039	2.6288e-040	9.79895e-039	3.04222e-037	
Ephelotermes_melachoma	0	0	0	0	0	0	0	0	1	0	0	0	0	0	0	0	0	0	0	0	0	0	0	0	0	0	0	0	0	0	0	0	0	0	0	0	0	0	0	
Protermes_sp	0	0	0	0	0	0	0	0	1	0	0	0	0	0	0	0	0	0	0	0	0	0	0	0	0	0	0	0	0	0	0	0	0	0	0	0	0	0	0	
Microtermes_sp	0	0	0	0	0	0	0	0	1	0	0	0	0	0	0	0	0	0	0	0	0	0	0	0	0	0	0	0	0	0	0	0	0	0	0	0	0	0	0	
Ephelotermes_taylori	0	0	0	0	0	0	0	0	1	0	0	0	0	0	0	0	0	0	0	0	0	0	0	0	0	0	0	0	0	0	0	0	0	0	0	0	0	0	0	
Macrognathotermes_sunteri	0	0	0	0	0	0	0	0	1	0	0	0	0	0	0	0	0	0	0	0	0	0	0	0	0	0	0	0	0	0	0	0	0	0	0	0	0	0	0	
Lophotermes_septentrionalis	0	0	0	0	0	0	0	0	1	0	0	0	0	0	0	0	0	0	0	0	0	0	0	0	0	0	0	0	0	0	0	0	0	0	0	0	0	0	0	
N17	9.95631e-034	9.69656e-037	2.38132e-031	2.76275e-025	1.6836e-019	4.93206e-014	5.93731e-009	0.000214046	0.999385	0.000400453	2.0731e-008	3.20684e-013	2.03443e-018	6.19336e-024	9.88845e-030	9.37677e-036	1.57412e-041	1.9423e-045	1.04997e-050	4.09007e-055	3.11528e-061	2.48165e-037	2.57503e-037	2.87753e-036	3.00001e-036	2.68864e-035	2.77387e-035	1.87432e-034	1.66943e-034	7.45707e-034	1.00801e-034	1.07517e-034	9.78744e-036	9.0597e-036	6.1524e-037	5.75511e-037	1.33741e-037	1.08244e-036	8.46401e-036	
Tuberculitermes_bycanistes	0	0	0	0	0	0	0	0	1	0	0	0	0	0	0	0	0	0	0	0	0	0	0	0	0	0	0	0	0	0	0	0	0	0	0	0	0	0	0	
Unguitermes_sp	0	0	0	0	0	0	0	0	1	0	0	0	0	0	0	0	0	0	0	0	0	0	0	0	0	0	0	0	0	0	0	0	0	0	0	0	0	0	0	
N18	2.7483e-030	2.42659e-031	3.37336e-027	7.9731e-022	1.03804e-016	6.58602e-012	1.6778e-007	0.00119423	0.995	0.00380421	1.46455e-006	1.45446e-010	5.52783e-015	9.9405e-020	9.61894e-025	5.49967e-030	4.42501e-035	7.34881e-037	1.98694e-040	6.10339e-042	2.51727e-041	2.54564e-039	8.34974e-041	1.16492e-040	3.12034e-042	3.01997e-042	6.95287e-044	4.49391e-044	6.9032e-046	2.98217e-046	1.52133e-049	5.08623e-051	1.87936e-054	3.31691e-056	8.48224e-060	1.26921e-061	1.33163e-064	6.97286e-065	3.21809e-065	
N19	1.15921e-030	3.55286e-031	1.04413e-026	2.12378e-021	2.35738e-016	1.2601e-011	2.66063e-007	0.00153274	0.994376	0.004089	1.71825e-006	1.87175e-010	7.82274e-015	1.54938e-019	1.65343e-024	1.03763e-029	6.8909e-035	2.43554e-036	1.21027e-039	5.39771e-041	1.77025e-044	4.37362e-046	9.91301e-050	1.38365e-051	2.19955e-055	2.31708e-057	1.35086e-059	6.22178e-059	9.20163e-058	7.57571e-055	1.64735e-055	3.74031e-054	1.16866e-054	4.3834e-053	5.2133e-055	5.5655e-055	1.73391e-056	9.41581e-055	5.2643e-053	
N20	4.8528e-029	3.08844e-029	9.85266e-025	9.40629e-020	4.97837e-015	1.27668e-010	1.28536e-006	0.00345898	0.991605	0.00493193	2.90586e-006	4.81786e-010	3.23237e-014	1.07208e-018	1.99409e-023	2.28548e-028	3.54304e-033	1.23471e-034	7.90187e-038	2.95798e-039	1.29153e-042	2.86733e-044	9.01558e-048	1.20993e-049	2.8354e-053	2.28997e-055	3.94813e-059	1.88168e-061	1.84851e-065	5.27507e-068	1.53085e-073	3.08118e-077	5.83229e-083	5.41561e-087	6.46687e-093	4.35432e-097	1.6257e-102	3.39307e-105	6.11593e-108	
N21	1.15625e-028	1.97293e-027	7.21633e-023	5.94114e-018	2.56245e-013	4.82019e-009	2.80259e-005	0.0184811	0.977995	0.00349403	1.63648e-006	2.26279e-010	1.30439e-014	3.79772e-019	6.30886e-024	6.67033e-029	1.24309e-033	1.23092e-035	3.73147e-039	3.27599e-041	6.7525e-045	3.53037e-047	5.20695e-051	1.64475e-053	1.79629e-057	3.39382e-060	2.75993e-064	3.00535e-067	1.55933e-071	9.27083e-075	2.49737e-080	1.49395e-084	2.33883e-090	8.07997e-095	7.53655e-101	1.9864e-105	5.99455e-111	2.4226e-114	8.13269e-118	
N22	2.61152e-028	2.46805e-026	1.93169e-021	2.63493e-016	1.86494e-011	5.61765e-007	0.00476303	0.175756	0.818907	0.000572721	7.47207e-008	3.42942e-012	7.2982e-017	8.42705e-022	5.8451e-027	2.68699e-032	2.37932e-037	1.15219e-039	1.66013e-043	7.12477e-046	7.16587e-050	1.87053e-052	1.36903e-056	2.18785e-059	1.19774e-063	1.15334e-066	4.72446e-071	2.6288e-074	6.87184e-079	2.08519e-082	2.76913e-088	8.06006e-093	6.1316e-099	1.04429e-103	4.67336e-110	6.01234e-115	9.14245e-121	1.81432e-124	2.90722e-128	
Crenetermes_albotarsalis	0	0	0	0	0	0	0	0	1	0	0	0	0	0	0	0	0	0	0	0	0	0	0	0	0	0	0	0	0	0	0	0	0	0	0	0	0	0	0	
Procubitermes_sp	0	0	0	0	0	0	1	0	0	0	0	0	0	0	0	0	0	0	0	0	0	0	0	0	0	0	0	0	0	0	0	0	0	0	0	0	0	0	0	
N23	1.14764e-028	5.49008e-030	1.3634e-025	1.84636e-020	1.38919e-015	5.06677e-011	7.21203e-007	0.00268796	0.994769	0.00254107	8.144e-007	7.66623e-011	3.01446e-015	6.00815e-020	6.85856e-025	6.58584e-030	6.92863e-034	8.34852e-036	2.06502e-039	1.44329e-041	2.43183e-045	9.86125e-048	1.1856e-051	2.8026e-054	2.4059e-058	3.26781e-061	1.62349e-065	1.3175e-068	2.03995e-073	1.05875e-076	1.9116e-082	9.22885e-087	9.6796e-093	2.68051e-097	1.66478e-103	3.46067e-108	8.90897e-114	3.42784e-117	1.03214e-120	
Cubitermes_sp	0	0	0	0	0	0	0	0	1	0	0	0	0	0	0	0	0	0	0	0	0	0	0	0	0	0	0	0	0	0	0	0	0	0	0	0	0	0	0	
Thoracotermes_macrothorax	0	0	0	0	0	0	0	0	1	0	0	0	0	0	0	0	0	0	0	0	0	0	0	0	0	0	0	0	0	0	0	0	0	0	0	0	0	0	0	
N24	1.17413e-026	4.93201e-028	5.26864e-024	3.19217e-019	1.11762e-014	2.001e-010	1.51306e-006	0.00341093	0.990337	0.00624548	5.06561e-006	1.22341e-009	1.24652e-013	6.48881e-018	1.94759e-022	3.91295e-027	1.89287e-031	1.58185e-033	5.70983e-037	3.61408e-039	8.8986e-043	3.36551e-045	5.93978e-049	1.35958e-051	1.77815e-055	2.43503e-058	2.37589e-062	1.86678e-065	1.18865e-069	4.90016e-073	2.59888e-078	1.44389e-082	4.08941e-088	1.53009e-092	2.53027e-098	7.43804e-103	4.10679e-108	1.15677e-111	2.65946e-115	
Odontotermes_sp	0	0	0	0	0	0	0	0	1	0	0	0	0	0	0	0	0	0	0	0	0	0	0	0	0	0	0	0	0	0	0	0	0	0	0	0	0	0	0	
Pericapritermes_sp	0	0	0	0	0	0	0	0	1	0	0	0	0	0	0	0	0	0	0	0	0	0	0	0	0	0	0	0	0	0	0	0	0	0	0	0	0	0	0	
N25	8.78517e-032	1.43368e-034	1.30172e-029	7.60959e-024	2.36473e-018	3.56222e-013	2.21525e-008	0.000412741	0.998784	0.00080315	8.35643e-008	2.59549e-012	3.32677e-017	2.07161e-022	6.88675e-028	1.41896e-033	5.78836e-039	1.56568e-042	2.12817e-047	1.28626e-050	3.8595e-044	3.45182e-037	3.61691e-037	3.80396e-036	3.97917e-036	3.35974e-035	3.50339e-035	2.23072e-034	2.05948e-034	8.48333e-034	1.23421e-034	1.22411e-034	1.16595e-035	1.06171e-035	7.54387e-037	7.0508e-037	1.90046e-037	1.46412e-036	1.06546e-035	
N26	1.6551e-038	2.81248e-040	2.44312e-034	9.6016e-028	1.9111e-021	1.77991e-015	6.68151e-010	7.36383e-005	0.999773	0.000153796	2.8335e-009	1.50431e-014	3.18617e-020	3.14336e-026	1.56898e-032	4.12902e-039	1.38876e-045	2.36332e-048	2.63157e-053	1.64822e-056	2.59453e-062	2.11274e-041	2.12378e-041	1.65642e-039	1.65878e-039	1.01046e-037	9.66567e-038	4.45077e-036	3.0708e-036	1.07798e-034	1.75774e-036	3.16095e-036	4.13481e-038	4.58864e-038	4.63058e-040	4.65751e-040	3.07737e-041	1.98632e-039	1.07946e-037	
Nasutitermes_graveolus	0	0	0	0	0	0	0	0	1	0	0	0	0	0	0	0	0	0	0	0	0	0	0	0	0	0	0	0	0	0	0	0	0	0	0	0	0	0	0	
Nasutitermes_triodiae	0	0	0	0	0	0	0	0	1	0	0	0	0	0	0	0	0	0	0	0	0	0	0	0	0	0	0	0	0	0	0	0	0	0	0	0	0	0	0	
N27	2.8649e-038	6.55033e-040	5.05024e-034	1.76663e-027	3.13048e-021	2.59328e-015	8.63645e-010	8.40245e-005	0.999736	0.000179902	3.8168e-009	2.31242e-014	5.56149e-020	6.21542e-026	3.51203e-032	1.04593e-038	3.78382e-045	8.33476e-048	1.14375e-052	9.67506e-056	1.88125e-061	1.40881e-041	1.41495e-041	1.2095e-039	1.20659e-039	8.06085e-038	7.55686e-038	3.84225e-036	2.45795e-036	9.74016e-035	1.40798e-036	2.81606e-036	3.33483e-038	3.85441e-038	3.56299e-040	3.62354e-040	1.96284e-041	1.40501e-039	8.60052e-038	
Nasutitermes_longipennis	0	0	0	0	0	0	0	0	1	0	0	0	0	0	0	0	0	0	0	0	0	0	0	0	0	0	0	0	0	0	0	0	0	0	0	0	0	0	0	
Tumulitermes_pastinator	0	0	0	0	0	0	0	0	1	0	0	0	0	0	0	0	0	0	0	0	0	0	0	0	0	0	0	0	0	0	0	0	0	0	0	0	0	0	0	
N28	8.36274e-025	4.06751e-026	2.2609e-022	7.22837e-018	1.33928e-013	1.27236e-009	5.12392e-006	0.00619174	0.982405	0.0113812	1.72984e-005	7.88333e-009	1.5218e-012	1.50528e-016	8.60576e-021	3.3511e-025	2.99077e-029	2.89087e-031	1.56315e-034	1.15351e-036	4.2592e-040	1.88156e-042	4.98552e-046	1.336e-048	2.62953e-052	4.22857e-055	6.28292e-059	5.80629e-062	5.93309e-066	2.75019e-069	2.91562e-074	2.21297e-078	1.20764e-083	6.56291e-088	2.08988e-093	9.07862e-098	9.3056e-103	2.99625e-106	7.94324e-110	
Microcerotermes_boreus	0	0	0	0	0	0	0	0	1	0	0	0	0	0	0	0	0	0	0	0	0	0	0	0	0	0	0	0	0	0	0	0	0	0	0	0	0	0	0	
Microcerotermes_nervosus	0	0	0	0	0	0	0	0	1	0	0	0	0	0	0	0	0	0	0	0	0	0	0	0	0	0	0	0	0	0	0	0	0	0	0	0	0	0	0	
N29	7.4814e-021	8.51788e-021	7.60369e-018	4.36588e-014	1.46276e-010	2.45693e-007	0.000169934	0.0341633	0.915931	0.0493448	0.000389804	9.36134e-007	9.49143e-010	4.89839e-013	1.4517e-016	2.90503e-020	2.3633e-023	6.07641e-024	3.64045e-026	6.28044e-027	2.6218e-029	2.72385e-030	8.37037e-033	5.31473e-034	1.23716e-036	4.76023e-038	7.8355e-041	1.8062e-042	1.20123e-045	1.82904e-047	1.11695e-051	1.96091e-054	7.65052e-059	7.51977e-062	1.89101e-066	1.48754e-069	1.17967e-073	1.65805e-075	2.13184e-077	
Macrotermes_bellicosus	0	0	0	0	0	0	0	0	1	0	0	0	0	0	0	0	0	0	0	0	0	0	0	0	0	0	0	0	0	0	0	0	0	0	0	0	0	0	0	
Pseudacanthotermes_militaris	0	0	0	0	0	0	0	0	1	0	0	0	0	0	0	0	0	0	0	0	0	0	0	0	0	0	0	0	0	0	0	0	0	0	0	0	0	0	0	
N30	3.1472e-021	2.68072e-020	5.02484e-017	4.85039e-013	2.35787e-009	4.73186e-006	0.00270141	0.13752	0.845859	0.0138785	3.63478e-005	3.01941e-008	1.08256e-011	1.99861e-015	2.1306e-019	1.59742e-023	3.64161e-027	8.0813e-029	8.69818e-032	1.32383e-033	9.69979e-037	8.67174e-039	4.52352e-042	2.39288e-044	9.02438e-048	2.88558e-050	4.13665e-053	1.36453e-053	5.20895e-053	3.43929e-051	2.70751e-051	1.53865e-050	2.10718e-051	1.00423e-051	1.76418e-054	4.12314e-056	1.43582e-058	3.05636e-059	6.75708e-060	
N31	2.15218e-021	7.57406e-022	1.52942e-018	2.08076e-014	1.49305e-010	4.68342e-007	0.00046774	0.0701981	0.909422	0.0198525	5.88842e-005	5.13731e-008	1.85234e-011	3.34406e-015	3.43004e-019	2.72242e-022	8.47481e-025	8.37556e-026	1.79375e-028	9.8121e-030	1.40841e-032	4.45497e-034	4.15312e-037	7.88916e-039	3.87222e-042	4.66155e-044	5.59784e-048	4.47435e-050	1.82859e-054	8.2375e-057	1.33414e-061	1.15838e-064	1.28554e-069	5.62426e-073	4.33763e-078	1.31041e-081	3.18007e-086	1.98766e-088	1.12798e-090	
Coptotermes_acinaciformis	0	0	0	0	0	0	0	0	1	0	0	0	0	0	0	0	0	0	0	0	0	0	0	0	0	0	0	0	0	0	0	0	0	0	0	0	0	0	0	
N32	1.41267e-025	2.86498e-027	2.14461e-023	1.2194e-018	3.84093e-014	5.86739e-010	3.52278e-006	0.00566435	0.987555	0.00677125	5.94398e-006	1.51806e-009	1.59872e-013	8.42271e-018	2.50982e-022	6.92443e-027	1.07401e-030	6.08234e-033	1.62703e-036	5.27107e-039	9.24871e-043	1.66952e-045	1.98665e-049	1.98898e-052	1.57106e-056	8.50153e-060	5.33571e-064	2.26111e-065	2.08671e-064	3.54562e-062	8.48516e-062	1.33799e-060	5.18474e-061	5.89885e-061	2.91324e-064	2.03709e-066	2.46552e-069	1.49655e-070	8.70028e-072	
Reticulitermes_flavipes	0	0	0	0	0	0	0	0	1	0	0	0	0	0	0	0	0	0	0	0	0	0	0	0	0	0	0	0	0	0	0	0	0	0	0	0	0	0	0	
N33	2.02942e-030	1.42686e-031	5.65506e-027	1.22515e-021	1.48671e-016	8.87458e-012	2.11963e-007	0.00138694	0.996016	0.00259564	7.50852e-007	5.96448e-011	1.89541e-015	2.9604e-020	2.58522e-025	1.40672e-030	1.55775e-035	1.97118e-037	4.64295e-041	4.74915e-043	7.6059e-047	4.53299e-049	5.14388e-053	1.80969e-055	1.44306e-059	3.0072e-062	1.46181e-066	1.84902e-069	3.25196e-074	2.69024e-077	3.10618e-083	2.84764e-087	2.12106e-093	7.51868e-098	3.54458e-104	7.72825e-109	5.60022e-115	2.25232e-118	9.8955e-122	
Reticulitermes_lucifugus	0	0	0	0	0	0	0	0	1	0	0	0	0	0	0	0	0	0	0	0	0	0	0	0	0	0	0	0	0	0	0	0	0	0	0	0	0	0	0	
Reticulitermes_urbis	0	0	0	0	0	0	0	0	1	0	0	0	0	0	0	0	0	0	0	0	0	0	0	0	0	0	0	0	0	0	0	0	0	0	0	0	0	0	0	
Schedorhinotermes_lamanianus	0	0	0	0	0	0	1	0	0	0	0	0	0	0	0	0	0	0	0	0	0	0	0	0	0	0	0	0	0	0	0	0	0	0	0	0	0	0	0	
N34	1.00531e-021	3.82611e-019	8.47189e-015	1.46225e-010	6.85994e-007	0.000321845	0.0211383	0.333429	0.627796	0.0172569	5.72081e-005	3.52678e-008	6.48013e-012	2.09227e-015	3.87254e-018	4.35388e-021	6.01505e-024	2.27684e-024	2.89458e-026	5.94382e-027	2.65891e-029	1.37871e-030	1.29303e-033	1.36717e-035	3.37254e-039	1.46225e-041	6.27596e-045	8.21694e-046	1.56992e-048	1.75513e-049	1.06262e-052	5.03909e-054	2.13906e-057	5.74739e-059	1.80009e-062	2.23952e-064	5.566e-068	9.69196e-070	7.56865e-071	
N35	1.59419e-017	1.19026e-014	3.22882e-011	3.52698e-008	1.34627e-005	0.00140734	0.0304384	0.324047	0.612784	0.0310354	0.000274398	6.87847e-007	5.9498e-010	1.90125e-013	2.2947e-017	7.68696e-021	1.29222e-023	5.04894e-025	5.07063e-028	9.07977e-030	5.38345e-033	4.85827e-035	1.76827e-038	8.54604e-041	1.63971e-044	4.63588e-047	3.49436e-051	2.72014e-053	6.14939e-056	9.27815e-057	1.04411e-059	9.19711e-061	6.52095e-063	5.77208e-064	4.55339e-067	6.81871e-069	1.173e-071	2.84872e-072	6.34004e-073	
N36	2.40729e-008	2.09573e-006	8.83765e-005	0.00179198	0.0161661	0.050561	0.0315424	0.194651	0.506476	0.176314	0.0212824	0.00109912	2.50276e-005	2.18383e-007	3.41011e-010	9.91082e-013	1.33266e-014	3.47712e-015	3.10175e-017	3.9907e-018	2.22143e-020	1.55583e-021	5.94058e-024	2.35654e-025	6.26229e-028	1.41182e-029	2.08685e-032	2.74865e-034	7.69323e-038	5.04428e-040	5.54731e-044	8.05704e-047	5.27795e-051	5.18137e-054	2.15246e-058	1.77907e-061	4.71563e-065	4.83936e-067	4.05057e-069	
Bifiditermes_improbus	0	0	0	0	0	1	0	0	0	0	0	0	0	0	0	0	0	0	0	0	0	0	0	0	0	0	0	0	0	0	0	0	0	0	0	0	0	0	0	
Neotermes_insularis	0	0	0	0	0	0	0	0	0	0	0	0	0	1	0	0	0	0	0	0	0	0	0	0	0	0	0	0	0	0	0	0	0	0	0	0	0	0	0	
N37	3.49423e-020	1.27332e-018	5.04183e-015	7.39625e-011	3.75945e-007	0.000365973	0.0274806	0.41807	0.54395	0.0101204	1.23249e-005	3.16386e-009	2.67386e-013	9.54824e-018	1.7092e-022	2.349e-026	6.3997e-030	3.16292e-032	4.45767e-036	1.14547e-038	7.06511e-043	1.03054e-045	2.36341e-050	2.05558e-053	1.67153e-058	3.57452e-052	1.12171e-050	3.4776e-047	1.99091e-045	1.69169e-041	1.26955e-039	2.72396e-036	1.02506e-035	2.05601e-034	1.16742e-035	2.06756e-035	7.33842e-037	2.56339e-036	3.90214e-035	
N38	6.62052e-020	6.39398e-016	4.50728e-012	1.35671e-008	1.44435e-005	0.00400866	0.120114	0.601634	0.27171	0.00251663	2.72957e-006	9.3126e-010	1.39699e-013	1.10175e-017	5.11031e-022	1.51877e-026	6.08687e-031	3.64766e-032	5.75862e-035	3.98772e-036	4.49318e-039	1.89254e-040	1.52433e-043	4.02072e-045	2.13458e-048	3.71977e-050	1.21922e-053	1.41665e-055	1.69287e-059	1.3823e-061	1.59186e-066	3.66293e-069	2.49215e-074	1.15507e-077	5.34497e-083	1.2867e-086	5.02147e-092	9.96595e-095	5.50231e-097	
N39	1.11421e-013	3.35987e-012	1.0474e-008	3.68747e-006	0.000415626	0.0167852	0.217982	0.651271	0.113193	0.000348653	2.38377e-007	6.19486e-011	7.83963e-015	5.58062e-019	2.47004e-023	5.49913e-027	4.97019e-030	8.69323e-032	6.17693e-035	6.35899e-037	3.25989e-040	2.00179e-042	7.30667e-046	2.69161e-048	5.66876e-052	1.35291e-054	1.35471e-058	2.19232e-061	8.49098e-066	8.60496e-069	1.04516e-073	2.33078e-077	1.77659e-082	2.17316e-086	1.04427e-091	1.01252e-095	1.63509e-100	1.95898e-103	2.04308e-106	
N40	3.17951e-017	3.75775e-016	8.61627e-013	2.29816e-009	2.17935e-006	0.000669228	0.0541212	0.741225	0.202841	0.00114033	1.36591e-006	5.87569e-010	1.71739e-013	7.67805e-015	2.91699e-017	1.68957e-018	3.43203e-021	9.46215e-023	6.18621e-026	1.00797e-027	2.55251e-031	2.63967e-033	2.99801e-037	1.97737e-039	1.11807e-043	4.4484e-046	1.38882e-050	2.93865e-053	5.64562e-058	5.17265e-061	6.66615e-066	2.29528e-069	1.89472e-074	4.60523e-078	2.53034e-083	7.10838e-087	1.32134e-089	6.15268e-092	2.05925e-094	
Cryptotermes_austrinus	0	0	0	0	0	0	0	1	0	0	0	0	0	0	0	0	0	0	0	0	0	0	0	0	0	0	0	0	0	0	0	0	0	0	0	0	0	0	0	
Cryptotermes_queenslandis	0	0	0	0	0	0	0	0	1	0	0	0	0	0	0	0	0	0	0	0	0	0	0	0	0	0	0	0	0	0	0	0	0	0	0	0	0	0	0	
Cryptotermes_primus	0	0	1	0	0	0	0	0	0	0	0	0	0	0	0	0	0	0	0	0	0	0	0	0	0	0	0	0	0	0	0	0	0	0	0	0	0	0	0	
Cryptotermes_brevis	0	0	0	0	0	1	0	0	0	0	0	0	0	0	0	0	0	0	0	0	0	0	0	0	0	0	0	0	0	0	0	0	0	0	0	0	0	0	0	
N41	2.76648e-016	1.08492e-015	2.45021e-013	3.71574e-011	1.43263e-008	1.26362e-005	0.00487106	0.324619	0.639513	0.0309006	8.42079e-005	5.05318e-008	1.06446e-011	1.01985e-015	9.56874e-020	4.57271e-021	8.11136e-024	3.64163e-025	3.77685e-028	8.39982e-030	5.29395e-033	6.15132e-035	1.88251e-038	1.24846e-040	8.05607e-045	3.32531e-047	8.11864e-052	1.98995e-054	2.07066e-059	2.21424e-062	1.25798e-067	2.93868e-071	1.07247e-076	1.34157e-080	3.09509e-086	2.92713e-090	1.40137e-094	3.54508e-097	6.45675e-100	
N42	2.56942e-008	2.92372e-008	1.78896e-008	2.82666e-007	5.35545e-006	5.34526e-005	0.00223903	0.113323	0.56482	0.313382	0.00615311	2.37704e-005	2.03594e-008	6.3653e-012	9.53475e-016	1.00307e-018	1.91311e-021	5.05836e-023	5.86246e-026	7.91515e-028	5.85182e-031	4.31312e-033	2.17228e-036	8.95652e-039	2.98495e-042	6.92637e-045	1.15938e-048	1.56498e-051	5.03575e-056	2.75249e-059	4.27334e-064	6.90003e-068	6.14631e-073	6.89749e-077	3.78465e-082	3.54046e-086	1.75739e-090	1.70391e-093	1.25531e-096	
Cryptotermes_cynocephalus	0	0	0	0	0	0	0	0	0	1	0	0	0	0	0	0	0	0	0	0	0	0	0	0	0	0	0	0	0	0	0	0	0	0	0	0	0	0	0	
N43	6.13929e-007	1.9025e-005	0.000228242	8.58908e-005	1.68461e-005	0.000392395	0.0125496	0.158698	0.529943	0.283185	0.0147041	0.000177761	5.73694e-008	6.3207e-012	3.3697e-016	1.02884e-020	2.49367e-025	1.89902e-027	1.42894e-030	2.88968e-032	1.50007e-035	1.80293e-037	6.79788e-041	4.95045e-043	1.35152e-046	5.99331e-049	1.01557e-052	2.80188e-055	1.45583e-059	2.73727e-062	3.84072e-067	3.82857e-070	2.23378e-075	4.30645e-079	1.6688e-084	1.81648e-088	5.44053e-094	1.95155e-097	2.44208e-100	
Cryptotermes_domesticus	0	0	1	0	0	0	0	0	0	0	0	0	0	0	0	0	0	0	0	0	0	0	0	0	0	0	0	0	0	0	0	0	0	0	0	0	0	0	0	
Procryptotermes_australiensis	0	0	0	0	0	0	0	0	0	0	0	1	0	0	0	0	0	0	0	0	0	0	0	0	0	0	0	0	0	0	0	0	0	0	0	0	0	0	0	
N44	2.36568e-021	1.86937e-020	4.08869e-017	3.06102e-013	1.52853e-009	3.50788e-006	0.00268018	0.377014	0.604603	0.0156501	4.92395e-005	4.44348e-008	1.64668e-011	3.05557e-015	3.24295e-019	1.41222e-022	1.43652e-025	4.44342e-027	4.51606e-030	1.25134e-031	1.30958e-034	2.50163e-036	1.99603e-039	2.37958e-041	1.2241e-044	9.24654e-047	2.26244e-050	1.14699e-052	8.46399e-057	2.71307e-059	6.42276e-064	7.08323e-067	1.02842e-071	3.50461e-075	3.28914e-080	7.52916e-084	8.87367e-089	1.98953e-091	6.21265e-094	
N45	2.31958e-025	8.71256e-022	1.96859e-017	2.60708e-013	1.79761e-009	5.41287e-006	0.00523727	0.820286	0.173251	0.00121834	1.71092e-006	8.36894e-010	1.86852e-013	2.23434e-017	1.59045e-021	7.71808e-026	8.13449e-030	1.39208e-031	1.20256e-034	1.6926e-036	1.04599e-039	9.03874e-042	4.1645e-045	2.2287e-047	7.67945e-051	2.52936e-053	5.83117e-057	1.18327e-059	1.14957e-063	1.50948e-066	2.76428e-071	1.02557e-074	1.16368e-079	1.91914e-083	1.40402e-088	1.65755e-092	1.55821e-097	1.28134e-100	1.39183e-103	
Cryptotermes_dudleyi	0	0	0	0	0	0	0	1	0	0	0	0	0	0	0	0	0	0	0	0	0	0	0	0	0	0	0	0	0	0	0	0	0	0	0	0	0	0	0	
Cryptotermes_secundus	0	0	0	0	0	0	0	1	0	0	0	0	0	0	0	0	0	0	0	0	0	0	0	0	0	0	0	0	0	0	0	0	0	0	0	0	0	0	0	
Incisitermes_sp	0	0	0	0	0	0	0	0	1	0	0	0	0	0	0	0	0	0	0	0	0	0	0	0	0	0	0	0	0	0	0	0	0	0	0	0	0	0	0	
N46	9.09194e-019	1.09578e-016	2.3077e-013	1.3113e-009	2.68418e-006	0.000587968	0.0282003	0.353749	0.601962	0.0154446	5.33393e-005	4.65884e-008	1.77381e-011	4.51598e-014	4.39334e-016	2.64762e-018	1.07053e-019	8.24221e-018	3.61414e-018	1.16851e-016	2.0125e-017	1.83139e-016	4.86766e-018	8.33618e-018	4.16094e-020	3.12304e-020	4.5581e-023	1.9312e-023	5.93437e-027	1.48805e-027	6.88702e-032	3.62498e-033	1.01777e-037	1.3629e-039	2.70238e-044	1.21115e-046	1.77827e-051	2.4533e-053	3.16172e-054	
N47	2.06851e-016	2.7618e-017	9.26134e-015	1.85641e-011	2.04505e-008	1.06332e-005	0.00212056	0.114689	0.818571	0.0637714	0.000833163	3.49948e-006	6.40619e-009	6.15344e-012	3.91518e-015	3.89372e-017	2.1565e-019	7.94529e-021	3.12104e-023	6.34586e-025	2.00055e-027	2.16194e-029	5.01152e-032	2.80695e-034	3.25896e-037	1.19236e-039	6.77256e-043	1.73253e-045	4.47789e-049	6.9375e-052	8.69588e-056	5.75851e-059	4.25608e-063	2.10743e-066	1.01317e-070	4.6474e-074	1.67574e-077	4.43512e-080	9.51149e-083	
Glyptotermes_brevicornis	0	0	0	0	0	0	0	0	1	0	0	0	0	0	0	0	0	0	0	0	0	0	0	0	0	0	0	0	0	0	0	0	0	0	0	0	0	0	0	
Glyptotermes_iridipennis	0	0	0	0	0	0	0	0	1	0	0	0	0	0	0	0	0	0	0	0	0	0	0	0	0	0	0	0	0	0	0	0	0	0	0	0	0	0	0	
Kalotermes_flavicollis	0	0	0	0	0	0	0	0	0	0	0	0	0	0	0	0	0	0	0	0	0	1	0	0	0	0	0	0	0	0	0	0	0	0	0	0	0	0	0	
N48	0.00167082	0.0232269	0.142737	0.317511	0.140626	0.0234751	0.00333034	0.0224414	0.11902	0.13632	0.057997	0.0107443	0.000873629	2.62211e-005	9.13728e-008	1.34199e-010	1.98203e-013	9.96601e-015	6.71141e-017	3.09531e-018	1.29926e-020	3.33956e-022	9.64391e-025	1.45697e-026	3.04828e-029	2.74784e-031	4.06657e-034	2.14866e-036	1.82285e-039	5.53845e-042	1.35382e-045	1.69286e-048	2.40486e-052	1.81279e-055	1.64135e-059	9.31376e-063	9.8719e-067	1.84379e-069	4.43428e-072	
Stolotermes_sp	0	0	0	1	0	0	0	0	0	0	0	0	0	0	0	0	0	0	0	0	0	0	0	0	0	0	0	0	0	0	0	0	0	0	0	0	0	0	0	
N49	0.0331014	0.00977288	0.000914576	3.5505e-005	5.97795e-007	4.52353e-009	3.40753e-011	1.91009e-009	4.41788e-007	4.08214e-005	0.00159171	0.0255729	0.146527	0.675446	0.0780917	0.028309	0.000552326	4.22717e-005	2.69568e-007	7.29663e-009	1.71987e-011	2.18181e-013	2.15028e-016	1.47619e-018	6.84143e-022	2.70346e-024	6.4526e-028	1.4708e-030	1.93799e-034	2.40965e-037	1.85944e-041	1.16637e-044	5.57661e-049	2.34404e-052	7.30009e-057	2.7322e-060	1.47054e-063	3.95943e-066	8.04782e-069	
Zootermopsis_angusticollis	0	0	0	0	0	0	0	0	0	0	0	0	0	1	0	0	0	0	0	0	0	0	0	0	0	0	0	0	0	0	0	0	0	0	0	0	0	0	0	
Zootermopsis_nevadensis	0	0	0	0	0	0	0	0	0	0	0	0	0	1	0	0	0	0	0	0	0	0	0	0	0	0	0	0	0	0	0	0	0	0	0	0	0	0	0	
N50	1.26113e-010	2.67467e-009	1.88207e-007	1.01906e-005	0.000363863	0.00763514	0.0797905	0.314068	0.279225	0.185641	0.105128	0.0269231	0.00120225	1.23674e-005	1.15592e-007	1.61588e-009	7.35252e-011	4.54088e-011	3.99887e-012	1.95222e-012	1.46399e-013	5.1277e-014	3.29646e-015	8.19335e-016	4.31541e-017	7.43873e-018	2.77243e-019	3.30638e-020	7.02204e-022	5.68429e-023	6.60219e-025	3.29971e-026	3.51968e-028	3.78229e-029	1.04955e-030	1.26598e-031	2.6276e-033	2.11747e-034	1.28266e-035	
Mastotermes_darwiniensis	0	0	0	0	0	0	0	0	0	0	0	0	0	0	0	0	0	0	0	0	0	0	0	0	0	0	0	0	0	0	0	0	0	0	0	0	1	0	0	
Porotermes_adamsoni	0	0	0	0	0	0	0	1	0	0	0	0	0	0	0	0	0	0	0	0	0	0	0	0	0	0	0	0	0	0	0	0	0	0	0	0	0	0	0	
