NODE	7	8	9	10	11	12	13	14	15	16	17	18	19	20	21	22	23	24	25	26	27	28	29	30	31	32	33	34	35	36	37	38	39	40	41	42	
N1	0.13551	0.132337	0.126189	0.117321	0.106072	0.0929137	0.0784904	0.0636133	0.0491919	0.0360981	0.0250067	0.0162743	0.0099059	0.00561668	0.00295579	0.00143895	0.000646112	0.000266876	0.000101166	3.51245e-005	1.11501e-005	3.23156e-006	8.54088e-007	2.05666e-007	4.50958e-008	9.00147e-009	1.63596e-009	2.70934e-010	4.09578e-011	5.67076e-012	7.23601e-013	1.06288e-016	3.58797e-017	1.22154e-017	4.54931e-018	2.3095e-018	
N2	0.139827	0.132373	0.123851	0.113885	0.102359	0.0895312	0.0759731	0.0624245	0.0489641	0.0370417	0.0265437	0.0183134	0.0118592	0.00742773	0.00431847	0.00247871	0.00130074	0.000714607	0.000349951	0.000203506	9.95656e-005	6.73439e-005	3.40627e-005	2.55951e-005	1.29145e-005	9.79505e-006	4.73048e-006	3.4428e-006	1.57646e-006	1.09802e-006	4.80139e-007	3.28388e-007	1.51575e-007	1.21607e-007	8.96475e-008	1.21372e-007	
N3	0.0782971	0.0777168	0.079183	0.0813516	0.0829544	0.0830767	0.0812815	0.0775518	0.0713533	0.0639052	0.054977	0.0458433	0.0364751	0.0279887	0.0203689	0.0142574	0.00942922	0.00599903	0.00360039	0.00208406	0.0011377	0.000601608	0.000300274	0.000146021	6.71859e-005	3.03333e-005	1.30102e-005	5.51753e-006	2.23643e-006	9.02418e-007	3.50671e-007	1.36605e-007	5.21181e-008	2.0568e-008	8.77639e-009	5.10321e-009	
N4	0.191161	0.186529	0.178687	0.158446	0.123719	0.0823693	0.0459688	0.0213605	0.00821315	0.00263926	0.000708761	0.000161059	3.1017e-005	5.12713e-006	7.28422e-007	9.00599e-008	9.69326e-009	9.19501e-010	7.67948e-011	5.71919e-012	3.7878e-013	2.26228e-014	1.2128e-015	5.9328e-017	2.63059e-018	1.07946e-019	4.0644e-021	1.44326e-022	4.78363e-024	1.53106e-025	4.66337e-027	1.39759e-028	4.02523e-030	1.14081e-031	3.10654e-033	1.05518e-034	
Cryptocercus_primarius	0	0	0	1	0	0	0	0	0	0	0	0	0	0	0	0	0	0	0	0	0	0	0	0	0	0	0	0	0	0	0	0	0	0	0	0	
Cryptocercus_relictus	0	0	1	0	0	0	0	0	0	0	0	0	0	0	0	0	0	0	0	0	0	0	0	0	0	0	0	0	0	0	0	0	0	0	0	0	
Cryptocercus_punctulatus	0	0	0	0	0	0	0	0	0	0	0	0	0	0	0	0	0	1	0	0	0	0	0	0	0	0	0	0	0	0	0	0	0	0	0	0	
N5	0.0972176	0.0941473	0.0920376	0.0901462	0.087778	0.0844087	0.0797418	0.0737198	0.0656958	0.0569234	0.0472157	0.0379485	0.029059	0.0215525	0.0151845	0.0103862	0.00673583	0.00426183	0.00255337	0.00150316	0.000836789	0.000461782	0.000240485	0.00012535	6.15369e-005	3.05362e-005	1.42588e-005	6.79982e-006	3.0653e-006	1.42755e-006	6.36506e-007	2.97261e-007	1.37013e-007	6.88408e-008	3.82674e-008	2.87541e-008	
N6	0.0383417	0.0398975	0.044174	0.0505252	0.0583158	0.06685	0.0752745	0.0825543	0.086378	0.0867879	0.0820318	0.0738942	0.062057	0.0495915	0.0367327	0.0259768	0.0169533	0.010646	0.00614394	0.00345315	0.00177435	0.000901844	0.000415806	0.000192901	8.04068e-005	3.42948e-005	1.30054e-005	5.12924e-006	1.7942e-006	6.65398e-007	2.22127e-007	8.0525e-008	2.74884e-008	1.05237e-008	4.27961e-009	2.54814e-009	
N7	0.0226101	0.0244092	0.0287213	0.0353039	0.043956	0.054388	0.0660348	0.0778867	0.0874631	0.0937658	0.0941409	0.0892562	0.0784023	0.0647766	0.0492446	0.0352816	0.0231378	0.0144181	0.00817915	0.00448196	0.00221797	0.00108987	0.000476754	0.000215486	8.46838e-005	3.60855e-005	1.2894e-005	5.23456e-006	1.71472e-006	6.65259e-007	2.04593e-007	7.85052e-008	2.56997e-008	1.12488e-008	5.10916e-009	3.74674e-009	
N8	0.00463761	0.00555952	0.00778333	0.0117584	0.0181221	0.0275187	0.0403334	0.0564108	0.0740986	0.0918002	0.10555	0.113074	0.110727	0.0998288	0.0812227	0.0605328	0.0404062	0.0247937	0.0135795	0.00692612	0.00314778	0.00136434	0.000525426	0.00019969	6.69141e-005	2.29769e-005	6.83848e-006	2.15071e-006	5.76582e-007	1.67498e-007	4.17223e-008	1.15883e-008	2.90731e-009	8.33563e-010	2.4012e-010	1.00002e-010	
N9	0.00148284	0.00195146	0.00323375	0.006027	0.011518	0.0212763	0.036854	0.0590512	0.0864555	0.114897	0.136282	0.142804	0.130281	0.103011	0.0699913	0.0409195	0.0204776	0.00882021	0.00325542	0.00103965	0.000285636	6.85902e-005	1.42509e-005	2.63015e-006	4.22681e-007	6.18743e-008	7.92553e-009	9.60574e-010	1.02229e-010	1.09159e-011	1.04296e-012	1.08889e-013	1.07316e-014	1.19832e-015	1.32386e-016	1.95154e-017	
Blatta_orientalis	0	0	0	0	0	0	0	0	0	0	0	0	0	0	0	0	0	1	0	0	0	0	0	0	0	0	0	0	0	0	0	0	0	0	0	0	
N10	0.00142808	0.0018934	0.00319103	0.00608004	0.0119115	0.022573	0.0399718	0.0648663	0.0951012	0.124627	0.144029	0.14525	0.126533	0.0946711	0.0605319	0.033034	0.0153603	0.00609579	0.00206454	0.000599175	0.000149086	3.20322e-005	5.94063e-006	9.63486e-007	1.35931e-007	1.7166e-008	1.89264e-009	1.97348e-010	1.76008e-011	1.7369e-012	1.31002e-013	1.55982e-014	1.05435e-015	1.85276e-016	2.7352e-017	1.55951e-017	
N11	0.00141787	0.00200492	0.00370333	0.0076963	0.0161457	0.0319709	0.0573773	0.0910552	0.125764	0.149993	0.153474	0.1344	0.100436	0.0640685	0.0348383	0.0161916	0.00642559	0.00219079	0.000640377	0.00016281	3.57672e-005	7.07059e-006	1.23185e-006	2.13258e-007	3.37522e-008	6.26722e-009	1.01868e-009	2.03348e-010	3.14764e-011	5.82583e-012	8.12016e-013	1.36293e-013	1.84753e-014	3.04039e-015	4.62246e-016	1.16305e-016	
Periplaneta_americana	0	0	0	0	0	0	0	0	0	0	1	0	0	0	0	0	0	0	0	0	0	0	0	0	0	0	0	0	0	0	0	0	0	0	0	0	
Periplaneta_brunnea	0	0	0	0	0	0	0	1	0	0	0	0	0	0	0	0	0	0	0	0	0	0	0	0	0	0	0	0	0	0	0	0	0	0	0	0	
N12	0.000989169	0.00180098	0.00470615	0.0132679	0.0340623	0.073343	0.127607	0.176432	0.192263	0.165187	0.111992	0.0602844	0.0258934	0.00895632	0.00251031	0.000576304	0.000108975	1.71852e-005	2.26824e-006	2.54733e-007	2.43418e-008	2.03426e-009	1.47691e-010	9.83179e-012	5.8612e-013	3.45583e-014	1.87191e-015	1.06825e-016	5.52309e-018	3.03212e-019	1.47899e-020	7.55891e-022	3.46292e-023	1.62438e-024	6.98427e-026	3.96714e-027	
Periplaneta_australasiae	0	0	0	0	0	0	0	1	0	0	0	0	0	0	0	0	0	0	0	0	0	0	0	0	0	0	0	0	0	0	0	0	0	0	0	0	
Periplaneta_fuliginosa	0	0	0	0	0	0	0	1	0	0	0	0	0	0	0	0	0	0	0	0	0	0	0	0	0	0	0	0	0	0	0	0	0	0	0	0	
Deropeltis_erythrocephala	0	0	0	0	0	0	0	0	0	0	0	0	0	0	0	0	0	0	1	0	0	0	0	0	0	0	0	0	0	0	0	0	0	0	0	0	
Periplaneta_japonica	0	0	0	0	0	0	0	0	0	0	1	0	0	0	0	0	0	0	0	0	0	0	0	0	0	0	0	0	0	0	0	0	0	0	0	0	
N13	0.000793737	0.00131389	0.00263417	0.00512055	0.0100033	0.0216375	0.0476748	0.0927636	0.146796	0.18562	0.184279	0.14465	0.0890704	0.0436473	0.0169624	0.00533476	0.00135561	0.000285188	4.95224e-005	7.29566e-006	9.05783e-007	9.77572e-008	9.06397e-009	7.48507e-010	5.409e-011	3.56835e-012	2.09783e-013	1.15338e-014	5.75199e-016	2.73497e-017	1.19586e-018	5.02929e-020	1.95881e-021	7.3226e-023	2.56011e-024	1.12308e-025	
Eurycotis_floridana	0	0	0	0	0	0	0	1	0	0	0	0	0	0	0	0	0	0	0	0	0	0	0	0	0	0	0	0	0	0	0	0	0	0	0	0	
Pelmatosilpha_sp	0	0	0	0	0	0	0	0	0	0	0	0	1	0	0	0	0	0	0	0	0	0	0	0	0	0	0	0	0	0	0	0	0	0	0	0	
Lamproblatta_albipalpus	0	0	1	0	0	0	0	0	0	0	0	0	0	0	0	0	0	0	0	0	0	0	0	0	0	0	0	0	0	0	0	0	0	0	0	0	
N14	0.127629	0.121785	0.115776	0.109014	0.100967	0.0913666	0.0803113	0.068268	0.0551592	0.0427714	0.0312202	0.0217929	0.0142012	0.00886444	0.00512674	0.00286838	0.00147653	0.000752514	0.000350184	0.000167888	7.25271e-005	3.3828e-005	1.38217e-005	6.29564e-006	2.41923e-006	1.04833e-006	3.70527e-007	1.4816e-007	4.76009e-008	1.74457e-008	5.1714e-009	1.79635e-009	5.41199e-010	2.04097e-010	8.12659e-011	5.31109e-011	
N15	0.108403	0.105261	0.103154	0.100831	0.0971938	0.0915815	0.0838749	0.0744412	0.0628769	0.05121	0.0393254	0.0290794	0.0200808	0.0134147	0.00828297	0.00502512	0.00278313	0.0015655	0.000789313	0.000426677	0.000200209	0.000107379	4.74226e-005	2.51936e-005	1.04064e-005	5.33753e-006	2.02568e-006	9.73283e-007	3.37211e-007	1.50711e-007	4.82033e-008	2.06304e-008	6.88563e-009	3.40562e-009	1.73345e-009	1.55343e-009	
N16	0.0892556	0.0885364	0.0898797	0.0915156	0.0918785	0.0899877	0.0855712	0.0789538	0.0694717	0.0592464	0.0477973	0.0373879	0.0273626	0.0195467	0.0128972	0.00847914	0.00506299	0.0031437	0.00172535	0.00105418	0.00054283	0.00033697	0.000163916	0.000102659	4.68191e-005	2.87819e-005	1.21035e-005	7.07688e-006	2.73501e-006	1.50965e-006	5.38715e-007	2.85246e-007	1.05605e-007	6.55063e-008	3.98497e-008	4.52533e-008	
N17	0.0142933	0.0166983	0.021816	0.0292153	0.0381357	0.0474985	0.0562514	0.0638263	0.0692247	0.0737359	0.0762172	0.0779038	0.0761719	0.0726361	0.0646724	0.055813	0.0442649	0.0343315	0.0242224	0.0170142	0.0107457	0.00688603	0.00390158	0.00227543	0.00115243	0.000606688	0.000272908	0.000128757	5.17105e-005	2.213e-005	8.20525e-006	3.3494e-006	1.2686e-006	5.65672e-007	2.78216e-007	2.06082e-007	
N18	0.00062048	0.000814257	0.00129379	0.00220516	0.00374054	0.00607414	0.00929811	0.0134355	0.0183654	0.0245488	0.0322239	0.0423377	0.0540798	0.0673273	0.0785567	0.0876817	0.0901097	0.0891716	0.0807598	0.0719865	0.0583499	0.0480619	0.0355116	0.0276041	0.0188059	0.0138519	0.00867076	0.0059654	0.00341411	0.00218172	0.00116752	0.000720485	0.000400647	0.000272751	0.000196108	0.000194327	
N19	3.56745e-005	5.49215e-005	0.000108238	0.000229755	0.000477814	0.000926374	0.00163784	0.00264475	0.00398657	0.00588889	0.00884552	0.0136995	0.0213197	0.0324611	0.0470128	0.06416	0.0813417	0.096061	0.104567	0.106004	0.0988413	0.0864026	0.0694734	0.053041	0.0372252	0.0252659	0.0157078	0.00968368	0.00545551	0.00316915	0.00171238	0.00101461	0.000590664	0.000397727	0.000286823	0.000268721	
N20	5.68385e-006	8.6403e-006	1.74682e-005	3.96337e-005	9.08379e-005	0.000198912	0.00040717	0.000781157	0.00142662	0.00253755	0.0044426	0.00767916	0.0129957	0.0213376	0.0335028	0.0497505	0.0689344	0.0886049	0.104766	0.113932	0.11328	0.103475	0.0863157	0.0664609	0.0468154	0.0307744	0.0185807	0.0106886	0.00569831	0.00301256	0.00151492	0.000812562	0.000441841	0.000280617	0.00019947	0.000188966	
N21	2.83898e-006	4.29387e-006	8.70838e-006	1.99378e-005	4.65166e-005	0.00010572	0.000231122	0.000486799	0.000990636	0.0019491	0.00369493	0.00673377	0.0117702	0.0196922	0.0313635	0.047198	0.0664584	0.0868786	0.104675	0.11572	0.116893	0.10776	0.0904887	0.0693276	0.0484415	0.0310244	0.0182293	0.00993868	0.00504744	0.00245203	0.00115497	0.000559552	0.000285682	0.000165087	0.000108594	9.29044e-005	
N22	9.37454e-007	1.5878e-006	3.71935e-006	9.67607e-006	2.5184e-005	6.37085e-005	0.000156933	0.000377506	0.000880709	0.00197204	0.00419651	0.00843143	0.0158903	0.0279095	0.045336	0.0676262	0.0919924	0.113532	0.126545	0.127025	0.114537	0.0926799	0.0672335	0.0437584	0.0255616	0.0134398	0.00637557	0.00274768	0.00108344	0.000397368	0.000137933	4.67832e-005	1.59064e-005	5.65071e-006	2.22006e-006	1.20395e-006	
N23	7.64926e-007	1.28401e-006	3.01498e-006	8.04782e-006	2.206e-005	5.99453e-005	0.000159899	0.000416236	0.00104765	0.00251823	0.0056972	0.0119659	0.0230541	0.0403724	0.0638176	0.0906253	0.115222	0.130899	0.132714	0.120045	0.0968843	0.0698239	0.0449767	0.0259373	0.0134102	0.00623183	0.00260814	0.000987323	0.000339279	0.000106926	3.12696e-005	8.8138e-006	2.53978e-006	8.50024e-007	3.71336e-007	2.58372e-007	
N24	4.01617e-008	1.25651e-007	4.57361e-007	1.36869e-006	4.12015e-006	1.55612e-005	6.67289e-005	0.000293435	0.00125359	0.00481339	0.0154025	0.0392422	0.0781784	0.122271	0.153158	0.158089	0.138313	0.105747	0.0731483	0.0474351	0.0293871	0.0172018	0.00917752	0.00429842	0.00171705	0.00057668	0.00016149	3.78573e-005	7.4631e-006	1.27058e-006	1.91967e-007	2.75046e-008	3.85066e-009	5.45087e-010	7.6959e-011	1.53708e-011	
Archimandrita_tessellata	0	0	0	0	0	0	0	0	0	0	0	0	0	0	0	0	1	0	0	0	0	0	0	0	0	0	0	0	0	0	0	0	0	0	0	0	
N25	1.63583e-008	4.00445e-008	1.39061e-007	5.08494e-007	2.08569e-006	1.02161e-005	5.58515e-005	0.000306658	0.00153553	0.00646533	0.0214842	0.0539716	0.100677	0.141517	0.157613	0.147687	0.119949	0.0875004	0.0598573	0.0400522	0.0265812	0.0169466	0.00981099	0.00491655	0.00206922	0.000721931	0.000206979	4.95692e-005	9.75999e-006	1.87549e-006	2.96071e-007	9.63122e-008	2.09902e-008	1.66612e-008	1.12608e-008	1.2142e-008	
Blaberus_discoidalis	0	0	0	0	0	0	0	0	0	0	0	0	1	0	0	0	0	0	0	0	0	0	0	0	0	0	0	0	0	0	0	0	0	0	0	0	
Blaberus_giganteus	0	0	0	0	0	0	0	0	0	0	0	0	0	0	0	0	0	0	0	0	0	0	0	0	0	0	0	0	0	0	1	0	0	0	0	0	
Byrsotria_fumigata	0	0	0	0	0	0	0	0	0	0	0	0	0	0	0	0	0	1	0	0	0	0	0	0	0	0	0	0	0	0	0	0	0	0	0	0	
N26	3.32363e-007	6.75549e-007	1.70655e-006	5.10186e-006	1.70245e-005	5.14346e-005	0.000146499	0.000482829	0.00177256	0.00562028	0.0130521	0.0212444	0.0247718	0.0219173	0.0165953	0.0153437	0.0246769	0.0500733	0.0910352	0.135624	0.162685	0.156978	0.121591	0.0758564	0.0380627	0.0154842	0.00511529	0.00139939	0.000320081	6.36079e-005	1.11348e-005	1.79224e-006	2.62667e-007	3.58565e-008	4.58629e-009	7.73738e-010	
Eublaberus_distanti	0	0	0	0	0	0	0	0	0	0	0	0	0	0	0	0	0	0	0	0	0	0	0	0	0	0	1	0	0	0	0	0	0	0	0	0	
Eublaberus_posticus	0	0	0	0	0	0	0	0	0	0	0	0	0	0	0	1	0	0	0	0	0	0	0	0	0	0	0	0	0	0	0	0	0	0	0	0	
Gromphadorhina_portentosa	0	0	0	0	0	0	0	0	0	0	0	0	0	0	0	0	0	0	0	0	0	0	0	0	0	1	0	0	0	0	0	0	0	0	0	0	
N27	2.1561e-006	3.10123e-006	5.95458e-006	1.3269e-005	3.07704e-005	6.89943e-005	0.000143544	0.000273321	0.000479387	0.000791434	0.00125282	0.00192917	0.00293276	0.00453144	0.00730752	0.0122782	0.0207343	0.0339004	0.052052	0.0738177	0.0955579	0.112551	0.120042	0.116211	0.101847	0.081391	0.0592691	0.0399547	0.0250251	0.0150081	0.00868149	0.00503616	0.00292919	0.00178624	0.00118357	0.000978706	
Lanxoblatta_emarginata	0	0	0	0	0	0	0	0	0	0	0	0	0	0	0	0	0	0	0	0	0	0	0	0	0	0	1	0	0	0	0	0	0	0	0	0	
Phoetalia_sp	0	0	0	0	0	0	0	0	0	0	0	0	0	0	0	0	0	0	0	0	1	0	0	0	0	0	0	0	0	0	0	0	0	0	0	0	
Pycnoscelus_surinamensis	0	0	0	0	0	0	0	0	0	0	0	0	0	0	0	0	0	0	0	0	1	0	0	0	0	0	0	0	0	0	0	0	0	0	0	0	
N28	0.000642633	0.000831917	0.00130054	0.00218419	0.00366568	0.00592184	0.00906872	0.0131522	0.0181661	0.0244496	0.0323454	0.042441	0.0542678	0.0671193	0.0784316	0.0869515	0.0899188	0.0883926	0.0810367	0.0715605	0.0591033	0.0479189	0.0363301	0.0275517	0.0193916	0.0138256	0.00899741	0.00597852	0.00356819	0.00221549	0.00122954	0.0007517	0.000422008	0.00029683	0.000222976	0.000347488	
N29	0.00049251	0.000607623	0.000905792	0.00150927	0.00265668	0.00477383	0.00855706	0.0149984	0.0251399	0.0398011	0.0585875	0.0797353	0.0994962	0.113771	0.11868	0.113143	0.0982855	0.0780362	0.0564946	0.0374457	0.0226745	0.0126109	0.0064288	0.00302553	0.00131201	0.000529375	0.000198417	6.99776e-005	2.31822e-005	7.32375e-006	2.19842e-006	6.3643e-007	1.76855e-007	4.84974e-008	1.40582e-008	5.91149e-009	
Epilampra_sp	0	0	0	0	0	0	0	0	0	0	0	0	0	0	1	0	0	0	0	0	0	0	0	0	0	0	0	0	0	0	0	0	0	0	0	0	
Nauphoeta_cinerea	0	0	0	0	0	0	0	0	0	0	0	0	1	0	0	0	0	0	0	0	0	0	0	0	0	0	0	0	0	0	0	0	0	0	0	0	
Macropanesthia_rhinoceros	0	0	0	0	0	0	0	0	0	0	0	0	0	0	0	0	0	0	0	0	0	0	0	0	0	0	0	0	0	0	0	0	0	1	0	0	
N30	0.0188377	0.0205386	0.0245665	0.0305863	0.038128	0.0465723	0.0552165	0.0633821	0.0703185	0.0757045	0.0788841	0.0795703	0.0771486	0.071712	0.0633759	0.0532052	0.0421471	0.0315949	0.0222918	0.0148962	0.00936645	0.00559234	0.00313822	0.00167673	0.000839126	0.000401555	0.000179102	7.72603e-005	3.09675e-005	1.23834e-005	4.65022e-006	1.90275e-006	8.05041e-007	4.71141e-007	3.60394e-007	4.19558e-007	
N31	0.019475	0.0210317	0.0248242	0.0305583	0.0378226	0.0460633	0.0546272	0.06285	0.0699155	0.0754654	0.0787417	0.0794918	0.0770631	0.0716735	0.0633672	0.0533171	0.0423067	0.0318489	0.0225174	0.0151394	0.009529	0.00574339	0.00321846	0.00175129	0.000871387	0.000434765	0.00019089	9.11622e-005	3.50669e-005	1.7871e-005	6.05469e-006	3.98458e-006	1.32404e-006	1.39183e-006	1.04838e-006	2.98412e-006	
N32	0.00909312	0.00983038	0.0117281	0.0148933	0.0194851	0.0256686	0.0335798	0.0432726	0.0541979	0.0660558	0.0771944	0.086487	0.0915562	0.0917984	0.0861199	0.0760616	0.0625628	0.0483838	0.0347943	0.0235712	0.0148527	0.00885806	0.00492359	0.0026115	0.00129693	0.000622566	0.000282168	0.00012577	5.35558e-005	2.2802e-005	9.36931e-006	3.8827e-006	1.57213e-006	6.6049e-007	3.01774e-007	1.89811e-007	
Diploptera_punctata	0	0	0	0	0	0	0	0	0	0	0	0	0	0	0	0	0	1	0	0	0	0	0	0	0	0	0	0	0	0	0	0	0	0	0	0	
Rhabdoblatta_sp	0	0	0	0	0	0	0	0	0	1	0	0	0	0	0	0	0	0	0	0	0	0	0	0	0	0	0	0	0	0	0	0	0	0	0	0	
Panchlora_nivea	0	0	0	0	0	0	0	0	0	0	0	1	0	0	0	0	0	0	0	0	0	0	0	0	0	0	0	0	0	0	0	0	0	0	0	0	
Galiblatta_sp	0	0	0	0	0	0	0	1	0	0	0	0	0	0	0	0	0	0	0	0	0	0	0	0	0	0	0	0	0	0	0	0	0	0	0	0	
N33	0.119731	0.113457	0.106681	0.099414	0.091653	0.0834187	0.0747839	0.0658854	0.0563688	0.0471716	0.0381373	0.0300456	0.0227691	0.0167781	0.0118541	0.00814249	0.00535113	0.00342604	0.00209621	0.00125522	0.000718023	0.000404912	0.000218178	0.00011707	6.01012e-005	3.11204e-005	1.54635e-005	7.86362e-006	3.86376e-006	1.97109e-006	9.83218e-007	5.16375e-007	2.72583e-007	1.57798e-007	1.0174e-007	8.48475e-008	
Margattea_sp	0	0	0	0	0	0	0	0	0	1	0	0	0	0	0	0	0	0	0	0	0	0	0	0	0	0	0	0	0	0	0	0	0	0	0	0	
Supella_longipalpa	0	0	0	1	0	0	0	0	0	0	0	0	0	0	0	0	0	0	0	0	0	0	0	0	0	0	0	0	0	0	0	0	0	0	0	0	
N34	0.114854	0.109139	0.103153	0.0968015	0.089982	0.082636	0.0747886	0.066564	0.0575376	0.0487214	0.0398765	0.0319041	0.0245725	0.0185034	0.0133686	0.0094751	0.00642626	0.0043109	0.00276252	0.00177749	0.00109067	0.000686624	0.000410301	0.000257538	0.000151915	9.59336e-005	5.61178e-005	3.56243e-005	2.08177e-005	1.34221e-005	8.10001e-006	5.55041e-006	3.76214e-006	3.01342e-006	2.60078e-006	2.77038e-006	
Ectobius_pallidus	0	0	0	0	1	0	0	0	0	0	0	0	0	0	0	0	0	0	0	0	0	0	0	0	0	0	0	0	0	0	0	0	0	0	0	0	
Panchlora_viridis	0	0	0	0	0	0	0	0	0	0	0	0	1	0	0	0	0	0	0	0	0	0	0	0	0	0	0	0	0	0	0	0	0	0	0	0	
N35	0.130385	0.123014	0.114653	0.105447	0.0955498	0.0851539	0.0744992	0.0638726	0.0529497	0.0428279	0.0332912	0.0251673	0.0181826	0.0127653	0.00852638	0.00555057	0.00342651	0.00207826	0.00119271	0.000682096	0.000368239	0.000201945	0.000103996	5.54813e-005	2.75277e-005	1.43636e-005	6.88151e-006	3.50345e-006	1.6291e-006	8.15074e-007	3.77475e-007	1.9229e-007	9.52877e-008	5.45482e-008	3.45537e-008	2.98321e-008	
N36	0.12797	0.121145	0.113618	0.105349	0.0963146	0.0865646	0.0762545	0.0656488	0.0544737	0.0439093	0.0338766	0.0252725	0.0179402	0.0122831	0.00796641	0.00498285	0.00294247	0.00168001	0.000903398	0.00047224	0.00023205	0.000111775	5.05153e-005	2.26292e-005	9.49868e-006	4.00622e-006	1.58329e-006	6.38673e-007	2.42734e-007	9.57532e-008	3.60629e-008	1.43039e-008	5.55898e-009	2.33855e-009	1.06647e-009	6.77249e-010	
N37	0.14063	0.132494	0.123151	0.112725	0.101304	0.0890243	0.0761446	0.0630856	0.0498949	0.0378727	0.0271941	0.0186158	0.0119738	0.00731676	0.00418148	0.00226925	0.00114813	0.000553077	0.000247828	0.000106384	4.23933e-005	1.63553e-005	5.8426e-006	2.0528e-006	6.65573e-007	2.16858e-007	6.48941e-008	2.00489e-008	5.68667e-009	1.72102e-009	4.84986e-010	1.50425e-010	4.48622e-011	1.49911e-011	5.38053e-012	2.95504e-012	
N38	0.0946345	0.0988358	0.109269	0.121238	0.128373	0.125115	0.109814	0.0858082	0.0586785	0.0354501	0.0186737	0.00870923	0.00354747	0.00128797	0.000409914	0.000117441	2.96301e-005	6.81814e-006	1.38815e-006	2.62093e-007	4.39661e-008	6.97824e-009	9.86354e-010	1.3483e-010	1.64191e-011	1.97509e-012	2.11355e-013	2.277e-014	2.18999e-015	2.15872e-016	1.92637e-017	1.78629e-018	1.53588e-019	1.37001e-020	1.18136e-021	1.49609e-022	
Blattella_bisignata	0	0	0	0	0	1	0	0	0	0	0	0	0	0	0	0	0	0	0	0	0	0	0	0	0	0	0	0	0	0	0	0	0	0	0	0	
Blattella_germanica	0	0	0	0	0	1	0	0	0	0	0	0	0	0	0	0	0	0	0	0	0	0	0	0	0	0	0	0	0	0	0	0	0	0	0	0	
Blattella_sauteri	0	0	0	0	0	1	0	0	0	0	0	0	0	0	0	0	0	0	0	0	0	0	0	0	0	0	0	0	0	0	0	0	0	0	0	0	
Loboptera_decipiens	0	0	0	0	0	0	0	0	0	0	1	0	0	0	0	0	0	0	0	0	0	0	0	0	0	0	0	0	0	0	0	0	0	0	0	0	
N39	0.0556282	0.0564737	0.0600383	0.0654515	0.0717792	0.0780051	0.0830388	0.0858243	0.0845234	0.0797683	0.0709129	0.060011	0.0475241	0.0357596	0.0250886	0.0167486	0.0104042	0.00617429	0.0034054	0.00180552	0.000888849	0.00042408	0.000187679	8.12787e-005	3.26422e-005	1.29697e-005	4.78512e-006	1.76762e-006	6.09957e-007	2.13249e-007	7.04075e-008	2.37632e-008	7.72316e-009	2.63035e-009	9.62817e-010	5.1086e-010	
N40	0.0201619	0.0221088	0.0269037	0.0347166	0.045659	0.0594286	0.0749588	0.0902555	0.101407	0.106636	0.102961	0.0921792	0.0751045	0.0566078	0.0386387	0.024469	0.0139895	0.00748043	0.0036018	0.0016452	0.000674424	0.000267973	9.49748e-005	3.35496e-005	1.04643e-005	3.35291e-006	9.33692e-007	2.7447e-007	6.92918e-008	1.89513e-008	4.48766e-009	1.18403e-009	2.83506e-010	7.71654e-011	2.14987e-011	9.37211e-012	
N41	0.0101621	0.011901	0.0160735	0.0233836	0.0348588	0.0514028	0.0728138	0.0965642	0.116773	0.127697	0.124394	0.108052	0.0829107	0.0565471	0.0339964	0.018207	0.00859995	0.00364302	0.00136379	0.000463849	0.000139834	3.92005e-005	9.7695e-006	2.35262e-006	5.03493e-007	1.09592e-007	2.09385e-008	4.26621e-009	7.45921e-010	1.43811e-010	2.36936e-011	4.41997e-012	7.33401e-013	1.3761e-013	2.51607e-014	7.3259e-015	
Hemithyrsocera_sp	0	0	0	0	0	0	1	0	0	0	0	0	0	0	0	0	0	0	0	0	0	0	0	0	0	0	0	0	0	0	0	0	0	0	0	0	
N42	4.18728e-008	6.80516e-007	7.86003e-006	1.70882e-005	2.75774e-006	2.19093e-007	1.17803e-007	1.47666e-006	4.87633e-005	0.00114948	0.0164738	0.126263	0.405516	0.356668	0.0847733	0.00860022	0.000461556	1.54779e-005	3.44018e-007	5.66639e-009	6.89641e-011	6.94936e-013	5.48884e-015	3.88318e-017	2.20596e-019	1.17617e-021	5.04987e-024	2.08789e-026	6.98698e-029	2.30328e-031	6.28234e-034	1.73604e-036	4.15745e-039	1.02782e-041	2.30094e-044	5.61134e-047	
Symplocodes_sp	0	0	0	0	0	0	0	0	0	0	0	0	0	1	0	0	0	0	0	0	0	0	0	0	0	0	0	0	0	0	0	0	0	0	0	0	
Xestoblatta_sp	0	0	0	0	0	0	0	0	0	0	0	0	1	0	0	0	0	0	0	0	0	0	0	0	0	0	0	0	0	0	0	0	0	0	0	0	
Lobopterella_dimidiatipes	0	0	0	0	0	0	0	0	0	0	0	0	1	0	0	0	0	0	0	0	0	0	0	0	0	0	0	0	0	0	0	0	0	0	0	0	
Symploce_sp	0	0	0	0	0	0	0	1	0	0	0	0	0	0	0	0	0	0	0	0	0	0	0	0	0	0	0	0	0	0	0	0	0	0	0	0	
