NODE	7	8	9	10	11	12	13	14	15	16	17	18	19	20	21	22	23	24	25	26	27	28	29	30	31	32	33	34	35	36	37	38	39	40	41	42	43	44	45	46	47	48	49	50	51	
N1	0.0069099	0.0128131	0.0334131	0.0869171	0.177369	0.253707	0.238016	0.136889	0.045088	0.00807442	0.000764613	3.80559e-005	1.00517e-006	1.43709e-008	1.14119e-010	5.18147e-013	1.04029e-017	4.19412e-019	1.33739e-020	3.42044e-022	7.10906e-024	1.21552e-025	1.72919e-027	2.06817e-029	2.09969e-031	1.82545e-033	1.37008e-035	8.94347e-038	5.11233e-040	2.57523e-042	1.14978e-044	4.57443e-047	1.62981e-049	5.22407e-052	1.51286e-054	3.97401e-057	9.50386e-060	2.07638e-062	4.15763e-065	7.65286e-068	1.29857e-070	2.03669e-073	2.95992e-076	3.99616e-079	5.46809e-082	
N2	0.00861469	0.0182719	0.045971	0.101987	0.175224	0.224785	0.210388	0.136894	0.0586122	0.0160778	0.00280516	0.000335825	2.8052e-005	4.95761e-006	5.35713e-007	2.17418e-007	1.64429e-008	4.14864e-009	1.8366e-010	2.70058e-011	7.08994e-013	6.13119e-014	9.78229e-016	5.0697e-017	5.04967e-019	1.62863e-020	1.0348e-022	2.19034e-024	9.13833e-027	1.4258e-028	3.98703e-031	4.91076e-033	1.42888e-035	3.68063e-037	7.77039e-040	1.15575e-041	5.22195e-044	1.4716e-045	2.22569e-048	2.15602e-050	6.47994e-053	1.24253e-054	1.6675e-057	1.88268e-059	2.99525e-061	
N3	0.0105604	0.0229848	0.0553549	0.111799	0.174423	0.210708	0.19597	0.132939	0.0617317	0.0190363	0.00387823	0.000549688	5.52756e-005	8.56947e-006	8.9364e-007	5.10112e-007	3.65733e-008	2.27984e-008	9.42857e-010	4.84748e-010	1.27604e-011	4.65494e-012	8.32381e-014	2.02859e-014	2.57204e-016	4.18064e-017	3.87593e-019	4.27674e-020	2.9953e-022	2.39368e-023	1.29042e-025	7.71811e-027	3.92286e-029	3.50618e-030	1.41684e-032	8.70101e-034	6.51283e-036	1.02979e-036	2.78052e-039	1.21404e-040	8.64336e-043	1.31428e-043	2.61961e-046	1.43545e-047	1.99723e-048	
N4	0.0136456	0.0305446	0.0683144	0.113258	0.136153	0.142821	0.152063	0.145509	0.107081	0.0580015	0.0227014	0.00714387	0.00174995	0.000683414	0.000186018	0.000109218	2.3629e-005	1.00282e-005	1.46283e-006	4.1907e-007	4.17818e-008	8.30012e-009	5.75546e-010	8.13187e-011	3.97212e-012	4.11825e-013	1.42692e-014	1.11525e-015	2.83536e-017	1.85503e-018	3.5259e-020	1.97131e-021	3.84001e-023	3.14401e-024	4.94562e-026	2.90316e-027	6.42104e-029	5.34889e-030	6.59845e-032	2.84259e-033	4.65325e-035	2.8846e-036	3.5211e-038	1.83709e-039	1.3749e-040	
N5	9.93194e-005	0.000485703	0.0019382	0.00374839	0.00323082	0.00372626	0.0104278	0.0278629	0.0576803	0.0973103	0.133175	0.160723	0.153032	0.144386	0.0955577	0.0673661	0.0261585	0.0104021	0.00214083	0.000480579	5.91917e-005	8.68922e-006	7.22565e-007	7.65681e-008	4.62249e-009	3.79754e-010	1.73372e-011	1.15478e-012	4.22452e-014	2.50128e-015	7.74426e-017	4.30275e-018	1.33754e-019	8.57163e-021	2.72522e-022	1.73004e-023	6.07055e-025	4.11291e-026	1.19808e-027	6.22114e-029	1.74902e-030	9.25832e-032	2.87048e-033	1.70549e-034	1.01829e-035	
N6	2.88762e-006	2.12101e-005	0.00014199	0.000412647	0.000472717	0.000528928	0.00204254	0.00915779	0.0289487	0.0671346	0.124355	0.189076	0.218115	0.188395	0.111562	0.0459579	0.0115645	0.00190765	0.000189874	1.29278e-005	5.67544e-007	1.8332e-008	4.06557e-010	7.0469e-012	8.75791e-014	8.93529e-016	6.70671e-018	4.33079e-020	2.11119e-022	9.44713e-025	3.24528e-027	1.11566e-029	3.10777e-032	9.59094e-035	2.35036e-037	6.4081e-040	1.41e-042	3.23631e-045	5.48668e-048	9.42675e-051	1.34306e-053	2.09402e-056	3.06009e-059	4.87774e-062	7.14003e-065	
N7	1.98465e-007	1.96893e-006	1.46573e-005	3.51895e-005	2.70885e-005	2.24825e-005	8.87512e-005	0.000785923	0.00585065	0.029193	0.0962324	0.20769	0.282122	0.231272	0.110357	0.0307146	0.0050325	0.000522278	3.55928e-005	1.88265e-006	6.88831e-008	3.38833e-009	9.37338e-011	6.76809e-012	1.41225e-013	8.02658e-015	1.13434e-016	4.50311e-018	4.53207e-020	1.31594e-021	9.81486e-024	2.13832e-025	1.21183e-027	2.0161e-029	8.76485e-032	1.16692e-033	6.29273e-036	3.29652e-037	7.50732e-039	4.67241e-040	6.79403e-042	2.58047e-043	2.46455e-045	7.65604e-047	2.80506e-048	
N8	9.4634e-011	3.44212e-009	9.25038e-008	7.26935e-007	5.62086e-007	9.37297e-008	3.21677e-008	3.05035e-007	1.3198e-005	0.000392413	0.00660563	0.0578151	0.237065	0.400631	0.242745	0.0503255	0.00423292	0.000168991	3.59845e-006	4.65901e-008	4.0119e-010	3.76189e-012	3.1126e-014	4.29959e-016	2.98523e-018	2.85686e-020	1.28056e-022	7.79867e-025	2.32085e-027	9.41812e-030	1.92739e-032	5.42532e-035	7.8366e-038	1.58218e-040	1.64578e-043	2.45729e-046	1.87251e-049	2.13161e-052	1.20895e-055	1.08239e-058	4.67654e-062	3.51087e-065	1.55102e-068	1.77847e-071	2.62237e-074	
N9	4.96767e-015	9.91717e-013	1.23312e-010	4.19843e-009	2.43255e-009	2.0643e-010	1.27205e-011	9.50859e-012	2.44944e-009	5.51795e-007	6.47716e-005	0.00348233	0.0718954	0.431559	0.438015	0.0533348	0.00163027	1.81134e-005	9.07605e-008	2.37256e-010	3.61144e-013	5.06551e-016	9.18993e-019	8.63631e-021	1.98787e-023	1.31114e-025	1.85751e-028	7.29454e-031	6.49752e-034	1.58728e-036	9.04928e-040	1.41362e-042	5.25286e-046	5.33698e-049	1.3244e-052	8.92651e-056	1.51935e-059	7.05077e-063	8.41871e-067	2.83819e-070	2.423e-074	6.30785e-078	4.46177e-082	1.65778e-085	1.05118e-088	
N10	1.82423e-020	4.79282e-017	6.08024e-014	1.16077e-011	4.28301e-012	2.99213e-014	2.14326e-016	4.88561e-016	1.39638e-012	2.43026e-009	1.81439e-006	0.00047829	0.0337401	0.420102	0.504743	0.0404841	0.000449446	1.19579e-006	1.07142e-009	4.03265e-013	7.42613e-017	8.34698e-021	1.14655e-024	7.02331e-027	2.81368e-030	1.50086e-032	3.07144e-036	1.12395e-038	3.29483e-040	1.12953e-040	9.50588e-043	1.81837e-043	9.44515e-046	1.27795e-046	5.42997e-049	3.71138e-049	1.58103e-050	8.41948e-051	7.07945e-053	4.28276e-054	7.01639e-057	1.51563e-058	1.79591e-061	3.53606e-063	1.58089e-064	
N11	1.66064e-019	4.76028e-017	7.25488e-015	2.20493e-013	1.17793e-013	2.89169e-014	1.86457e-014	1.16477e-013	5.86379e-011	2.78663e-008	7.01753e-006	0.00080407	0.0336774	0.3596	0.526741	0.0768086	0.00233876	2.30808e-005	9.59739e-008	1.99118e-010	2.31564e-013	1.66708e-016	9.93107e-020	3.05469e-021	1.78337e-023	1.24163e-024	4.91983e-027	1.94349e-028	5.31553e-031	1.21898e-032	2.12904e-035	2.90707e-037	2.55941e-040	2.11429e-042	7.43032e-046	2.98471e-048	5.5805e-052	8.18088e-055	9.81846e-059	8.17374e-062	6.37335e-066	4.02279e-069	2.43608e-073	3.86899e-076	1.84085e-078	
N12	2.91712e-023	3.21742e-020	4.35265e-017	2.72036e-014	2.15277e-013	3.17353e-014	2.39481e-015	2.05656e-015	1.76166e-012	1.75449e-009	8.84875e-007	0.000191173	0.014177	0.255181	0.630764	0.0972888	0.00238098	1.57797e-005	3.87192e-008	4.29383e-011	2.46653e-014	8.14991e-018	1.74533e-021	1.55505e-024	1.55328e-027	1.51495e-029	3.03694e-030	3.68689e-030	3.51862e-031	1.23118e-031	7.87365e-033	1.8686e-033	8.61353e-035	1.38678e-035	3.86947e-037	3.89225e-038	6.90505e-040	4.00077e-041	4.95042e-043	2.06934e-044	1.85633e-046	6.54868e-048	4.85937e-050	2.65297e-051	2.92739e-052	
N13	4.59462e-023	4.44171e-020	3.3252e-017	6.7644e-015	4.69229e-014	1.25e-014	1.22214e-015	1.83788e-015	1.32668e-012	1.4076e-009	7.55822e-007	0.000172657	0.0134249	0.250774	0.635698	0.0975715	0.00234295	1.5053e-005	3.54464e-008	3.74046e-011	2.02983e-014	6.28529e-018	1.26571e-021	4.34026e-023	9.3665e-026	3.6211e-026	4.02798e-029	1.0522e-029	5.84537e-033	1.07711e-033	2.82936e-037	3.73577e-038	4.29499e-042	3.90536e-043	1.90071e-047	9.92071e-049	2.48778e-053	5.22482e-055	9.23891e-060	8.19017e-062	1.13438e-066	4.9482e-069	5.56598e-074	1.39235e-076	2.00615e-079	
N14	1.77341e-023	1.98259e-020	1.90167e-017	8.21693e-015	9.87993e-014	4.00397e-014	6.96622e-015	1.77332e-015	3.85341e-013	3.42688e-010	1.75599e-007	4.48672e-005	0.00473028	0.149668	0.757694	0.0861392	0.00171298	1.08674e-005	2.96028e-008	4.13118e-011	3.31904e-014	1.67161e-017	5.73959e-021	6.61021e-024	1.34309e-026	2.32281e-028	4.04472e-031	4.23774e-033	5.38562e-036	3.42463e-038	3.13213e-041	1.21302e-043	7.17805e-047	1.68992e-049	5.29818e-053	7.14718e-056	1.18539e-059	7.52114e-063	7.85835e-067	3.04935e-070	2.09081e-074	6.17596e-078	3.12604e-082	1.26464e-085	1.07595e-088	
Amitermes_darwini	0	0	0	0	0	0	0	0	0	0	0	0	0	0	1	0	0	0	0	0	0	0	0	0	0	0	0	0	0	0	0	0	0	0	0	0	0	0	0	0	0	0	0	0	0	
Amitermes_germanus	0	0	0	0	0	0	0	0	0	0	0	0	0	0	1	0	0	0	0	0	0	0	0	0	0	0	0	0	0	0	0	0	0	0	0	0	0	0	0	0	0	0	0	0	0	
Amitermes_parvus	0	0	0	0	0	0	0	0	0	0	0	0	0	0	1	0	0	0	0	0	0	0	0	0	0	0	0	0	0	0	0	0	0	0	0	0	0	0	0	0	0	0	0	0	0	
Drepanotermes_septentrionalis	0	0	0	0	0	0	0	0	0	0	0	0	0	0	1	0	0	0	0	0	0	0	0	0	0	0	0	0	0	0	0	0	0	0	0	0	0	0	0	0	0	0	0	0	0	
N15	3.65318e-020	9.31113e-018	2.54657e-015	3.09735e-013	3.05566e-012	2.86106e-012	1.17444e-012	1.97572e-012	3.56868e-010	8.92984e-008	1.28488e-005	0.000927721	0.0282526	0.276688	0.558919	0.12814	0.00692583	0.000132606	1.14217e-006	5.15963e-009	1.35884e-011	2.26702e-014	2.65399e-017	1.37829e-019	8.68531e-022	3.562e-023	1.79179e-025	4.4113e-027	1.60279e-029	2.38608e-031	6.15878e-034	5.56266e-036	9.22839e-039	5.01239e-041	4.47141e-044	1.36004e-046	6.87604e-050	1.06979e-052	3.41582e-056	3.52148e-059	7.46165e-063	6.02612e-066	9.80716e-070	1.16608e-072	2.78771e-075	
N16	4.21245e-022	3.31005e-019	2.29091e-016	7.88179e-014	7.05349e-013	1.92564e-013	2.28881e-014	3.64072e-015	6.03853e-013	4.81045e-010	2.20819e-007	5.07519e-005	0.0048772	0.145776	0.761487	0.0859998	0.00179626	1.22668e-005	3.6343e-008	5.53844e-011	4.86384e-014	2.67917e-017	1.00731e-020	9.70072e-024	1.62714e-026	1.8704e-028	2.81803e-031	1.99643e-033	2.12346e-036	9.28113e-039	6.80435e-042	1.86625e-044	8.77117e-048	1.51226e-050	4.15751e-054	4.30859e-057	7.0194e-061	4.04676e-064	4.31354e-068	1.5857e-071	1.15225e-075	3.12512e-079	1.67456e-083	5.07936e-087	2.57681e-090	
Microcerotermes_boreus	0	0	0	0	0	0	0	0	0	0	0	0	0	0	1	0	0	0	0	0	0	0	0	0	0	0	0	0	0	0	0	0	0	0	0	0	0	0	0	0	0	0	0	0	0	
Microcerotermes_nervosus	0	0	0	0	0	0	0	0	0	0	0	0	0	0	1	0	0	0	0	0	0	0	0	0	0	0	0	0	0	0	0	0	0	0	0	0	0	0	0	0	0	0	0	0	0	
Pericapritermes_sp	0	0	0	0	0	0	0	0	0	0	0	0	0	0	1	0	0	0	0	0	0	0	0	0	0	0	0	0	0	0	0	0	0	0	0	0	0	0	0	0	0	0	0	0	0	
N17	7.20133e-021	9.90243e-018	6.42301e-015	6.48589e-013	2.36228e-013	1.93212e-015	3.32052e-017	7.61509e-016	1.6439e-012	2.44113e-009	1.68017e-006	0.000436316	0.0318243	0.413923	0.510587	0.0426999	0.000526773	1.68929e-006	1.97288e-009	1.03734e-012	2.83198e-016	4.56556e-020	1.06228e-023	1.35519e-024	3.83008e-027	4.51739e-028	6.89397e-031	4.88959e-032	3.69821e-035	1.69616e-036	5.56331e-040	1.71559e-041	2.14328e-045	4.2458e-047	2.05201e-051	2.03011e-053	5.13863e-058	1.67218e-060	2.95385e-065	3.55274e-068	4.61652e-073	2.73018e-076	2.61351e-081	1.61524e-084	9.68911e-087	
N18	1.44879e-021	9.9899e-019	3.18044e-016	1.58243e-014	5.63968e-015	3.96942e-016	2.35008e-016	6.64717e-015	8.4888e-012	7.51511e-009	3.26947e-006	0.000588193	0.0337542	0.403132	0.511403	0.0502432	0.000872196	4.44625e-006	8.94511e-009	8.56446e-012	4.43266e-015	1.37121e-018	3.37391e-022	9.40883e-024	3.38476e-026	2.31062e-027	5.35718e-030	2.06196e-031	3.00823e-034	6.86739e-036	5.5347e-039	7.90396e-041	2.76622e-044	2.49617e-046	3.24998e-050	1.47494e-052	9.75309e-057	1.48065e-059	6.61203e-064	4.48591e-067	1.37598e-071	5.9302e-075	1.31628e-079	1.02933e-082	4.16987e-085	
N19	3.86043e-022	1.16722e-019	2.99067e-017	3.71905e-015	2.80417e-014	2.53383e-014	1.65866e-014	2.97644e-013	1.60551e-010	6.82926e-008	1.49477e-005	0.00143988	0.048586	0.40302	0.486601	0.0588046	0.00152029	1.30444e-005	4.8066e-008	8.97011e-011	9.4948e-014	6.21751e-017	2.84966e-020	1.69615e-022	7.04193e-025	3.01584e-026	8.92079e-029	2.21674e-030	4.61065e-033	6.7812e-035	9.50268e-038	8.39928e-040	6.71289e-043	3.60104e-045	1.26705e-048	3.61406e-051	6.54652e-055	7.53602e-058	8.73118e-062	5.7425e-065	4.37905e-069	2.12756e-072	1.2001e-076	9.66985e-080	2.2384e-082	
N20	3.7522e-022	3.23647e-019	2.09814e-016	5.18011e-014	6.03587e-013	4.35757e-013	1.29327e-013	1.32095e-013	3.91392e-011	1.75698e-008	4.33223e-006	0.000505429	0.022808	0.288244	0.59453	0.0910294	0.00284869	2.94355e-005	1.31145e-007	2.97747e-010	3.85893e-013	3.15778e-016	2.0586e-019	2.38441e-021	1.01624e-023	3.09925e-025	9.15033e-028	1.62322e-029	3.28765e-032	3.4861e-034	4.57873e-037	2.96083e-039	2.2074e-042	8.65746e-045	3.26826e-048	6.83949e-051	1.50144e-054	1.5368e-057	2.18663e-061	1.41971e-064	1.35438e-068	6.69321e-072	4.93179e-076	4.15145e-079	8.57556e-082	
Crenetermes_albotarsalis	0	0	0	0	0	0	0	0	0	0	0	0	0	0	1	0	0	0	0	0	0	0	0	0	0	0	0	0	0	0	0	0	0	0	0	0	0	0	0	0	0	0	0	0	0	
N21	1.45717e-022	8.26712e-020	3.57521e-017	7.55477e-015	8.02827e-014	4.74078e-014	1.27738e-014	6.2585e-015	1.59326e-012	1.18664e-009	4.99086e-007	0.000101955	0.00830376	0.194355	0.707462	0.0878072	0.00195641	1.38825e-005	4.20244e-008	6.47129e-011	5.69835e-014	3.13615e-017	1.22194e-020	4.89911e-023	1.51582e-025	4.1937e-027	9.34287e-030	1.54258e-031	2.35496e-034	2.39083e-036	2.36625e-039	1.51478e-041	8.61495e-045	3.4798e-047	1.00366e-050	2.30072e-053	3.68644e-057	3.96946e-060	4.20187e-064	2.62003e-067	1.9027e-071	8.40662e-075	4.49014e-079	2.49469e-082	3.57744e-085	
Cubitermes_sp	0	0	0	0	0	0	0	0	0	0	0	0	0	0	1	0	0	0	0	0	0	0	0	0	0	0	0	0	0	0	0	0	0	0	0	0	0	0	0	0	0	0	0	0	0	
Thoracotermes_macrothorax	0	0	0	0	0	0	0	0	0	0	0	0	0	0	1	0	0	0	0	0	0	0	0	0	0	0	0	0	0	0	0	0	0	0	0	0	0	0	0	0	0	0	0	0	0	
N22	1.5297e-020	1.11154e-017	4.9614e-015	3.31014e-013	8.07243e-013	2.48443e-013	3.10372e-013	2.52813e-012	6.78991e-010	2.57222e-007	5.04934e-005	0.00427213	0.114332	0.486199	0.372564	0.0222382	0.000342395	2.03235e-006	5.78216e-009	9.0473e-012	8.55886e-015	5.26378e-018	2.26827e-021	2.42738e-024	4.74143e-027	6.51138e-029	1.2064e-031	1.04137e-033	1.42952e-036	7.64356e-039	7.69035e-042	2.54717e-044	1.72987e-047	3.50878e-050	1.36907e-053	1.62199e-056	3.57373e-060	2.21162e-063	3.08506e-067	1.26209e-070	1.1726e-074	3.7488e-078	2.63836e-082	1.12149e-085	8.56458e-089	
Procubitermes_sp	0	0	0	0	0	0	0	0	0	0	0	0	1	0	0	0	0	0	0	0	0	0	0	0	0	0	0	0	0	0	0	0	0	0	0	0	0	0	0	0	0	0	0	0	0	
N23	6.02255e-024	1.19795e-020	2.18965e-017	2.17587e-014	2.67984e-013	4.91196e-014	3.89686e-015	2.80635e-016	4.50164e-014	8.28722e-011	8.15714e-008	3.57758e-005	0.00537097	0.174903	0.794624	0.0249238	0.000142535	2.7235e-007	2.30596e-010	1.02184e-013	2.65203e-017	6.74965e-021	4.49854e-024	5.38517e-026	5.61942e-029	4.16714e-031	2.85589e-034	1.23205e-036	5.35925e-040	1.38595e-042	3.38212e-046	5.25767e-049	5.90374e-053	4.83874e-056	3.11965e-060	1.30818e-063	5.47818e-068	1.29604e-071	3.65206e-076	5.86184e-080	1.13221e-084	1.40431e-088	2.5646e-093	1.06966e-096	8.688e-100	
Tuberculitermes_bycanistes	0	0	0	0	0	0	0	0	0	0	0	0	0	0	1	0	0	0	0	0	0	0	0	0	0	0	0	0	0	0	0	0	0	0	0	0	0	0	0	0	0	0	0	0	0	
Unguitermes_sp	0	0	0	0	0	0	0	0	0	0	0	0	0	0	1	0	0	0	0	0	0	0	0	0	0	0	0	0	0	0	0	0	0	0	0	0	0	0	0	0	0	0	0	0	0	
N24	1.3859e-020	4.67948e-018	1.37272e-015	1.64543e-013	1.83205e-012	2.23432e-012	1.24737e-012	2.9963e-012	5.25996e-010	1.23594e-007	1.67677e-005	0.00114304	0.0328003	0.299261	0.543724	0.116831	0.00610747	0.000115588	9.99887e-007	4.59212e-009	1.24154e-011	2.15003e-014	2.72439e-017	2.83656e-019	2.27809e-021	1.25898e-022	7.57819e-025	2.49596e-026	1.09531e-028	2.17053e-030	6.81194e-033	8.09563e-035	1.60025e-037	1.12733e-039	1.11112e-042	4.17045e-045	2.29394e-048	4.1333e-051	1.41545e-054	1.71983e-057	3.87473e-061	3.78051e-064	6.79355e-068	1.18826e-070	4.46447e-073	
N25	1.68034e-024	7.81434e-021	2.66958e-017	3.83228e-014	2.69765e-013	1.5535e-014	3.67117e-016	9.85163e-018	3.61229e-015	8.6316e-012	1.12029e-008	6.82335e-006	0.0015886	0.100205	0.848218	0.0495536	0.000427107	1.07356e-006	1.0877e-009	5.37493e-013	1.46834e-016	2.43411e-020	2.68807e-024	7.21589e-028	3.03414e-031	7.40236e-034	2.65828e-037	4.90779e-040	1.38467e-040	3.20011e-041	9.23641e-043	8.94998e-044	1.87881e-045	1.27163e-046	1.77452e-048	1.02406e-049	1.54243e-050	1.66701e-050	2.05839e-051	2.4537e-052	1.34191e-054	2.26802e-056	9.01793e-059	1.91199e-060	6.71212e-062	
Ephelotermes_melachoma	0	0	0	0	0	0	0	0	0	0	0	0	0	0	1	0	0	0	0	0	0	0	0	0	0	0	0	0	0	0	0	0	0	0	0	0	0	0	0	0	0	0	0	0	0	
N26	2.85928e-025	1.03216e-021	1.99916e-018	1.09255e-015	5.04985e-015	1.60392e-016	2.03097e-018	2.87477e-019	2.01033e-016	8.77194e-013	2.05995e-009	2.20408e-006	0.000857857	0.0824759	0.874133	0.0422829	0.000247283	3.83576e-007	2.27485e-010	6.36926e-014	9.65121e-018	8.71844e-022	5.27285e-026	2.39455e-028	3.25256e-031	1.7591e-032	1.44317e-035	4.92737e-037	2.33103e-040	5.33098e-042	1.33423e-045	2.13194e-047	2.46414e-051	2.76535e-053	1.25245e-057	8.73635e-060	1.47714e-064	2.84909e-067	3.40499e-072	2.65118e-075	2.40889e-080	9.982e-084	6.98734e-089	2.34812e-092	4.14478e-095	
Ephelotermes_taylori	0	0	0	0	0	0	0	0	0	0	0	0	0	0	1	0	0	0	0	0	0	0	0	0	0	0	0	0	0	0	0	0	0	0	0	0	0	0	0	0	0	0	0	0	0	
Macrognathotermes_sunteri	0	0	0	0	0	0	0	0	0	0	0	0	0	0	1	0	0	0	0	0	0	0	0	0	0	0	0	0	0	0	0	0	0	0	0	0	0	0	0	0	0	0	0	0	0	
Lophotermes_septentrionalis	0	0	0	0	0	0	0	0	0	0	0	0	0	0	1	0	0	0	0	0	0	0	0	0	0	0	0	0	0	0	0	0	0	0	0	0	0	0	0	0	0	0	0	0	0	
N27	5.33105e-024	4.80578e-020	2.74317e-016	6.06644e-013	2.34984e-012	3.38165e-014	1.94937e-016	1.02528e-018	3.47776e-016	1.24939e-012	2.41545e-009	2.19011e-006	0.000760874	0.071959	0.893379	0.0337152	0.000183122	2.9082e-007	1.86931e-010	5.87716e-014	1.02325e-017	1.08516e-021	7.65994e-026	7.6622e-030	1.09869e-033	6.11424e-037	9.06881e-041	3.64007e-044	2.26973e-045	1.19229e-046	1.41063e-048	3.06544e-050	2.79715e-052	4.10804e-054	2.62089e-056	3.34134e-058	2.3669e-059	5.70761e-060	2.99571e-061	8.73062e-063	2.10157e-065	9.54498e-068	1.80876e-070	1.16349e-072	1.00483e-074	
N28	2.88301e-024	8.32858e-021	1.25856e-017	5.24456e-015	1.2085e-014	6.71627e-017	2.84595e-019	5.79643e-020	3.35636e-017	1.70958e-013	4.90599e-010	6.80042e-007	0.000369021	0.053962	0.915453	0.0300877	0.000127289	1.53926e-007	7.56644e-011	1.84405e-014	2.53063e-018	2.13821e-022	1.22271e-026	2.21093e-029	2.7228e-032	8.53005e-034	7.33287e-037	1.36873e-038	8.15361e-042	9.39474e-044	3.64441e-047	2.69248e-049	5.72836e-053	2.81423e-055	2.37766e-059	7.40741e-062	1.73934e-066	1.04003e-069	1.6652e-074	4.55785e-078	5.05687e-083	9.23605e-087	7.51303e-092	2.713e-095	5.58637e-098	
Nasutitermes_graveolus	0	0	0	0	0	0	0	0	0	0	0	0	0	0	1	0	0	0	0	0	0	0	0	0	0	0	0	0	0	0	0	0	0	0	0	0	0	0	0	0	0	0	0	0	0	
Nasutitermes_triodiae	0	0	0	0	0	0	0	0	0	0	0	0	0	0	1	0	0	0	0	0	0	0	0	0	0	0	0	0	0	0	0	0	0	0	0	0	0	0	0	0	0	0	0	0	0	
N29	4.66986e-024	1.62548e-020	2.94237e-017	1.38944e-014	3.99624e-014	3.7034e-016	1.07358e-018	7.09054e-020	6.00853e-017	2.98996e-013	8.18219e-010	1.04966e-006	0.000508293	0.0636447	0.902687	0.0330076	0.000150798	1.90563e-007	9.52429e-011	2.30754e-014	3.08922e-018	2.50562e-022	1.37827e-026	7.209e-029	1.15189e-031	7.10672e-033	7.29641e-036	2.75985e-037	1.75991e-040	4.32557e-042	1.56674e-045	2.63189e-047	4.61335e-051	5.44752e-053	3.59635e-057	2.77524e-059	4.92462e-064	6.78794e-067	8.62836e-072	4.86659e-075	4.59125e-080	1.49486e-083	1.06191e-088	4.66513e-092	1.85466e-094	
Nasutitermes_longipennis	0	0	0	0	0	0	0	0	0	0	0	0	0	0	1	0	0	0	0	0	0	0	0	0	0	0	0	0	0	0	0	0	0	0	0	0	0	0	0	0	0	0	0	0	0	
Tumulitermes_pastinator	0	0	0	0	0	0	0	0	0	0	0	0	0	0	1	0	0	0	0	0	0	0	0	0	0	0	0	0	0	0	0	0	0	0	0	0	0	0	0	0	0	0	0	0	0	
N30	4.28014e-016	3.63638e-014	2.07174e-012	3.55734e-011	6.50388e-011	3.1116e-011	8.74975e-012	1.56982e-011	2.44364e-009	4.29397e-007	4.28096e-005	0.00212901	0.0448112	0.3129	0.505453	0.126333	0.00813661	0.000191566	2.05382e-006	1.1601e-008	3.82483e-011	8.07824e-014	1.26913e-016	1.01671e-018	6.75076e-021	1.96353e-022	9.84466e-025	1.70542e-026	6.04819e-029	6.33067e-031	1.56243e-033	9.96426e-036	1.59213e-038	6.13543e-041	5.71224e-044	1.26791e-046	7.09064e-050	9.08104e-053	3.21723e-056	2.92162e-059	6.94706e-063	5.08124e-066	9.8015e-070	1.1121e-072	2.20181e-075	
N31	4.46281e-022	5.23287e-019	6.10959e-016	3.94984e-013	2.27515e-012	1.6013e-013	4.89428e-015	1.40849e-016	1.60245e-014	2.38951e-011	2.03569e-008	8.67488e-006	0.00155236	0.0874911	0.860971	0.0494556	0.000519969	1.80278e-006	2.72519e-009	2.12244e-012	9.52143e-016	2.68009e-019	5.14879e-023	1.74257e-026	9.57993e-030	2.60775e-032	1.43774e-035	2.46726e-038	9.56368e-042	1.00009e-044	2.6939e-048	1.73789e-051	3.09894e-055	1.23441e-058	1.36817e-062	3.31174e-066	2.26063e-070	3.3029e-074	1.44529e-078	1.42087e-082	4.1245e-087	3.03759e-091	6.50163e-096	5.40755e-100	6.24262e-104	
N32	1.82516e-025	8.3595e-022	2.03282e-018	1.52686e-015	4.38931e-015	4.18985e-017	3.29591e-019	2.09357e-020	6.38102e-018	4.39315e-014	1.68257e-010	3.07204e-007	0.000216944	0.041126	0.934579	0.0239992	7.84644e-005	7.21456e-008	2.65438e-011	4.77449e-015	4.77697e-019	2.91259e-023	1.19119e-027	8.87588e-031	5.5554e-034	6.83943e-036	2.8924e-039	2.15871e-041	5.88554e-045	2.79366e-047	4.58727e-051	1.44176e-053	1.25631e-057	2.65643e-060	1.02639e-064	1.34227e-067	1.92833e-072	7.3503e-076	7.13972e-081	1.26438e-084	8.75806e-090	9.45292e-094	4.78277e-099	5.46578e-103	2.65375e-106	
Macrotermes_bellicosus	0	0	0	0	0	0	0	0	0	0	0	0	0	0	1	0	0	0	0	0	0	0	0	0	0	0	0	0	0	0	0	0	0	0	0	0	0	0	0	0	0	0	0	0	0	
Microtermes_sp	0	0	0	0	0	0	0	0	0	0	0	0	0	0	1	0	0	0	0	0	0	0	0	0	0	0	0	0	0	0	0	0	0	0	0	0	0	0	0	0	0	0	0	0	0	
Protermes_sp	0	0	0	0	0	0	0	0	0	0	0	0	0	0	1	0	0	0	0	0	0	0	0	0	0	0	0	0	0	0	0	0	0	0	0	0	0	0	0	0	0	0	0	0	0	
N33	1.94109e-018	2.39409e-016	2.29525e-014	1.0448e-012	5.57776e-012	3.52023e-012	1.07048e-012	9.42541e-013	1.48068e-010	4.23386e-008	7.0014e-006	0.000583935	0.0207593	0.242353	0.597265	0.132356	0.00656208	0.000112992	8.66323e-007	3.4619e-009	8.03125e-012	1.17639e-014	1.19943e-017	4.41931e-020	2.20267e-022	6.84978e-024	2.77266e-026	5.27386e-028	1.48104e-030	1.74995e-032	3.31406e-035	2.48316e-037	2.97094e-040	1.41364e-042	1.00036e-045	2.88473e-048	1.2342e-051	2.00896e-054	5.69411e-058	5.93855e-061	1.15977e-064	8.89651e-068	1.28997e-071	1.10568e-074	1.66611e-077	
Odontotermes_sp	0	0	0	0	0	0	0	0	0	0	0	0	0	0	1	0	0	0	0	0	0	0	0	0	0	0	0	0	0	0	0	0	0	0	0	0	0	0	0	0	0	0	0	0	0	
Pseudacanthotermes_militaris	0	0	0	0	0	0	0	0	0	0	0	0	0	0	1	0	0	0	0	0	0	0	0	0	0	0	0	0	0	0	0	0	0	0	0	0	0	0	0	0	0	0	0	0	0	
N34	1.04298e-011	3.25061e-010	6.44882e-009	3.23658e-008	2.40055e-008	7.20359e-009	6.71678e-009	1.38798e-007	7.99987e-006	0.000290305	0.00569912	0.0550731	0.235655	0.399421	0.245112	0.0538303	0.00471809	0.000188629	3.86475e-006	4.45979e-008	3.12672e-010	1.58499e-012	8.58222e-015	4.76702e-016	6.89977e-018	4.3937e-019	4.08435e-021	1.60839e-022	9.56747e-025	2.41143e-026	9.1845e-029	1.5078e-030	3.66459e-033	3.899e-035	6.0892e-038	4.09636e-040	4.25558e-043	1.80815e-045	1.30384e-048	3.76428e-051	1.93714e-054	4.12935e-057	1.6373e-060	3.98855e-063	1.85196e-065	
N35	1.6433e-012	3.16949e-011	4.7745e-010	2.50292e-009	4.1188e-009	4.7005e-009	5.5207e-009	4.52273e-008	2.29594e-006	9.8551e-005	0.00240783	0.0298788	0.168521	0.383253	0.315563	0.0897655	0.00999349	0.000504071	1.30315e-005	1.90661e-007	1.71761e-009	1.8126e-011	3.32861e-013	5.36824e-014	1.12796e-015	1.20702e-016	1.55822e-018	1.0366e-019	8.25555e-022	3.52401e-023	1.73837e-025	4.7998e-027	1.49507e-029	2.6365e-031	5.40264e-034	6.01368e-036	8.50469e-039	6.12315e-041	6.1836e-044	3.07476e-046	2.26123e-049	8.38172e-052	4.99066e-055	2.69063e-057	3.54486e-059	
Coptotermes_acinaciformis	0	0	0	0	0	0	0	0	0	0	0	0	0	0	1	0	0	0	0	0	0	0	0	0	0	0	0	0	0	0	0	0	0	0	0	0	0	0	0	0	0	0	0	0	0	
N36	2.98933e-019	2.9536e-016	2.58442e-013	9.54451e-011	3.25504e-010	1.6211e-011	3.25561e-013	1.1057e-014	2.28784e-012	1.49971e-009	5.48171e-007	9.85095e-005	0.00736677	0.17446	0.742765	0.0739063	0.0013938	8.78773e-006	2.43063e-008	3.47016e-011	2.85288e-014	1.5221e-017	6.12622e-021	6.03673e-024	5.31536e-027	1.1147e-029	7.5341e-033	9.67112e-036	4.36815e-039	3.46121e-042	1.0483e-045	5.27973e-049	1.06843e-052	3.50308e-056	4.74505e-060	1.04021e-063	9.54296e-068	1.45656e-071	9.20819e-076	1.03233e-079	4.59615e-084	4.02802e-088	1.46157e-092	1.57405e-096	2.23006e-100	
Reticulitermes_flavipes	0	0	0	0	0	0	0	0	0	0	0	0	0	0	1	0	0	0	0	0	0	0	0	0	0	0	0	0	0	0	0	0	0	0	0	0	0	0	0	0	0	0	0	0	0	
N37	1.2452e-020	1.62893e-017	1.2308e-014	2.57065e-012	6.63429e-012	1.99075e-013	2.02174e-015	1.60513e-016	5.87972e-014	8.8352e-011	7.15248e-008	2.66743e-005	0.00375821	0.144406	0.785959	0.0650458	0.000801006	2.84815e-006	4.03588e-009	2.75924e-012	1.033e-015	2.34149e-019	3.87794e-023	4.271e-025	7.1364e-028	3.5484e-029	3.42687e-032	1.10914e-033	6.06047e-037	1.33985e-038	4.00621e-042	6.19619e-044	9.66368e-048	1.02845e-049	7.94308e-054	5.19034e-056	1.94269e-060	4.77482e-063	1.26014e-067	1.49768e-070	3.00447e-075	2.063e-078	3.22706e-083	1.64808e-086	1.8316e-089	
Reticulitermes_lucifugus	0	0	0	0	0	0	0	0	0	0	0	0	0	0	1	0	0	0	0	0	0	0	0	0	0	0	0	0	0	0	0	0	0	0	0	0	0	0	0	0	0	0	0	0	0	
Reticulitermes_urbis	0	0	0	0	0	0	0	0	0	0	0	0	0	0	1	0	0	0	0	0	0	0	0	0	0	0	0	0	0	0	0	0	0	0	0	0	0	0	0	0	0	0	0	0	0	
Schedorhinotermes_lamanianus	0	0	0	0	0	0	0	0	0	0	0	0	1	0	0	0	0	0	0	0	0	0	0	0	0	0	0	0	0	0	0	0	0	0	0	0	0	0	0	0	0	0	0	0	0	
N38	6.13368e-010	1.09979e-008	1.41631e-007	6.1482e-007	7.36047e-007	4.63729e-007	1.85416e-006	4.02455e-005	0.000813452	0.0102433	0.0694883	0.230189	0.352243	0.243805	0.0774656	0.0131269	0.00207867	0.000428887	6.74767e-005	6.5056e-006	3.85286e-007	1.88308e-008	7.89529e-010	7.95534e-011	3.37505e-012	2.61521e-013	6.16268e-015	2.54423e-016	3.29745e-018	1.24559e-019	2.66341e-020	2.6227e-020	1.21434e-020	2.19953e-020	2.5277e-020	5.70657e-020	3.84752e-020	3.78031e-020	9.89662e-021	3.9867e-021	4.942e-022	1.22703e-022	1.16819e-023	3.321e-024	1.42407e-024	
N39	4.08094e-010	5.74146e-009	5.56894e-008	2.14708e-007	3.1253e-007	3.22376e-007	1.54621e-006	3.14506e-005	0.000647859	0.00849873	0.0611139	0.2169	0.354175	0.257611	0.084314	0.0142417	0.00204859	0.000362048	4.91348e-005	4.02066e-006	1.97817e-007	7.66479e-009	2.61418e-010	1.74795e-011	5.69237e-013	2.70557e-014	4.56337e-016	1.10062e-017	9.51695e-020	1.18463e-021	5.50453e-024	3.68653e-026	9.71507e-029	3.69059e-031	5.77309e-034	1.34328e-036	1.27055e-039	2.25914e-042	1.18891e-045	4.6903e-048	1.10063e-051	3.2558e-053	7.52308e-057	4.97062e-058	2.55878e-059	
N40	3.3308e-011	3.98683e-010	5.62539e-009	4.39057e-008	1.31431e-007	2.86136e-007	1.87749e-006	4.09331e-005	0.000589831	0.00489	0.0286425	0.127988	0.318643	0.340726	0.147502	0.028054	0.0027437	0.000170117	7.6687e-006	2.42002e-007	4.89749e-009	7.74156e-011	9.35244e-013	3.82551e-014	4.8934e-016	2.17535e-017	1.63576e-019	4.30492e-021	1.86737e-023	2.91946e-025	7.65822e-028	7.32246e-030	1.22844e-032	7.45229e-035	8.39665e-038	3.39377e-040	2.68524e-043	7.79737e-046	4.63156e-049	1.10209e-051	5.56942e-055	1.24729e-057	6.62124e-061	2.01874e-063	7.88144e-066	
N41	9.81277e-011	7.12225e-010	9.12662e-009	9.82379e-008	1.06252e-006	1.80056e-005	0.000269907	0.00195989	0.00693333	0.0134199	0.0194908	0.0533879	0.169076	0.297155	0.268272	0.129341	0.0347766	0.00538295	0.000488818	2.65852e-005	9.07815e-007	4.90149e-008	3.35151e-009	8.66163e-010	4.87225e-011	7.1331e-012	2.43083e-013	2.02541e-014	4.23938e-016	2.10926e-017	2.72413e-019	8.32081e-021	6.76171e-023	1.29444e-024	6.86095e-027	8.61089e-029	3.07988e-031	2.73648e-033	6.80422e-036	4.63026e-038	8.25954e-041	4.63999e-043	8.90193e-046	1.19931e-047	2.69962e-049	
Bifiditermes_improbus	0	0	0	0	0	0	0	0	0	0	0	1	0	0	0	0	0	0	0	0	0	0	0	0	0	0	0	0	0	0	0	0	0	0	0	0	0	0	0	0	0	0	0	0	0	
Neotermes_insularis	0	0	0	0	0	0	0	0	0	0	0	0	0	0	0	0	0	0	0	1	0	0	0	0	0	0	0	0	0	0	0	0	0	0	0	0	0	0	0	0	0	0	0	0	0	
N42	2.20924e-014	5.43902e-012	5.96324e-010	7.19464e-009	3.93949e-009	1.49308e-009	2.62941e-009	4.08633e-008	4.01946e-006	0.00023562	0.00684621	0.0836932	0.350189	0.419467	0.128614	0.0106568	0.000290102	3.22183e-006	1.72965e-008	5.12792e-011	9.26075e-014	1.51974e-016	2.3772e-019	1.27899e-021	2.18897e-024	9.77604e-027	1.0882e-029	3.17853e-032	2.408e-035	4.71635e-038	2.4228e-041	3.1557e-044	1.08434e-047	9.35897e-051	2.1732e-054	1.26371e-057	2.031e-061	8.25745e-065	9.43496e-069	2.82511e-072	2.3682e-076	5.6636e-080	4.60935e-084	2.60474e-087	4.44774e-090	
N43	3.97419e-013	1.57175e-011	2.56897e-010	5.84533e-010	2.28506e-010	1.44651e-010	3.82684e-009	4.29131e-007	3.21681e-005	0.00126739	0.0230963	0.168057	0.417131	0.316244	0.0692133	0.00482548	0.00013088	1.64536e-006	1.09319e-008	4.23092e-011	1.02687e-013	1.74771e-016	3.21672e-019	1.53517e-020	1.457e-022	9.75576e-024	6.3149e-026	2.65515e-027	1.1351e-029	3.08049e-031	8.17494e-034	1.44963e-035	2.224e-038	2.50309e-040	2.21311e-043	1.44098e-045	8.11856e-049	2.93645e-051	1.13868e-054	2.55246e-057	6.97417e-061	1.12296e-063	2.33276e-067	5.08094e-070	2.99063e-072	
N44	4.05478e-014	1.57012e-012	3.50186e-011	3.79973e-010	2.69515e-009	1.18499e-008	6.15727e-008	7.53086e-007	4.34882e-005	0.00166765	0.0275548	0.178879	0.413889	0.30709	0.066807	0.0039808	8.68802e-005	8.58536e-007	4.44001e-009	1.33616e-011	2.56173e-014	6.84509e-017	3.29379e-019	9.74887e-021	5.06846e-023	9.40483e-025	3.21295e-027	3.59602e-029	7.91204e-032	5.49615e-034	7.53518e-037	3.27634e-039	2.78669e-042	7.4875e-045	4.09406e-048	6.83158e-051	2.50466e-054	2.80531e-057	7.07798e-061	5.90991e-064	1.05295e-067	7.16459e-071	1.26699e-074	2.15339e-077	6.2449e-080	
N45	3.23711e-013	9.61008e-012	5.37624e-011	7.3647e-010	8.02382e-009	6.35832e-008	3.59897e-007	8.58832e-006	0.00097341	0.0196662	0.137161	0.370619	0.364829	0.103194	0.00351348	3.44717e-005	1.35953e-007	2.63101e-010	2.84787e-013	1.88932e-016	8.21787e-020	2.59322e-023	8.16483e-027	3.73615e-029	5.62642e-032	4.44589e-034	4.8826e-037	2.47257e-039	1.89551e-042	6.2771e-045	3.19324e-048	6.98963e-051	2.239e-054	3.18583e-057	6.36434e-061	5.58309e-064	7.2756e-068	3.81845e-071	3.42796e-075	1.21903e-078	7.73834e-083	2.10424e-086	1.04778e-090	3.97004e-094	3.14296e-097	
Cryptotermes_austrinus	0	0	0	0	0	0	0	0	0	0	0	0	0	1	0	0	0	0	0	0	0	0	0	0	0	0	0	0	0	0	0	0	0	0	0	0	0	0	0	0	0	0	0	0	0	
Cryptotermes_primus	0	0	0	0	0	0	0	0	1	0	0	0	0	0	0	0	0	0	0	0	0	0	0	0	0	0	0	0	0	0	0	0	0	0	0	0	0	0	0	0	0	0	0	0	0	
Cryptotermes_queenslandis	0	0	0	0	0	0	0	0	0	0	0	0	0	0	1	0	0	0	0	0	0	0	0	0	0	0	0	0	0	0	0	0	0	0	0	0	0	0	0	0	0	0	0	0	0	
Cryptotermes_brevis	0	0	0	0	0	0	0	0	0	0	0	1	0	0	0	0	0	0	0	0	0	0	0	0	0	0	0	0	0	0	0	0	0	0	0	0	0	0	0	0	0	0	0	0	0	
N46	1.32654e-016	1.96262e-014	2.60337e-012	7.41383e-011	2.53725e-010	3.98406e-010	1.00298e-009	8.73204e-009	2.08209e-007	1.35549e-005	0.000943909	0.0278091	0.237187	0.486985	0.2222	0.0241575	0.000697639	6.25431e-006	2.0649e-008	3.1579e-011	3.59378e-014	7.56509e-016	2.2631e-018	5.02518e-020	6.98058e-023	7.88063e-025	5.4031e-028	3.38728e-030	2.63382e-033	1.8122e-033	6.95552e-035	2.34867e-035	4.00914e-037	7.80596e-038	1.10631e-039	3.34742e-040	1.97238e-041	8.51512e-042	2.04331e-043	2.4598e-044	1.90867e-046	1.01335e-047	7.2374e-050	1.89955e-050	8.89336e-051	
N47	1.26119e-016	1.26541e-014	9.85242e-013	1.94273e-011	1.2772e-010	5.27418e-010	2.60287e-009	1.88922e-008	2.87909e-007	1.06708e-005	0.000688957	0.022439	0.211555	0.480716	0.250626	0.0327607	0.00118979	1.36514e-005	5.63669e-008	9.86204e-011	9.44359e-014	7.21032e-015	3.69919e-017	1.15859e-017	2.36126e-020	3.94562e-021	3.26092e-024	3.15756e-025	1.08432e-028	2.00814e-029	2.60029e-031	9.15382e-031	6.43501e-033	1.01113e-032	4.27977e-035	4.05445e-035	2.40913e-037	1.89825e-037	8.81021e-040	2.64323e-040	6.68382e-043	9.36361e-044	1.8043e-046	6.8958e-047	1.8298e-046	
Cryptotermes_cynocephalus	0	0	0	0	0	0	0	0	0	0	0	0	0	0	0	1	0	0	0	0	0	0	0	0	0	0	0	0	0	0	0	0	0	0	0	0	0	0	0	0	0	0	0	0	0	
N48	2.95675e-016	2.26703e-014	1.029e-012	1.63308e-011	1.28975e-010	7.23736e-010	5.92446e-009	8.93609e-008	1.37437e-006	2.37029e-005	0.000925755	0.023674	0.202808	0.462961	0.264585	0.0427052	0.00226962	4.5233e-005	3.72341e-007	1.44111e-009	2.95977e-012	1.30092e-014	1.84198e-016	1.50981e-016	2.11662e-018	1.10128e-018	7.96977e-021	2.56682e-021	8.36001e-024	1.75581e-024	2.33023e-027	3.1509e-028	1.76192e-031	1.33926e-032	3.9295e-036	1.36259e-037	2.64237e-041	3.92375e-043	5.59621e-047	3.90351e-049	4.20235e-053	1.64595e-055	1.38291e-059	9.70192e-062	5.63647e-063	
N49	7.4347e-014	2.92176e-012	4.00922e-011	1.74923e-009	7.54149e-008	7.02996e-007	3.11613e-006	1.40626e-005	0.000556619	0.0103668	0.0773988	0.257464	0.379715	0.227197	0.045379	0.0018757	2.81179e-005	1.96577e-007	7.4431e-010	1.6881e-012	2.46623e-015	2.45981e-018	1.76944e-021	1.6429e-024	2.74067e-027	2.85346e-029	6.81823e-032	5.18614e-034	9.49358e-037	4.664e-039	6.38886e-042	2.02498e-044	1.94653e-047	3.97526e-050	2.50593e-053	3.28244e-056	1.36481e-059	1.17044e-062	3.31614e-066	2.0181e-069	4.00684e-073	1.90536e-076	2.91434e-080	1.56665e-083	1.14362e-086	
Cryptotermes_domesticus	0	0	0	0	0	0	0	0	1	0	0	0	0	0	0	0	0	0	0	0	0	0	0	0	0	0	0	0	0	0	0	0	0	0	0	0	0	0	0	0	0	0	0	0	0	
Incisitermes_sp	0	0	0	0	0	0	0	0	0	0	0	0	0	0	1	0	0	0	0	0	0	0	0	0	0	0	0	0	0	0	0	0	0	0	0	0	0	0	0	0	0	0	0	0	0	
Procryptotermes_australiensis	0	0	0	0	0	0	0	0	0	0	0	0	0	0	0	0	0	1	0	0	0	0	0	0	0	0	0	0	0	0	0	0	0	0	0	0	0	0	0	0	0	0	0	0	0	
N50	2.88142e-016	6.36228e-014	1.08261e-011	5.63689e-010	3.57353e-010	7.01241e-011	8.56876e-012	4.47638e-011	1.18719e-008	2.25613e-006	0.000227915	0.0105204	0.174933	0.664645	0.142558	0.00698896	0.00012345	9.96235e-007	4.26254e-009	1.07173e-011	1.7078e-014	1.90194e-017	1.74899e-020	6.17069e-023	1.72881e-025	1.40699e-027	3.14305e-030	1.60749e-032	2.60301e-035	8.36699e-038	9.5484e-041	1.9426e-043	1.48522e-046	1.92683e-049	9.63441e-053	8.1009e-056	2.69179e-059	1.56265e-062	3.54041e-066	1.55612e-069	2.49106e-073	9.05369e-077	1.27169e-080	7.04049e-084	5.70145e-087	
Cryptotermes_dudleyi	0	0	0	0	0	0	0	0	0	0	0	0	0	1	0	0	0	0	0	0	0	0	0	0	0	0	0	0	0	0	0	0	0	0	0	0	0	0	0	0	0	0	0	0	0	
Cryptotermes_secundus	0	0	0	0	0	0	0	0	0	0	0	0	0	1	0	0	0	0	0	0	0	0	0	0	0	0	0	0	0	0	0	0	0	0	0	0	0	0	0	0	0	0	0	0	0	
N51	6.03937e-012	2.95924e-010	1.37525e-008	2.64729e-007	6.23819e-007	1.99862e-007	3.04032e-008	2.2783e-008	7.38552e-007	3.07969e-005	0.000808475	0.0121519	0.0946904	0.330982	0.412811	0.132313	0.0153625	0.00082403	2.38365e-005	4.20091e-007	4.92647e-009	5.16908e-011	5.20759e-013	9.27948e-015	1.07089e-016	1.62602e-018	1.32173e-020	1.30198e-022	7.23202e-025	4.73676e-027	1.82533e-029	8.23845e-032	2.23709e-034	7.21894e-037	1.40647e-039	3.37827e-042	4.82485e-045	9.00423e-048	9.65808e-051	1.46255e-053	1.22786e-056	1.65911e-059	1.60193e-062	3.45708e-065	9.19806e-068	
Glyptotermes_brevicornis	0	0	0	0	0	0	0	0	0	0	0	0	0	0	1	0	0	0	0	0	0	0	0	0	0	0	0	0	0	0	0	0	0	0	0	0	0	0	0	0	0	0	0	0	0	
Glyptotermes_iridipennis	0	0	0	0	0	0	0	0	0	0	0	0	0	0	1	0	0	0	0	0	0	0	0	0	0	0	0	0	0	0	0	0	0	0	0	0	0	0	0	0	0	0	0	0	0	
Kalotermes_flavicollis	0	0	0	0	0	0	0	0	0	0	0	0	0	0	0	0	0	0	0	0	0	0	0	0	0	0	0	1	0	0	0	0	0	0	0	0	0	0	0	0	0	0	0	0	0	
N52	3.50667e-006	2.04369e-005	0.000114584	0.000328321	0.000452176	0.000673133	0.00250244	0.0101814	0.0298509	0.0650637	0.117822	0.182022	0.218316	0.192578	0.116752	0.0482764	0.012647	0.00214757	0.000230457	1.67643e-005	8.07784e-007	7.34395e-008	2.63267e-009	2.21353e-009	5.7018e-011	4.02911e-011	6.62611e-013	3.12823e-013	3.46613e-015	1.12687e-015	8.77242e-018	2.01313e-018	1.16147e-020	1.96704e-021	8.51897e-024	1.05934e-024	3.543e-027	3.307e-028	8.4694e-031	5.62423e-032	1.13422e-034	5.55491e-036	8.94537e-039	3.31407e-040	5.74853e-042	
Porotermes_adamsoni	0	0	0	0	0	0	0	0	0	0	0	0	0	1	0	0	0	0	0	0	0	0	0	0	0	0	0	0	0	0	0	0	0	0	0	0	0	0	0	0	0	0	0	0	0	
N53	2.15422e-006	6.18777e-006	2.78277e-005	0.00015321	0.000930546	0.00492593	0.0174515	0.0362666	0.0455971	0.0438947	0.057079	0.107547	0.175795	0.205196	0.1658	0.0924134	0.0355068	0.00942453	0.00173182	0.000226852	2.16651e-005	2.2024e-006	2.1999e-007	4.66825e-008	4.89226e-009	8.2768e-010	5.89485e-011	6.55035e-012	3.18171e-013	2.40667e-014	8.21411e-016	4.39766e-017	1.08384e-018	4.24918e-020	7.72552e-022	2.27995e-023	3.10807e-025	7.07821e-027	7.3205e-029	1.31593e-030	1.04565e-032	1.54774e-034	1.146e-036	2.32922e-038	7.6809e-040	
Stolotermes_sp	0	0	0	0	0	0	0	0	0	1	0	0	0	0	0	0	0	0	0	0	0	0	0	0	0	0	0	0	0	0	0	0	0	0	0	0	0	0	0	0	0	0	0	0	0	
N54	3.28156e-010	2.56995e-010	8.0062e-009	3.94149e-007	1.26831e-005	0.000216315	0.00108597	0.000372195	4.01819e-005	2.31693e-006	8.84883e-008	1.87257e-008	4.16327e-007	1.33415e-005	0.000291517	0.00409285	0.0345431	0.162118	0.363267	0.337205	0.08332	0.0124173	0.000936988	6.30595e-005	2.09382e-006	6.57483e-008	1.09706e-009	1.84126e-011	1.75911e-013	1.77323e-015	1.06043e-017	6.97258e-020	2.77605e-022	1.26641e-024	3.5119e-027	1.1672e-029	2.33553e-032	5.89543e-035	8.76726e-038	1.75093e-040	2.06471e-043	3.78885e-046	5.90089e-049	1.72774e-051	5.74471e-054	
Zootermopsis_angusticollis	0	0	0	0	0	0	0	0	0	0	0	0	0	0	0	0	0	0	0	1	0	0	0	0	0	0	0	0	0	0	0	0	0	0	0	0	0	0	0	0	0	0	0	0	0	
Zootermopsis_nevadensis	0	0	0	0	0	0	0	0	0	0	0	0	0	0	0	0	0	0	0	1	0	0	0	0	0	0	0	0	0	0	0	0	0	0	0	0	0	0	0	0	0	0	0	0	0	
Mastotermes_darwiniensis	0	0	0	0	0	0	0	0	0	0	0	0	0	0	0	0	0	0	0	0	0	0	0	0	0	0	0	0	0	0	0	0	0	0	0	0	0	0	0	0	0	0	1	0	0	
N55	0.021471	0.0484644	0.118186	0.222009	0.273169	0.199144	0.0842171	0.0231886	0.00583011	0.0022801	0.00119625	0.000562101	0.000206676	5.91311e-005	1.29577e-005	2.24125e-006	2.98434e-007	3.25416e-008	2.75577e-009	2.02867e-010	1.1639e-011	6.17102e-013	2.51679e-014	9.89224e-016	2.93891e-017	8.63781e-019	1.89724e-020	4.2095e-022	6.95843e-024	1.18869e-025	1.5108e-027	2.03697e-029	2.04352e-031	2.24018e-033	1.82059e-035	1.66555e-037	1.13047e-039	8.90319e-042	5.23087e-044	3.70837e-046	2.12416e-048	1.59362e-050	1.15436e-052	1.04157e-054	1.09743e-056	
N56	0.0290766	0.101996	0.285717	0.35658	0.179564	0.0415285	0.00511846	0.00039511	2.3009e-005	1.17203e-006	5.18093e-008	1.83995e-009	4.9805e-011	1.01844e-012	1.57798e-014	1.8773e-016	1.73155e-018	1.25721e-020	7.2499e-023	3.37542e-025	1.27663e-027	4.0028e-030	1.03956e-032	2.32783e-035	4.41176e-038	8.33872e-041	1.43193e-043	3.9502e-046	8.68083e-049	3.37045e-051	7.26605e-054	2.5165e-056	4.59334e-059	1.31181e-061	1.99466e-064	4.70254e-067	5.97352e-070	1.17428e-072	1.25107e-075	2.0734e-078	1.88334e-081	2.73993e-084	2.48595e-087	4.11342e-090	7.04373e-093	
Cryptocercus_primarius	0	0	0	1	0	0	0	0	0	0	0	0	0	0	0	0	0	0	0	0	0	0	0	0	0	0	0	0	0	0	0	0	0	0	0	0	0	0	0	0	0	0	0	0	0	
Cryptocercus_relictus	0	0	1	0	0	0	0	0	0	0	0	0	0	0	0	0	0	0	0	0	0	0	0	0	0	0	0	0	0	0	0	0	0	0	0	0	0	0	0	0	0	0	0	0	0	
Cryptocercus_punctulatus	0	0	0	0	0	0	0	0	0	0	0	0	0	0	0	0	0	1	0	0	0	0	0	0	0	0	0	0	0	0	0	0	0	0	0	0	0	0	0	0	0	0	0	0	0	
Lamproblatta_albipalpus	0	0	1	0	0	0	0	0	0	0	0	0	0	0	0	0	0	0	0	0	0	0	0	0	0	0	0	0	0	0	0	0	0	0	0	0	0	0	0	0	0	0	0	0	0	
N57	0.00210097	0.00460665	0.0126768	0.0344063	0.0795412	0.141101	0.184265	0.182207	0.145923	0.102561	0.0615949	0.0310534	0.012192	0.00419617	0.00115151	0.00033181	7.16848e-005	1.64134e-005	2.46461e-006	3.79548e-007	3.68563e-008	3.7075e-009	2.33546e-010	1.57049e-011	6.58166e-013	3.07628e-014	8.81188e-016	2.97391e-017	6.04051e-019	1.55419e-020	2.32002e-022	4.74802e-024	5.6221e-026	1.00669e-027	9.98703e-030	1.56032e-031	1.43659e-033	2.10962e-035	1.68574e-037	2.06868e-039	1.63088e-041	2.0354e-043	1.94063e-045	2.71374e-047	4.3445e-049	
N58	0.00135958	0.00322	0.0103506	0.0325554	0.0817231	0.146848	0.182956	0.167276	0.130521	0.0998189	0.0710729	0.0422789	0.0195882	0.00737386	0.0021738	0.000662496	0.000145894	5.91995e-005	1.00851e-005	5.17394e-006	6.30001e-007	2.70023e-007	2.28623e-008	6.99035e-009	4.15706e-010	8.97079e-011	3.81205e-012	5.89179e-013	1.8385e-014	2.10616e-015	4.92517e-017	4.2641e-018	7.77576e-020	5.4514e-021	7.86435e-023	4.42669e-024	5.51787e-026	3.0397e-027	3.01231e-029	1.28822e-030	1.35935e-032	8.43277e-034	7.95982e-036	6.12553e-037	7.93722e-038	
N59	2.26568e-005	6.80513e-005	0.000318623	0.00252279	0.0206508	0.104535	0.257921	0.300985	0.182679	0.0784528	0.0346657	0.0133432	0.00329837	0.000490602	4.38869e-005	2.48113e-006	8.97362e-008	2.25097e-009	3.8786e-011	5.17208e-013	4.94912e-015	3.99797e-017	2.3092e-019	1.21218e-021	4.48597e-024	1.6484e-026	4.21054e-029	1.15902e-031	2.1705e-034	4.5874e-037	6.44566e-040	1.04269e-042	1.11025e-045	1.38391e-048	1.13008e-051	1.10372e-054	7.07227e-058	5.57982e-061	2.88449e-064	1.90773e-067	8.71183e-071	5.57564e-074	3.09319e-077	2.45434e-080	1.99675e-083	
N60	5.67728e-006	1.96354e-005	0.000185788	0.00287303	0.0321939	0.168358	0.327717	0.257844	0.102124	0.0439898	0.0341953	0.0209116	0.00765374	0.00167929	0.000224465	2.23904e-005	1.69265e-006	5.66446e-007	4.33555e-008	1.28792e-008	4.70643e-010	6.99516e-011	1.32922e-012	1.08172e-013	1.18491e-015	5.67288e-017	3.87239e-019	1.1515e-020	5.19906e-023	1.01135e-024	3.15377e-027	4.21688e-029	9.3805e-032	9.09865e-034	1.47777e-036	1.08885e-038	1.35401e-041	9.32041e-044	9.03926e-047	6.09563e-049	1.22276e-051	2.59617e-053	6.33263e-056	1.56661e-057	4.04124e-059	
Blatta_orientalis	0	0	0	0	0	0	0	0	0	0	0	0	0	0	0	0	0	1	0	0	0	0	0	0	0	0	0	0	0	0	0	0	0	0	0	0	0	0	0	0	0	0	0	0	0	
N61	1.93281e-006	1.12976e-007	5.02917e-009	1.46325e-007	2.89861e-005	0.00278156	0.100339	0.82753	0.0678035	0.00149802	1.62302e-005	1.05051e-007	4.19658e-010	1.05552e-012	1.72158e-015	1.94936e-018	1.63598e-021	1.16514e-024	7.13549e-028	4.03299e-031	1.77987e-034	6.85381e-038	1.90781e-041	5.09692e-045	9.71501e-049	2.38629e-052	4.09235e-056	1.18096e-059	1.99616e-063	5.35877e-067	7.58989e-071	1.599e-074	1.76205e-078	2.85109e-082	2.41034e-086	3.05137e-090	2.00944e-094	2.08364e-098	1.1141e-102	1.01548e-106	5.00278e-111	4.60224e-115	2.86601e-119	3.41689e-123	3.91778e-127	
Periplaneta_australasiae	0	0	0	0	0	0	0	1	0	0	0	0	0	0	0	0	0	0	0	0	0	0	0	0	0	0	0	0	0	0	0	0	0	0	0	0	0	0	0	0	0	0	0	0	0	
Periplaneta_fuliginosa	0	0	0	0	0	0	0	1	0	0	0	0	0	0	0	0	0	0	0	0	0	0	0	0	0	0	0	0	0	0	0	0	0	0	0	0	0	0	0	0	0	0	0	0	0	
N62	1.54006e-005	6.26461e-005	0.000327513	0.00166951	0.0108266	0.0630323	0.201579	0.313228	0.244536	0.112781	0.0391541	0.0106653	0.00190161	0.00020692	1.31046e-005	6.29222e-007	1.63355e-008	1.1086e-009	1.67832e-011	1.84792e-012	1.72643e-014	1.26587e-015	7.71174e-018	3.64234e-019	1.62025e-021	5.87297e-023	2.21697e-025	7.51478e-027	2.53521e-029	7.73823e-031	2.12681e-033	5.10188e-035	1.0946e-037	1.98709e-039	3.28768e-042	4.40655e-044	5.91886e-047	6.76823e-049	6.81105e-052	5.51359e-054	6.40523e-057	1.10499e-058	7.91411e-062	9.83266e-064	2.4109e-065	
Periplaneta_americana	0	0	0	0	0	0	0	0	0	0	1	0	0	0	0	0	0	0	0	0	0	0	0	0	0	0	0	0	0	0	0	0	0	0	0	0	0	0	0	0	0	0	0	0	0	
Periplaneta_brunnea	0	0	0	0	0	0	0	1	0	0	0	0	0	0	0	0	0	0	0	0	0	0	0	0	0	0	0	0	0	0	0	0	0	0	0	0	0	0	0	0	0	0	0	0	0	
Deropeltis_erythrocephala	0	0	0	0	0	0	0	0	0	0	0	0	0	0	0	0	0	0	1	0	0	0	0	0	0	0	0	0	0	0	0	0	0	0	0	0	0	0	0	0	0	0	0	0	0	
N63	2.69092e-005	7.48073e-005	0.00014351	0.00024066	0.000576643	0.0026394	0.0172838	0.0839219	0.227917	0.325526	0.235835	0.0873303	0.0166166	0.00175656	0.000106454	4.27667e-006	1.1202e-007	2.35107e-009	3.44094e-011	4.59774e-013	4.23566e-015	3.76307e-017	2.25352e-019	1.34593e-021	5.4145e-024	2.24732e-026	6.31593e-029	1.89293e-031	3.86392e-034	8.68652e-037	1.32746e-039	2.30392e-042	2.71674e-045	3.76472e-048	3.50025e-051	3.95783e-054	3.00545e-057	2.90299e-060	1.85448e-063	1.58561e-066	9.89704e-070	9.20387e-073	7.79816e-076	8.87135e-079	1.04019e-081	
N64	1.74409e-005	4.37265e-005	0.000121316	0.000271293	0.000621009	0.00224484	0.0148344	0.0785409	0.225547	0.330256	0.24133	0.0883197	0.0162053	0.00156255	8.29354e-005	2.72151e-006	5.62133e-008	1.29223e-009	1.41637e-011	2.33297e-012	1.61532e-014	3.98487e-015	1.71522e-017	2.84843e-018	8.0089e-021	8.92532e-022	1.70524e-024	1.2802e-025	1.74096e-028	8.92071e-030	8.97048e-033	3.16801e-034	2.45947e-037	6.25478e-039	3.84236e-042	7.12826e-044	3.58241e-047	5.23146e-049	2.17169e-052	2.44434e-054	9.02046e-058	1.14709e-059	3.97305e-063	1.00203e-064	5.95128e-066	
Eurycotis_floridana	0	0	0	0	0	0	0	1	0	0	0	0	0	0	0	0	0	0	0	0	0	0	0	0	0	0	0	0	0	0	0	0	0	0	0	0	0	0	0	0	0	0	0	0	0	
Pelmatosilpha_sp	0	0	0	0	0	0	0	0	0	0	0	0	1	0	0	0	0	0	0	0	0	0	0	0	0	0	0	0	0	0	0	0	0	0	0	0	0	0	0	0	0	0	0	0	0	
Periplaneta_japonica	0	0	0	0	0	0	0	0	0	0	1	0	0	0	0	0	0	0	0	0	0	0	0	0	0	0	0	0	0	0	0	0	0	0	0	0	0	0	0	0	0	0	0	0	0	
N65	0.00523339	0.00982794	0.0231005	0.0563963	0.122588	0.207943	0.248004	0.194452	0.0959409	0.0298489	0.00576897	0.000806309	7.83285e-005	1.17734e-005	1.0304e-006	1.61317e-007	8.72957e-009	7.849e-010	2.36851e-011	1.19925e-012	2.07479e-014	6.16936e-016	6.31268e-018	1.15181e-019	7.2053e-022	8.56173e-024	3.36076e-026	2.7406e-028	7.19462e-031	4.74373e-033	8.76039e-036	4.79236e-038	9.40268e-041	7.34543e-043	1.07598e-045	5.29966e-048	9.80792e-051	6.13024e-053	6.24746e-056	2.00383e-058	2.4655e-061	1.04397e-063	9.64986e-067	3.37934e-069	1.32458e-071	
N66	0.00585069	0.0110496	0.0245363	0.0547245	0.112212	0.189656	0.236155	0.20095	0.112227	0.0409811	0.00975442	0.00165975	0.000195509	4.08224e-005	4.08575e-006	2.63663e-006	1.82486e-007	1.03116e-007	4.4571e-009	1.62917e-009	4.50518e-011	1.03982e-011	1.8944e-013	2.7819e-014	3.45477e-016	3.31566e-017	2.87998e-019	1.84635e-020	1.16886e-022	5.57062e-024	2.6059e-026	9.15218e-028	4.00148e-030	2.22972e-031	6.57221e-034	1.99672e-035	1.27401e-037	1.22331e-038	2.28903e-041	5.10576e-043	3.03384e-045	2.45606e-046	3.81421e-049	1.13683e-050	7.27978e-052	
N67	0.00650001	0.0122401	0.0249518	0.0482002	0.090367	0.155293	0.212392	0.209868	0.14356	0.067855	0.0220505	0.00539792	0.000950204	0.000283218	4.89585e-005	3.3798e-005	4.62215e-006	2.54878e-006	2.32047e-007	8.68947e-008	5.33975e-009	1.35228e-009	5.73465e-011	9.93158e-012	2.97844e-013	3.62494e-014	7.82787e-016	6.86243e-017	1.10346e-018	7.65262e-020	9.19073e-022	4.99595e-023	5.81076e-025	5.04826e-026	4.25462e-028	2.3313e-029	3.78316e-031	4.83459e-032	3.0478e-034	1.3149e-035	1.7285e-037	1.78616e-038	1.03519e-040	5.97901e-042	6.11952e-043	
N68	3.37247e-005	0.000343363	0.00155021	0.00197977	0.00113286	0.00127622	0.0065534	0.0272087	0.0836739	0.192367	0.279084	0.236101	0.115045	0.0408337	0.0102239	0.00225698	0.000300861	3.36785e-005	1.95224e-006	9.47214e-008	2.38491e-009	5.35082e-011	6.51471e-013	7.62616e-015	5.03749e-017	3.45828e-019	1.3633e-021	6.02922e-024	1.54005e-026	4.78387e-029	8.38434e-032	1.93093e-034	2.504e-037	4.69113e-040	4.73134e-043	7.25922e-046	6.33837e-049	8.71166e-052	6.27974e-055	6.9211e-058	4.73654e-061	5.13183e-064	4.13338e-067	4.81659e-070	5.44687e-073	
N69	3.74047e-007	5.30578e-006	2.65431e-005	4.22065e-005	6.23519e-005	0.000163745	0.0012466	0.0100235	0.0528808	0.169684	0.296451	0.269543	0.134515	0.0489286	0.0129396	0.00307243	0.000350462	6.15992e-005	2.13595e-006	3.5583e-007	4.25453e-009	5.03293e-010	3.54589e-012	3.73433e-013	2.50223e-015	2.11174e-016	8.64984e-019	3.97808e-020	8.67586e-023	2.1232e-024	2.54252e-027	3.39763e-029	2.45215e-032	2.02055e-034	9.11835e-038	4.61478e-040	1.48515e-043	6.0509e-046	1.27118e-049	3.10023e-052	5.83129e-056	1.87176e-058	2.0202e-062	3.94163e-065	1.34439e-067	
N70	7.45846e-008	6.79397e-007	2.88629e-006	7.20061e-006	1.93968e-005	7.46782e-005	0.000627173	0.0063298	0.0422081	0.156629	0.294272	0.27418	0.142128	0.0574002	0.0197242	0.00531904	0.000907988	0.000146446	1.29463e-005	9.40288e-006	6.20139e-007	7.35285e-007	4.72539e-008	8.06433e-008	5.58419e-009	6.50594e-009	2.41411e-010	1.44567e-010	2.7433e-012	8.30518e-013	8.33283e-015	1.26813e-015	7.20426e-018	5.84074e-019	1.96008e-021	8.53144e-023	1.82646e-025	5.13033e-027	7.15522e-030	1.13821e-031	1.14867e-034	1.88593e-036	1.81415e-039	6.5448e-041	4.74261e-042	
N71	2.35534e-008	1.32016e-007	6.00253e-007	1.88685e-006	6.03169e-006	5.1471e-005	0.000850765	0.0108099	0.0714496	0.2178	0.300266	0.198732	0.0854027	0.0488133	0.0336293	0.0189949	0.00882409	0.00317651	0.000799399	0.000199428	5.70559e-005	7.92781e-005	2.52752e-005	2.41309e-005	4.09011e-006	1.99979e-006	1.74433e-007	4.37808e-008	1.98238e-009	2.61203e-010	6.37249e-012	4.55105e-013	6.33803e-015	2.58469e-016	2.16474e-018	5.36405e-020	2.82641e-022	4.6302e-024	1.59541e-026	1.84855e-028	4.31704e-031	3.90965e-033	1.37878e-035	4.58756e-037	2.09202e-038	
N72	5.31012e-010	1.28422e-008	2.43953e-007	2.70875e-006	1.29762e-005	3.61188e-005	0.000130982	0.0013712	0.0173343	0.106858	0.274484	0.309059	0.177542	0.0653138	0.0214269	0.0116841	0.0086051	0.00433332	0.001354	0.000324075	8.35036e-005	3.07548e-005	9.73097e-006	2.44873e-006	3.56052e-007	3.63395e-008	2.05941e-009	8.31693e-011	1.92034e-012	3.42698e-014	3.56196e-016	3.58656e-018	2.02147e-020	1.91456e-022	8.4678e-025	9.33028e-027	3.34165e-029	2.87692e-031	7.29414e-034	4.34365e-036	7.80037e-039	3.50867e-041	8.82642e-044	6.85466e-046	5.79469e-048	
N73	2.43474e-010	5.21487e-009	1.1695e-007	1.64966e-006	1.16712e-005	4.66048e-005	0.000119696	0.00056069	0.00743616	0.0592434	0.207072	0.322185	0.243827	0.102707	0.031818	0.0136275	0.00753117	0.00287781	0.000715841	0.000157491	4.2688e-005	1.40457e-005	3.61781e-006	6.33288e-007	6.35841e-008	4.03382e-009	1.44913e-010	3.36757e-012	4.66948e-014	4.42982e-016	2.67859e-018	1.24475e-020	3.90961e-023	1.3215e-025	2.77892e-028	1.61985e-030	2.64849e-033	6.47076e-035	1.12452e-037	4.76101e-039	6.89582e-042	2.50163e-043	1.77947e-045	1.13159e-046	5.61909e-048	
N74	3.22664e-011	2.09418e-009	1.31625e-007	2.95159e-006	1.27072e-005	1.51497e-005	1.78777e-005	6.60212e-005	0.000281225	0.00158006	0.0148796	0.0922937	0.267194	0.342497	0.203151	0.0629199	0.012753	0.00206903	0.000239906	2.45811e-005	1.72574e-006	1.37019e-007	5.09005e-009	2.01216e-010	3.08203e-012	6.53485e-014	4.63203e-016	6.70336e-018	2.69025e-020	2.66252e-022	6.66672e-025	4.36024e-027	7.16387e-030	3.2745e-032	3.74662e-035	1.31576e-037	1.16824e-040	3.66844e-043	3.13066e-046	1.02538e-048	9.66494e-052	3.39616e-054	7.13534e-057	5.45727e-059	4.38985e-061	
N75	5.68773e-011	3.6628e-009	1.5425e-007	1.25265e-006	2.36719e-006	2.4063e-006	6.80309e-006	1.45673e-005	3.3376e-005	0.000362862	0.00637377	0.0637288	0.255668	0.37536	0.226444	0.0625016	0.00877072	0.000693656	3.36674e-005	1.11833e-006	2.55224e-008	4.5797e-010	5.28229e-012	4.86259e-014	2.77095e-016	3.17301e-018	3.55627e-020	4.19401e-021	8.4383e-023	9.39057e-024	1.09003e-025	6.84477e-027	4.46874e-029	1.60579e-030	6.29017e-033	1.36221e-034	3.45687e-037	4.87753e-039	8.74341e-042	8.98397e-044	1.24011e-046	1.0225e-048	1.195e-051	9.49563e-054	5.46665e-056	
Archimandrita_tessellata	0	0	0	0	0	0	0	0	0	0	0	0	0	0	0	0	1	0	0	0	0	0	0	0	0	0	0	0	0	0	0	0	0	0	0	0	0	0	0	0	0	0	0	0	0	
N76	4.83259e-012	3.9206e-010	1.69185e-008	1.51588e-008	1.44713e-009	1.03673e-010	5.74024e-010	2.84889e-008	2.40495e-006	0.000213049	0.0109073	0.215194	0.589291	0.168622	0.0151632	0.00059515	1.17543e-005	1.28642e-007	8.50465e-010	8.53524e-012	2.04585e-012	5.77215e-013	1.16255e-013	1.73827e-014	2.04381e-015	6.5232e-016	1.73711e-016	1.48713e-016	2.46808e-017	9.02766e-018	5.14198e-019	3.70797e-020	4.3152e-022	1.01023e-023	4.9672e-026	5.57696e-028	1.45995e-030	9.20499e-033	1.4464e-035	5.63898e-038	5.74808e-041	1.4975e-043	1.07853e-046	2.27028e-049	3.73805e-052	
Blaberus_discoidalis	0	0	0	0	0	0	0	0	0	0	0	0	1	0	0	0	0	0	0	0	0	0	0	0	0	0	0	0	0	0	0	0	0	0	0	0	0	0	0	0	0	0	0	0	0	
Blaberus_giganteus	0	0	0	0	0	0	0	0	0	0	0	0	0	0	0	0	0	0	0	0	0	0	0	0	0	0	0	0	0	0	1	0	0	0	0	0	0	0	0	0	0	0	0	0	0	
Byrsotria_fumigata	0	0	0	0	0	0	0	0	0	0	0	0	0	0	0	0	0	1	0	0	0	0	0	0	0	0	0	0	0	0	0	0	0	0	0	0	0	0	0	0	0	0	0	0	0	
N77	1.50748e-009	1.47109e-007	6.9407e-007	1.12289e-006	3.62236e-006	2.4321e-005	9.47688e-005	0.000213464	0.000499514	0.0177484	0.196475	0.341086	0.283609	0.126747	0.0293871	0.00303155	0.000114864	0.000134158	0.000231084	0.000259554	0.000192375	9.85044e-005	3.42906e-005	9.94635e-006	2.00861e-006	4.13276e-007	3.46299e-008	1.02301e-009	1.02708e-011	9.07147e-014	3.71873e-016	1.57791e-018	3.45432e-021	8.61209e-024	1.16145e-026	1.94676e-029	1.81309e-032	2.27413e-035	1.62079e-038	1.62344e-041	9.49799e-045	7.96799e-048	4.63411e-051	4.3413e-054	4.29043e-057	
Eublaberus_distanti	0	0	0	0	0	0	0	0	0	0	0	0	0	0	0	0	0	0	0	0	0	0	0	0	0	0	1	0	0	0	0	0	0	0	0	0	0	0	0	0	0	0	0	0	0	
Eublaberus_posticus	0	0	0	0	0	0	0	0	0	0	0	0	0	0	0	1	0	0	0	0	0	0	0	0	0	0	0	0	0	0	0	0	0	0	0	0	0	0	0	0	0	0	0	0	0	
Gromphadorhina_portentosa	0	0	0	0	0	0	0	0	0	0	0	0	0	0	0	0	0	0	0	0	0	0	0	0	0	1	0	0	0	0	0	0	0	0	0	0	0	0	0	0	0	0	0	0	0	
N78	3.47783e-009	1.1198e-008	4.16702e-008	1.73903e-007	2.60571e-006	7.78535e-005	0.0013546	0.0083494	0.0175614	0.0151166	0.004363	0.00070434	0.00046562	0.000456583	0.000310541	0.000152602	0.000193235	0.00127969	0.006949	0.0245473	0.0539028	0.107943	0.153998	0.255529	0.185888	0.122372	0.0315493	0.00635792	0.000533829	4.00319e-005	1.46453e-006	5.31412e-008	1.01985e-009	2.10387e-011	2.37244e-013	3.10915e-015	2.22811e-017	2.01722e-019	9.7471e-022	6.52408e-024	2.28682e-026	1.30532e-028	5.70974e-031	5.36526e-033	6.1705e-035	
Lanxoblatta_emarginata	0	0	0	0	0	0	0	0	0	0	0	0	0	0	0	0	0	0	0	0	0	0	0	0	0	0	1	0	0	0	0	0	0	0	0	0	0	0	0	0	0	0	0	0	0	
Phoetalia_sp	0	0	0	0	0	0	0	0	0	0	0	0	0	0	0	0	0	0	0	0	1	0	0	0	0	0	0	0	0	0	0	0	0	0	0	0	0	0	0	0	0	0	0	0	0	
N79	4.29686e-008	2.42265e-007	1.83141e-006	9.74737e-006	2.91498e-005	7.57229e-005	0.000321474	0.00199757	0.0118065	0.0519433	0.150233	0.265965	0.27591	0.165643	0.0595331	0.013896	0.00228135	0.000297531	3.27582e-005	6.64623e-006	1.36404e-006	1.79027e-006	1.58816e-006	3.55043e-006	2.3115e-006	3.31523e-006	1.32238e-006	1.1427e-006	2.74933e-007	1.41808e-007	2.05675e-008	6.49493e-009	5.77301e-010	1.17601e-010	6.66235e-012	9.15785e-013	3.47618e-014	3.33069e-015	8.77361e-017	5.96766e-018	1.1427e-019	6.39009e-021	2.10003e-022	3.15887e-023	6.825e-024	
Macropanesthia_rhinoceros	0	0	0	0	0	0	0	0	0	0	0	0	0	0	0	0	0	0	0	0	0	0	0	0	0	0	0	0	0	0	0	0	0	1	0	0	0	0	0	0	0	0	0	0	0	
N80	1.56796e-008	1.21578e-007	7.70491e-006	4.4219e-005	0.000112642	0.000248581	0.00185256	0.00458099	0.00574204	0.00398141	0.00236013	0.0253026	0.127926	0.274511	0.301281	0.181118	0.0598472	0.0103057	0.000766839	1.19466e-005	9.20361e-008	6.13279e-010	3.57665e-012	2.3628e-014	1.09511e-016	4.65853e-019	1.38114e-021	3.58094e-024	6.79678e-027	1.11475e-029	1.38415e-032	1.49129e-035	1.24268e-038	9.13425e-042	5.25467e-045	2.74617e-048	1.12493e-051	4.39734e-055	1.33663e-058	4.29324e-062	1.16888e-065	4.79317e-069	2.45091e-072	1.60942e-075	1.03376e-078	
Panchlora_nivea	0	0	0	0	0	0	0	0	0	0	0	1	0	0	0	0	0	0	0	0	0	0	0	0	0	0	0	0	0	0	0	0	0	0	0	0	0	0	0	0	0	0	0	0	0	
Rhabdoblatta_sp	0	0	0	0	0	0	0	0	0	0	0	0	0	0	0	0	0	0	1	0	0	0	0	0	0	0	0	0	0	0	0	0	0	0	0	0	0	0	0	0	0	0	0	0	0	
N81	5.96962e-007	3.24438e-006	1.2056e-005	2.48351e-005	4.73166e-005	0.0001579	0.0011447	0.00869298	0.0456901	0.147569	0.272081	0.278135	0.163373	0.0625171	0.0166767	0.00336867	0.000451505	5.04242e-005	3.40625e-006	2.9637e-007	1.48566e-008	5.36694e-009	2.37378e-010	9.99543e-011	2.81399e-012	7.86366e-013	1.39686e-014	2.51992e-015	2.9289e-017	3.39378e-018	2.74074e-020	2.11843e-021	1.29631e-023	7.62145e-025	3.69985e-027	1.72241e-028	6.99878e-031	2.80665e-032	9.04273e-035	2.57392e-036	7.25507e-039	2.11812e-040	5.13481e-043	1.54217e-044	1.18883e-045	
N82	1.09503e-007	6.89869e-007	4.45746e-006	1.45697e-005	2.28794e-005	3.41286e-005	9.56781e-005	0.000601328	0.00474071	0.0273759	0.100787	0.225156	0.294951	0.221932	0.0958482	0.0242846	0.0037454	0.000378266	2.64204e-005	1.76621e-006	1.0772e-007	1.06555e-008	6.39186e-010	5.01821e-011	2.04817e-012	1.04342e-013	2.85664e-015	9.73368e-017	1.83286e-018	4.35639e-020	5.789e-022	1.00125e-023	9.64001e-026	1.26493e-027	9.05527e-030	9.36107e-032	5.10304e-034	4.29472e-036	1.82073e-038	1.28604e-040	4.51942e-043	3.21608e-045	2.09479e-047	3.10517e-049	5.48654e-051	
Epilampra_sp	0	0	0	0	0	0	0	0	0	0	0	0	0	0	1	0	0	0	0	0	0	0	0	0	0	0	0	0	0	0	0	0	0	0	0	0	0	0	0	0	0	0	0	0	0	
Nauphoeta_cinerea	0	0	0	0	0	0	0	0	0	0	0	0	1	0	0	0	0	0	0	0	0	0	0	0	0	0	0	0	0	0	0	0	0	0	0	0	0	0	0	0	0	0	0	0	0	
Pycnoscelus_surinamensis	0	0	0	0	0	0	0	0	0	0	0	1	0	0	0	0	0	0	0	0	0	0	0	0	0	0	0	0	0	0	0	0	0	0	0	0	0	0	0	0	0	0	0	0	0	
N83	6.42944e-005	0.000290257	0.00103205	0.00174918	0.00186109	0.00378171	0.0130751	0.035767	0.0829369	0.169762	0.250809	0.233453	0.134551	0.0526424	0.0146021	0.00309007	0.000474335	5.40652e-005	4.36226e-006	4.47106e-007	3.90016e-008	3.30667e-008	2.83604e-009	2.0437e-009	1.07791e-010	5.06886e-011	1.66008e-012	5.03171e-013	1.0827e-014	2.13123e-015	3.18988e-017	4.18509e-018	4.71181e-020	4.59757e-021	4.04042e-023	3.0102e-024	2.16367e-026	1.34564e-027	7.85462e-030	3.69594e-031	1.76167e-033	6.86779e-035	3.23313e-037	2.4822e-038	5.09352e-039	
Diploptera_punctata	0	0	0	0	0	0	0	0	0	0	0	0	0	0	0	0	0	1	0	0	0	0	0	0	0	0	0	0	0	0	0	0	0	0	0	0	0	0	0	0	0	0	0	0	0	
Galiblatta_sp	0	0	0	0	0	0	0	1	0	0	0	0	0	0	0	0	0	0	0	0	0	0	0	0	0	0	0	0	0	0	0	0	0	0	0	0	0	0	0	0	0	0	0	0	0	
N84	0.0167531	0.0245522	0.0389975	0.0707705	0.129656	0.193844	0.213602	0.168265	0.0936227	0.0370277	0.0104196	0.00213055	0.000319229	3.64314e-005	3.18553e-006	2.29308e-007	1.34353e-008	7.35952e-010	3.45577e-011	1.68297e-012	6.74675e-014	2.80251e-015	8.99693e-017	2.95499e-018	7.34909e-020	1.88358e-021	3.64004e-023	7.38114e-025	1.12499e-026	1.84465e-028	2.25298e-030	3.05249e-032	3.04409e-034	3.49709e-036	2.89968e-038	2.89036e-040	2.05471e-042	1.85268e-044	1.18875e-046	1.04023e-048	7.41183e-051	7.86422e-053	8.15084e-055	1.03508e-056	1.50713e-058	
Margattea_sp	0	0	0	0	0	0	0	0	0	1	0	0	0	0	0	0	0	0	0	0	0	0	0	0	0	0	0	0	0	0	0	0	0	0	0	0	0	0	0	0	0	0	0	0	0	
Supella_longipalpa	0	0	0	1	0	0	0	0	0	0	0	0	0	0	0	0	0	0	0	0	0	0	0	0	0	0	0	0	0	0	0	0	0	0	0	0	0	0	0	0	0	0	0	0	0	
N85	0.010896	0.0267662	0.0604581	0.084541	0.079887	0.0884456	0.131849	0.172282	0.163136	0.109289	0.0510721	0.0168125	0.00384918	0.000633551	7.48117e-005	6.91405e-006	4.92803e-007	3.12781e-008	1.6113e-009	8.00734e-011	3.15159e-012	1.20307e-013	3.52035e-015	1.00204e-016	2.17233e-018	4.65918e-020	7.61714e-022	1.2624e-023	1.59422e-025	2.10259e-027	2.09727e-029	2.26075e-031	1.82541e-033	1.65899e-035	1.11016e-037	8.74205e-040	5.04436e-042	3.61648e-044	1.92261e-046	1.3556e-048	8.10961e-051	6.67405e-053	5.2717e-055	4.81825e-057	4.90696e-059	
Ectobius_pallidus	0	0	0	0	1	0	0	0	0	0	0	0	0	0	0	0	0	0	0	0	0	0	0	0	0	0	0	0	0	0	0	0	0	0	0	0	0	0	0	0	0	0	0	0	0	
Panchlora_viridis	0	0	0	0	0	0	0	0	0	0	0	0	1	0	0	0	0	0	0	0	0	0	0	0	0	0	0	0	0	0	0	0	0	0	0	0	0	0	0	0	0	0	0	0	0	
N86	0.00435757	0.00807284	0.0185922	0.0450543	0.0988288	0.173647	0.226055	0.208952	0.133809	0.0594626	0.018262	0.00410115	0.00066764	0.000115671	1.63133e-005	4.73134e-006	6.41683e-007	1.64122e-007	1.5443e-008	2.66556e-009	1.68246e-010	1.95421e-011	8.35072e-013	6.67238e-014	1.96376e-015	1.11735e-016	2.30021e-018	9.63401e-020	1.42667e-021	4.70789e-023	5.11901e-025	1.37194e-026	1.25866e-028	3.7471e-030	2.90854e-032	7.59332e-034	7.78372e-036	2.97949e-037	1.99647e-039	4.5035e-041	3.99299e-043	1.24342e-044	9.53374e-047	2.82759e-048	1.05515e-049	
N87	0.00555815	0.010333	0.0227984	0.0502254	0.099501	0.162597	0.206066	0.196038	0.137765	0.0716021	0.0275006	0.0079414	0.00172749	0.000299115	4.1034e-005	5.45636e-006	6.3119e-007	9.33979e-008	1.03601e-008	1.42196e-009	1.23974e-010	1.29036e-011	8.30925e-013	6.42898e-014	3.07273e-015	1.80319e-016	6.4854e-018	2.95788e-019	8.14072e-021	2.96918e-022	6.35016e-024	1.90052e-025	3.23966e-027	8.31583e-029	1.15876e-030	2.63204e-032	3.26037e-034	7.3745e-036	8.51368e-038	1.87855e-039	2.56433e-041	7.13587e-043	1.55936e-044	5.43618e-046	2.29743e-047	
N88	0.00109381	0.00458481	0.0233112	0.0877626	0.209234	0.293599	0.234916	0.108971	0.0304593	0.00538717	0.000627526	5.02316e-005	2.84157e-006	1.18315e-007	3.68229e-009	9.13833e-011	1.80122e-012	3.32115e-014	5.23132e-016	9.57497e-018	1.39588e-019	2.42236e-021	2.92465e-023	4.08948e-025	3.83478e-027	4.17223e-029	3.03376e-031	2.59601e-033	1.48238e-035	1.01727e-037	4.62081e-040	2.59091e-042	9.49704e-045	4.44647e-047	1.33126e-049	5.30025e-052	1.32338e-054	4.63631e-057	9.87831e-060	3.16179e-062	6.68184e-065	2.54257e-067	9.23254e-070	5.26314e-072	3.27041e-074	
N89	1.02248e-005	0.000156707	0.00336984	0.0419506	0.237889	0.468103	0.212783	0.0333328	0.00231909	8.42792e-005	1.76791e-006	2.37339e-008	2.12807e-010	1.6358e-012	9.9513e-015	9.42796e-017	5.53112e-019	5.11611e-021	2.18377e-023	1.41885e-025	4.18805e-028	1.91161e-030	3.9968e-033	1.3289e-035	2.02108e-038	5.0801e-041	5.7411e-044	1.12582e-046	9.68442e-050	1.54726e-052	1.0293e-055	1.37802e-058	7.63036e-062	1.0085e-064	4.79132e-068	6.02369e-071	3.36617e-074	5.67134e-077	2.57975e-080	3.19495e-083	1.77926e-086	2.77097e-089	1.66444e-092	2.83128e-095	4.98499e-098	
Blattella_bisignata	0	0	0	0	0	1	0	0	0	0	0	0	0	0	0	0	0	0	0	0	0	0	0	0	0	0	0	0	0	0	0	0	0	0	0	0	0	0	0	0	0	0	0	0	0	
Blattella_germanica	0	0	0	0	0	1	0	0	0	0	0	0	0	0	0	0	0	0	0	0	0	0	0	0	0	0	0	0	0	0	0	0	0	0	0	0	0	0	0	0	0	0	0	0	0	
Blattella_sauteri	0	0	0	0	0	1	0	0	0	0	0	0	0	0	0	0	0	0	0	0	0	0	0	0	0	0	0	0	0	0	0	0	0	0	0	0	0	0	0	0	0	0	0	0	0	
Loboptera_decipiens	0	0	0	0	0	0	0	0	0	0	1	0	0	0	0	0	0	0	0	0	0	0	0	0	0	0	0	0	0	0	0	0	0	0	0	0	0	0	0	0	0	0	0	0	0	
N90	0.00205254	0.0038719	0.00752066	0.0143879	0.0316742	0.0725891	0.139393	0.202828	0.215134	0.165997	0.0919692	0.037741	0.0113094	0.00282662	0.00055566	0.000123625	2.09219e-005	4.37555e-006	5.62454e-007	8.52225e-008	7.50517e-009	7.83408e-010	4.74384e-011	3.4939e-012	1.49089e-013	8.03301e-015	2.47102e-016	1.00622e-017	2.29296e-019	7.36919e-021	1.27193e-022	3.33118e-024	4.60561e-026	1.08027e-027	1.24998e-029	2.66195e-031	3.01301e-033	6.82773e-035	6.99467e-037	1.36817e-038	1.52381e-040	3.34048e-042	4.86977e-044	1.25918e-045	3.90019e-047	
N91	0.000406136	0.000772783	0.00137104	0.00215012	0.00422554	0.0119098	0.0366992	0.0943202	0.177699	0.235975	0.214785	0.136001	0.0586607	0.0192042	0.00447434	0.00110335	0.000190383	4.55159e-005	5.75398e-006	1.00178e-006	8.30458e-008	9.58736e-009	5.26178e-010	4.12824e-011	1.55378e-012	8.63735e-014	2.29809e-015	9.37443e-017	1.8197e-018	5.68448e-020	8.22272e-022	2.01884e-023	2.27617e-025	4.76794e-027	4.26078e-029	7.62712e-031	6.24808e-033	1.21113e-034	8.47041e-037	1.39585e-038	1.10962e-040	2.29798e-042	2.36499e-044	5.95912e-046	1.78497e-047	
N92	2.3377e-005	0.000105426	0.000455159	0.00116973	0.00143872	0.00152698	0.0033005	0.016808	0.0752507	0.202653	0.305607	0.251724	0.110626	0.0258372	0.00322866	0.000235011	1.05323e-005	3.48613e-007	8.32293e-009	2.10059e-010	3.78821e-012	8.4619e-014	1.11292e-015	1.79786e-017	1.61515e-019	1.79403e-021	1.11521e-023	8.7317e-026	3.86781e-028	2.21361e-030	7.17935e-033	3.10568e-035	7.56937e-038	2.55998e-040	4.7979e-043	1.30547e-045	1.93636e-048	4.40461e-051	5.31045e-054	1.03861e-056	1.12012e-059	2.29756e-062	4.00408e-065	1.40295e-067	5.42257e-070	
N93	4.2658e-006	2.66304e-005	0.000305876	0.00117568	0.0012444	0.00102216	0.00438727	0.0319029	0.134835	0.292898	0.320019	0.168751	0.0395556	0.00370819	0.000159861	3.60318e-006	4.67926e-008	3.80753e-010	2.06653e-012	8.46367e-015	2.79603e-017	2.26956e-019	1.2814e-021	2.62574e-023	1.22579e-025	1.83975e-027	6.03176e-030	6.32827e-032	1.4725e-034	1.09589e-036	1.83276e-039	9.77188e-042	1.19112e-044	4.59368e-047	4.14018e-050	1.17229e-052	7.95715e-056	1.7102e-058	8.89242e-062	1.5023e-064	6.10392e-068	8.53638e-071	3.26409e-074	7.42688e-077	2.97657e-079	
Hemithyrsocera_sp	0	0	0	0	0	0	1	0	0	0	0	0	0	0	0	0	0	0	0	0	0	0	0	0	0	0	0	0	0	0	0	0	0	0	0	0	0	0	0	0	0	0	0	0	0	
Xestoblatta_sp	0	0	0	0	0	0	0	0	0	0	0	0	1	0	0	0	0	0	0	0	0	0	0	0	0	0	0	0	0	0	0	0	0	0	0	0	0	0	0	0	0	0	0	0	0	
Symplocodes_sp	0	0	0	0	0	0	0	0	0	0	0	0	0	1	0	0	0	0	0	0	0	0	0	0	0	0	0	0	0	0	0	0	0	0	0	0	0	0	0	0	0	0	0	0	0	
Lobopterella_dimidiatipes	0	0	0	0	0	0	0	0	0	0	0	0	1	0	0	0	0	0	0	0	0	0	0	0	0	0	0	0	0	0	0	0	0	0	0	0	0	0	0	0	0	0	0	0	0	
Symploce_sp	0	0	0	0	0	0	0	1	0	0	0	0	0	0	0	0	0	0	0	0	0	0	0	0	0	0	0	0	0	0	0	0	0	0	0	0	0	0	0	0	0	0	0	0	0	
